-0.280762, 0.144790, 1 
-0.308557, -0.914274, 1 
0.566303, 0.483426, 1 
-0.805417, 0.363072, 1 
0.002625, 0.557975, 0 
0.686785, 0.514929, 0 
-0.605623, -0.607944, 1 
0.625813, 0.281239, 1 
0.249983, 0.726439, 1 
-0.374175, -0.860301, 1 
0.434349, -0.119416, 0 
0.481993, 0.488417, 1 
-0.431525, -0.593174, 0 
0.567392, 0.434405, 1 
0.298502, -0.020462, 0 
-0.651579, -0.194800, 0 
-0.823453, -0.204922, 1 
0.287606, -0.085827, 0 
0.369716, 0.672206, 1 
0.216442, -0.484313, 1 
-0.027234, 0.850738, 1 
-0.477741, -0.305073, 0 
-0.101123, 0.758196, 1 
-0.727923, 0.656034, 0 
0.080890, 0.174287, 1 
0.231713, 0.857863, 0 
0.376302, -0.291853, 1 
0.190690, -0.981529, 1 
-0.384029, -0.328650, 1 
0.007568, 0.351291, 1 
-0.492770, 0.614403, 1 
-0.920721, -0.195625, 1 
0.712309, 0.004918, 1 
-0.016798, 0.617018, 0 
0.598191, -0.166773, 1 
-0.651176, 0.156428, 0 
0.178689, 0.799690, 1 
0.319464, -0.031481, 0 
-0.427033, -0.198522, 1 
0.223534, -0.707189, 0 
0.528854, 0.340371, 1 
0.186407, -0.219176, 0 
-0.831718, 0.023334, 1 
-0.981152, -0.001351, 1 
0.694826, 0.331075, 1 
0.047286, -0.730754, 0 
-0.605343, 0.177978, 0 
0.717467, 0.376222, 0 
0.558768, -0.126002, 1 
0.115630, 0.991281, 0 
-0.810185, 0.067139, 1 
-0.810047, -0.015323, 1 
-0.160111, 0.393167, 0 
-0.389093, -0.264114, 1 
-0.327203, -0.260821, 1 
0.918982, 0.184545, 0 
0.564651, 0.525601, 1 
-0.157413, 0.338884, 1 
0.337182, 0.481485, 1 
-0.813426, -0.225668, 1 
-0.140612, 0.283773, 1 
-0.460523, 0.667115, 1 
0.250015, -0.048688, 0 
0.749171, 0.168668, 0 
0.548521, -0.298723, 1 
-0.679926, -0.377615, 0 
0.322235, -0.207266, 0 
0.402142, -0.509987, 1 
0.103479, -0.697461, 0 
-0.351311, 0.904281, 0 
-0.778778, 0.442386, 1 
0.387345, -0.678940, 0 
0.038888, -0.240589, 0 
-0.748191, 0.168218, 1 
-0.519713, -0.688803, 1 
0.492109, -0.744570, 0 
-0.215078, -0.288604, 1 
0.655476, -0.730837, 1 
0.603761, -0.142967, 1 
0.533437, -0.672975, 0 
-0.698874, -0.629983, 1 
-0.370157, 0.507913, 0 
-0.608675, 0.329851, 0 
-0.572138, -0.774839, 1 
0.248390, -0.523102, 1 
-0.575849, 0.482590, 1 
0.049911, -0.840715, 0 
-0.557285, -0.152962, 0 
-0.339968, 0.786749, 1 
-0.483152, 0.528045, 1 
-0.151023, -0.841212, 0 
0.690680, -0.439318, 0 
-0.165409, 0.609067, 0 
0.941338, -0.310670, 1 
-0.536810, -0.653402, 1 
-0.111181, -0.331329, 1 
-0.621518, 0.182146, 0 
0.264512, -0.327057, 0 
0.770537, 0.392840, 0 
-0.914765, 0.239860, 1 
-0.352990, 0.344690, 0 
-0.131278, -0.060459, 0 
-0.712289, 0.277742, 1 
-0.068276, -0.281182, 0 
0.084737, 0.463985, 0 
-0.721176, 0.563053, 1 
0.601860, -0.471894, 0 
0.437080, 0.475962, 1 
0.055342, 0.729074, 1 
0.778964, -0.247182, 0 
0.713606, -0.615003, 0 
0.160694, -0.912262, 1 
0.565743, 0.561367, 1 
0.552296, 0.159100, 1 
-0.789026, 0.131406, 1 
0.012554, -0.559217, 1 
-0.792302, -0.104471, 1 
0.598465, -0.691576, 0 
-0.619458, -0.335514, 0 
0.802542, -0.486304, 0 
-0.481360, -0.763443, 1 
-0.008989, 0.973822, 0 
0.549817, 0.197287, 1 
-0.197539, -0.384320, 1 
-0.079651, -0.775439, 0 
-0.755210, 0.248086, 1 
0.407506, 0.259099, 0 
-0.839891, 0.023363, 1 
0.001015, 0.329742, 1 
0.739855, -0.670755, 1 
-0.146220, 0.550592, 0 
-0.555029, -0.455688, 0 
-0.490090, -0.570903, 0 
0.160314, -0.332768, 0 
-0.630798, -0.140003, 0 
-0.484506, 0.848810, 0 
-0.008405, -0.528331, 1 
0.631137, 0.372709, 1 
-0.414320, 0.082578, 1 
0.838793, -0.184192, 0 
0.840600, -0.474190, 1 
0.555242, 0.088218, 1 
0.428253, -0.674830, 0 
-0.412277, -0.825186, 1 
-0.877020, -0.279287, 1 
-0.126372, -0.650384, 0 
0.675021, -0.619631, 0 
0.112913, -0.614781, 1 
0.094681, 0.326558, 1 
0.674172, -0.099205, 1 
0.543180, -0.560848, 0 
0.535555, 0.215936, 1 
-0.700009, 0.293490, 1 
0.942325, 0.040151, 0 
0.016105, -0.895289, 1 
-0.945566, 0.176763, 1 
0.969367, 0.233963, 0 
-0.553073, -0.081916, 0 
-0.674556, -0.547560, 1 
0.867016, 0.176171, 0 
-0.378641, -0.473180, 0 
0.212511, -0.140579, 0 
0.704522, 0.606514, 0 
-0.373456, 0.911720, 0 
0.162774, -0.459821, 1 
-0.726542, -0.181109, 0 
0.750178, -0.426736, 0 
0.193383, -0.141751, 0 
0.171023, -0.280092, 0 
0.046095, 0.533684, 0 
-0.325650, 0.756533, 1 
0.739557, 0.286738, 0 
-0.651419, -0.383134, 0 
0.541689, 0.371182, 1 
-0.327900, 0.337083, 0 
0.505390, -0.531050, 0 
0.235117, -0.891161, 1 
0.845494, 0.047149, 0 
-0.444507, 0.347844, 0 
0.394859, 0.134157, 0 
-0.703892, -0.298156, 0 
0.010990, 0.420810, 0 
-0.546711, 0.137560, 0 
0.341220, 0.416810, 0 
-0.428121, 0.680086, 1 
0.677656, -0.144949, 1 
-0.416407, 0.128608, 1 
-0.209435, 0.633591, 1 
-0.435568, 0.232695, 0 
-0.565490, -0.639162, 1 
0.649980, -0.114483, 1 
0.029479, 0.113152, 1 
0.918798, 0.226984, 0 
-0.763295, -0.210466, 1 
0.273503, -0.650984, 0 
0.195484, 0.787917, 1 
0.675246, -0.179907, 1 
-0.084117, -0.822552, 0 
0.391688, -0.114530, 0 
0.662432, -0.018211, 1 
-0.773840, 0.030720, 1 
0.279698, 0.125261, 0 
-0.733496, 0.009920, 0 
0.054106, 0.287907, 1 
0.422112, 0.691714, 1 
-0.933309, -0.342893, 1 
0.460800, -0.363437, 1 
0.702585, -0.502456, 0 
0.578963, -0.514811, 0 
0.403808, -0.391777, 1 
0.135255, 0.160948, 1 
0.729749, 0.456062, 0 
0.346408, -0.301133, 1 
-0.470643, 0.762461, 1 
-0.613052, -0.266817, 0 
-0.016656, 0.094072, 0 
0.126586, 0.962673, 0 
0.194226, 0.955436, 0 
0.518961, -0.375566, 1 
-0.191154, 0.309986, 1 
0.166124, -0.197560, 0 
0.083339, -0.614577, 1 
-0.756949, -0.312785, 1 
-0.299317, 0.342700, 0 
-0.564065, -0.522702, 0 
-0.216329, -0.352783, 1 
0.718254, 0.387677, 0 
0.152984, -0.966301, 1 
-0.183412, 0.929224, 0 
-0.811838, -0.110235, 1 
0.394739, -0.336546, 1 
0.131957, -0.323141, 0 
-0.881775, 0.196212, 1 
-0.537994, 0.766142, 0 
0.784996, 0.506566, 0 
0.757835, -0.535545, 0 
0.250262, 0.785074, 1 
-0.326559, -0.655830, 0 
-0.824644, 0.141597, 1 
0.827908, 0.197035, 0 
0.623019, -0.606370, 0 
0.680700, 0.208103, 1 
0.596859, 0.394989, 1 
0.010910, 0.247277, 1 
-0.714208, -0.680478, 1 
-0.397439, 0.733820, 1 
-0.117360, 0.932334, 0 
-0.531073, 0.433088, 0 
-0.497624, 0.215886, 0 
0.734920, 0.101464, 1 
-0.105529, -0.512178, 1 
-0.847728, -0.302563, 1 
0.832412, 0.085340, 0 
0.610404, -0.416886, 0 
0.613252, -0.135984, 1 
0.202772, -0.036877, 1 
-0.887067, -0.414515, 1 
0.456813, -0.528326, 0 
-0.748505, 0.555462, 1 
-0.382490, -0.459124, 0 
0.630457, 0.439131, 1 
-0.345297, 0.477553, 0 
-0.112356, -0.516646, 1 
0.379884, -0.274578, 1 
0.030610, -0.982681, 1 
0.450887, 0.358719, 1 
0.468113, 0.445708, 1 
0.630493, -0.686428, 0 
-0.840652, 0.019985, 1 
-0.212868, 0.519733, 0 
0.364845, -0.077374, 0 
0.533204, 0.778385, 0 
0.368396, -0.660882, 0 
-0.288772, -0.902979, 1 
-0.121712, 0.473863, 0 
-0.008489, -0.421921, 1 
-0.974714, 0.063016, 1 
-0.380826, -0.499563, 0 
0.100189, -0.537009, 1 
0.188304, -0.772924, 0 
0.184676, 0.713257, 1 
-0.231361, -0.505518, 1 
0.431638, -0.161501, 0 
-0.362426, -0.210675, 1 
0.635867, 0.463428, 1 
0.896719, 0.145834, 0 
-0.297895, -0.142553, 1 
0.513224, 0.705415, 0 
-0.242194, 0.543926, 0 
-0.316756, -0.067541, 1 
-0.055225, -0.823032, 0 
-0.713641, 0.508868, 1 
0.236020, -0.812334, 0 
-0.997107, 0.066992, 0 
0.677267, 0.426583, 0 
-0.604923, 0.694658, 1 
-0.449458, -0.487720, 0 
-0.414096, -0.575044, 0 
-0.475779, -0.787383, 1 
0.671223, 0.187182, 1 
-0.986405, -0.163661, 1 
0.985252, 0.021984, 0 
0.846984, 0.351656, 0 
0.227361, -0.649915, 0 
-0.311997, 0.860807, 0 
0.524064, 0.630679, 0 
0.210356, -0.595846, 1 
0.956010, -0.067046, 0 
0.489842, 0.087877, 0 
-0.707856, 0.702427, 0 
0.615132, 0.562981, 0 
-0.109308, 0.255742, 1 
0.071012, 0.202243, 1 
0.961734, 0.083067, 0 
-0.934355, -0.330437, 1 
-0.764009, 0.383038, 1 
0.568091, -0.358672, 1 
-0.625625, 0.566041, 1 
0.268179, 0.916552, 0 
-0.833736, -0.268223, 1 
-0.296890, -0.369594, 1 
-0.511156, -0.362818, 0 
0.185383, -0.861393, 0 
0.106159, -0.892076, 1 
-0.282929, -0.926884, 1 
0.496763, 0.226393, 1 
0.510510, 0.302588, 1 
0.589101, -0.190149, 1 
-0.375505, -0.923975, 1 
0.917927, -0.381528, 1 
-0.535749, 0.500904, 1 
0.166058, -0.889799, 1 
0.441674, -0.852628, 1 
0.862603, 0.218614, 0 
-0.387255, 0.469141, 0 
-0.545698, -0.124112, 0 
0.698816, -0.512275, 0 
0.322164, -0.008010, 0 
-0.910812, -0.204749, 1 
-0.692478, 0.065700, 0 
-0.730507, -0.016292, 0 
-0.575150, 0.765498, 0 
-0.502318, -0.072127, 1 
-0.527387, 0.603042, 1 
0.135787, 0.550861, 0 
-0.811785, 0.544645, 0 
-0.109570, -0.038345, 0 
0.447009, -0.240969, 1 
0.062019, 0.255644, 1 
0.509817, 0.007216, 1 
0.094312, 0.859512, 1 
-0.053000, -0.209763, 0 
0.067267, 0.692616, 1 
0.681639, 0.490673, 0 
0.070283, 0.716491, 1 
0.300210, 0.889480, 0 
0.791400, 0.359751, 0 
0.764540, -0.463847, 0 
-0.806949, -0.101626, 1 
-0.505978, 0.041817, 0 
-0.695616, 0.089650, 0 
0.292691, 0.923391, 0 
-0.424660, 0.639217, 1 
0.916284, -0.265696, 0 
0.774468, -0.498048, 0 
-0.463166, -0.719117, 1 
-0.222378, 0.406822, 0 
0.764502, -0.536958, 0 
0.291107, 0.015223, 0 
-0.065531, -0.948481, 1 
-0.667636, -0.293202, 0 
-0.195130, -0.068291, 0 
0.622032, 0.500798, 1 
-0.608771, -0.115947, 0 
-0.008854, -0.980313, 1 
0.096879, 0.978332, 0 
0.291064, -0.282786, 0 
0.267287, 0.360667, 0 
-0.031457, 0.631429, 1 
0.851662, 0.466087, 0 
-0.924977, -0.263138, 1 
-0.227902, 0.413598, 0 
-0.408756, 0.405991, 0 
0.303809, -0.858094, 1 
0.055376, -0.773655, 0 
-0.749322, -0.312616, 1 
0.104985, -0.269379, 0 
0.703196, -0.109226, 1 
-0.937373, -0.238161, 1 
-0.701516, 0.348016, 1 
0.367669, 0.659113, 1 
-0.000548, -0.526003, 1 
-0.378623, 0.521897, 0 
-0.215481, -0.550472, 1 
0.151421, -0.466026, 1 
0.058908, -0.118242, 1 
0.457804, -0.004973, 0 
0.348222, -0.208297, 0 
-0.175469, 0.332639, 1 
0.632171, -0.008717, 1 
-0.293952, -0.707254, 0 
-0.305617, -0.221485, 1 
-0.811499, 0.062527, 1 
-0.879099, 0.238249, 1 
0.249621, -0.093385, 0 
0.198800, -0.356857, 0 
0.531345, -0.236838, 1 
0.187746, -0.298845, 0 
-0.957682, 0.265525, 0 
0.206855, -0.370524, 1 
-0.821605, -0.151640, 1 
0.402002, -0.495041, 1 
-0.698053, 0.078745, 0 
0.266509, -0.894623, 1 
-0.457894, 0.457469, 0 
-0.536735, -0.165972, 0 
-0.541050, 0.445643, 1 
0.644050, 0.507970, 0 
0.050271, 0.265804, 1 
0.629134, 0.156418, 1 
-0.160294, -0.434769, 1 
0.444512, -0.812689, 1 
0.493802, 0.185297, 0 
0.324662, -0.742097, 0 
-0.546059, 0.214693, 0 
-0.172723, -0.723432, 0 
0.351019, -0.070752, 0 
0.024484, -0.194704, 0 
-0.559271, 0.747539, 0 
-0.113443, -0.052472, 0 
-0.423556, -0.525625, 0 
-0.894321, 0.432828, 0 
0.120973, -0.118181, 1 
-0.015483, 0.572192, 0 
-0.513169, -0.399804, 0 
0.279995, 0.830372, 0 
0.899539, 0.132573, 0 
-0.718758, 0.507937, 1 
-0.061659, 0.406294, 0 
-0.727129, 0.387731, 1 
0.662442, -0.588708, 0 
0.341048, 0.028854, 0 
0.568320, -0.822696, 1 
-0.029096, 0.337725, 1 
0.555539, 0.167130, 1 
0.318141, 0.468157, 0 
0.532375, 0.036747, 1 
-0.833670, -0.222799, 1 
-0.586522, -0.428401, 0 
-0.193420, -0.224944, 0 
-0.054433, 0.404680, 0 
0.275717, 0.336620, 0 
-0.437571, -0.898148, 1 
-0.562186, 0.196991, 0 
0.781044, 0.066003, 0 
0.482426, -0.855877, 1 
0.670004, -0.102152, 1 
0.880207, -0.457080, 1 
0.184332, 0.391086, 0 
0.095885, 0.008635, 1 
0.922803, 0.051832, 0 
0.314254, 0.788039, 0 
0.377307, -0.441866, 1 
0.291552, 0.689453, 1 
0.790697, -0.495638, 0 
0.253396, 0.727631, 1 
-0.560542, 0.223062, 0 
-0.416420, -0.138244, 1 
0.922145, 0.219231, 0 
0.870473, -0.218490, 0 
0.084679, -0.883262, 1 
0.352142, -0.663638, 0 
0.433648, 0.312048, 0 
-0.483544, 0.773521, 1 
0.894111, -0.098856, 0 
-0.295503, 0.391299, 0 
-0.616373, 0.325502, 0 
0.737448, 0.488798, 0 
-0.604890, -0.518894, 0 
0.507280, -0.484068, 0 
-0.499621, 0.056643, 0 
-0.675261, 0.138951, 0 
0.451313, -0.594772, 0 
-0.157786, -0.834544, 0 
-0.198872, -0.960019, 1 
-0.563738, 0.084738, 0 
-0.490269, -0.299139, 0 
-0.732508, 0.099559, 0 
0.106456, 0.570659, 0 
-0.437607, 0.637518, 1 
0.403899, 0.182204, 0 
0.454229, 0.132998, 0 
-0.410093, -0.908798, 1 
-0.422695, 0.402559, 0 
-0.543129, 0.790619, 0 
-0.491259, -0.074120, 1 
-0.293789, 0.572270, 0 
-0.481757, 0.611957, 1 
0.482391, 0.319961, 1 
-0.024289, -0.649767, 0 
-0.507714, -0.201865, 0 
-0.358115, 0.273553, 0 
0.297672, -0.569187, 1 
0.654947, -0.440572, 0 
-0.529142, 0.353823, 0 
-0.985874, -0.015658, 1 
-0.395672, -0.456621, 0 
-0.432160, -0.445309, 0 
-0.546874, -0.041100, 0 
-0.568738, -0.367956, 0 
0.003699, 0.821722, 1 
-0.269490, 0.375333, 0 
0.726475, 0.676561, 0 
0.031288, 0.095263, 1 
-0.521715, -0.315320, 0 
-0.408791, 0.707132, 1 
-0.879046, 0.460140, 0 
-0.029822, -0.357624, 0 
-0.771123, -0.033499, 1 
-0.163835, -0.036306, 0 
-0.747299, -0.530401, 1 
0.469923, 0.497961, 1 
-0.161694, 0.436048, 0 
0.165986, 0.199738, 1 
-0.441912, 0.566877, 1 
0.717230, -0.519839, 0 
0.094561, 0.239842, 1 
0.131177, 0.604543, 1 
0.408244, -0.895221, 1 
-0.674013, 0.574954, 1 
-0.881123, -0.065887, 1 
0.162533, 0.759590, 1 
-0.719020, 0.677969, 0 
-0.035411, 0.880650, 0 
0.414015, 0.759907, 0 
0.686209, 0.436124, 0 
0.907870, -0.028243, 0 
0.704487, 0.086971, 1 
-0.879960, -0.281095, 1 
0.319648, -0.492162, 1 
-0.063090, 0.234562, 1 
0.932186, 0.252815, 0 
0.089915, -0.811453, 0 
0.334780, -0.470382, 1 
-0.559834, -0.400943, 0 
-0.696230, -0.681979, 1 
-0.805107, 0.358662, 1 
-0.716946, 0.335568, 1 
0.520966, -0.225793, 1 
-0.551869, -0.514452, 0 
0.365857, 0.578690, 1 
0.738160, -0.230918, 0 
0.336390, -0.626960, 0 
0.046433, -0.429243, 1 
-0.525808, -0.473910, 0 
0.132262, -0.226398, 0 
-0.268175, 0.422816, 0 
0.432685, 0.612619, 1 
0.794467, -0.418423, 0 
0.787553, -0.142675, 0 
-0.156911, 0.850390, 1 
-0.063363, 0.843495, 1 
0.025432, 0.929075, 0 
0.248953, 0.570160, 1 
-0.224898, -0.910711, 1 
0.821899, 0.255100, 0 
-0.164994, -0.940312, 1 
-0.588332, -0.445792, 0 
0.772871, -0.269918, 0 
0.053607, -0.086040, 1 
-0.481063, -0.635256, 0 
0.615339, -0.322581, 1 
-0.412901, -0.678914, 0 
0.750937, -0.360206, 0 
-0.493302, -0.490093, 0 
-0.414155, 0.677547, 1 
-0.481206, 0.644599, 1 
0.300944, -0.401974, 1 
-0.278318, 0.693594, 1 
0.218169, -0.712264, 0 
-0.291437, 0.009163, 1 
0.525711, -0.257138, 1 
-0.720523, -0.566610, 1 
0.364871, -0.892327, 1 
-0.767262, -0.117140, 1 
0.474125, -0.111048, 1 
-0.170401, 0.541043, 0 
0.579049, 0.022325, 1 
-0.280032, 0.010440, 1 
0.591744, -0.329571, 1 
0.251123, -0.629134, 0 
-0.627595, -0.756141, 1 
-0.430577, 0.574146, 1 
0.755114, 0.141001, 0 
-0.557129, -0.514769, 0 
0.182676, 0.920980, 0 
-0.674496, -0.339861, 0 
-0.174014, -0.113329, 0 
-0.182199, -0.842599, 1 
-0.140529, -0.312993, 1 
0.861050, -0.356544, 0 
-0.113542, -0.936316, 1 
-0.908744, 0.045249, 1 
-0.582773, 0.557991, 1 
0.008472, -0.957471, 1 
-0.175726, -0.843173, 1 
-0.131735, -0.660716, 0 
0.100241, 0.804168, 1 
0.113912, 0.771973, 1 
0.530054, 0.071685, 1 
-0.011994, 0.816005, 1 
-0.323195, -0.268737, 1 
-0.771425, 0.217384, 1 
0.466809, 0.018433, 0 
0.372755, -0.583235, 0 
-0.089365, -0.916480, 1 
0.122498, -0.282892, 0 
0.090628, 0.690649, 1 
0.649433, 0.334140, 1 
-0.356904, -0.104603, 1 
-0.167990, -0.800077, 0 
0.651458, -0.653414, 0 
-0.844792, -0.108997, 1 
0.455506, 0.133577, 0 
-0.240356, -0.428411, 1 
-0.081836, 0.641320, 1 
-0.653862, -0.019428, 0 
-0.546895, -0.168458, 0 
-0.715611, -0.377125, 1 
-0.038925, -0.964515, 1 
-0.160556, 0.516635, 0 
0.040571, -0.404373, 1 
-0.660780, 0.602155, 1 
-0.181896, -0.344635, 1 
-0.820277, 0.423374, 1 
-0.064439, -0.390508, 1 
0.411224, 0.098166, 0 
0.231882, 0.658260, 1 
-0.058127, -0.120918, 0 
-0.286769, -0.677687, 0 
-0.350280, -0.250146, 1 
-0.466406, 0.348183, 0 
0.260421, 0.848021, 0 
0.718305, 0.304037, 1 
-0.572557, 0.031733, 0 
-0.120159, -0.315708, 0 
-0.145358, 0.879508, 0 
0.193225, -0.615996, 1 
0.072081, -0.364862, 0 
-0.512008, 0.603596, 1 
-0.467654, 0.812592, 0 
-0.062022, 0.991979, 0 
0.689179, -0.283313, 0 
-0.255426, 0.396328, 0 
0.227257, -0.780279, 0 
0.119753, -0.133780, 1 
-0.472637, -0.257136, 1 
-0.215889, -0.751149, 0 
-0.353803, 0.013744, 1 
0.039106, -0.736388, 0 
-0.875201, -0.152606, 1 
-0.323869, 0.174514, 1 
-0.628987, 0.715963, 0 
-0.491783, 0.355547, 0 
0.986716, -0.077257, 0 
-0.663274, -0.289771, 0 
-0.358126, -0.723021, 0 
-0.497550, 0.659403, 1 
0.234616, -0.570968, 1 
0.551314, 0.439541, 1 
0.042294, 0.353065, 1 
-0.499374, 0.614400, 1 
0.432557, 0.788981, 0 
-0.234529, -0.448858, 1 
-0.930156, 0.046919, 1 
0.307380, 0.817986, 0 
0.615452, 0.380403, 1 
-0.531462, 0.612298, 1 
-0.500377, 0.714626, 1 
0.055306, -0.848989, 0 
0.010333, 0.765137, 1 
0.198543, 0.632033, 1 
0.226837, -0.900225, 1 
-0.104292, -0.490630, 1 
-0.276388, 0.549785, 0 
0.574116, 0.723548, 0 
0.005903, 0.837845, 1 
0.051287, 0.981234, 0 
-0.480443, 0.094531, 0 
0.101230, -0.548173, 1 
0.512158, 0.472158, 1 
-0.209720, -0.120426, 0 
-0.052257, 0.294771, 1 
0.572523, 0.793835, 0 
0.380296, -0.317926, 1 
-0.413754, -0.137835, 1 
0.294033, 0.795655, 0 
-0.640952, -0.663581, 1 
-0.235550, 0.008117, 0 
0.645660, 0.153841, 1 
0.000908, 0.269048, 1 
0.517469, -0.702006, 0 
-0.064135, -0.199203, 0 
-0.506802, -0.739143, 1 
-0.383380, 0.161540, 1 
0.343590, 0.371116, 0 
0.746040, -0.234755, 0 
0.397924, 0.106357, 0 
-0.065662, -0.206921, 0 
-0.399109, -0.692870, 0 
-0.234391, 0.439361, 0 
-0.767710, 0.383529, 1 
0.280856, -0.001960, 0 
0.022299, 0.844843, 1 
0.074599, 0.201968, 1 
-0.272393, 0.606565, 1 
-0.488529, 0.515700, 1 
-0.758987, 0.580428, 0 
0.162699, 0.779624, 1 
0.242020, -0.343672, 0 
-0.532735, -0.835229, 1 
-0.919699, -0.387273, 1 
-0.094369, 0.728769, 1 
0.106657, 0.787744, 1 
0.681687, -0.615184, 0 
-0.162112, -0.873049, 1 
-0.268221, -0.021212, 1 
0.221439, 0.078157, 1 
-0.432246, -0.239049, 1 
0.018770, 0.823830, 1 
-0.724600, 0.655339, 0 
0.243979, -0.269222, 0 
-0.640113, -0.019126, 0 
-0.304768, -0.358828, 1 
0.830370, 0.204663, 0 
-0.260929, -0.765580, 0 
0.819658, 0.273596, 0 
0.495299, -0.304047, 1 
0.400081, -0.766625, 0 
0.802033, 0.158740, 0 
-0.147865, -0.860314, 1 
-0.389972, 0.779981, 1 
0.452473, -0.797954, 1 
-0.707112, 0.602415, 1 
0.412684, 0.722042, 1 
-0.501108, -0.071000, 1 
-0.120644, -0.426953, 1 
0.800243, -0.563459, 1 
-0.448030, 0.714567, 1 
-0.414167, 0.779278, 1 
0.184489, 0.523709, 0 
0.571955, -0.131492, 1 
0.069822, 0.962954, 0 
0.018890, 0.271025, 1 
-0.868767, -0.018005, 1 
-0.603240, -0.375931, 0 
-0.824185, -0.130874, 1 
-0.589337, 0.642248, 1 
0.341436, -0.886336, 1 
0.555611, 0.755311, 0 
0.542070, 0.543035, 1 
0.287479, 0.873462, 0 
0.003562, -0.942287, 1 
0.196402, -0.646966, 0 
0.852398, -0.097790, 0 
0.140346, 0.477366, 0 
-0.718817, 0.214414, 1 
0.218124, 0.968458, 0 
0.182533, 0.408060, 0 
0.148781, -0.518940, 1 
0.624821, -0.307692, 1 
0.389450, 0.788643, 0 
-0.440841, 0.455211, 0 
0.134433, 0.613116, 1 
-0.796552, 0.185443, 1 
-0.110871, -0.853257, 0 
0.031498, -0.317379, 0 
0.759954, 0.163930, 0 
0.864280, 0.345209, 0 
0.454084, -0.293916, 1 
0.363333, -0.671639, 0 
0.105738, -0.689425, 0 
-0.069827, -0.791019, 0 
0.506466, -0.708650, 0 
-0.068893, 0.863577, 1 
0.689843, 0.183976, 1 
0.431616, 0.537344, 1 
0.400371, 0.753394, 0 
-0.298644, -0.763414, 0 
0.093196, 0.283565, 1 
-0.710559, 0.270277, 1 
-0.324686, -0.385305, 1 
-0.203113, 0.490222, 0 
-0.028211, -0.336547, 0 
0.028012, 0.786181, 1 
-0.601966, -0.029446, 0 
-0.906115, 0.078509, 1 
0.476029, -0.804186, 1 
0.137872, -0.222145, 0 
0.075313, 0.977117, 0 
0.558183, -0.343255, 1 
-0.598703, -0.424235, 0 
0.287442, 0.507986, 0 
-0.274358, -0.231313, 1 
-0.634825, -0.572167, 1 
0.396809, 0.016197, 0 
0.138163, 0.346299, 0 
0.094390, -0.733842, 0 
-0.313237, -0.584530, 0 
-0.700379, 0.698807, 0 
-0.455969, 0.325848, 0 
-0.645065, -0.545012, 1 
0.136984, 0.668694, 1 
0.077534, 0.750848, 1 
0.692877, 0.098998, 1 
-0.367048, -0.902921, 1 
-0.102380, 0.324086, 1 
-0.489386, 0.498240, 1 
0.055359, -0.056091, 1 
0.050903, -0.545803, 1 
-0.310215, -0.923897, 1 
-0.758298, 0.389208, 1 
0.332108, -0.291339, 0 
0.855682, -0.427455, 0 
0.441298, -0.682990, 0 
0.292510, -0.069499, 0 
-0.265969, 0.569664, 0 
-0.600248, 0.140754, 0 
-0.522787, 0.244967, 0 
-0.162117, 0.864929, 1 
-0.605748, -0.440480, 0 
0.289552, -0.092983, 0 
-0.899677, -0.275220, 1 
-0.311642, -0.616236, 0 
-0.616399, 0.575439, 1 
0.463371, 0.662545, 1 
-0.150323, 0.937740, 0 
0.110661, 0.368068, 0 
-0.472530, -0.018545, 1 
-0.273901, 0.639087, 1 
0.034595, 0.782026, 1 
0.783638, -0.228020, 0 
-0.371047, -0.529862, 0 
0.798434, 0.059004, 0 
0.607911, -0.041131, 1 
0.055483, 0.023866, 1 
0.498157, -0.433462, 1 
-0.304444, 0.561189, 0 
-0.198108, 0.681228, 1 
-0.459208, 0.271737, 0 
0.900142, -0.281864, 0 
0.495928, -0.425122, 1 
0.304280, 0.855179, 0 
0.940666, 0.108017, 0 
0.477213, 0.525265, 1 
-0.203270, -0.119338, 0 
0.128337, 0.090983, 1 
0.825518, 0.134264, 0 
-0.682750, -0.160692, 0 
-0.799386, 0.249804, 1 
-0.544296, -0.047426, 0 
-0.160538, -0.409654, 1 
0.941375, -0.187108, 0 
-0.545287, 0.158464, 0 
0.159128, 0.661138, 1 
0.917816, 0.370070, 0 
0.017864, 0.135544, 1 
0.903211, 0.176631, 0 
-0.217716, -0.032963, 0 
0.395303, 0.068511, 0 
-0.406326, -0.451880, 0 
0.392365, -0.694296, 0 
-0.706764, 0.190189, 1 
-0.161417, -0.027581, 0 
0.662752, 0.642426, 0 
-0.329733, -0.656099, 0 
0.333987, 0.397233, 0 
-0.099979, 0.016893, 0 
0.354637, 0.279494, 0 
-0.826605, -0.264149, 1 
0.212246, 0.486111, 0 
-0.164919, 0.315775, 1 
-0.500877, 0.453995, 0 
0.643886, 0.250945, 1 
-0.608276, 0.231500, 0 
0.283184, -0.684071, 0 
-0.599412, 0.630431, 1 
-0.853698, 0.205771, 1 
0.606009, -0.467663, 0 
-0.852107, 0.370246, 1 
-0.466565, -0.696896, 1 
-0.253678, -0.405832, 1 
0.492251, 0.361723, 1 
0.354066, -0.044881, 0 
-0.039856, -0.273331, 0 
0.665666, 0.416955, 1 
0.217769, -0.025241, 1 
0.039310, -0.297216, 0 
0.017659, 0.265601, 1 
-0.517059, 0.516669, 1 
0.878711, 0.114162, 0 
0.038889, -0.136562, 1 
0.688857, -0.315303, 0 
0.789856, -0.223275, 0 
-0.088418, -0.534817, 1 
-0.242132, -0.349748, 1 
-0.588846, -0.051680, 0 
0.072084, -0.919741, 1 
0.611433, 0.512409, 1 
0.285911, -0.261787, 0 
0.117589, 0.971130, 0 
0.575275, 0.607811, 0 
-0.429885, -0.773066, 1 
0.254245, -0.725681, 0 
-0.482281, 0.771459, 1 
0.157282, 0.732142, 1 
-0.173474, -0.210940, 0 
0.157417, -0.460884, 1 
0.577782, -0.084640, 1 
-0.598492, 0.106853, 0 
0.057210, 0.103309, 1 
0.123029, 0.791429, 1 
0.606676, -0.759240, 1 
-0.140657, -0.536243, 1 
-0.078707, 0.857668, 1 
-0.540226, 0.097757, 0 
0.624598, -0.518416, 0 
-0.061179, -0.177001, 0 
0.062461, 0.552861, 0 
-0.154530, 0.683918, 1 
-0.806987, 0.098829, 1 
0.985775, 0.128006, 0 
-0.057502, -0.909703, 1 
0.267749, 0.084112, 0 
0.180240, -0.087938, 1 
0.652591, 0.470429, 0 
-0.095080, 0.021286, 0 
0.095716, 0.965383, 0 
0.587879, 0.731865, 0 
-0.181069, 0.641671, 1 
0.763826, 0.519810, 0 
-0.462504, -0.451086, 0 
-0.187853, -0.297449, 1 
0.541920, -0.192172, 1 
0.345725, 0.344549, 0 
0.402348, -0.178310, 0 
0.899068, 0.408510, 0 
-0.139256, 0.283425, 1 
0.559085, 0.330675, 1 
0.453846, -0.609501, 0 
-0.852574, -0.506227, 1 
0.024624, 0.181667, 1 
-0.951620, -0.040846, 1 
-0.122333, 0.314919, 1 
-0.072983, -0.426749, 1 
-0.490543, -0.672395, 1 
0.827115, -0.359157, 0 
0.367220, -0.383977, 1 
0.657032, -0.336082, 0 
-0.470802, -0.162420, 1 
0.046351, -0.700573, 0 
0.410131, 0.038748, 0 
0.798642, -0.557844, 1 
-0.421253, 0.438929, 0 
-0.429480, -0.037330, 1 
-0.388266, -0.896837, 1 
0.129283, 0.243747, 1 
0.826764, -0.504259, 1 
-0.829397, 0.084244, 1 
-0.450673, -0.562292, 0 
-0.459463, -0.177380, 1 
0.221030, -0.911300, 1 
-0.512276, 0.542792, 1 
0.712820, 0.438890, 0 
-0.486631, 0.033655, 1 
-0.245820, -0.632242, 0 
-0.173012, 0.581871, 0 
0.323101, 0.747880, 1 
0.060106, -0.638369, 0 
-0.693508, 0.005082, 0 
-0.375986, -0.467238, 0 
-0.336778, 0.266250, 1 
-0.172988, -0.662935, 0 
-0.493883, -0.033719, 1 
0.014123, 0.986695, 0 
-0.322766, -0.897503, 1 
-0.876371, 0.093768, 1 
-0.439374, -0.380162, 0 
0.108493, 0.423660, 0 
-0.780261, -0.303618, 1 
-0.050329, 0.560650, 0 
0.813165, 0.139600, 0 
-0.783414, 0.205546, 1 
-0.810971, 0.307914, 1 
-0.596639, -0.432532, 0 
0.541916, 0.076089, 1 
-0.510072, -0.413925, 0 
0.340059, 0.607559, 1 
0.117334, -0.348749, 0 
0.044582, 0.576473, 0 
-0.483419, 0.382179, 0 
0.510232, -0.683340, 0 
-0.132019, 0.172695, 1 
-0.749648, -0.403421, 1 
-0.774495, 0.221472, 1 
-0.509478, 0.172422, 0 
-0.038779, 0.625427, 0 
0.681790, 0.494273, 0 
-0.029884, 0.562941, 0 
-0.122703, 0.495962, 0 
0.730558, -0.313733, 0 
0.838011, -0.501899, 1 
0.418310, 0.369829, 1 
-0.735732, -0.192073, 0 
0.178928, 0.097131, 1 
0.596897, 0.360757, 1 
-0.364046, 0.811115, 1 
-0.326615, 0.045111, 1 
-0.192328, 0.690619, 1 
0.021159, 0.517520, 0 
0.120367, -0.444844, 1 
0.339699, 0.601553, 1 
0.508131, -0.625460, 0 
-0.414418, 0.121634, 1 
-0.001842, -0.665136, 0 
-0.870403, 0.442663, 0 
0.697232, 0.242755, 1 
0.580291, -0.263856, 1 
0.394464, -0.139239, 0 
0.669185, -0.021244, 1 
-0.040099, -0.995501, 1 
0.309817, 0.696280, 1 
-0.603168, -0.004922, 0 
-0.810481, -0.434387, 1 
-0.653907, -0.697425, 1 
0.067099, -0.181215, 0 
-0.383229, 0.910095, 0 
0.629949, -0.400707, 0 
0.959858, 0.244916, 0 
0.778442, 0.537465, 0 
-0.117303, -0.421361, 1 
-0.782426, -0.258479, 1 
-0.613929, -0.239680, 0 
-0.772994, -0.231717, 1 
-0.451852, -0.640377, 0 
-0.088941, -0.215910, 0 
-0.225639, 0.315427, 1 
0.338819, -0.311389, 1 
-0.437871, 0.763449, 1 
0.134791, -0.234374, 0 
0.801515, -0.181037, 0 
0.734773, 0.345118, 0 
-0.521984, 0.095176, 0 
-0.590493, -0.611338, 1 
-0.151899, 0.275894, 1 
-0.744166, 0.271532, 1 
0.478755, -0.367089, 1 
-0.107426, -0.209314, 0 
0.325542, 0.024510, 0 
0.021276, 0.599678, 0 
0.532730, 0.657110, 0 
-0.150182, 0.694202, 1 
-0.846991, -0.343304, 1 
0.395957, -0.333248, 1 
0.675683, 0.181527, 1 
-0.087176, -0.713474, 0 
0.569848, -0.188795, 1 
-0.206495, 0.466520, 0 
0.188326, -0.864297, 0 
-0.376706, 0.268732, 0 
0.223120, 0.296594, 0 
-0.281202, -0.494246, 1 
-0.436883, -0.176499, 1 
-0.163877, 0.339775, 1 
0.166453, 0.654143, 1 
-0.207059, -0.025441, 0 
0.383329, -0.847843, 1 
0.728966, 0.500513, 0 
-0.285676, -0.830454, 1 
-0.113625, -0.431627, 1 
-0.749398, -0.445494, 1 
-0.920147, 0.167486, 1 
0.795431, 0.290056, 0 
0.016082, 0.771456, 1 
0.779256, -0.202745, 0 
0.822038, -0.320834, 0 
-0.687680, 0.621530, 1 
0.182027, 0.515494, 0 
0.463130, 0.315491, 1 
-0.530487, -0.563234, 0 
0.621853, -0.370524, 0 
-0.767245, -0.400953, 1 
-0.131262, -0.564166, 1 
0.398732, 0.616897, 1 
0.117144, -0.636449, 0 
-0.233917, 0.924671, 0 
-0.672413, 0.550179, 1 
0.775916, 0.103952, 0 
0.532108, -0.049829, 1 
-0.712410, 0.467170, 1 
-0.385838, -0.562079, 0 
-0.130216, -0.210398, 0 
-0.552637, -0.685689, 1 
-0.339247, -0.525245, 0 
0.821695, -0.001495, 0 
0.012667, 0.314393, 1 
-0.579769, 0.699565, 1 
0.825680, 0.398175, 0 
-0.015864, -0.725598, 0 
-0.892601, -0.214001, 1 
-0.710316, -0.011581, 0 
0.046677, -0.473250, 1 
-0.619388, 0.001999, 0 
0.499989, -0.386702, 1 
0.167776, 0.147203, 1 
0.934722, -0.023900, 0 
0.757933, -0.554615, 0 
-0.891098, -0.353789, 1 
0.884824, 0.100000, 0 
-0.265007, -0.481499, 1 
-0.402057, -0.224833, 1 
-0.715556, 0.421661, 1 
-0.119180, 0.146123, 1 
0.144914, 0.980392, 0 
-0.143517, 0.465039, 0 
-0.066350, -0.139426, 0 
-0.343826, -0.280173, 1 
-0.441964, -0.728093, 1 
0.247120, 0.871647, 0 
-0.306638, -0.778174, 0 
0.322977, -0.760270, 0 
0.582393, -0.291758, 1 
-0.296783, 0.299546, 1 
0.191752, -0.305784, 0 
0.473820, -0.792259, 1 
0.109006, -0.631025, 0 
-0.395465, 0.913350, 0 
-0.428149, 0.286794, 0 
-0.139474, -0.152651, 0 
-0.511684, -0.778936, 1 
0.657588, 0.538673, 0 
-0.136651, 0.280603, 1 
0.268214, -0.075003, 0 
0.385196, -0.695095, 0 
0.892788, 0.120861, 0 
0.078611, -0.358445, 0 
-0.077117, 0.354474, 1 
-0.139383, 0.844804, 1 
0.668755, -0.429076, 0 
0.231672, -0.390747, 1 
0.517930, -0.499513, 0 
0.281853, 0.938056, 0 
-0.066757, -0.557185, 1 
-0.768787, 0.608854, 0 
0.860242, 0.418879, 0 
-0.515386, -0.401348, 0 
-0.241807, 0.159283, 1 
-0.722328, -0.275413, 0 
0.140101, 0.580693, 0 
0.593410, -0.210816, 1 
-0.182993, 0.345716, 1 
-0.012184, 0.805167, 1 
0.147685, -0.761254, 0 
-0.799765, -0.101736, 1 
-0.006267, 0.271849, 1 
-0.978948, 0.035974, 1 
-0.125615, -0.725587, 0 
-0.459819, 0.761867, 1 
0.667405, 0.575778, 0 
-0.274964, 0.340684, 0 
0.583716, 0.092282, 1 
0.284706, 0.271962, 0 
0.082292, 0.567475, 0 
0.206322, 0.184323, 1 
0.014432, 0.469300, 0 
-0.135489, 0.831848, 1 
0.374958, 0.057796, 0 
-0.910851, 0.121469, 1 
-0.040497, -0.211047, 0 
0.635469, 0.357437, 1 
-0.484765, -0.779193, 1 
-0.885045, -0.196796, 1 
-0.409413, 0.774207, 1 
-0.010403, 0.770213, 1 
0.451409, -0.830227, 1 
-0.565853, 0.095070, 0 
-0.228817, -0.868590, 1 
-0.319831, 0.800846, 1 
-0.671592, 0.552018, 1 
-0.166272, 0.636346, 1 
0.486031, 0.703657, 0 
0.287934, 0.385381, 0 
-0.955658, 0.038461, 1 
0.118687, 0.418136, 0 
0.082819, 0.774091, 1 
0.528845, -0.082776, 1 
-0.384088, 0.387390, 0 
-0.930670, -0.192922, 1 
-0.810415, -0.552928, 1 
-0.070933, 0.511193, 0 
0.290883, -0.349959, 1 
-0.459502, 0.568467, 1 
-0.412322, -0.741864, 1 
-0.074423, -0.413661, 1 
-0.145473, -0.561149, 1 
-0.121938, -0.700041, 0 
0.054273, 0.125499, 1 
-0.778381, 0.005488, 1 
-0.663907, 0.254353, 0 
0.677597, -0.662869, 1 
0.088654, 0.467728, 0 
-0.224278, 0.378450, 0 
0.044111, 0.612882, 0 
0.813713, -0.131981, 0 
0.352116, 0.720784, 1 
-0.101604, 0.259441, 1 
-0.487539, -0.089500, 1 
0.290696, 0.435841, 0 
-0.349491, 0.516489, 0 
-0.047324, 0.457137, 0 
0.448218, 0.772929, 0 
-0.379827, 0.572111, 1 
-0.682224, -0.316071, 0 
0.272875, 0.822257, 0 
0.114284, -0.433869, 1 
0.486742, -0.706033, 0 
0.241653, -0.028153, 0 
-0.438029, -0.689512, 0 
-0.944341, -0.018882, 1 
-0.142207, -0.264282, 0 
-0.309374, -0.490865, 1 
-0.009802, -0.541363, 1 
0.880437, 0.438043, 0 
0.334366, -0.754584, 0 
0.524170, 0.426687, 1 
-0.225529, -0.168125, 0 
-0.301826, 0.456300, 0 
0.176654, 0.441043, 0 
-0.159854, 0.872809, 1 
0.292070, -0.313040, 0 
-0.059606, 0.787001, 1 
0.046461, 0.528335, 0 
0.125385, 0.023187, 1 
-0.823595, -0.171391, 1 
-0.543849, -0.284862, 0 
0.123836, 0.193450, 1 
0.570979, 0.518052, 1 
-0.589880, -0.170152, 0 
-0.069461, 0.314141, 1 
-0.884704, -0.244618, 1 
0.784346, -0.345940, 0 
0.125637, -0.122253, 1 
0.117013, -0.896620, 1 
0.448572, 0.258963, 0 
0.577726, -0.517507, 0 
-0.228781, 0.518084, 0 
-0.933884, -0.141605, 1 
0.231595, 0.208811, 0 
0.523078, -0.625484, 0 
0.324167, 0.745705, 1 
0.190961, 0.779378, 1 
-0.545109, -0.442713, 0 
0.803021, -0.373768, 0 
0.202402, -0.549834, 1 
-0.153169, 0.987608, 0 
0.559917, -0.267423, 1 
-0.375432, 0.393545, 0 
0.434825, 0.628244, 1 
-0.756955, -0.497891, 1 
0.326609, 0.771790, 1 
-0.529154, 0.342286, 0 
-0.570185, -0.671036, 1 
-0.844511, 0.254053, 1 
-0.049098, -0.759066, 0 
0.966133, -0.029182, 0 
0.123842, -0.560860, 1 
-0.250018, -0.074949, 0 
0.248454, 0.216854, 0 
-0.205134, -0.516428, 1 
-0.009516, -0.056217, 1 
0.236114, 0.103963, 1 
-0.894899, -0.440791, 1 
0.606953, -0.161333, 1 
0.483526, 0.015716, 0 
-0.043189, 0.397897, 0 
0.409769, 0.756132, 0 
0.430019, 0.332199, 0 
0.411800, -0.259197, 1 
-0.791953, -0.075664, 1 
0.432388, 0.687863, 1 
0.289778, 0.763501, 1 
0.452517, -0.466281, 1 
0.172487, -0.784170, 0 
-0.408717, -0.645699, 0 
0.192738, 0.573870, 1 
0.226933, -0.089879, 0 
0.733460, -0.063472, 1 
0.694950, 0.151763, 1 
-0.910934, -0.023368, 1 
0.641485, -0.080389, 1 
-0.439064, -0.105616, 1 
0.133951, 0.701987, 1 
-0.494615, 0.491428, 1 
-0.242717, -0.719092, 0 
-0.220082, 0.807436, 1 
0.775551, -0.166182, 0 
-0.856580, -0.445405, 1 
-0.749569, 0.198879, 1 
-0.600358, 0.447478, 1 
0.791870, 0.428432, 0 
0.081636, -0.817369, 0 
0.228696, -0.825802, 0 
-0.449801, -0.856759, 1 
-0.705382, 0.530951, 1 
0.729997, -0.330935, 0 
0.025905, 0.148956, 1 
0.329887, 0.444073, 0 
0.739481, 0.217684, 1 
0.540130, 0.687739, 0 
0.640597, 0.693421, 0 
-0.592942, 0.558633, 1 
0.630664, 0.262867, 1 
0.372831, -0.657926, 0 
0.854100, 0.486531, 0 
-0.279767, 0.096399, 1 
0.769654, 0.335746, 0 
0.118709, -0.622105, 1 
0.787314, 0.568091, 0 
-0.317744, -0.025921, 1 
0.621037, -0.340102, 1 
0.860886, 0.261998, 0 
0.045339, 0.295446, 1 
0.660599, 0.411978, 1 
-0.598177, 0.668513, 1 
-0.875354, 0.423433, 0 
-0.869814, 0.028912, 1 
-0.708575, -0.025818, 0 
0.192822, -0.732427, 0 
0.039971, 0.946862, 0 
0.838799, 0.270027, 0 
0.495695, 0.341228, 1 
-0.353266, -0.201684, 1 
-0.070830, -0.162505, 0 
-0.556719, -0.692139, 1 
0.584583, 0.071068, 1 
-0.337000, 0.499592, 0 
0.211194, 0.535046, 0 
-0.593909, -0.095504, 0 
-0.295016, -0.453108, 1 
-0.671749, 0.401910, 1 
0.347566, -0.174770, 0 
-0.312695, 0.429663, 0 
0.646518, 0.211187, 1 
-0.206718, -0.333320, 1 
-0.426290, -0.006571, 1 
-0.650488, 0.116541, 0 
0.244415, 0.655520, 1 
0.378576, -0.261463, 1 
0.657206, -0.693866, 1 
0.263303, -0.600430, 1 
-0.109452, -0.542159, 1 
-0.216414, 0.307520, 1 
-0.722518, 0.487624, 1 
-0.351485, 0.815035, 1 
-0.081179, -0.545831, 1 
0.165962, -0.597079, 1 
0.441973, 0.892892, 0 
-0.135226, -0.065006, 0 
0.755262, -0.041367, 0 
0.778454, -0.063640, 0 
-0.117082, 0.907067, 0 
0.468125, -0.553048, 0 
0.513595, -0.788200, 1 
-0.027471, 0.868627, 1 
-0.689704, -0.683968, 1 
0.375120, -0.196731, 0 
-0.449760, -0.160763, 1 
0.236482, 0.844946, 0 
0.000031, 0.672815, 1 
-0.327447, -0.219704, 1 
-0.335431, -0.704189, 0 
0.827312, -0.084537, 0 
0.700468, 0.267038, 1 
0.388946, 0.880632, 0 
-0.470403, -0.052310, 1 
0.407024, 0.246284, 0 
-0.700138, 0.444845, 1 
0.035917, -0.317762, 0 
-0.290013, -0.472770, 1 
0.982942, -0.055424, 0 
0.157963, 0.462727, 0 
-0.065343, 0.013065, 0 
0.046034, -0.319539, 0 
0.705889, -0.021125, 1 
-0.049959, -0.545995, 1 
-0.697515, 0.612117, 1 
0.170606, -0.583910, 1 
0.045191, 0.910733, 0 
-0.780445, -0.169005, 1 
-0.605460, -0.230952, 0 
-0.645858, -0.358195, 0 
-0.623927, 0.663943, 1 
-0.084285, 0.597283, 0 
-0.331581, 0.172358, 1 
0.040393, 0.310095, 1 
0.413778, -0.551244, 0 
-0.954807, -0.272783, 1 
-0.869927, -0.071782, 1 
-0.132238, 0.303987, 1 
-0.289123, -0.253284, 1 
0.734829, -0.206737, 0 
-0.615077, -0.721054, 1 
0.129713, 0.937707, 0 
-0.872155, -0.065894, 1 
0.111762, 0.905160, 0 
-0.102904, -0.518535, 1 
-0.506996, -0.786661, 1 
-0.370230, -0.922891, 1 
0.798795, -0.537869, 1 
0.284455, 0.081693, 0 
-0.546118, 0.133102, 0 
0.180913, 0.862430, 0 
-0.243584, -0.651123, 0 
0.656586, 0.189981, 1 
0.940099, 0.095188, 0 
-0.968341, -0.191507, 1 
-0.610569, -0.178962, 0 
0.640509, 0.470868, 1 
0.298945, -0.711841, 0 
-0.551757, 0.038302, 0 
0.362896, -0.817720, 0 
-0.080078, -0.187024, 0 
-0.033450, 0.670128, 1 
-0.072721, 0.169343, 1 
-0.334290, 0.319171, 0 
-0.405433, 0.678196, 1 
-0.653011, -0.422283, 0 
-0.434913, 0.404911, 0 
0.471103, 0.776531, 0 
-0.573686, -0.137763, 0 
-0.084537, -0.493038, 1 
-0.117008, -0.668426, 0 
-0.202469, -0.148113, 0 
0.816583, 0.380832, 0 
-0.302867, 0.671456, 1 
0.012776, -0.235874, 0 
-0.258347, -0.508709, 1 
0.337274, 0.184612, 0 
0.868663, -0.270300, 0 
0.774728, -0.130367, 0 
0.735516, -0.659097, 1 
-0.263209, -0.512464, 1 
-0.194111, -0.903888, 1 
-0.872890, -0.411734, 1 
0.678127, 0.670297, 0 
0.542587, -0.378218, 1 
-0.269837, 0.712418, 1 
-0.427693, 0.250118, 0 
0.284937, 0.018470, 0 
0.274439, 0.692642, 1 
-0.319117, -0.174572, 1 
-0.226125, -0.126912, 0 
0.592600, -0.269514, 1 
-0.027898, 0.440145, 0 
-0.779520, 0.017178, 1 
0.871785, 0.046039, 0 
-0.410505, 0.704491, 1 
-0.411386, -0.122708, 1 
-0.457886, -0.148335, 1 
-0.330233, -0.596438, 0 
-0.138412, 0.053568, 0 
0.344401, -0.179631, 0 
0.213708, 0.325699, 0 
-0.685332, 0.262482, 1 
-0.846203, -0.247831, 1 
0.429580, -0.673558, 0 
-0.900214, 0.185119, 1 
0.256398, 0.823573, 0 
-0.482210, 0.411303, 0 
0.105371, -0.694019, 0 
0.352698, 0.553912, 1 
0.457284, 0.286668, 0 
-0.046710, -0.322026, 0 
-0.155220, 0.418246, 0 
-0.091596, -0.140993, 0 
0.201187, -0.085600, 0 
-0.006575, 0.870846, 1 
0.344443, 0.321900, 0 
-0.729221, -0.664151, 1 
0.877511, -0.167837, 0 
-0.081622, 0.138745, 0 
0.268430, -0.396078, 1 
-0.091772, -0.130870, 0 
-0.292918, 0.860453, 0 
0.063127, -0.340522, 0 
-0.166885, 0.398107, 0 
0.764634, -0.141512, 0 
0.530233, 0.602802, 1 
-0.323308, 0.522593, 0 
-0.469976, 0.630106, 1 
0.363002, -0.616800, 0 
-0.316649, -0.798420, 1 
-0.964337, 0.062436, 1 
-0.674526, -0.355486, 0 
0.482838, -0.654253, 0 
-0.248043, 0.050814, 1 
0.309511, 0.190785, 0 
-0.080257, 0.304598, 1 
0.553138, 0.640134, 0 
0.493447, 0.176637, 0 
-0.206090, 0.842780, 1 
0.045579, 0.592020, 0 
0.445931, 0.878368, 0 
0.813132, -0.007412, 0 
-0.335262, -0.651253, 0 
-0.545538, 0.239883, 0 
-0.740599, -0.586571, 1 
0.061329, -0.070074, 1 
0.188968, 0.300824, 0 
0.532142, 0.014661, 1 
0.687771, -0.507013, 0 
-0.149663, 0.038878, 0 
0.653204, -0.017271, 1 
0.781792, 0.540137, 0 
-0.833654, 0.543670, 0 
0.294829, -0.483010, 1 
-0.592696, 0.372818, 0 
0.803960, -0.024771, 0 
0.147909, 0.607180, 1 
-0.116010, 0.014166, 0 
0.174682, -0.110783, 0 
-0.723948, -0.158537, 0 
0.629060, -0.116985, 1 
0.051659, -0.311161, 0 
-0.567129, -0.283641, 0 
0.392602, -0.581420, 0 
-0.162803, -0.981893, 1 
0.290023, -0.234793, 0 
-0.775099, 0.482543, 1 
-0.037897, 0.206523, 1 
0.117730, -0.670311, 0 
0.413669, -0.184081, 0 
0.149432, 0.784804, 1 
0.776941, 0.456529, 0 
-0.098963, -0.489102, 1 
0.098910, -0.283090, 0 
0.058650, 0.729945, 1 
-0.270588, -0.559059, 0 
-0.198060, 0.675167, 1 
-0.086320, -0.375255, 1 
-0.241827, -0.952158, 1 
0.797033, -0.448735, 0 
-0.094657, -0.851523, 0 
0.824391, -0.099263, 0 
-0.113858, 0.204596, 1 
0.406779, 0.772749, 0 
0.468671, -0.613481, 0 
0.685480, 0.709590, 0 
-0.525777, 0.051403, 0 
-0.041050, 0.905422, 0 
0.046122, 0.277042, 1 
-0.208227, -0.920660, 1 
-0.105380, -0.464719, 1 
0.556990, -0.029922, 1 
0.182566, 0.107685, 1 
0.312312, -0.531129, 1 
-0.062213, 0.118896, 0 
0.786907, 0.091594, 0 
0.439607, -0.553314, 0 
0.061075, 0.951969, 0 
0.360438, -0.733778, 0 
0.868827, 0.095532, 0 
0.851263, -0.286625, 0 
0.503043, 0.305246, 1 
0.326790, 0.466106, 0 
0.357159, 0.930257, 0 
-0.170716, 0.253861, 1 
0.272957, 0.040257, 0 
-0.113601, -0.844336, 0 
0.128990, 0.526291, 0 
-0.470743, -0.106018, 1 
-0.339565, -0.239376, 1 
-0.144817, -0.439109, 1 
0.194952, 0.926728, 0 
-0.053112, -0.754209, 0 
-0.113759, -0.035539, 0 
-0.945534, 0.227583, 1 
0.443342, -0.345424, 1 
-0.957965, -0.134232, 1 
0.317180, 0.344737, 0 
-0.034352, 0.083822, 0 
-0.372415, -0.709661, 0 
0.510719, 0.017044, 1 
-0.339649, -0.524349, 0 
-0.982887, 0.102378, 1 
0.491239, -0.682042, 0 
-0.593902, 0.757427, 0 
0.551943, -0.282276, 1 
-0.855580, -0.133117, 1 
0.326428, -0.634431, 0 
0.134223, -0.541976, 1 
-0.863500, 0.398936, 1 
-0.119746, -0.719742, 0 
-0.888148, 0.442240, 0 
-0.245740, 0.051839, 1 
-0.006203, -0.060173, 1 
0.340907, 0.055832, 0 
-0.147103, 0.850823, 1 
0.305422, 0.440588, 0 
0.631409, -0.400268, 0 
0.021725, 0.287123, 1 
-0.337207, 0.314174, 0 
0.569633, 0.603216, 0 
-0.413392, -0.774432, 1 
0.339528, 0.223092, 0 
0.433768, -0.074008, 0 
0.585955, -0.226084, 1 
0.236490, -0.038925, 0 
-0.041190, 0.851278, 1 
-0.652421, 0.173327, 0 
0.117588, -0.604283, 1 
-0.136072, -0.326301, 1 
0.518057, 0.590398, 1 
-0.567707, 0.147276, 0 
-0.140654, 0.977710, 0 
-0.163011, -0.902121, 1 
-0.111633, -0.699983, 0 
0.112512, 0.081740, 1 
-0.734544, 0.367129, 1 
-0.524528, -0.628450, 0 
-0.468796, -0.428029, 0 
-0.142996, 0.600604, 0 
0.194427, 0.050079, 1 
-0.564203, 0.068067, 0 
0.436334, -0.331333, 1 
0.100669, -0.249702, 0 
-0.024176, 0.992457, 0 
-0.202048, 0.792723, 1 
-0.752678, 0.314225, 1 
-0.489558, 0.330244, 0 
0.831739, -0.173453, 0 
0.361558, 0.533457, 1 
0.967428, 0.035543, 0 
-0.172850, 0.154761, 1 
0.503133, -0.357633, 1 
-0.485038, -0.873257, 1 
0.652373, 0.329870, 1 
0.371938, 0.720126, 1 
0.710285, -0.213557, 0 
0.389312, 0.326121, 0 
-0.664594, -0.124506, 0 
-0.197532, -0.829148, 0 
-0.632187, 0.608504, 1 
0.934019, 0.261210, 0 
0.656685, 0.385076, 1 
0.436528, -0.325942, 1 
0.356825, 0.297624, 0 
-0.548256, 0.144077, 0 
-0.209502, 0.536652, 0 
0.477236, -0.621092, 0 
-0.729331, -0.114875, 0 
-0.546780, -0.491777, 0 
-0.293764, 0.722084, 1 
-0.365502, -0.100485, 1 
-0.309493, 0.121454, 1 
0.316454, -0.685627, 0 
0.636135, -0.749225, 1 
0.244472, -0.698262, 0 
-0.308274, 0.540105, 0 
-0.723872, -0.298980, 1 
0.218086, 0.812724, 1 
-0.078950, 0.995108, 0 
-0.788525, -0.425146, 1 
-0.129221, 0.054666, 0 
-0.184461, 0.007650, 0 
-0.538822, -0.661798, 1 
0.601110, 0.574815, 0 
-0.339679, 0.620480, 1 
0.040014, 0.053804, 0 
-0.758441, 0.030242, 1 
-0.367555, -0.359348, 1 
-0.193970, -0.737189, 0 
0.500700, 0.190399, 1 
0.215824, -0.228608, 0 
0.468720, 0.086029, 0 
-0.552569, -0.013776, 0 
0.098217, -0.914074, 1 
-0.070027, 0.811904, 1 
0.286385, -0.863402, 1 
0.467147, -0.252396, 1 
-0.072724, 0.288398, 1 
-0.204777, -0.155981, 0 
-0.442748, 0.250858, 0 
0.637721, 0.434731, 1 
-0.016553, -0.071375, 1 
0.330748, -0.448430, 1 
0.512315, 0.726824, 0 
0.037201, 0.434016, 0 
0.367154, -0.046010, 0 
-0.272715, -0.289578, 1 
0.862924, 0.249220, 0 
0.443430, -0.102796, 0 
0.233435, 0.446086, 0 
-0.893543, -0.118596, 1 
0.169225, -0.706859, 0 
-0.711336, 0.183292, 1 
-0.815734, 0.115795, 1 
-0.199194, 0.781783, 1 
0.284451, 0.267803, 0 
-0.780723, 0.549896, 0 
-0.566554, 0.433304, 1 
0.433930, 0.847885, 0 
0.575573, -0.085934, 1 
0.114480, -0.554412, 1 
-0.058884, -0.060677, 0 
0.564273, -0.616002, 0 
-0.302132, 0.433295, 0 
-0.833139, 0.295366, 1 
-0.171115, -0.336455, 1 
-0.355793, -0.005470, 1 
-0.462456, -0.124783, 1 
-0.333168, -0.490222, 0 
-0.234409, -0.053235, 0 
0.469863, -0.545278, 0 
-0.582791, -0.400287, 0 
-0.679654, 0.712641, 0 
-0.569298, -0.015675, 0 
-0.916702, 0.109000, 1 
-0.215687, 0.780933, 1 
0.337761, 0.296367, 0 
-0.296584, 0.873872, 0 
0.218581, 0.709764, 1 
-0.916788, -0.305771, 1 
0.220174, -0.865141, 0 
-0.045917, -0.143025, 0 
0.596183, -0.483791, 0 
-0.259209, -0.875994, 1 
0.784982, 0.014380, 0 
-0.265348, 0.764404, 1 
-0.094651, 0.681312, 1 
0.226364, 0.830721, 0 
0.549638, -0.542730, 0 
-0.171402, -0.024989, 0 
0.343646, 0.854624, 0 
-0.006093, -0.619981, 1 
-0.002056, -0.287222, 0 
0.074474, 0.492066, 0 
-0.203724, -0.107745, 0 
-0.683398, -0.654779, 1 
0.329752, 0.287621, 0 
0.604647, -0.333580, 1 
-0.710040, 0.345167, 1 
-0.072370, -0.762598, 0 
-0.051883, 0.585292, 0 
0.637199, -0.483399, 0 
0.656899, 0.251710, 1 
-0.490695, 0.380768, 0 
0.753037, 0.200851, 0 
-0.472621, 0.840375, 0 
0.685565, 0.631555, 0 
0.287006, -0.325198, 1 
-0.524844, 0.398345, 0 
0.626758, -0.746198, 1 
-0.558506, 0.765151, 0 
0.130089, 0.187789, 1 
-0.655646, -0.299719, 0 
-0.541792, -0.437729, 0 
0.206594, 0.112359, 1 
0.489785, 0.339870, 1 
0.587165, -0.666839, 0 
0.479252, 0.682063, 0 
-0.108054, 0.649967, 1 
0.416417, 0.816517, 0 
0.544704, -0.052821, 1 
0.085953, 0.538970, 0 
-0.054313, 0.025922, 0 
-0.539807, 0.085111, 0 
0.494851, 0.485696, 1 
-0.605158, -0.274852, 0 
0.423782, -0.789705, 0 
-0.180093, 0.066495, 0 
0.182929, -0.857397, 0 
-0.196261, 0.468283, 0 
0.809383, -0.511514, 1 
0.307350, -0.851222, 1 
0.795023, -0.440782, 0 
0.344315, 0.919048, 0 
-0.852661, 0.071586, 1 
-0.598177, 0.502928, 1 
0.319322, -0.852042, 1 
-0.252619, 0.101087, 1 
-0.152763, 0.872571, 1 
0.354214, -0.666718, 0 
0.585615, -0.387652, 1 
-0.679933, 0.241282, 0 
0.879627, 0.246194, 0 
0.664752, -0.471140, 0 
-0.714272, -0.046257, 0 
-0.253325, -0.423052, 1 
-0.642512, -0.476945, 0 
0.826481, 0.486032, 0 
0.179222, 0.530172, 0 
-0.370852, -0.753733, 1 
-0.323828, 0.508070, 0 
-0.777020, -0.616674, 1 
-0.468797, 0.116873, 0 
-0.170626, 0.969489, 0 
0.370171, -0.559549, 1 
-0.188602, 0.339700, 1 
-0.624161, -0.633357, 1 
0.058734, -0.663351, 0 
-0.113202, 0.217402, 1 
-0.056842, 0.329667, 1 
0.305976, 0.761951, 1 
-0.172069, 0.366305, 1 
0.708596, -0.137408, 1 
-0.153426, -0.403085, 1 
-0.697983, -0.095885, 0 
-0.037050, -0.766157, 0 
-0.477136, 0.392742, 0 
-0.074526, 0.528523, 0 
-0.176290, -0.629538, 0 
-0.398824, 0.022865, 1 
-0.102239, -0.790435, 0 
-0.036079, -0.567449, 1 
0.364481, 0.864718, 0 
-0.827696, -0.051180, 1 
0.911473, -0.305570, 0 
-0.559463, -0.706267, 1 
0.484504, -0.716959, 0 
0.657614, 0.330499, 1 
-0.215757, -0.305716, 1 
0.574912, -0.660814, 0 
0.278677, -0.404062, 1 
0.421105, 0.293412, 0 
-0.146581, -0.965028, 1 
-0.321357, 0.263906, 1 
-0.295671, -0.569790, 0 
-0.323867, -0.074248, 1 
0.320651, -0.796683, 0 
-0.233993, 0.414521, 0 
-0.733156, -0.243718, 0 
0.316480, 0.238178, 0 
-0.129468, -0.851703, 0 
-0.517405, -0.023216, 0 
-0.750318, -0.412027, 1 
-0.057495, 0.734302, 1 
0.025379, 0.292665, 1 
-0.808711, 0.136739, 1 
0.585987, 0.206543, 1 
0.612839, -0.193695, 1 
0.227730, 0.064006, 1 
-0.638679, -0.760330, 1 
0.257701, 0.779114, 1 
-0.460146, -0.579016, 0 
0.164836, -0.566300, 1 
-0.522176, 0.604992, 1 
-0.147883, -0.685862, 0 
0.611513, 0.448061, 1 
-0.224802, 0.566195, 0 
-0.244343, 0.500159, 0 
-0.231107, 0.561892, 0 
-0.151544, -0.744529, 0 
0.535877, -0.236481, 1 
0.193567, -0.539064, 1 
-0.626748, 0.115360, 0 
0.628969, -0.439085, 0 
-0.553764, -0.528712, 0 
-0.525432, 0.485743, 1 
0.206895, -0.393631, 1 
-0.609563, -0.650009, 1 
-0.203528, -0.695483, 0 
-0.364239, 0.770390, 1 
0.032179, 0.603478, 0 
-0.439957, -0.816028, 1 
-0.053880, -0.607669, 1 
0.747452, 0.653500, 0 
-0.083755, 0.841845, 1 
-0.667417, 0.092020, 0 
0.847270, 0.049241, 0 
0.237311, -0.855098, 0 
0.066160, -0.221557, 0 
-0.805693, 0.187295, 1 
-0.094520, 0.670452, 1 
-0.115040, -0.372769, 1 
-0.115786, -0.782475, 0 
0.144645, 0.391905, 0 
-0.698448, 0.236879, 1 
-0.483745, 0.119716, 0 
-0.555939, 0.547544, 1 
0.261598, -0.917338, 1 
0.351997, -0.206206, 0 
-0.300511, 0.064737, 1 
-0.062543, -0.203767, 0 
0.142417, -0.574363, 1 
0.270487, -0.456106, 1 
-0.008927, -0.122571, 0 
0.055338, -0.506902, 1 
-0.346732, -0.563714, 0 
0.325333, -0.318047, 1 
-0.578238, -0.592101, 1 
-0.396546, -0.710775, 0 
0.180768, -0.267866, 0 
-0.575383, -0.595491, 1 
0.270750, 0.062099, 0 
0.014270, -0.222658, 0 
-0.300108, 0.359779, 0 
0.372604, 0.804107, 0 
-0.327606, 0.605323, 1 
-0.952330, -0.002970, 1 
-0.748333, 0.122656, 1 
0.502515, -0.455469, 1 
0.030546, -0.644421, 0 
-0.592906, -0.766544, 1 
-0.060785, 0.748624, 1 
0.255981, -0.602811, 1 
-0.400666, -0.790209, 1 
0.419342, 0.787856, 0 
0.756670, -0.607323, 1 
0.863333, 0.420799, 0 
0.592676, 0.175990, 1 
0.412011, -0.642270, 0 
-0.430034, 0.303040, 0 
0.283159, -0.469420, 1 
0.909259, -0.323568, 0 
0.233999, -0.063926, 0 
-0.366679, 0.677578, 1 
0.031419, 0.763752, 1 
-0.014320, 0.412515, 0 
0.026958, -0.464393, 1 
-0.277978, -0.761972, 0 
0.182475, -0.427744, 1 
-0.278919, 0.294123, 1 
-0.455919, -0.740123, 1 
0.361389, 0.286258, 0 
-0.097220, 0.012602, 0 
-0.695719, 0.157769, 0 
-0.408421, 0.221739, 0 
-0.194881, 0.115394, 1 
0.941217, -0.016777, 0 
0.121077, 0.220083, 1 
0.312181, 0.276021, 0 
-0.224116, 0.316738, 1 
0.226575, 0.592571, 1 
0.048710, 0.755797, 1 
-0.947011, -0.068065, 1 
-0.347610, -0.127396, 1 
-0.096987, 0.117428, 0 
0.625664, -0.070417, 1 
-0.451764, -0.596811, 0 
0.803205, 0.024766, 0 
0.370878, -0.000455, 0 
-0.799067, 0.434242, 1 
-0.326520, -0.406113, 1 
-0.412214, 0.838082, 0 
-0.045425, 0.508342, 0 
0.238779, 0.312452, 0 
-0.758555, -0.044507, 1 
0.255678, -0.696653, 0 
0.054833, 0.476936, 0 
-0.506973, -0.453377, 0 
-0.424293, -0.532110, 0 
0.378885, 0.009747, 0 
-0.835060, -0.225723, 1 
0.718757, -0.345177, 0 
-0.254774, -0.666571, 0 
0.144748, -0.898863, 1 
0.054655, -0.085821, 1 
-0.196881, 0.308339, 1 
0.756536, 0.133373, 0 
0.308440, 0.252293, 0 
-0.099926, 0.237356, 1 
0.511316, -0.403675, 1 
-0.380398, -0.252006, 1 
0.781893, 0.372977, 0 
0.929922, 0.279093, 0 
-0.645850, 0.207375, 0 
-0.499852, 0.358135, 0 
-0.792556, -0.440721, 1 
0.762252, -0.214355, 0 
0.270742, -0.284860, 0 
-0.826719, 0.039750, 1 
0.507485, 0.702167, 0 
-0.408255, -0.808541, 1 
-0.088046, -0.732542, 0 
0.437522, 0.316944, 0 
-0.682622, -0.145996, 0 
-0.477304, 0.671300, 1 
-0.711146, 0.317066, 1 
0.382615, 0.256323, 0 
-0.325674, -0.925961, 1 
0.837063, 0.266635, 0 
-0.486273, 0.068446, 0 
0.062882, -0.510936, 1 
0.476266, 0.423956, 1 
0.095901, 0.947146, 0 
0.335095, -0.244893, 0 
0.469802, -0.502480, 0 
-0.584251, -0.739745, 1 
-0.085888, -0.370081, 1 
0.419127, 0.904289, 0 
0.356777, -0.592885, 0 
-0.558879, 0.654576, 1 
-0.372987, 0.841781, 0 
0.405302, -0.093030, 0 
-0.817843, -0.087250, 1 
0.930673, -0.347120, 1 
-0.340989, 0.152910, 1 
-0.951111, 0.062846, 1 
0.468852, -0.319728, 1 
0.483932, 0.323175, 1 
-0.341577, 0.319000, 0 
0.545262, 0.633466, 0 
0.131346, 0.150283, 1 
0.174854, 0.894876, 0 
-0.370135, -0.898942, 1 
-0.288391, -0.086568, 1 
0.362842, 0.055893, 0 
0.134767, 0.954139, 0 
-0.705150, -0.307875, 0 
0.118067, 0.957204, 0 
0.234979, 0.563191, 1 
-0.287301, 0.623405, 1 
0.699230, -0.117349, 1 
0.043755, 0.581663, 0 
-0.970187, 0.092250, 1 
-0.055312, -0.441080, 1 
-0.791296, -0.531152, 1 
0.149225, -0.846748, 0 
-0.194152, -0.211219, 0 
0.597195, 0.410947, 1 
-0.325041, -0.264897, 1 
0.501314, 0.848843, 0 
-0.421087, 0.139660, 1 
0.260024, -0.000971, 0 
0.456672, -0.500806, 1 
-0.161237, 0.902628, 0 
0.134036, -0.710183, 0 
-0.683345, -0.614604, 1 
-0.640150, -0.007162, 0 
0.216972, -0.602459, 1 
0.822546, -0.043369, 0 
-0.625286, 0.427840, 1 
0.935468, 0.199074, 0 
-0.302742, -0.459743, 1 
-0.263399, 0.053066, 1 
0.680416, -0.280528, 0 
0.507761, 0.437499, 1 
0.465333, -0.058321, 0 
0.893128, 0.313465, 0 
-0.285184, 0.439716, 0 
-0.969887, 0.099071, 1 
0.675317, -0.055681, 1 
-0.146101, 0.656912, 1 
0.755384, 0.546231, 0 
0.838074, -0.061148, 0 
0.187796, 0.134177, 1 
-0.287901, 0.642178, 1 
0.045525, 0.677336, 1 
-0.682073, -0.652875, 1 
-0.289919, -0.169852, 1 
0.384910, 0.721345, 1 
-0.677080, -0.465215, 1 
0.109541, 0.807732, 1 
0.415136, -0.184028, 0 
0.030268, -0.867825, 0 
-0.253623, 0.159125, 1 
0.336056, -0.241968, 0 
0.093431, 0.663236, 1 
0.189845, -0.237512, 0 
-0.484053, 0.505028, 1 
-0.246754, -0.215849, 1 
-0.087945, -0.234100, 0 
-0.481015, -0.133601, 1 
0.639220, -0.200215, 1 
0.881059, 0.384369, 0 
0.504953, -0.612036, 0 
-0.308794, 0.112957, 1 
-0.135833, -0.317531, 1 
0.550335, 0.134501, 1 
0.504634, 0.600529, 1 
0.769600, 0.499487, 0 
-0.079503, 0.976000, 0 
0.055076, 0.508191, 0 
0.605310, -0.160904, 1 
0.675401, 0.618336, 0 
0.354100, -0.060238, 0 
-0.113557, -0.544001, 1 
-0.389468, -0.290242, 1 
-0.257037, -0.660864, 0 
-0.038690, -0.067172, 1 
0.602610, 0.416711, 1 
-0.918937, 0.334404, 0 
-0.588119, -0.645303, 1 
-0.557431, 0.255394, 0 
0.392105, 0.131908, 0 
-0.035564, -0.854958, 0 
0.510436, -0.845580, 1 
0.796897, 0.049501, 0 
0.361032, -0.197507, 0 
-0.410597, -0.902225, 1 
0.710643, -0.189301, 0 
-0.744798, 0.472097, 1 
0.682736, 0.628503, 0 
-0.409367, 0.115744, 1 
-0.795830, -0.275925, 1 
-0.451930, 0.341872, 0 
-0.127769, 0.788397, 1 
-0.317744, 0.914242, 0 
0.337957, -0.761494, 0 
0.455515, -0.485325, 1 
-0.978300, 0.020776, 1 
-0.089107, -0.002289, 0 
-0.167717, 0.010673, 0 
0.822890, -0.553319, 1 
0.061581, 0.858911, 1 
-0.061893, -0.958978, 1 
0.768222, 0.255078, 0 
0.309312, -0.822152, 0 
-0.445955, -0.768043, 1 
0.387563, -0.086074, 0 
-0.416990, 0.204691, 0 
-0.476567, -0.049671, 1 
-0.209643, 0.615049, 0 
0.821571, 0.468801, 0 
0.180635, -0.204356, 0 
-0.293449, -0.144168, 1 
0.101768, -0.228253, 0 
-0.241979, 0.845114, 1 
-0.018022, -0.109896, 1 
-0.219566, 0.098865, 1 
-0.128109, -0.366409, 1 
-0.597958, 0.038047, 0 
-0.471627, -0.423809, 0 
0.087577, 0.316839, 1 
-0.834304, -0.415388, 1 
0.140341, 0.224846, 1 
-0.145934, -0.242758, 0 
-0.085364, 0.132263, 0 
0.562458, -0.694931, 0 
0.883552, 0.058546, 0 
-0.960937, -0.225575, 1 
-0.970997, -0.182903, 1 
-0.667440, 0.179030, 0 
0.398215, -0.631148, 0 
-0.220703, -0.491970, 1 
-0.751863, 0.358796, 1 
0.274429, -0.625253, 0 
-0.121745, -0.110945, 0 
0.559412, -0.144395, 1 
-0.018873, 0.242723, 1 
-0.332666, -0.281349, 1 
-0.419834, 0.107961, 1 
0.831199, -0.429004, 0 
-0.348842, 0.879818, 0 
-0.005607, 0.809803, 1 
0.519356, 0.636444, 0 
-0.360467, -0.480680, 0 
0.675569, -0.522991, 0 
-0.276075, 0.133565, 1 
-0.296494, 0.506756, 0 
-0.678891, 0.360484, 1 
-0.324610, 0.250035, 1 
0.491588, 0.229106, 1 
-0.096175, 0.447883, 0 
-0.632397, 0.713515, 0 
-0.765835, -0.463037, 1 
0.388079, 0.881230, 0 
-0.086768, 0.552393, 0 
0.666499, 0.390807, 1 
0.734739, 0.047338, 1 
-0.522865, 0.741997, 1 
0.177154, 0.336203, 0 
-0.020369, 0.006966, 0 
-0.186948, -0.953780, 1 
0.388609, -0.358140, 1 
0.153622, -0.526726, 1 
-0.236058, 0.778519, 1 
-0.277707, -0.328973, 1 
-0.601059, -0.700088, 1 
-0.925280, 0.353911, 0 
-0.268214, -0.278382, 1 
-0.932982, 0.001587, 1 
-0.875904, -0.376705, 1 
-0.505177, 0.251350, 0 
-0.349325, 0.465627, 0 
-0.488128, 0.777829, 1 
-0.583752, -0.437470, 0 
-0.357249, 0.396235, 0 
-0.263967, -0.087987, 1 
-0.596592, 0.572071, 1 
0.446321, 0.519297, 1 
-0.354706, 0.784944, 1 
0.670946, 0.330027, 1 
-0.239504, -0.703071, 0 
0.441614, 0.459889, 1 
-0.179317, -0.376158, 1 
0.781621, 0.593855, 0 
0.664390, -0.026921, 1 
-0.020363, -0.545374, 1 
-0.088026, 0.123819, 0 
-0.988325, 0.005756, 1 
-0.474106, 0.803254, 0 
-0.019092, 0.791596, 1 
-0.328471, 0.423996, 0 
0.520607, -0.611526, 0 
-0.363895, 0.507813, 0 
0.412724, -0.136429, 0 
0.006893, -0.372305, 0 
-0.538789, -0.143342, 0 
-0.179841, 0.032623, 0 
-0.530932, -0.345011, 0 
0.094145, -0.720645, 0 
0.151439, -0.979144, 1 
-0.379385, -0.320941, 1 
-0.756334, 0.107764, 1 
-0.029482, 0.780961, 1 
0.801617, 0.074197, 0 
-0.671061, -0.698253, 1 
0.235121, -0.117917, 0 
-0.213020, -0.557822, 0 
-0.391933, 0.007845, 1 
-0.598284, 0.439821, 1 
0.495823, 0.731590, 0 
-0.013643, -0.736946, 0 
-0.163367, -0.866539, 1 
0.610432, 0.268875, 1 
0.718251, -0.256276, 0 
-0.922494, 0.341343, 0 
-0.775453, -0.169564, 1 
0.805313, 0.390511, 0 
-0.166961, -0.703373, 0 
-0.577911, 0.347953, 0 
-0.044706, 0.562011, 0 
-0.154511, 0.530695, 0 
0.047332, 0.366857, 0 
0.034709, -0.236825, 0 
0.218065, 0.394973, 0 
0.401813, 0.859988, 0 
0.008196, -0.519028, 1 
0.715592, 0.569933, 0 
-0.015075, -0.873249, 0 
-0.046645, -0.323293, 0 
-0.496982, 0.427644, 0 
0.423872, -0.633862, 0 
0.131942, 0.121323, 1 
-0.799056, 0.447635, 1 
0.062520, -0.126187, 1 
0.448960, 0.055905, 0 
-0.534299, 0.555671, 1 
0.740008, 0.010304, 1 
0.465285, -0.166308, 1 
-0.861744, -0.323559, 1 
0.125594, -0.920330, 1 
0.449796, 0.450490, 1 
0.133078, 0.657636, 1 
0.650646, 0.482138, 0 
0.194283, -0.190733, 0 
0.939540, -0.334238, 1 
0.317447, -0.241184, 0 
0.025548, -0.887061, 1 
-0.129794, 0.102392, 0 
0.502585, 0.585666, 1 
-0.212216, 0.528682, 0 
0.853166, 0.243618, 0 
0.214182, 0.372694, 0 
-0.365037, -0.820003, 1 
-0.417805, 0.845074, 0 
0.599774, 0.170403, 1 
-0.729164, 0.285946, 1 
0.003308, -0.545197, 1 
-0.186732, 0.022502, 0 
0.777821, -0.274125, 0 
-0.583762, -0.169095, 0 
0.456365, 0.774413, 0 
-0.784384, -0.143721, 1 
0.308802, -0.137236, 0 
-0.550881, -0.678580, 1 
-0.522818, -0.012731, 0 
0.872881, -0.054983, 0 
0.887367, 0.023010, 0 
0.187447, -0.818762, 0 
0.388322, 0.229215, 0 
-0.474067, -0.457071, 0 
-0.072286, 0.340734, 1 
-0.512915, -0.838656, 1 
0.412002, 0.647936, 1 
-0.120564, -0.260394, 0 
0.106862, 0.700710, 1 
0.199283, -0.158151, 0 
0.233742, 0.886629, 0 
-0.481670, -0.011607, 1 
-0.466677, 0.296723, 0 
-0.364430, -0.728967, 0 
0.533643, -0.384186, 1 
-0.143377, 0.575249, 0 
0.022253, -0.063011, 1 
0.650295, -0.197941, 1 
-0.467039, 0.690903, 1 
0.238052, -0.692259, 0 
0.444502, -0.865356, 1 
-0.573648, 0.293752, 0 
-0.805428, 0.077817, 1 
0.130935, 0.796125, 1 
0.281079, 0.849396, 0 
0.229491, -0.731778, 0 
0.913363, -0.235023, 0 
0.361789, -0.773456, 0 
0.312233, 0.022671, 0 
-0.325664, 0.337173, 0 
-0.517269, 0.114091, 0 
-0.434177, 0.199278, 0 
-0.115199, 0.603417, 0 
0.153744, -0.951259, 1 
-0.174037, 0.407692, 0 
-0.159493, -0.435753, 1 
-0.383419, 0.593206, 1 
-0.017181, -0.493148, 1 
0.476216, -0.695134, 0 
-0.208259, -0.571016, 0 
-0.325960, -0.726180, 0 
0.929803, -0.362592, 1 
-0.747733, -0.268631, 1 
0.995444, 0.054457, 0 
-0.028500, 0.047612, 0 
0.791359, 0.191585, 0 
-0.180842, 0.205825, 1 
0.223901, -0.741003, 0 
0.490840, 0.081767, 0 
-0.723131, 0.057546, 0 
0.850025, -0.316482, 0 
0.072841, 0.301129, 1 
-0.357901, -0.524128, 0 
0.091953, 0.408773, 0 
0.149886, 0.343470, 0 
-0.232659, 0.430504, 0 
-0.793808, -0.253923, 1 
-0.301939, 0.900400, 0 
-0.152004, -0.618020, 0 
0.420850, -0.362705, 1 
-0.624277, 0.276478, 0 
0.782701, 0.092435, 0 
0.001502, 0.060046, 0 
0.411596, 0.800817, 0 
-0.395992, -0.152888, 1 
-0.803073, 0.450698, 1 
-0.237106, 0.053865, 1 
0.581787, 0.699498, 0 
0.396455, -0.725022, 0 
0.718966, 0.362979, 0 
-0.896186, 0.159562, 1 
0.608063, -0.731693, 1 
0.132633, -0.294325, 0 
-0.497026, -0.134007, 1 
-0.438112, -0.082318, 1 
-0.985362, -0.026025, 1 
0.577255, 0.039741, 1 
-0.060061, -0.961657, 1 
-0.130511, -0.267888, 0 
0.198494, 0.758793, 1 
0.464322, -0.768919, 0 
0.585634, 0.561633, 0 
-0.191677, -0.535630, 1 
-0.466659, 0.562249, 1 
-0.259227, 0.440230, 0 
-0.011242, -0.568186, 1 
-0.308472, 0.656978, 1 
0.144442, 0.295710, 1 
-0.364259, -0.367976, 1 
0.436847, 0.351936, 1 
-0.335766, 0.766182, 1 
0.053193, 0.011332, 1 
-0.457509, 0.649716, 1 
-0.068538, 0.008432, 0 
0.322419, -0.312209, 1 
0.057088, -0.989783, 1 
0.495306, -0.173222, 1 
-0.054799, 0.456246, 0 
-0.957551, -0.241887, 1 
-0.443498, -0.173316, 1 
0.055476, 0.265600, 1 
-0.469989, -0.743071, 1 
-0.453616, 0.334347, 0 
-0.791227, 0.186574, 1 
0.227385, 0.800348, 1 
0.147939, -0.422421, 1 
0.493700, -0.692496, 0 
-0.612385, -0.194673, 0 
-0.448088, 0.515811, 1 
-0.093253, 0.126133, 0 
0.823152, 0.457108, 0 
-0.875925, -0.319015, 1 
0.182520, 0.211983, 1 
0.962198, 0.001676, 0 
0.901635, -0.148268, 0 
-0.563390, 0.375180, 0 
-0.205935, -0.104109, 0 
0.245171, -0.599937, 1 
-0.216356, -0.944120, 1 
0.525861, -0.815001, 1 
0.662131, 0.207786, 1 
-0.124435, 0.081689, 0 
0.191960, 0.713452, 1 
-0.942631, -0.319947, 1 
-0.673153, -0.078097, 0 
0.446076, 0.499595, 1 
0.529737, -0.426053, 1 
-0.501517, 0.622998, 1 
-0.688062, 0.407607, 1 
0.715335, 0.444841, 0 
0.769487, -0.529728, 0 
-0.903924, -0.101091, 1 
-0.453633, 0.484258, 0 
-0.338025, 0.524956, 0 
-0.238421, 0.243443, 1 
0.795979, -0.503655, 0 
-0.293908, -0.102570, 1 
-0.325669, -0.367553, 1 
0.772545, 0.030009, 0 
0.296309, 0.319162, 0 
0.573245, -0.038554, 1 
0.116248, -0.548216, 1 
0.035566, -0.429152, 1 
0.846176, 0.075014, 0 
0.843809, 0.459129, 0 
0.268284, 0.207015, 0 
0.393593, -0.542822, 1 
0.285628, -0.279882, 0 
-0.252609, 0.497026, 0 
0.345735, 0.588543, 1 
0.665608, -0.307992, 0 
-0.731832, 0.251876, 1 
-0.007295, 0.175823, 1 
0.403639, 0.752029, 0 
-0.491444, -0.870764, 1 
-0.672261, -0.731572, 1 
-0.070545, -0.717086, 0 
-0.907317, 0.040899, 1 
-0.573243, 0.317315, 0 
-0.867141, -0.022998, 1 
-0.190322, 0.015703, 0 
-0.457472, -0.736741, 1 
0.205860, -0.761728, 0 
0.690208, -0.653116, 1 
-0.577542, 0.184215, 0 
0.937482, -0.134781, 0 
-0.519791, 0.429106, 0 
-0.470233, 0.434245, 0 
-0.017422, -0.556134, 1 
0.345100, -0.562652, 1 
0.302249, -0.746989, 0 
0.811743, -0.229261, 0 
0.625861, -0.749084, 1 
0.593311, -0.099305, 1 
0.221409, -0.530254, 1 
0.493629, 0.643913, 1 
0.356196, -0.227154, 0 
-0.430831, 0.481258, 0 
0.404379, -0.812091, 0 
0.296328, -0.357233, 1 
-0.277922, -0.164365, 1 
0.909705, -0.399740, 1 
0.134745, -0.695140, 0 
-0.934916, 0.301732, 0 
0.558861, 0.761783, 0 
0.838953, 0.229970, 0 
-0.823072, -0.043399, 1 
0.211594, -0.582750, 1 
-0.778454, -0.124974, 1 
0.766409, 0.017537, 0 
-0.728009, 0.187451, 1 
-0.918205, 0.197958, 1 
0.278264, -0.225572, 0 
-0.685520, -0.233437, 0 
0.818752, 0.058902, 0 
-0.372069, 0.401716, 0 
0.066366, 0.731653, 1 
-0.230115, -0.906414, 1 
0.683919, 0.692750, 0 
-0.544196, 0.774492, 0 
0.681533, 0.071886, 1 
0.688205, 0.128590, 1 
0.704163, 0.381841, 0 
0.319184, 0.015037, 0 
-0.583173, 0.110570, 0 
-0.590377, 0.047677, 0 
0.071325, -0.115490, 1 
-0.127702, 0.690938, 1 
-0.136042, 0.663165, 1 
-0.297273, -0.685611, 0 
0.294150, 0.165194, 0 
0.281280, -0.789119, 0 
0.106658, -0.080895, 1 
0.063874, 0.945926, 0 
-0.414346, 0.100007, 1 
0.604966, 0.640975, 0 
0.486137, 0.086298, 0 
0.178291, 0.381545, 0 
0.502106, 0.541487, 1 
-0.976892, 0.143787, 1 
0.170701, -0.172524, 0 
0.375235, 0.281305, 0 
-0.333645, 0.161632, 1 
-0.692777, -0.626390, 1 
-0.597715, 0.237690, 0 
0.083174, -0.616926, 1 
-0.433329, -0.333462, 1 
-0.531424, 0.777886, 0 
0.407415, 0.860558, 0 
-0.198646, 0.309648, 1 
-0.918840, -0.145472, 1 
0.252538, 0.081838, 1 
0.484361, 0.169622, 0 
-0.591740, 0.429303, 1 
-0.463112, -0.791731, 1 
0.896957, -0.121902, 0 
0.157513, -0.961447, 1 
0.046690, 0.468361, 0 
0.276128, 0.503464, 0 
-0.295782, 0.718819, 1 
-0.724229, 0.311056, 1 
-0.056009, -0.348951, 0 
0.548459, -0.175784, 1 
0.469027, -0.575818, 0 
-0.370723, 0.737279, 1 
0.489317, 0.413183, 1 
-0.594744, 0.558312, 1 
-0.296413, 0.754570, 1 
-0.347518, -0.627530, 0 
-0.047258, 0.490208, 0 
0.221696, 0.668912, 1 
-0.373708, 0.725987, 1 
-0.423464, 0.534146, 1 
0.514830, -0.632678, 0 
0.264754, -0.773750, 0 
-0.722614, -0.145232, 0 
-0.768209, -0.610039, 1 
-0.474529, -0.086720, 1 
0.458958, 0.237056, 0 
0.409626, 0.334790, 0 
0.663903, 0.146888, 1 
-0.135351, -0.639476, 0 
0.660017, 0.076291, 1 
0.101110, -0.849415, 0 
0.802302, 0.030024, 0 
0.274369, 0.933820, 0 
-0.736882, -0.507581, 1 
0.011239, -0.123084, 1 
0.362842, -0.705601, 0 
-0.749154, 0.376622, 1 
-0.320677, -0.191020, 1 
0.770772, 0.474610, 0 
-0.612667, 0.163191, 0 
0.111281, -0.951660, 1 
0.576041, 0.155663, 1 
0.198967, 0.629359, 1 
-0.311109, -0.272071, 1 
0.623210, -0.038553, 1 
-0.515569, -0.453436, 0 
-0.498407, -0.362561, 0 
-0.362563, -0.342935, 1 
0.251017, -0.100169, 0 
-0.310489, -0.840949, 1 
0.259557, -0.362374, 1 
-0.259313, -0.087405, 0 
0.099584, 0.300674, 1 
-0.135605, 0.319715, 1 
0.269858, 0.922154, 0 
0.582528, 0.368425, 1 
0.659516, 0.081287, 1 
-0.424985, -0.458960, 0 
0.451593, -0.000888, 0 
0.231149, -0.145737, 0 
0.588908, -0.738011, 1 
-0.025666, -0.618070, 1 
-0.602750, 0.510337, 1 
-0.424280, -0.105669, 1 
0.759677, 0.441019, 0 
0.048352, -0.208704, 0 
-0.207451, 0.909286, 0 
0.680063, -0.355275, 0 
-0.580736, -0.073635, 0 
0.566122, 0.613615, 0 
-0.657961, 0.449267, 1 
-0.397975, 0.198909, 1 
0.368520, 0.521284, 1 
-0.205849, 0.878393, 0 
0.196975, 0.717046, 1 
0.159681, -0.322209, 0 
-0.326608, 0.565209, 0 
0.062761, -0.311099, 0 
0.172097, 0.685094, 1 
-0.896597, -0.161272, 1 
-0.767940, -0.140096, 1 
0.195637, 0.668304, 1 
0.190583, 0.950779, 0 
0.319074, -0.004168, 0 
0.202375, -0.097659, 0 
0.501260, 0.701859, 0 
0.133596, 0.218869, 1 
-0.546826, -0.586279, 0 
0.119002, -0.616829, 1 
-0.297191, 0.385786, 0 
-0.484219, 0.682798, 1 
0.537398, -0.036304, 1 
-0.381644, -0.869125, 1 
0.016395, -0.829140, 0 
-0.705072, 0.003328, 0 
-0.625658, 0.516378, 1 
0.344784, 0.294828, 0 
0.859483, 0.506738, 0 
0.696295, 0.630269, 0 
0.176909, -0.596396, 1 
0.289090, 0.799703, 0 
-0.745266, -0.283097, 1 
0.510880, -0.385340, 1 
-0.475066, -0.519737, 0 
-0.252665, 0.555136, 0 
-0.876100, 0.394086, 1 
-0.608866, 0.172325, 0 
0.708072, -0.114510, 1 
0.293503, -0.138467, 0 
0.810469, -0.130735, 0 
0.091043, -0.804225, 0 
-0.410635, 0.510286, 0 
0.578188, -0.317756, 1 
0.788434, -0.299844, 0 
-0.418745, 0.130451, 1 
0.592842, -0.006340, 1 
0.074165, 0.494995, 0 
0.778434, 0.547377, 0 
-0.050541, -0.712882, 0 
-0.118758, 0.417347, 0 
0.037144, 0.680515, 1 
-0.456031, 0.710269, 1 
0.454467, 0.450305, 1 
0.189580, 0.135314, 1 
0.798169, 0.126584, 0 
-0.611738, 0.722139, 0 
-0.215056, -0.285212, 1 
-0.796873, -0.397118, 1 
0.430948, 0.308511, 0 
-0.793518, -0.141652, 1 
-0.807880, 0.135989, 1 
0.286244, 0.848660, 0 
-0.326352, -0.700336, 0 
-0.592286, -0.762094, 1 
-0.212889, -0.542486, 1 
0.724347, -0.324458, 0 
-0.680191, 0.349354, 1 
0.268461, 0.452062, 0 
0.182584, 0.627227, 1 
-0.236191, 0.737529, 1 
-0.268830, -0.124879, 1 
-0.626806, -0.148796, 0 
-0.465715, 0.233922, 0 
-0.563905, 0.112876, 0 
0.017957, -0.917228, 1 
0.211844, 0.422514, 0 
-0.073127, -0.455437, 1 
-0.050039, 0.568396, 0 
0.225142, 0.080003, 1 
0.034398, 0.908013, 0 
0.310114, -0.059763, 0 
0.003665, -0.049196, 1 
-0.908529, -0.126675, 1 
0.298290, 0.187931, 0 
0.286185, -0.669096, 0 
0.806971, 0.258744, 0 
-0.754064, -0.123997, 1 
-0.349987, 0.514203, 0 
0.025088, 0.986982, 0 
-0.144672, -0.304324, 0 
-0.082116, 0.096703, 0 
-0.374019, -0.036478, 1 
0.093316, -0.105163, 1 
-0.064296, -0.500330, 1 
-0.417929, 0.653503, 1 
-0.292214, -0.472262, 1 
0.126326, 0.517895, 0 
-0.394789, 0.612983, 1 
0.556368, -0.363533, 1 
0.094612, -0.387037, 1 
0.456007, 0.202934, 0 
0.450969, -0.451759, 1 
-0.698550, 0.562594, 1 
-0.452701, -0.019317, 1 
-0.027783, 0.258768, 1 
-0.351013, 0.932805, 0 
0.818986, -0.539569, 1 
0.237501, 0.714774, 1 
0.612290, 0.615609, 0 
-0.266071, -0.110766, 1 
0.430534, -0.316755, 1 
0.557617, -0.734670, 0 
0.026699, 0.994159, 0 
0.837038, -0.381309, 0 
0.806905, -0.514429, 1 
0.561987, 0.365897, 1 
-0.464988, 0.557150, 1 
0.774269, 0.022174, 0 
0.589936, 0.189508, 1 
-0.509729, -0.539160, 0 
0.820822, 0.273625, 0 
0.422472, -0.795040, 0 
-0.360269, -0.824122, 1 
-0.192985, 0.851528, 1 
0.137779, 0.238267, 1 
-0.288166, -0.637208, 0 
-0.009947, 0.440895, 0 
0.471134, 0.846873, 0 
-0.339822, 0.305453, 0 
-0.187101, -0.212414, 0 
-0.873120, -0.177413, 1 
0.882961, -0.253481, 0 
-0.769460, 0.463494, 1 
0.642748, -0.057339, 1 
-0.493873, 0.168106, 0 
0.311390, 0.505048, 1 
-0.582403, -0.317649, 0 
-0.173584, 0.073176, 0 
-0.073722, -0.076695, 0 
-0.206620, 0.470841, 0 
-0.137538, 0.819078, 1 
0.298223, -0.518024, 1 
-0.672284, -0.687843, 1 
-0.818690, -0.343443, 1 
0.090303, -0.686672, 0 
-0.667186, -0.568019, 1 
-0.018088, 0.335496, 1 
0.251542, -0.292177, 0 
0.685404, -0.587757, 0 
0.716806, -0.447161, 0 
0.173633, 0.894787, 0 
0.173731, -0.690020, 0 
-0.909558, -0.108301, 1 
0.376777, 0.316286, 0 
-0.237645, -0.749624, 0 
-0.307822, -0.493653, 0 
0.882223, 0.247244, 0 
0.397207, 0.151404, 0 
0.714567, 0.216805, 1 
-0.430766, -0.499691, 0 
0.501342, 0.408836, 1 
-0.444134, -0.803947, 1 
-0.336130, 0.502712, 0 
0.602276, -0.543040, 0 
-0.749639, 0.499969, 1 
-0.267508, 0.167527, 1 
0.852841, 0.255351, 0 
0.358501, 0.663797, 1 
-0.000532, 0.078252, 0 
0.494063, -0.058156, 1 
-0.985979, -0.143022, 1 
0.488653, -0.737405, 0 
-0.095877, 0.357651, 1 
0.485970, -0.197651, 1 
0.171338, -0.737888, 0 
-0.812254, 0.285846, 1 
0.377641, -0.694714, 0 
-0.723616, 0.229608, 1 
0.694252, -0.077549, 1 
-0.240606, 0.819047, 1 
-0.303425, 0.364231, 0 
0.496297, -0.758192, 0 
0.466979, -0.179660, 1 
0.728905, 0.147216, 1 
0.182187, -0.263269, 0 
-0.312681, 0.837093, 1 
-0.552789, -0.044993, 0 
-0.367117, 0.436387, 0 
-0.243825, 0.602726, 0 
0.629726, -0.269103, 1 
-0.540227, -0.293869, 0 
0.491401, 0.379458, 1 
-0.361440, 0.794008, 1 
-0.188869, -0.458956, 1 
0.564339, 0.817576, 0 
-0.487688, 0.230392, 0 
0.078833, 0.579116, 0 
-0.386316, -0.605501, 0 
0.633984, -0.681437, 0 
-0.481802, 0.288468, 0 
0.850564, -0.049428, 0 
0.301590, -0.285319, 0 
-0.395222, -0.151929, 1 
-0.510604, 0.539723, 1 
-0.409349, 0.421319, 0 
-0.581636, -0.394311, 0 
0.824671, 0.109111, 0 
-0.478042, 0.807869, 0 
-0.292434, 0.184538, 1 
-0.631449, -0.183002, 0 
0.575461, 0.301608, 1 
-0.741908, -0.406965, 1 
-0.269900, 0.512791, 0 
0.772962, 0.252641, 0 
-0.934357, 0.034320, 1 
-0.108981, -0.784543, 0 
0.334828, -0.171614, 0 
0.353960, 0.490779, 1 
0.195767, -0.402620, 1 
-0.493431, -0.727079, 1 
0.206105, 0.538273, 0 
-0.888059, -0.372400, 1 
-0.930525, 0.061683, 1 
-0.740938, 0.340631, 1 
0.023995, 0.070962, 0 
-0.516245, -0.602315, 0 
-0.213401, 0.209167, 1 
-0.386155, 0.582345, 1 
-0.527876, 0.579525, 1 
-0.196348, 0.627852, 1 
-0.908142, -0.057143, 1 
-0.677834, 0.437365, 1 
0.078933, 0.311553, 1 
0.610346, -0.666958, 0 
0.314929, -0.232157, 0 
-0.039127, 0.434497, 0 
0.084770, -0.577624, 1 
0.188052, 0.980753, 0 
0.035774, -0.673969, 0 
0.691142, -0.273849, 0 
-0.687782, 0.027183, 0 
-0.804706, -0.105702, 1 
0.009288, 0.021628, 0 
0.197760, 0.929830, 0 
-0.622438, -0.701052, 1 
-0.190110, -0.320815, 1 
0.486075, 0.794866, 0 
0.285155, 0.575947, 1 
-0.811427, -0.527786, 1 
0.049888, -0.043167, 1 
0.568396, 0.386436, 1 
0.476199, 0.014986, 0 
-0.864617, 0.201824, 1 
-0.384943, -0.451817, 0 
-0.325827, 0.588732, 1 
-0.099496, 0.138883, 0 
-0.218086, 0.314048, 1 
-0.996958, 0.051854, 0 
-0.427162, 0.254698, 0 
0.088717, -0.396395, 1 
0.687354, -0.557086, 0 
0.591245, 0.100337, 1 
0.756220, -0.462639, 0 
0.512274, -0.186694, 1 
0.024812, -0.588597, 1 
0.321918, -0.884510, 1 
0.111371, -0.194678, 0 
0.099527, 0.325413, 1 
-0.798612, 0.422362, 1 
-0.359414, 0.865698, 0 
0.324723, -0.259816, 0 
-0.769682, 0.233956, 1 
0.665774, 0.198560, 1 
0.577898, -0.351978, 1 
-0.179395, -0.182022, 0 
-0.460646, 0.068815, 1 
-0.226741, -0.741821, 0 
0.552796, 0.598169, 1 
-0.522880, -0.086198, 0 
0.563128, -0.665294, 0 
0.196213, -0.475117, 1 
-0.089028, 0.420481, 0 
-0.409519, 0.530101, 0 
0.030591, 0.335450, 1 
-0.085165, -0.765625, 0 
0.483778, -0.583789, 0 
-0.177031, -0.865260, 1 
0.095047, 0.511476, 0 
-0.797476, 0.566055, 0 
0.113561, 0.415442, 0 
0.268262, -0.355695, 1 
0.126866, -0.991392, 1 
-0.124939, 0.848958, 1 
0.479389, -0.871125, 1 
0.561451, -0.320035, 1 
-0.083820, -0.844208, 0 
-0.370330, 0.649032, 1 
0.295355, 0.294389, 0 
-0.381805, -0.166736, 1 
-0.207339, -0.601374, 0 
0.220311, -0.309220, 0 
0.239799, 0.480179, 0 
-0.293172, 0.029014, 1 
-0.550841, -0.541254, 0 
0.069524, 0.318263, 1 
-0.570038, -0.507196, 0 
-0.555180, 0.540703, 1 
0.350799, 0.924779, 0 
-0.396481, 0.115085, 1 
0.141016, -0.835587, 0 
-0.153787, 0.269293, 1 
-0.326833, -0.149399, 1 
0.122121, 0.853758, 1 
0.033753, 0.174561, 1 
0.005152, 0.143292, 1 
0.567455, -0.654253, 0 
-0.556728, -0.360261, 0 
-0.752267, -0.234782, 1 
0.509045, 0.152837, 1 
-0.825868, 0.317789, 1 
0.480952, -0.773360, 0 
0.199970, 0.011965, 1 
0.851316, -0.350851, 0 
0.171379, -0.929390, 1 
0.018176, 0.213694, 1 
-0.531668, 0.227138, 0 
-0.341568, -0.522591, 0 
-0.808687, 0.272116, 1 
0.154630, -0.538459, 1 
-0.119963, -0.215615, 0 
-0.701095, 0.204351, 1 
-0.343022, 0.479708, 0 
0.690649, 0.679297, 0 
-0.357690, -0.019622, 1 
0.185806, -0.736945, 0 
-0.597591, -0.587647, 1 
-0.242626, 0.622842, 1 
-0.775280, -0.391227, 1 
-0.831863, 0.291120, 1 
-0.359985, -0.390418, 1 
0.816621, 0.548726, 0 
0.069525, -0.185428, 0 
0.367664, 0.842020, 0 
-0.356956, 0.112768, 1 
0.862093, 0.279585, 0 
-0.837828, -0.494621, 1 
-0.186467, -0.116876, 0 
-0.909314, -0.220607, 1 
0.164529, 0.492543, 0 
0.853734, -0.080364, 0 
0.166869, -0.138803, 0 
-0.826729, 0.230003, 1 
-0.817629, -0.482433, 1 
0.336647, 0.583252, 1 
-0.189746, -0.502715, 1 
-0.143783, -0.513191, 1 
-0.699981, -0.374137, 1 
0.584578, -0.100653, 1 
0.786183, -0.040916, 0 
-0.362633, 0.141508, 1 
-0.008200, -0.987861, 1 
0.323078, 0.787541, 0 
-0.036467, -0.120125, 0 
0.922276, -0.014977, 0 
0.897174, 0.314210, 0 
0.193045, -0.722528, 0 
-0.218636, -0.144768, 0 
-0.597778, 0.067381, 0 
-0.280164, 0.178903, 1 
0.090095, 0.909118, 0 
-0.426986, 0.338397, 0 
-0.393127, -0.904345, 1 
0.499958, 0.374642, 1 
0.028083, 0.944030, 0 
-0.506177, -0.566631, 0 
-0.227184, 0.671637, 1 
0.118852, 0.479343, 0 
-0.603322, 0.749558, 0 
0.320702, -0.412736, 1 
-0.602340, 0.600792, 1 
0.352942, 0.144657, 0 
0.040340, -0.153369, 0 
-0.239722, -0.684430, 0 
0.430825, 0.463506, 1 
-0.783247, 0.327607, 1 
0.748601, -0.574965, 0 
-0.447539, -0.874968, 1 
-0.335815, -0.747802, 0 
-0.375719, 0.000363, 1 
0.040297, -0.505138, 1 
-0.643200, -0.676336, 1 
-0.391162, -0.660496, 0 
0.011470, 0.473434, 0 
0.181291, 0.293058, 0 
-0.201889, 0.112608, 1 
0.557667, 0.126125, 1 
0.011852, -0.010215, 1 
-0.622335, 0.526493, 1 
-0.857371, -0.122530, 1 
0.255906, -0.465357, 1 
-0.812515, 0.136328, 1 
0.816803, -0.407148, 0 
0.534558, 0.697320, 0 
0.976792, 0.100122, 0 
-0.507812, 0.803384, 0 
0.392767, -0.321130, 1 
0.324846, -0.853659, 1 
0.535387, 0.151109, 1 
0.769824, -0.602513, 1 
0.035502, -0.289080, 0 
-0.427059, -0.829909, 1 
0.335426, -0.497211, 1 
-0.080542, 0.288572, 1 
-0.698978, 0.316483, 1 
-0.439643, -0.166037, 1 
-0.847151, -0.425289, 1 
0.170145, 0.587475, 1 
