-0.390275, -0.106603, 1 
-0.604179, -0.628915, 1 
0.052710, -0.762652, 0 
-0.566929, -0.457831, 0 
-0.081793, -0.857845, 0 
-0.384810, -0.897003, 1 
0.735575, -0.260356, 0 
0.491392, 0.585956, 1 
0.707639, 0.554029, 0 
0.347767, -0.497041, 1 
0.333640, 0.399244, 0 
-0.072073, 0.270041, 1 
-0.580461, -0.210670, 0 
0.001724, 0.870579, 1 
-0.650316, 0.122436, 0 
-0.516119, 0.275917, 0 
-0.603315, -0.680919, 1 
-0.372782, 0.632899, 1 
-0.322640, 0.569410, 0 
0.581185, -0.098522, 1 
-0.268786, 0.383596, 0 
-0.072299, -0.864447, 0 
0.278430, -0.540603, 1 
0.710080, 0.155368, 1 
0.005975, -0.889692, 1 
0.411228, 0.847255, 0 
0.149679, 0.060958, 1 
0.097516, 0.255288, 1 
0.676691, 0.023137, 1 
-0.005314, 0.731502, 1 
0.742165, 0.540579, 0 
0.067935, -0.995667, 1 
-0.102094, -0.971228, 1 
0.639812, -0.405102, 0 
-0.142495, 0.718425, 1 
-0.647866, -0.052006, 0 
0.522026, -0.536568, 0 
-0.453541, -0.058837, 1 
-0.811007, 0.446779, 1 
-0.806872, -0.384164, 1 
-0.308945, -0.120884, 1 
0.306120, -0.471978, 1 
-0.490786, 0.559742, 1 
0.628442, -0.100638, 1 
-0.469654, 0.504860, 1 
-0.817501, -0.132783, 1 
0.437016, 0.791023, 0 
0.270570, -0.938974, 1 
-0.765563, -0.107104, 1 
0.571445, 0.643175, 0 
0.395540, 0.645914, 1 
-0.140937, -0.716433, 0 
-0.611774, -0.758397, 1 
-0.565624, 0.533502, 1 
0.929645, 0.304581, 0 
-0.180122, -0.405039, 1 
0.006626, -0.816560, 0 
-0.248622, -0.047421, 0 
0.037352, 0.748997, 1 
0.623387, -0.106960, 1 
0.375869, -0.440587, 1 
0.872540, 0.307628, 0 
0.274250, 0.499333, 0 
0.457924, 0.649951, 1 
0.236103, 0.072823, 1 
0.414434, -0.393701, 1 
0.083016, 0.867023, 0 
0.891239, 0.377039, 0 
0.636145, -0.133988, 1 
0.605168, -0.356833, 1 
0.349679, 0.536099, 1 
0.330116, -0.779611, 0 
-0.961226, -0.111371, 1 
-0.978419, 0.157123, 0 
-0.033637, -0.456267, 1 
-0.313945, -0.131834, 1 
0.256166, 0.024453, 1 
-0.593126, 0.117497, 0 
0.375998, -0.244118, 0 
-0.042530, 0.624398, 0 
-0.409597, 0.296604, 0 
-0.028860, -0.470933, 1 
-0.144373, -0.399809, 1 
0.355199, 0.415602, 0 
-0.523769, -0.140948, 0 
-0.312476, -0.371080, 1 
0.429305, 0.131602, 0 
-0.103747, -0.946236, 1 
0.705310, -0.537250, 0 
0.373711, -0.184704, 0 
0.033318, 0.139554, 1 
0.439770, 0.499467, 1 
-0.194188, 0.379065, 0 
0.097003, -0.121698, 1 
0.557949, -0.218736, 1 
0.773014, 0.281153, 0 
-0.718701, -0.146751, 0 
-0.403188, 0.136760, 1 
-0.653698, -0.647576, 1 
-0.350681, -0.663438, 0 
0.343680, -0.810287, 0 
0.828656, 0.124471, 0 
0.523340, 0.828147, 0 
-0.869670, -0.141355, 1 
-0.397202, 0.323329, 0 
0.081599, -0.940799, 1 
-0.031139, -0.959345, 1 
0.618385, 0.477180, 1 
0.292833, 0.477296, 0 
0.782374, 0.480425, 0 
0.415920, -0.481021, 1 
0.801941, -0.564181, 1 
0.028288, -0.111769, 1 
-0.313234, 0.258846, 1 
-0.338318, 0.299855, 0 
-0.621915, 0.246090, 0 
0.863798, -0.039642, 0 
0.296391, -0.018117, 0 
0.390787, -0.789399, 0 
-0.246196, 0.706792, 1 
-0.542229, -0.805892, 1 
0.870019, -0.014069, 0 
0.324839, 0.935676, 0 
-0.248068, -0.053794, 0 
0.351566, 0.850568, 0 
0.072319, -0.881652, 1 
-0.756096, -0.022575, 1 
0.836402, 0.538445, 0 
-0.057855, 0.783103, 1 
0.103568, 0.314431, 1 
-0.133152, 0.061955, 0 
0.193666, 0.347746, 0 
-0.010774, 0.419632, 0 
-0.023595, -0.048099, 1 
0.681302, -0.114984, 1 
-0.213083, -0.587208, 0 
-0.548261, 0.486707, 1 
-0.532247, -0.345771, 0 
0.530246, 0.087534, 1 
-0.410977, -0.474539, 0 
-0.522966, -0.692052, 1 
-0.304541, 0.167118, 1 
-0.291543, -0.875754, 1 
0.196872, -0.861454, 0 
0.388395, 0.651114, 1 
-0.047808, -0.469973, 1 
-0.412833, 0.619570, 1 
0.269252, 0.372224, 0 
-0.455650, 0.539135, 1 
-0.055618, 0.997208, 0 
0.482527, 0.196671, 0 
-0.623245, -0.450485, 0 
0.792681, 0.298940, 0 
0.733874, 0.032962, 1 
-0.557604, -0.147889, 0 
0.188233, 0.946574, 0 
0.463125, 0.550221, 1 
-0.913676, 0.055072, 1 
0.616219, -0.063764, 1 
0.739187, -0.528523, 0 
0.298606, 0.567263, 1 
-0.424462, -0.316295, 1 
0.038517, -0.896775, 1 
-0.660440, -0.327947, 0 
0.372914, 0.552295, 1 
0.660372, -0.075260, 1 
-0.515998, 0.378707, 0 
0.692332, -0.242326, 0 
-0.798948, 0.109057, 1 
0.034273, -0.876992, 0 
0.266424, -0.015827, 0 
-0.020979, 0.230929, 1 
-0.871875, -0.110071, 1 
0.676430, 0.211262, 1 
0.706206, 0.168509, 1 
-0.317445, 0.003563, 1 
-0.739800, -0.263443, 1 
0.373365, -0.287951, 1 
-0.104356, 0.555311, 0 
-0.886571, -0.223366, 1 
-0.697831, -0.447016, 1 
-0.346896, 0.186130, 1 
-0.525429, 0.584090, 1 
0.491928, 0.710778, 0 
0.931961, 0.301825, 0 
0.317443, -0.455747, 1 
-0.740632, -0.392386, 1 
-0.348230, -0.696555, 0 
-0.382272, -0.771587, 1 
-0.670671, -0.091679, 0 
-0.655815, -0.325387, 0 
-0.549969, 0.330306, 0 
0.646730, 0.677202, 0 
0.891883, -0.215010, 0 
0.956705, -0.140830, 0 
0.203100, -0.835765, 0 
0.302975, 0.357325, 0 
0.351346, -0.520347, 1 
-0.031023, -0.542537, 1 
0.806583, 0.568272, 0 
0.250212, 0.907686, 0 
-0.334491, -0.466224, 1 
-0.460385, -0.450424, 0 
0.264801, -0.028289, 0 
0.172840, 0.182588, 1 
-0.124124, -0.713251, 0 
0.727539, 0.006183, 1 
0.386907, -0.028254, 0 
0.401239, -0.066715, 0 
-0.383403, -0.669736, 0 
-0.725648, 0.192739, 1 
-0.087187, 0.016660, 0 
0.197053, 0.884913, 0 
0.336227, 0.891204, 0 
-0.071165, 0.418480, 0 
-0.047576, 0.104236, 0 
-0.783353, 0.380334, 1 
-0.369102, 0.333115, 0 
-0.937329, -0.223641, 1 
0.883718, -0.305158, 0 
0.353919, -0.706831, 0 
0.827185, -0.500632, 1 
-0.587840, -0.678092, 1 
-0.216394, 0.226670, 1 
-0.099081, 0.614678, 0 
-0.394542, 0.814870, 1 
-0.761264, 0.404791, 1 
0.344933, -0.106552, 0 
0.394430, -0.561074, 0 
-0.558311, 0.605764, 1 
-0.692177, -0.704172, 1 
0.298050, -0.477339, 1 
-0.107049, -0.442373, 1 
-0.810716, -0.444624, 1 
-0.528264, -0.674582, 1 
0.001743, 0.814244, 1 
-0.457786, 0.305833, 0 
-0.164897, -0.812483, 0 
-0.392469, -0.728663, 0 
-0.373123, -0.417187, 1 
-0.776007, 0.244029, 1 
-0.207140, -0.642797, 0 
-0.040195, -0.740935, 0 
0.472957, -0.107633, 1 
-0.202269, 0.957735, 0 
-0.888208, -0.145576, 1 
0.956990, -0.265859, 1 
-0.419642, -0.481460, 0 
0.760768, 0.509320, 0 
0.084935, -0.268035, 0 
0.740990, 0.359035, 0 
-0.776611, 0.144220, 1 
-0.896110, -0.247794, 1 
-0.053270, -0.386717, 1 
-0.320046, 0.622626, 1 
-0.059603, -0.702677, 0 
-0.449692, 0.194457, 0 
0.318222, -0.321341, 1 
0.941961, -0.302661, 1 
0.155850, -0.566221, 1 
-0.287325, -0.306688, 1 
-0.378758, 0.752136, 1 
0.385061, -0.854129, 1 
0.275394, -0.446939, 1 
-0.566475, 0.166826, 0 
0.589072, -0.102255, 1 
-0.022570, -0.334031, 0 
-0.085980, -0.341838, 0 
-0.024787, -0.095956, 1 
-0.449520, -0.736995, 1 
-0.594367, -0.335305, 0 
0.693390, 0.330987, 1 
0.450607, 0.009759, 0 
-0.078547, 0.707415, 1 
0.326485, -0.280566, 0 
0.001229, 0.938160, 0 
-0.438293, -0.053335, 1 
0.703219, 0.067465, 1 
-0.723489, 0.073357, 0 
-0.637878, -0.114169, 0 
0.415413, -0.712416, 0 
0.201166, 0.477526, 0 
-0.165991, 0.514941, 0 
0.104065, 0.386570, 0 
-0.046547, 0.639840, 1 
0.286240, -0.554557, 1 
0.513407, -0.773766, 1 
-0.573353, 0.147955, 0 
0.612818, -0.419254, 0 
-0.743727, -0.596653, 1 
-0.214609, 0.614531, 0 
0.085602, -0.133065, 1 
-0.201829, -0.726803, 0 
0.269740, 0.816771, 0 
0.205876, 0.568102, 1 
-0.008894, -0.936898, 1 
0.691045, 0.141970, 1 
0.242916, 0.172054, 1 
-0.153476, 0.664708, 1 
0.198559, -0.670068, 0 
-0.769820, -0.554939, 1 
-0.486667, -0.681962, 1 
0.086212, -0.014784, 1 
0.123993, 0.042746, 1 
0.199914, -0.755490, 0 
0.161580, 0.203446, 1 
0.560953, 0.324346, 1 
0.634883, -0.724982, 1 
-0.208751, -0.675984, 0 
0.021941, 0.103175, 0 
0.881027, 0.355797, 0 
0.794717, -0.130179, 0 
0.459296, -0.505867, 1 
-0.474686, 0.211785, 0 
0.102948, 0.874057, 0 
0.040761, -0.623341, 1 
0.091278, 0.822527, 1 
0.250667, -0.881342, 1 
-0.495980, -0.266731, 0 
0.288178, -0.732450, 0 
0.596602, -0.365125, 1 
0.417321, 0.184297, 0 
-0.406189, -0.210119, 1 
0.065341, -0.851282, 0 
-0.566292, 0.524423, 1 
-0.729428, -0.374672, 1 
0.284829, -0.927774, 1 
0.308270, 0.406725, 0 
-0.766635, 0.498351, 1 
0.503179, 0.188085, 1 
-0.060350, -0.721763, 0 
0.697602, -0.247539, 0 
0.120262, 0.901776, 0 
-0.383893, -0.439135, 0 
0.044824, -0.211838, 0 
-0.949203, 0.061739, 1 
0.965936, -0.136310, 0 
0.246543, -0.540395, 1 
0.841635, -0.242419, 0 
0.136304, -0.247236, 0 
0.584315, 0.769108, 0 
0.537806, -0.572938, 0 
0.037831, -0.256027, 0 
0.261773, -0.268671, 0 
0.229308, -0.632813, 0 
-0.401282, -0.734018, 1 
-0.605146, -0.337011, 0 
0.276563, -0.326190, 0 
0.275114, -0.949220, 1 
0.155523, 0.455903, 0 
-0.677476, -0.116903, 0 
-0.247466, 0.139650, 1 
-0.805006, -0.475904, 1 
0.652431, -0.232493, 1 
-0.065041, -0.001016, 0 
0.523092, 0.297272, 1 
-0.451605, 0.659752, 1 
0.195648, 0.609015, 1 
-0.616546, -0.147383, 0 
0.665704, -0.275216, 0 
-0.423264, 0.314120, 0 
0.084431, 0.394160, 0 
-0.360768, -0.612131, 0 
0.012715, 0.696017, 1 
0.606485, 0.402644, 1 
-0.448699, 0.846387, 0 
0.193195, -0.717569, 0 
0.463150, 0.550717, 1 
0.944732, 0.245987, 0 
-0.241904, -0.522396, 1 
-0.564200, 0.692005, 1 
0.623406, 0.159829, 1 
-0.121051, 0.811623, 1 
0.091102, 0.254351, 1 
-0.688087, -0.064940, 0 
-0.677349, -0.009137, 0 
0.337253, -0.201179, 0 
0.889837, 0.365992, 0 
-0.275093, 0.644151, 1 
0.176912, -0.416706, 1 
0.445355, 0.044841, 0 
-0.532161, -0.220516, 0 
-0.552419, -0.287723, 0 
0.006320, 0.352773, 1 
-0.603849, 0.474615, 1 
0.649302, -0.596429, 0 
0.238488, -0.286936, 0 
0.330247, -0.477719, 1 
0.547660, 0.678968, 0 
-0.478719, 0.014104, 1 
0.854959, 0.069617, 0 
-0.640464, -0.691230, 1 
0.432270, 0.052315, 0 
-0.390843, -0.376926, 1 
0.556656, 0.350974, 1 
-0.612346, -0.707089, 1 
0.251154, 0.054038, 1 
0.752454, -0.395091, 0 
0.254548, -0.203803, 0 
-0.490275, 0.653131, 1 
-0.183086, 0.189962, 1 
-0.373820, 0.392397, 0 
0.132951, 0.544420, 0 
0.264682, -0.309492, 0 
-0.553078, -0.713125, 1 
-0.693138, -0.590460, 1 
-0.528081, -0.318880, 0 
0.469181, 0.865920, 0 
0.680331, -0.670089, 1 
-0.440476, -0.787625, 1 
0.570744, 0.754666, 0 
0.358768, -0.151254, 0 
0.665112, -0.574124, 0 
-0.222302, -0.018722, 0 
-0.824066, 0.492676, 0 
0.586765, -0.613162, 0 
-0.101682, -0.870589, 1 
-0.007156, -0.384056, 1 
0.708085, 0.561451, 0 
-0.525994, -0.471422, 0 
0.606020, -0.302263, 1 
-0.119345, -0.548612, 1 
0.654337, 0.603422, 0 
0.099466, 0.735643, 1 
-0.213233, 0.486756, 0 
-0.415393, -0.407338, 0 
0.484909, 0.200025, 0 
0.237163, -0.263846, 0 
0.050185, 0.454547, 0 
0.151469, 0.589106, 1 
0.647106, -0.538607, 0 
-0.402367, 0.740926, 1 
0.172421, -0.962805, 1 
-0.347101, -0.636458, 0 
0.365208, -0.821019, 0 
0.675672, 0.195217, 1 
-0.614878, 0.125747, 0 
-0.597658, 0.633099, 1 
0.557393, -0.515082, 0 
0.331057, -0.587765, 0 
-0.088027, -0.390036, 1 
0.797089, -0.165349, 0 
0.515933, 0.121463, 1 
0.290025, -0.764013, 0 
0.430985, -0.325932, 1 
0.386823, -0.831324, 1 
0.021813, 0.749483, 1 
0.623231, -0.024998, 1 
-0.825159, -0.248687, 1 
0.773203, -0.283765, 0 
0.707028, -0.395229, 0 
0.346895, -0.733031, 0 
0.087219, 0.576587, 0 
0.491680, 0.410820, 1 
0.265092, 0.808891, 0 
0.176332, 0.663995, 1 
0.586159, 0.628195, 0 
0.199155, -0.240748, 0 
-0.592649, -0.663174, 1 
-0.465197, 0.802668, 0 
-0.514716, -0.672175, 1 
-0.841737, 0.248760, 1 
0.008261, -0.194138, 0 
-0.349817, -0.823109, 1 
-0.345078, -0.565355, 0 
-0.283392, -0.828913, 1 
-0.351825, 0.204311, 1 
-0.751040, 0.568040, 1 
-0.406166, -0.717002, 0 
-0.578867, -0.708603, 1 
-0.151030, -0.357717, 1 
0.217484, -0.293621, 0 
0.628976, 0.589677, 0 
0.312321, -0.760690, 0 
0.042335, 0.382540, 0 
0.138760, -0.865569, 0 
0.431535, 0.800141, 0 
-0.517710, -0.022193, 0 
0.616587, 0.295277, 1 
-0.712118, 0.300771, 1 
-0.016393, 0.301790, 1 
-0.366903, 0.640268, 1 
-0.242217, 0.484984, 0 
-0.085819, 0.116600, 0 
0.357376, 0.556464, 1 
-0.757716, -0.239195, 1 
0.695638, -0.626370, 0 
-0.103591, 0.318296, 1 
-0.183094, 0.052157, 0 
0.064604, 0.658603, 1 
0.226541, 0.203792, 1 
-0.447513, 0.165455, 0 
0.228847, -0.690340, 0 
0.009421, -0.857009, 0 
0.262395, 0.019925, 0 
-0.017169, 0.796211, 1 
-0.628831, 0.138434, 0 
-0.539712, 0.830853, 0 
-0.443977, 0.410539, 0 
0.749670, -0.275695, 0 
-0.755668, 0.506900, 1 
0.894343, -0.011076, 0 
-0.884005, 0.282407, 1 
-0.947325, 0.038967, 1 
-0.385495, 0.205167, 1 
-0.198099, -0.323535, 1 
-0.649460, -0.241981, 0 
-0.958761, -0.128151, 1 
-0.834862, 0.178703, 1 
-0.028636, 0.050987, 0 
0.269208, -0.962701, 1 
-0.906859, 0.192566, 1 
-0.757044, 0.068944, 1 
-0.728010, -0.193200, 0 
-0.407663, -0.618130, 0 
0.268087, -0.661623, 0 
-0.821797, -0.098614, 1 
-0.889806, -0.032445, 1 
0.870557, -0.044614, 0 
0.204663, 0.526542, 0 
0.861990, 0.505087, 0 
-0.847837, 0.124210, 1 
0.710315, 0.653013, 0 
-0.592085, -0.096044, 0 
0.044819, 0.743046, 1 
-0.318966, 0.342851, 0 
-0.490156, -0.548114, 0 
-0.186521, -0.869286, 1 
-0.225665, 0.472447, 0 
0.532371, 0.750070, 0 
0.731849, -0.011711, 1 
0.616458, 0.062231, 1 
-0.149031, 0.376269, 1 
0.178322, -0.680972, 0 
0.110378, 0.076150, 1 
-0.155535, 0.890369, 0 
0.052106, 0.920809, 0 
-0.036870, -0.829069, 0 
-0.600430, -0.332071, 0 
0.473733, 0.847897, 0 
0.424003, 0.598585, 1 
-0.709436, -0.164606, 0 
0.192874, -0.180179, 0 
0.192290, -0.854159, 0 
0.676973, 0.134148, 1 
-0.202556, -0.633021, 0 
-0.470634, -0.003325, 1 
0.967719, -0.093954, 0 
-0.532057, -0.691143, 1 
-0.090503, 0.404673, 0 
-0.757268, 0.550409, 1 
-0.508049, -0.111972, 0 
-0.800595, 0.324960, 1 
-0.177045, -0.445997, 1 
-0.323972, -0.485153, 0 
0.076499, 0.948101, 0 
-0.075768, 0.141411, 0 
0.676896, 0.434175, 0 
0.551325, 0.545228, 1 
0.635078, 0.513861, 0 
0.446499, -0.142163, 0 
-0.694891, 0.616107, 1 
0.710222, 0.679323, 0 
0.025442, -0.161917, 0 
-0.827990, -0.314111, 1 
0.780212, -0.001418, 0 
-0.091650, 0.676775, 1 
-0.538439, 0.327210, 0 
0.564215, 0.306680, 1 
-0.719397, 0.074723, 0 
-0.220046, -0.739323, 0 
0.475746, 0.134219, 0 
0.990995, 0.063274, 0 
-0.018288, -0.279416, 0 
-0.462346, 0.488135, 0 
-0.150186, -0.831687, 0 
0.534219, 0.025583, 1 
-0.085323, 0.747571, 1 
-0.180801, -0.180292, 0 
0.557407, -0.426205, 0 
-0.549729, 0.186492, 0 
-0.930230, -0.057377, 1 
0.373182, -0.072028, 0 
-0.036954, 0.739550, 1 
0.204680, 0.374552, 0 
0.426336, 0.701992, 1 
-0.139658, 0.978666, 0 
0.054325, -0.215073, 0 
-0.290725, -0.662244, 0 
0.190992, -0.412245, 1 
-0.845494, -0.308970, 1 
0.349162, -0.292377, 1 
-0.365698, 0.438970, 0 
-0.841712, 0.499067, 0 
0.446636, 0.026875, 0 
0.273714, 0.643673, 1 
0.113670, -0.359522, 0 
-0.187833, -0.530976, 1 
-0.444197, 0.330006, 0 
0.336479, -0.233616, 0 
-0.316973, -0.800440, 1 
-0.577742, -0.792275, 1 
0.479545, -0.814904, 1 
-0.165537, -0.116468, 0 
-0.699263, -0.146251, 0 
-0.008700, 0.758023, 1 
0.478628, -0.562440, 0 
-0.166226, 0.748876, 1 
0.329491, -0.702191, 0 
0.841761, 0.258848, 0 
0.300014, -0.589648, 1 
0.776202, 0.302977, 0 
0.027784, -0.401764, 1 
-0.929914, 0.161145, 1 
0.151723, -0.062712, 1 
-0.460112, 0.879020, 0 
0.682845, 0.035904, 1 
-0.288425, 0.862754, 0 
-0.003655, -0.191877, 0 
0.132964, 0.190744, 1 
0.353163, 0.631223, 1 
0.327977, -0.935147, 1 
0.911128, 0.103576, 0 
0.401721, -0.849251, 1 
-0.283579, 0.894147, 0 
0.150244, -0.969816, 1 
0.413923, -0.746834, 0 
-0.414005, 0.822677, 0 
0.896674, 0.360254, 0 
-0.345851, -0.047178, 1 
0.527165, -0.221505, 1 
-0.785989, -0.401409, 1 
0.085468, -0.222023, 0 
0.483673, 0.348725, 1 
0.331937, 0.493282, 1 
-0.821191, -0.544678, 1 
-0.271778, 0.137676, 1 
-0.070682, 0.240124, 1 
-0.567264, 0.022271, 0 
-0.449931, 0.437017, 0 
-0.006838, 0.971983, 0 
-0.316209, 0.808699, 1 
-0.132125, 0.788510, 1 
0.312676, 0.313379, 0 
-0.269942, 0.686112, 1 
0.252675, 0.428790, 0 
0.537031, -0.715789, 0 
0.915832, 0.017149, 0 
0.740481, 0.024647, 1 
0.416415, -0.117411, 0 
-0.348511, 0.066746, 1 
-0.489945, -0.068733, 1 
-0.173382, 0.030199, 0 
-0.048756, 0.791815, 1 
-0.040206, 0.466538, 0 
-0.808500, -0.416334, 1 
-0.616593, 0.583643, 1 
-0.177522, -0.303301, 1 
0.520448, -0.310288, 1 
-0.521578, -0.241861, 0 
0.069202, 0.311983, 1 
0.678071, 0.553488, 0 
0.228745, -0.308282, 0 
-0.736242, -0.545701, 1 
0.373465, 0.066598, 0 
0.779553, 0.492060, 0 
-0.066253, 0.562250, 0 
-0.671937, -0.324440, 0 
-0.494295, -0.182108, 1 
-0.318206, -0.732144, 0 
0.534278, 0.075586, 1 
0.589551, -0.023395, 1 
0.689163, 0.090465, 1 
0.225647, 0.003572, 1 
0.535837, -0.522413, 0 
0.320314, 0.344295, 0 
0.446970, -0.655331, 0 
0.268981, -0.488493, 1 
-0.956943, -0.162098, 1 
-0.499651, 0.546792, 1 
-0.461492, 0.618340, 1 
-0.128404, -0.425965, 1 
0.320289, -0.714658, 0 
-0.932571, -0.025369, 1 
-0.459044, 0.621952, 1 
-0.197938, -0.520507, 1 
0.730417, -0.081959, 1 
-0.089055, 0.693287, 1 
-0.061840, -0.707985, 0 
0.825159, 0.101990, 0 
-0.649645, -0.504986, 1 
-0.002148, 0.142942, 1 
-0.339885, -0.780796, 1 
0.495865, 0.203122, 1 
0.058862, -0.477169, 1 
-0.200906, -0.028952, 0 
-0.405393, 0.243318, 0 
-0.444924, 0.470978, 0 
-0.058770, 0.205317, 1 
0.361868, 0.240406, 0 
0.275135, -0.918605, 1 
-0.358043, -0.239454, 1 
-0.665552, 0.662113, 0 
0.495343, -0.291583, 1 
0.114408, 0.652826, 1 
0.802260, 0.447579, 0 
0.271917, -0.896911, 1 
0.400529, 0.912147, 0 
0.657170, 0.613283, 0 
0.646948, -0.330188, 0 
-0.424355, 0.479869, 0 
-0.235239, 0.118894, 1 
-0.340294, 0.257084, 1 
0.525655, 0.233423, 1 
0.915957, -0.113878, 0 
0.812331, 0.281947, 0 
-0.052211, 0.481612, 0 
0.025669, 0.423157, 0 
-0.558306, 0.525486, 1 
0.340256, 0.193918, 0 
-0.001653, 0.018647, 0 
-0.255945, -0.293603, 1 
0.491316, -0.403006, 1 
-0.038715, 0.639745, 1 
0.327904, 0.438297, 0 
0.924277, 0.153351, 0 
-0.314516, -0.142691, 1 
0.734717, -0.325326, 0 
-0.920439, 0.063524, 1 
-0.021062, -0.598562, 1 
-0.641549, 0.142678, 0 
0.625412, -0.574577, 0 
-0.277924, 0.080632, 1 
0.523330, -0.594952, 0 
-0.707975, 0.170520, 0 
0.332201, 0.408309, 0 
0.164563, -0.070595, 1 
-0.691586, -0.022431, 0 
0.144671, -0.790257, 0 
-0.379796, -0.583779, 0 
0.508840, -0.460393, 1 
0.207563, -0.940498, 1 
0.283231, 0.272198, 0 
0.343584, -0.225804, 0 
-0.873244, 0.160042, 1 
-0.735591, -0.015034, 0 
-0.410939, -0.777178, 1 
0.363334, -0.571287, 0 
-0.728797, 0.400913, 1 
-0.437070, 0.862669, 0 
-0.165740, -0.872825, 1 
-0.220886, 0.039789, 0 
0.019321, -0.577371, 1 
0.533403, -0.267171, 1 
-0.845137, 0.477724, 0 
-0.624638, 0.655252, 1 
-0.724718, 0.151569, 1 
0.741666, -0.289326, 0 
-0.337845, 0.255916, 1 
-0.264710, -0.678207, 0 
-0.023312, 0.422712, 0 
-0.432245, -0.714223, 1 
-0.231519, -0.415803, 1 
0.378024, -0.832642, 1 
0.380063, -0.034551, 0 
0.656285, -0.429566, 0 
0.718162, -0.599253, 0 
-0.850553, 0.484702, 0 
0.781225, -0.456946, 0 
-0.451695, -0.200731, 1 
-0.315831, -0.321919, 1 
0.568773, 0.684187, 0 
0.335309, -0.294644, 1 
0.553039, 0.272709, 1 
0.193561, -0.618378, 1 
-0.132198, -0.074255, 0 
0.398791, -0.436432, 1 
-0.567292, 0.521676, 1 
-0.621237, -0.357033, 0 
0.188808, 0.780877, 1 
0.307526, 0.422217, 0 
-0.204388, 0.388551, 0 
0.728546, 0.490870, 0 
0.603869, 0.710125, 0 
-0.301727, 0.814870, 1 
-0.893532, -0.286167, 1 
0.937053, 0.293640, 0 
0.170724, 0.096586, 1 
-0.273170, 0.522092, 0 
-0.312403, -0.769528, 0 
-0.672300, 0.155580, 0 
0.300970, 0.487765, 0 
0.909769, -0.181644, 0 
0.073392, -0.456262, 1 
0.243651, -0.144666, 0 
0.188852, 0.815088, 1 
0.388746, -0.669991, 0 
-0.344299, -0.713585, 0 
-0.779560, -0.298349, 1 
-0.517237, -0.181470, 0 
-0.155320, 0.113961, 0 
-0.626032, -0.367354, 0 
0.375624, -0.309375, 1 
-0.438447, -0.639592, 0 
0.732558, 0.445103, 0 
0.074525, -0.916875, 1 
0.556355, 0.745259, 0 
0.593406, 0.671165, 0 
-0.176462, 0.539429, 0 
0.596548, 0.497243, 1 
-0.319551, -0.607398, 0 
-0.551931, 0.159112, 0 
0.840431, 0.516190, 0 
0.217385, 0.907202, 0 
-0.230311, -0.733879, 0 
0.392834, 0.194914, 0 
0.388918, -0.442306, 1 
0.907887, -0.144794, 0 
-0.374515, 0.038525, 1 
-0.119061, -0.325065, 0 
-0.617461, 0.606595, 1 
0.070734, -0.610562, 1 
-0.497624, -0.058710, 1 
0.913283, 0.108493, 0 
-0.406322, 0.724360, 1 
0.842996, 0.268946, 0 
0.526408, 0.125197, 1 
-0.566798, -0.517003, 0 
-0.427266, 0.038444, 1 
-0.225844, 0.829279, 1 
0.609800, 0.708911, 0 
0.892368, -0.017902, 0 
-0.650347, -0.087161, 0 
0.779195, -0.587724, 1 
-0.988391, 0.003384, 1 
-0.026693, -0.689183, 0 
-0.065950, 0.472732, 0 
-0.077562, -0.709365, 0 
0.772062, 0.140084, 0 
-0.403318, 0.131237, 1 
-0.846101, -0.112955, 1 
-0.533687, -0.526538, 0 
0.140692, 0.458073, 0 
-0.912212, 0.224037, 1 
0.042114, -0.198488, 0 
0.004513, -0.654447, 0 
-0.236187, -0.097599, 0 
-0.617294, -0.028962, 0 
0.699666, 0.578780, 0 
0.577285, -0.228462, 1 
0.604557, 0.468202, 1 
-0.243592, 0.494083, 0 
0.001903, 0.441457, 0 
-0.860751, 0.068855, 1 
-0.762235, -0.518326, 1 
-0.361912, -0.560221, 0 
0.745953, 0.633348, 0 
-0.037763, -0.924882, 1 
-0.172636, 0.114884, 1 
-0.614571, 0.565792, 1 
-0.227831, 0.866722, 0 
-0.002789, -0.892667, 1 
-0.847066, -0.221758, 1 
-0.724015, 0.110480, 0 
0.714061, -0.444290, 0 
-0.679780, -0.083889, 0 
-0.614657, 0.348516, 0 
0.030389, 0.012411, 1 
-0.520192, 0.133310, 0 
-0.689417, 0.601631, 1 
0.851578, -0.190236, 0 
0.434305, 0.658116, 1 
-0.038166, -0.814980, 0 
0.176836, 0.196554, 1 
-0.676367, -0.731833, 1 
-0.073794, -0.287732, 0 
-0.416547, -0.524119, 0 
0.799386, 0.530180, 0 
0.084026, -0.133554, 1 
0.517581, 0.363307, 1 
-0.055957, -0.008141, 0 
-0.787219, 0.399753, 1 
-0.628838, -0.471919, 0 
0.151235, 0.322774, 0 
-0.875063, -0.136744, 1 
0.330085, -0.061541, 0 
0.096784, 0.818827, 1 
0.600587, 0.630431, 0 
-0.212429, 0.301873, 1 
-0.171709, 0.272140, 1 
-0.102697, 0.411962, 0 
0.292712, 0.277845, 0 
0.007421, 0.557804, 0 
0.796247, -0.471206, 0 
0.421812, -0.254922, 1 
-0.542207, -0.146542, 0 
0.440809, -0.088694, 0 
-0.113952, -0.164602, 0 
-0.738862, 0.358124, 1 
0.031161, 0.839588, 1 
-0.568843, -0.591442, 1 
-0.055102, -0.474210, 1 
0.290785, -0.149278, 0 
0.901489, 0.138858, 0 
0.310025, 0.161347, 0 
0.297994, -0.111203, 0 
0.783125, 0.408181, 0 
0.820893, -0.263800, 0 
-0.011801, 0.783977, 1 
0.561068, -0.671414, 0 
-0.075849, 0.985620, 0 
0.270616, -0.138847, 0 
-0.619089, 0.481801, 1 
0.116411, -0.676265, 0 
0.906384, 0.058659, 0 
-0.137690, -0.963960, 1 
0.135466, 0.573454, 0 
0.005195, 0.676010, 1 
0.407895, -0.520688, 1 
-0.098392, 0.187167, 1 
0.450556, 0.756872, 0 
-0.766654, -0.288440, 1 
-0.958767, -0.006001, 1 
0.043523, -0.684148, 0 
-0.543032, -0.142887, 0 
-0.445243, -0.720641, 1 
0.136426, -0.496589, 1 
0.190181, 0.423915, 0 
0.465597, 0.164092, 0 
0.870907, -0.320019, 0 
-0.294566, -0.579760, 0 
0.026735, 0.084145, 0 
0.529444, 0.806006, 0 
-0.634867, 0.260120, 0 
0.822471, 0.425073, 0 
-0.204480, -0.657788, 0 
-0.479597, 0.354780, 0 
-0.535394, 0.813903, 0 
-0.373163, -0.838973, 1 
-0.028597, -0.653677, 0 
0.588972, 0.264905, 1 
0.045285, -0.297574, 0 
-0.358240, -0.188591, 1 
0.524488, 0.739078, 0 
0.220726, -0.050580, 1 
-0.178187, 0.021651, 0 
-0.851117, 0.496654, 0 
0.318517, -0.246653, 0 
-0.727171, 0.131583, 1 
0.729680, 0.163848, 1 
0.199592, -0.697513, 0 
-0.171159, -0.244419, 0 
0.234037, 0.541327, 0 
-0.002950, 0.335942, 1 
0.338637, 0.594405, 1 
-0.113732, -0.153766, 0 
-0.108682, -0.445013, 1 
-0.443630, 0.151021, 1 
-0.967339, 0.143642, 1 
-0.152713, 0.338785, 1 
-0.227057, 0.281619, 1 
-0.480551, -0.076517, 1 
-0.828097, 0.440771, 1 
-0.751283, -0.623633, 1 
-0.630079, 0.608194, 1 
0.553122, 0.438008, 1 
0.356052, -0.791214, 0 
0.276800, -0.765709, 0 
-0.075959, -0.087910, 0 
-0.340445, -0.144387, 1 
0.000495, 0.687224, 1 
0.139803, 0.738141, 1 
0.816007, -0.376227, 0 
0.019728, 0.980877, 0 
0.815941, -0.019460, 0 
0.278026, 0.742131, 1 
-0.112776, 0.546864, 0 
-0.126414, -0.491698, 1 
-0.787285, 0.113249, 1 
-0.148920, -0.217675, 0 
0.821817, 0.014014, 0 
0.154137, -0.684141, 0 
0.388490, 0.279720, 0 
0.438950, 0.428937, 1 
-0.058472, 0.231422, 1 
-0.382816, 0.793659, 1 
0.402085, 0.722043, 1 
-0.331216, 0.291337, 1 
0.555139, -0.461124, 0 
-0.557276, 0.223993, 0 
-0.302438, -0.766607, 0 
0.354142, 0.804560, 0 
0.157898, 0.858967, 0 
-0.263665, 0.234796, 1 
-0.005342, 0.826651, 1 
-0.943115, 0.129951, 1 
-0.685576, -0.192038, 0 
-0.066697, -0.487297, 1 
0.757724, -0.274003, 0 
0.235624, -0.567213, 1 
-0.128566, 0.200848, 1 
-0.421333, 0.374915, 0 
-0.553732, -0.551245, 0 
0.601414, 0.165613, 1 
0.734095, 0.611188, 0 
-0.060639, -0.595222, 1 
0.557310, 0.120938, 1 
0.790985, -0.437513, 0 
-0.445535, -0.892165, 1 
0.426783, -0.656835, 0 
0.433000, -0.718869, 0 
0.548797, -0.192119, 1 
0.047571, -0.904709, 1 
0.304958, -0.543735, 1 
0.357198, -0.511924, 1 
0.882069, -0.345636, 0 
-0.381625, -0.398877, 1 
-0.327689, 0.163472, 1 
0.322695, -0.502714, 1 
0.244306, -0.835917, 0 
0.747177, 0.342998, 0 
0.369458, 0.593711, 1 
-0.579174, 0.625941, 1 
-0.058006, 0.953642, 0 
0.249926, -0.687556, 0 
0.514589, 0.341537, 1 
-0.857390, 0.020144, 1 
0.029370, -0.904963, 1 
-0.276839, 0.677288, 1 
0.274476, -0.229105, 0 
0.601002, 0.196363, 1 
-0.257576, -0.204757, 1 
-0.076411, 0.006787, 0 
-0.302629, 0.387261, 0 
0.558959, 0.389547, 1 
0.680674, 0.335977, 1 
-0.712705, -0.391718, 1 
-0.204950, 0.814823, 1 
0.461735, 0.021367, 0 
0.718036, 0.346009, 0 
0.565240, -0.821949, 1 
0.184305, -0.972004, 1 
-0.117147, -0.049649, 0 
-0.339723, -0.443325, 1 
0.655446, -0.367210, 0 
0.617499, -0.074040, 1 
-0.092085, 0.131125, 0 
-0.292017, -0.653184, 0 
0.591364, -0.546460, 0 
0.463185, -0.780425, 0 
-0.690334, -0.500651, 1 
0.691859, -0.320526, 0 
0.281129, -0.762444, 0 
-0.019918, 0.499438, 0 
0.748404, -0.488221, 0 
0.170332, -0.693333, 0 
0.523843, -0.471236, 0 
-0.592367, -0.054831, 0 
0.222606, -0.915934, 1 
0.230944, 0.547543, 1 
0.094595, -0.614366, 1 
0.598580, -0.376825, 0 
-0.279021, -0.153621, 1 
-0.847852, -0.289317, 1 
-0.366880, -0.516167, 0 
0.710529, 0.566810, 0 
0.047218, 0.224714, 1 
0.110694, -0.764580, 0 
0.472470, 0.268586, 1 
-0.105839, -0.615125, 0 
-0.480510, -0.001777, 1 
-0.815866, 0.363692, 1 
-0.792252, -0.281871, 1 
0.430704, 0.047680, 0 
-0.356768, 0.077114, 1 
-0.518818, 0.599100, 1 
0.912614, 0.378107, 0 
0.146291, 0.480747, 0 
-0.379610, -0.912757, 1 
-0.484512, 0.036693, 1 
-0.000933, 0.905514, 0 
0.284339, -0.512670, 1 
0.679434, 0.145124, 1 
-0.237251, -0.485655, 1 
0.282325, 0.054371, 0 
0.374570, -0.843190, 1 
0.015767, -0.018273, 1 
0.204416, 0.638449, 1 
0.816546, 0.483757, 0 
-0.217650, -0.318645, 1 
-0.852515, -0.470095, 1 
0.612301, 0.787201, 0 
0.440974, 0.544091, 1 
-0.352181, -0.674439, 0 
0.673281, -0.485808, 0 
0.642219, -0.674753, 0 
0.187042, 0.429878, 0 
0.092203, -0.043806, 1 
0.365457, 0.300940, 0 
0.342982, -0.802005, 0 
-0.381378, -0.509164, 0 
-0.083908, -0.062233, 0 
-0.025538, -0.666154, 0 
0.308040, -0.275773, 0 
-0.510257, 0.405470, 0 
-0.630985, 0.536972, 1 
-0.267605, 0.210366, 1 
-0.175231, -0.092115, 0 
0.803076, -0.461345, 0 
-0.907132, 0.374688, 0 
-0.441197, 0.728335, 1 
0.501724, -0.508791, 0 
0.002349, -0.998931, 1 
0.211053, 0.820807, 1 
0.187213, -0.809233, 0 
-0.621676, -0.486675, 0 
-0.477076, -0.654535, 0 
0.120006, -0.776521, 0 
-0.147679, 0.427218, 0 
-0.324946, -0.365553, 1 
-0.462237, 0.195796, 0 
-0.473058, -0.154115, 1 
-0.085537, -0.949815, 1 
0.093439, 0.377378, 0 
0.865575, 0.332069, 0 
0.377288, -0.460466, 1 
-0.365652, -0.210988, 1 
0.455854, 0.856508, 0 
0.669929, -0.205355, 1 
-0.365803, 0.105639, 1 
0.961723, 0.172642, 0 
0.211345, 0.733447, 1 
-0.878279, -0.221600, 1 
0.541200, 0.710834, 0 
-0.022258, -0.853473, 0 
-0.519817, -0.685505, 1 
0.520069, -0.817229, 1 
-0.441990, 0.553410, 1 
0.793809, 0.241010, 0 
0.133932, -0.536117, 1 
-0.179770, -0.308527, 1 
0.896207, -0.321634, 0 
-0.270423, 0.847417, 1 
-0.157762, -0.939420, 1 
0.104982, 0.112280, 1 
-0.439216, 0.402983, 0 
-0.364161, -0.894904, 1 
-0.647928, 0.384301, 1 
-0.584585, 0.686254, 1 
0.822714, -0.053546, 0 
0.794965, -0.369087, 0 
-0.863946, 0.013566, 1 
0.130259, -0.128368, 1 
-0.251461, 0.311327, 1 
-0.015815, 0.962823, 0 
0.168067, 0.561620, 0 
-0.171053, -0.831986, 0 
0.073839, -0.085357, 1 
-0.262849, -0.831391, 1 
-0.531999, -0.300721, 0 
-0.193672, -0.681787, 0 
0.905804, 0.317016, 0 
-0.724259, -0.046634, 0 
0.232006, 0.016519, 1 
0.238568, 0.337077, 0 
-0.603139, 0.750204, 0 
-0.387348, 0.044156, 1 
-0.126382, -0.031167, 0 
0.509507, 0.509177, 1 
-0.076969, -0.863744, 0 
0.682762, 0.618803, 0 
-0.557840, 0.371306, 0 
-0.769981, -0.358542, 1 
0.375308, 0.645205, 1 
0.646545, -0.523878, 0 
0.246725, -0.961258, 1 
-0.244675, -0.355238, 1 
0.040057, -0.389354, 1 
0.063005, 0.594641, 0 
0.422867, 0.501016, 1 
0.785242, -0.084202, 0 
-0.378803, 0.431161, 0 
0.156891, 0.276221, 1 
0.348102, 0.243634, 0 
-0.321348, 0.527475, 0 
-0.086118, 0.304418, 1 
-0.116648, 0.207683, 1 
0.255966, 0.354616, 0 
0.567976, 0.732096, 0 
0.315370, -0.308826, 1 
-0.265289, 0.073532, 1 
-0.264966, 0.425314, 0 
-0.512806, 0.461263, 0 
-0.092550, 0.716566, 1 
0.024801, 0.356680, 1 
0.791309, -0.158570, 0 
0.256510, 0.509129, 0 
0.212064, -0.494272, 1 
0.677740, -0.619626, 0 
0.215504, -0.578651, 1 
-0.075076, -0.925734, 1 
-0.134037, -0.560940, 1 
-0.475162, -0.717341, 1 
0.351116, -0.370635, 1 
0.197133, -0.243402, 0 
0.103382, 0.959923, 0 
-0.132210, -0.704406, 0 
0.472084, 0.835478, 0 
-0.123102, -0.989013, 1 
-0.810775, 0.293779, 1 
0.595864, -0.501168, 0 
0.925772, 0.257737, 0 
-0.276208, 0.568112, 0 
-0.246080, 0.916368, 0 
-0.580012, -0.124106, 0 
0.839155, 0.312522, 0 
-0.684527, -0.681977, 1 
-0.384112, 0.602769, 1 
0.653197, 0.438961, 1 
-0.110301, 0.554294, 0 
0.312913, -0.884242, 1 
0.502124, 0.766393, 0 
-0.582852, 0.028194, 0 
-0.459351, -0.757045, 1 
0.380369, 0.170697, 0 
-0.366032, 0.470790, 0 
-0.398336, 0.143560, 1 
0.103338, 0.532042, 0 
0.115365, -0.035451, 1 
0.164045, 0.481584, 0 
0.260001, 0.488552, 0 
0.434160, 0.539702, 1 
-0.572875, 0.726406, 1 
-0.695395, -0.364635, 0 
0.193393, -0.001320, 1 
-0.080136, 0.583973, 0 
0.133112, -0.550554, 1 
-0.753907, -0.541649, 1 
-0.525877, 0.775220, 0 
-0.519546, -0.745166, 1 
-0.269184, 0.371341, 0 
0.945546, 0.195787, 0 
0.110684, 0.216064, 1 
0.749855, -0.196713, 0 
0.757602, 0.268495, 0 
0.818057, 0.048407, 0 
-0.889758, -0.132803, 1 
0.613259, -0.718486, 1 
0.637104, -0.185773, 1 
-0.086308, -0.262413, 0 
-0.086437, -0.983689, 1 
-0.684466, 0.415903, 1 
-0.223178, 0.050761, 0 
-0.307027, 0.094780, 1 
-0.023356, 0.704951, 1 
-0.387509, 0.423640, 0 
-0.416822, -0.275589, 1 
-0.175225, -0.715895, 0 
-0.327848, -0.232300, 1 
-0.309408, 0.946064, 0 
-0.363649, 0.244880, 1 
-0.059936, 0.554848, 0 
0.708577, -0.342669, 0 
0.619036, -0.167828, 1 
-0.102414, 0.032522, 0 
-0.562187, 0.185308, 0 
-0.410050, 0.412819, 0 
-0.289423, -0.131128, 1 
-0.482498, -0.827407, 1 
0.679504, -0.110264, 1 
0.983261, -0.137366, 1 
-0.860473, -0.168536, 1 
-0.790461, -0.227165, 1 
0.102388, 0.589075, 0 
0.350725, 0.734304, 1 
-0.084871, 0.464450, 0 
0.082064, -0.731500, 0 
0.528118, 0.448361, 1 
-0.228088, -0.385700, 1 
-0.488284, 0.183243, 0 
-0.317872, 0.086466, 1 
0.429265, 0.107387, 0 
0.519138, 0.556317, 1 
0.694194, -0.010020, 1 
0.731553, -0.017587, 1 
0.515839, 0.500744, 1 
0.124921, -0.843720, 0 
-0.676348, -0.661787, 1 
0.583938, 0.687152, 0 
-0.587581, 0.186322, 0 
-0.082475, -0.702426, 0 
-0.172974, -0.409518, 1 
-0.279465, 0.373025, 0 
0.208090, 0.886257, 0 
-0.145768, -0.726944, 0 
-0.463745, -0.817099, 1 
-0.044760, 0.029522, 0 
0.213478, -0.777241, 0 
0.367840, 0.803173, 0 
0.185780, -0.977569, 1 
-0.368303, -0.426481, 1 
-0.441350, 0.210281, 0 
-0.904058, 0.247905, 1 
0.546017, 0.380182, 1 
-0.053990, 0.684686, 1 
0.657233, -0.689119, 1 
0.413086, 0.691073, 1 
-0.561356, -0.577595, 0 
-0.433319, 0.291124, 0 
0.066584, 0.951539, 0 
-0.407874, -0.282207, 1 
0.481100, 0.736620, 0 
-0.194183, -0.353812, 1 
-0.352377, -0.915209, 1 
0.158771, 0.095040, 1 
-0.351463, 0.797409, 1 
-0.366444, 0.413135, 0 
0.353700, 0.860027, 0 
-0.314949, 0.167313, 1 
-0.288606, -0.299217, 1 
-0.347545, 0.101526, 1 
0.719890, 0.326838, 0 
-0.647246, 0.269235, 0 
-0.046299, -0.434770, 1 
0.478175, -0.044876, 0 
0.561312, -0.002078, 1 
-0.830819, 0.218400, 1 
-0.345280, -0.168010, 1 
0.174628, -0.717608, 0 
0.463934, 0.510011, 1 
0.406140, -0.057163, 0 
0.724117, -0.126602, 1 
-0.364389, 0.448588, 0 
0.511003, -0.065703, 1 
-0.443482, -0.241228, 1 
-0.191200, 0.004978, 0 
0.952782, -0.088509, 0 
-0.390551, 0.904737, 0 
0.109161, -0.365165, 0 
-0.698784, -0.166675, 0 
0.173646, 0.763938, 1 
0.186273, -0.195552, 0 
-0.144507, 0.576510, 0 
0.774956, 0.618969, 0 
-0.507126, 0.767149, 1 
0.252162, -0.014794, 0 
0.157045, 0.266359, 1 
0.300771, -0.864518, 1 
-0.640865, -0.193294, 0 
0.375841, 0.741387, 1 
-0.346333, -0.710894, 0 
0.201199, 0.200334, 1 
0.562908, -0.795762, 1 
0.510478, -0.022487, 1 
-0.673206, 0.571876, 1 
0.056529, 0.772751, 1 
-0.237385, -0.768546, 0 
0.411774, 0.320323, 0 
-0.258039, 0.852484, 1 
0.223657, -0.293045, 0 
-0.967999, 0.123547, 1 
-0.260602, -0.406580, 1 
0.652731, 0.684215, 0 
0.218643, 0.079726, 1 
0.595620, -0.624195, 0 
-0.277551, -0.773180, 0 
0.332034, -0.119167, 0 
0.056348, -0.314850, 0 
-0.369482, -0.269111, 1 
0.473619, 0.794745, 0 
-0.716844, 0.095130, 0 
0.523001, -0.291719, 1 
0.683835, 0.012596, 1 
-0.481168, -0.258051, 0 
-0.648382, -0.179675, 0 
-0.545675, -0.678004, 1 
0.057377, -0.255494, 0 
0.443972, 0.364469, 1 
0.280840, -0.573609, 1 
0.031854, -0.856829, 0 
-0.711306, -0.481367, 1 
0.439705, 0.151710, 0 
-0.435264, -0.831932, 1 
-0.709536, -0.303593, 0 
0.023168, 0.837614, 1 
0.951617, -0.090494, 0 
-0.674119, 0.510440, 1 
-0.475979, -0.412875, 0 
0.183749, 0.484917, 0 
-0.866567, -0.361461, 1 
-0.622188, -0.491852, 0 
0.078610, 0.461246, 0 
0.382737, -0.698977, 0 
0.702959, 0.620046, 0 
0.667699, -0.555144, 0 
-0.855879, 0.151452, 1 
0.901686, 0.258083, 0 
0.579764, -0.289662, 1 
0.799255, 0.336373, 0 
-0.760397, 0.557619, 1 
0.592414, 0.207172, 1 
0.762866, 0.102317, 0 
0.679309, 0.415869, 0 
-0.926525, 0.058068, 1 
0.026837, 0.284941, 1 
0.125394, -0.775367, 0 
-0.951128, -0.262884, 1 
-0.217220, -0.704375, 0 
0.008423, -0.453157, 1 
0.257986, 0.358663, 0 
0.059227, -0.041071, 1 
-0.306613, 0.805980, 1 
-0.260936, 0.468193, 0 
-0.126407, -0.278178, 0 
0.518864, 0.666479, 0 
0.836314, -0.258913, 0 
0.458209, -0.825574, 1 
-0.657343, -0.201915, 0 
-0.077252, -0.464657, 1 
0.745715, -0.545005, 0 
0.684042, 0.185696, 1 
-0.471351, 0.597824, 1 
-0.592816, -0.438511, 0 
0.048066, -0.771095, 0 
0.184527, 0.785449, 1 
0.295388, -0.008913, 0 
-0.368098, -0.646536, 0 
-0.588403, -0.253847, 0 
-0.141312, -0.014536, 0 
0.547145, 0.740576, 0 
0.223573, 0.180652, 1 
0.069241, 0.058063, 1 
0.326260, 0.529060, 1 
0.696733, 0.466478, 0 
0.106050, -0.153450, 0 
0.199193, 0.754989, 1 
-0.017108, 0.004633, 0 
0.624086, -0.224801, 1 
-0.278244, 0.348132, 0 
-0.031290, 0.474782, 0 
0.172613, -0.588418, 1 
-0.613556, -0.718160, 1 
-0.715716, 0.469157, 1 
-0.672690, -0.276140, 0 
0.460686, 0.398075, 1 
-0.037535, -0.896070, 1 
-0.203948, -0.032578, 0 
-0.649333, -0.123480, 0 
0.103979, 0.132878, 1 
-0.896824, -0.093879, 1 
-0.271681, -0.126185, 1 
0.591022, -0.660727, 0 
-0.814638, 0.364747, 1 
-0.525138, -0.269917, 0 
-0.201808, -0.651033, 0 
-0.018296, -0.206200, 0 
0.251135, -0.927171, 1 
0.402226, 0.017419, 0 
0.072213, -0.017802, 1 
-0.361109, -0.468303, 0 
0.903629, -0.361488, 1 
0.277354, -0.581070, 1 
-0.347964, -0.874901, 1 
-0.102186, -0.039253, 0 
-0.161881, -0.767485, 0 
-0.742458, -0.142336, 0 
-0.531196, 0.335262, 0 
-0.567750, 0.664345, 1 
-0.681993, 0.064194, 0 
-0.359360, -0.216327, 1 
-0.502356, 0.290694, 0 
0.634734, 0.192790, 1 
0.607691, 0.772272, 0 
0.329827, -0.763816, 0 
0.607337, 0.494960, 1 
0.805076, -0.497203, 0 
-0.332068, 0.801731, 1 
0.725343, 0.346694, 0 
-0.312596, -0.371867, 1 
-0.507513, -0.361065, 0 
0.854642, -0.211765, 0 
-0.533181, 0.087188, 0 
-0.210876, -0.834182, 1 
-0.384898, -0.217978, 1 
-0.617137, -0.312392, 0 
0.062585, 0.688489, 1 
0.542532, 0.742959, 0 
0.615971, -0.430276, 0 
0.211258, 0.682734, 1 
-0.723310, 0.604803, 1 
0.156840, 0.895383, 0 
-0.724574, -0.238249, 0 
0.181266, 0.633591, 1 
-0.586137, 0.592395, 1 
-0.327941, 0.924063, 0 
-0.864520, -0.349593, 1 
-0.381793, -0.018354, 1 
-0.449161, 0.499543, 0 
0.086540, 0.921227, 0 
0.404546, 0.414126, 1 
0.221375, 0.025167, 1 
0.374889, -0.171270, 0 
0.693999, -0.395774, 0 
0.620570, -0.092807, 1 
0.475029, 0.407310, 1 
0.358536, 0.250733, 0 
-0.117689, 0.439706, 0 
0.508355, 0.847763, 0 
0.827831, 0.381542, 0 
0.350279, 0.855876, 0 
-0.508077, -0.807759, 1 
0.663098, 0.119353, 1 
0.070196, -0.846759, 0 
-0.057369, 0.873812, 1 
-0.060942, -0.167645, 0 
-0.145745, 0.603711, 0 
0.287220, 0.408364, 0 
0.057803, -0.451612, 1 
-0.092377, 0.139832, 0 
-0.391859, 0.020003, 1 
0.061379, 0.133578, 1 
-0.081498, 0.574680, 0 
0.034163, -0.010271, 1 
0.370253, -0.230840, 0 
0.036136, -0.913793, 1 
-0.304601, 0.238518, 1 
-0.473562, -0.361180, 0 
-0.052358, -0.914501, 1 
0.874476, -0.086614, 0 
-0.597217, 0.352602, 0 
0.516811, -0.696439, 0 
0.793467, 0.008656, 0 
-0.621997, -0.346001, 0 
-0.355426, 0.566558, 0 
-0.472695, 0.529615, 1 
-0.139144, -0.958410, 1 
-0.178218, 0.155131, 1 
0.286411, -0.608415, 0 
0.592872, 0.742876, 0 
-0.404462, -0.013234, 1 
-0.857244, 0.209000, 1 
-0.405513, 0.166612, 1 
0.568804, 0.495875, 1 
-0.215194, -0.902822, 1 
-0.115917, 0.756515, 1 
0.465432, -0.701084, 0 
0.371034, -0.903824, 1 
0.395018, 0.114124, 0 
0.285061, 0.226956, 0 
-0.035672, -0.572747, 1 
0.402431, 0.864547, 0 
0.423161, 0.899099, 0 
-0.230483, -0.962402, 1 
0.125399, 0.449254, 0 
0.251384, -0.155169, 0 
0.335112, -0.613129, 0 
0.409308, -0.838429, 1 
-0.605220, -0.452919, 0 
0.229592, -0.562726, 1 
0.566805, 0.056912, 1 
-0.236463, -0.478962, 1 
0.223771, -0.574460, 1 
-0.796004, 0.529118, 0 
0.083591, 0.008224, 1 
-0.745259, -0.168478, 0 
0.344188, 0.801416, 0 
0.100392, -0.706370, 0 
0.570769, -0.025904, 1 
0.472690, -0.263431, 1 
-0.594208, -0.173383, 0 
0.631091, 0.522967, 0 
0.509157, 0.214266, 1 
0.469069, -0.041743, 0 
0.470606, -0.337678, 1 
0.068118, 0.548220, 0 
-0.907719, 0.179623, 1 
0.025846, -0.701580, 0 
-0.179974, -0.323959, 1 
0.023233, 0.495462, 0 
0.757533, 0.281791, 0 
0.360602, -0.622495, 0 
-0.570961, -0.511322, 0 
0.624311, 0.442164, 1 
-0.536996, -0.313505, 0 
0.547949, 0.836249, 0 
-0.499236, -0.010849, 1 
0.480991, -0.500627, 0 
0.101319, -0.886771, 1 
0.137627, 0.091378, 1 
0.401397, -0.468295, 1 
0.516225, -0.739621, 0 
-0.297399, 0.728002, 1 
0.412505, -0.718644, 0 
-0.539454, 0.270416, 0 
0.663698, 0.078681, 1 
-0.642556, -0.663743, 1 
0.175851, -0.642424, 0 
0.394842, 0.054874, 0 
0.888950, -0.203854, 0 
-0.324131, 0.301666, 0 
-0.232634, 0.931872, 0 
0.491799, 0.285347, 1 
-0.840823, 0.363470, 1 
-0.097034, -0.021673, 0 
-0.382279, -0.287449, 1 
-0.597852, 0.700831, 1 
0.439598, 0.158921, 0 
-0.530444, 0.610438, 1 
0.686373, 0.339988, 1 
-0.116937, 0.941482, 0 
-0.799527, 0.439964, 1 
-0.929757, -0.216379, 1 
-0.039564, 0.066193, 0 
-0.500539, 0.798888, 0 
0.655059, -0.273428, 1 
0.372455, -0.880610, 1 
0.022155, -0.625652, 1 
0.305380, 0.271076, 0 
-0.636050, 0.571759, 1 
0.557241, -0.211655, 1 
0.147596, 0.804184, 1 
-0.310540, -0.912032, 1 
-0.241096, -0.106123, 0 
0.360064, 0.801331, 0 
-0.292393, -0.076053, 1 
0.203636, 0.395121, 0 
-0.024400, -0.090780, 1 
-0.028781, 0.532539, 0 
0.570739, 0.332285, 1 
0.611745, -0.536155, 0 
-0.124923, -0.936121, 1 
0.411484, 0.167100, 0 
-0.522858, -0.170982, 0 
0.810490, -0.285853, 0 
0.434536, -0.623012, 0 
0.425841, 0.892546, 0 
-0.349721, 0.667467, 1 
0.217165, -0.557904, 1 
-0.031109, -0.408840, 1 
-0.984598, 0.082677, 1 
0.352590, -0.816782, 0 
-0.503082, 0.606327, 1 
-0.677146, -0.026175, 0 
-0.143935, 0.444116, 0 
-0.382094, 0.482915, 0 
0.495590, -0.810783, 1 
0.217436, -0.606158, 1 
0.782872, -0.534321, 0 
-0.704990, -0.258952, 0 
0.050173, -0.373140, 0 
0.822070, -0.138419, 0 
-0.008846, -0.366463, 0 
0.261914, 0.687871, 1 
0.129821, 0.252816, 1 
-0.942217, 0.284877, 0 
0.043876, 0.819607, 1 
-0.216332, -0.677034, 0 
-0.093136, -0.053616, 0 
-0.762967, 0.509884, 1 
-0.709836, 0.489869, 1 
-0.361389, 0.867580, 0 
-0.200103, -0.444931, 1 
0.244152, -0.207629, 0 
-0.404974, 0.708956, 1 
0.154214, -0.027093, 1 
0.773763, 0.206982, 0 
-0.293848, 0.825361, 1 
0.780943, 0.382667, 0 
-0.076502, -0.861402, 0 
-0.422838, 0.459957, 0 
0.842232, 0.355059, 0 
-0.760671, 0.464128, 1 
-0.407625, -0.374761, 1 
-0.240649, -0.019421, 0 
0.905315, 0.323794, 0 
0.477495, 0.433655, 1 
0.276902, 0.936868, 0 
0.570704, -0.639640, 0 
-0.490449, 0.534670, 1 
0.036545, 0.053118, 0 
-0.944203, -0.091990, 1 
-0.029555, 0.351707, 1 
-0.084588, -0.526535, 1 
-0.444867, -0.485185, 0 
-0.519939, 0.537868, 1 
0.638979, 0.373128, 1 
0.761268, 0.039004, 0 
-0.126484, -0.192916, 0 
0.787623, 0.539789, 0 
0.874858, 0.363308, 0 
0.618494, 0.073439, 1 
0.399173, 0.711488, 1 
-0.086981, 0.991472, 0 
-0.339930, 0.191291, 1 
0.554137, -0.704427, 0 
-0.014503, -0.266384, 0 
0.191091, -0.530764, 1 
-0.906091, -0.173456, 1 
0.073413, -0.078535, 1 
-0.592270, -0.343803, 0 
0.056231, 0.856485, 1 
0.560433, 0.559594, 1 
0.337988, -0.438821, 1 
-0.826105, 0.368742, 1 
0.073589, -0.881870, 1 
-0.021473, -0.671659, 0 
0.093447, -0.152626, 0 
-0.015598, -0.558461, 1 
-0.293571, 0.164833, 1 
-0.359621, 0.681044, 1 
-0.059860, 0.008956, 0 
0.354519, 0.127368, 0 
-0.619521, 0.342071, 0 
-0.322081, 0.641485, 1 
0.232903, 0.844247, 0 
0.521050, -0.494920, 0 
0.234132, 0.241957, 0 
0.507091, -0.012208, 1 
-0.598417, -0.160385, 0 
-0.113397, -0.760281, 0 
0.774405, 0.589560, 0 
-0.747674, 0.389490, 1 
0.224467, 0.134834, 1 
0.789265, -0.473006, 0 
-0.598060, 0.287492, 0 
0.703696, -0.469805, 0 
0.960015, 0.014360, 0 
-0.409160, -0.127323, 1 
0.028751, -0.761790, 0 
0.774911, 0.345924, 0 
0.124548, -0.621174, 1 
0.736781, -0.595566, 1 
-0.123428, -0.331509, 1 
-0.364850, -0.777308, 1 
-0.123428, 0.728113, 1 
-0.906498, 0.066661, 1 
0.782926, 0.558197, 0 
-0.051403, 0.887441, 0 
-0.127639, 0.761985, 1 
-0.516907, 0.351711, 0 
0.709079, 0.011665, 1 
-0.007713, -0.665344, 0 
-0.783443, 0.249316, 1 
-0.315239, 0.851077, 0 
0.216503, 0.536284, 0 
0.719182, 0.072222, 1 
-0.656824, -0.214994, 0 
0.252729, 0.871288, 0 
-0.116733, -0.070364, 0 
-0.510532, 0.380517, 0 
0.217395, 0.916618, 0 
0.089264, 0.418277, 0 
0.553265, -0.632582, 0 
0.339437, -0.713441, 0 
-0.466686, 0.127226, 0 
0.817875, -0.391959, 0 
-0.237122, -0.214062, 1 
0.612911, -0.452214, 0 
-0.054854, 0.440999, 0 
-0.865382, 0.187735, 1 
-0.297029, -0.866154, 1 
0.747267, 0.120481, 1 
0.509006, 0.240442, 1 
0.893792, -0.216449, 0 
-0.263931, -0.196441, 1 
-0.567053, -0.737758, 1 
0.339267, 0.900428, 0 
0.241067, -0.391455, 1 
-0.119025, -0.292631, 0 
-0.483661, 0.223400, 0 
-0.197738, 0.614551, 0 
-0.576654, -0.485877, 0 
-0.582079, 0.485708, 1 
0.199848, -0.810641, 0 
0.064670, -0.763326, 0 
0.871396, -0.344415, 0 
-0.138455, -0.412122, 1 
-0.608475, -0.074732, 0 
-0.111282, 0.474780, 0 
0.590127, -0.742751, 1 
-0.150625, 0.489698, 0 
-0.065995, -0.810247, 0 
0.135670, -0.125746, 1 
0.554460, 0.633633, 0 
0.457988, -0.795864, 1 
0.690532, -0.183372, 1 
-0.337700, -0.459956, 1 
0.385210, 0.413513, 0 
-0.082921, -0.175273, 0 
-0.173829, 0.462766, 0 
-0.359960, -0.290468, 1 
-0.182374, -0.747656, 0 
-0.762603, -0.481355, 1 
-0.037641, -0.408940, 1 
0.422480, 0.210115, 0 
-0.249153, 0.093110, 1 
-0.334626, 0.402542, 0 
-0.579613, -0.541984, 0 
-0.526174, 0.302171, 0 
0.461425, -0.658158, 0 
-0.949540, -0.236558, 1 
0.096415, 0.759744, 1 
0.014316, 0.625293, 1 
0.084800, -0.842817, 0 
0.404869, -0.378430, 1 
0.443017, -0.248811, 1 
-0.398381, 0.150434, 1 
0.351178, -0.868138, 1 
-0.583719, 0.811001, 0 
-0.628987, 0.319414, 0 
-0.452012, -0.843765, 1 
0.100932, -0.495757, 1 
-0.808579, 0.351352, 1 
-0.597979, -0.487754, 0 
0.026908, -0.053999, 1 
-0.632456, 0.456094, 1 
-0.233198, 0.899236, 0 
-0.713869, -0.267888, 0 
0.963175, 0.262130, 0 
-0.053965, 0.287581, 1 
-0.376193, -0.558238, 0 
-0.557489, -0.527485, 0 
0.415015, -0.216691, 1 
0.413672, -0.606606, 0 
0.193007, -0.627910, 0 
0.211589, 0.744898, 1 
0.571473, 0.037079, 1 
0.576783, -0.453689, 0 
-0.293148, -0.627199, 0 
0.048436, 0.600825, 0 
-0.810311, 0.287388, 1 
0.836829, -0.205477, 0 
0.020037, 0.328711, 1 
-0.390604, 0.424814, 0 
-0.513272, 0.551754, 1 
-0.656268, -0.258907, 0 
-0.177847, -0.163546, 0 
0.708234, -0.396877, 0 
-0.748747, -0.628695, 1 
-0.338300, 0.504021, 0 
-0.110549, 0.660038, 1 
0.599606, 0.214288, 1 
0.499970, 0.859461, 0 
-0.989788, 0.073362, 1 
0.053974, 0.419929, 0 
0.536551, 0.153074, 1 
0.805541, -0.559512, 1 
-0.525883, -0.719393, 1 
-0.066868, 0.391203, 0 
-0.054331, -0.924091, 1 
0.088297, -0.614202, 1 
0.240727, 0.269597, 0 
-0.104593, 0.275349, 1 
-0.050888, -0.496359, 1 
-0.421824, 0.604232, 1 
-0.813178, 0.199678, 1 
-0.156975, -0.712914, 0 
-0.402955, -0.566464, 0 
-0.493627, 0.682166, 1 
0.538108, 0.739535, 0 
0.386927, 0.056871, 0 
-0.651925, 0.198049, 0 
0.329410, 0.021780, 0 
0.934443, 0.034108, 0 
0.867530, 0.325070, 0 
-0.250886, 0.337899, 1 
0.824606, 0.180156, 0 
0.352329, 0.310450, 0 
0.054922, 0.565186, 0 
-0.397057, 0.331829, 0 
0.570215, 0.625123, 0 
0.384174, 0.192423, 0 
0.194800, -0.845981, 0 
0.642274, -0.039717, 1 
-0.530889, -0.052401, 0 
0.882296, 0.002873, 0 
0.405698, 0.352278, 0 
-0.371292, 0.291394, 0 
-0.159074, -0.543829, 1 
-0.217047, -0.473018, 1 
-0.302374, -0.111008, 1 
-0.102245, -0.046931, 0 
0.454005, -0.810542, 1 
-0.082371, -0.966487, 1 
0.896512, 0.368347, 0 
-0.703868, -0.086360, 0 
-0.341963, -0.030269, 1 
-0.559631, 0.220237, 0 
-0.752849, -0.338792, 1 
-0.311008, 0.912623, 0 
-0.028790, 0.077134, 0 
0.505339, 0.687045, 0 
0.841682, 0.007397, 0 
-0.865481, -0.036781, 1 
0.759744, -0.066501, 0 
0.033659, -0.333628, 0 
-0.734948, -0.346281, 1 
-0.505811, 0.620600, 1 
-0.394956, 0.759513, 1 
0.951499, -0.155478, 0 
-0.811050, -0.010535, 1 
-0.519606, -0.286769, 0 
0.605949, 0.232559, 1 
0.543602, 0.417606, 1 
0.732604, -0.469543, 0 
-0.743930, 0.105198, 1 
-0.871921, -0.317990, 1 
0.474634, 0.692954, 0 
0.650993, 0.057798, 1 
-0.031321, 0.659086, 1 
0.567764, -0.629968, 0 
0.059968, -0.520253, 1 
-0.610530, -0.391066, 0 
0.234548, 0.761942, 1 
-0.338096, 0.188981, 1 
-0.752145, -0.179505, 1 
-0.217681, 0.358211, 0 
-0.192652, -0.297780, 1 
0.804074, 0.058116, 0 
0.559984, -0.324779, 1 
-0.000912, 0.691455, 1 
-0.670486, -0.373612, 0 
-0.133644, 0.669529, 1 
0.641607, 0.749897, 0 
0.441819, 0.489242, 1 
0.354747, 0.513405, 1 
0.238302, -0.938780, 1 
-0.267086, -0.823236, 1 
0.043404, -0.172085, 0 
-0.592231, -0.517499, 0 
0.344887, 0.853591, 0 
-0.335341, -0.399257, 1 
-0.094744, -0.512028, 1 
-0.828802, 0.092520, 1 
-0.055592, -0.514270, 1 
-0.374970, 0.206755, 1 
-0.835656, 0.206948, 1 
-0.209882, -0.865644, 1 
0.085134, -0.093211, 1 
0.343616, 0.553995, 1 
-0.289746, 0.289521, 1 
0.004037, -0.073081, 1 
0.463612, -0.258877, 1 
-0.054595, -0.454060, 1 
-0.433900, 0.025354, 1 
-0.114244, -0.921551, 1 
-0.085340, -0.368395, 1 
0.507178, -0.075517, 1 
-0.191900, 0.274799, 1 
-0.830726, -0.160428, 1 
-0.466796, 0.661916, 1 
-0.529912, -0.779295, 1 
-0.910701, 0.149167, 1 
0.166438, -0.462504, 1 
-0.946066, 0.243508, 1 
0.726952, -0.018449, 1 
-0.193719, -0.545018, 1 
0.062290, -0.624976, 1 
-0.952077, 0.128397, 1 
0.008702, -0.450645, 1 
-0.394038, 0.796300, 1 
-0.881281, -0.221449, 1 
-0.639048, -0.560770, 1 
-0.756387, -0.643344, 1 
0.381698, -0.450049, 1 
0.554166, -0.120383, 1 
-0.408128, 0.562080, 1 
-0.317911, 0.022974, 1 
-0.210158, 0.281254, 1 
-0.622954, -0.770264, 1 
-0.677785, -0.577517, 1 
0.182598, 0.027382, 1 
0.298917, 0.676243, 1 
-0.140672, 0.366880, 1 
-0.079401, -0.896484, 1 
-0.757631, 0.230322, 1 
0.244992, -0.520583, 1 
0.054488, -0.950851, 1 
0.176614, 0.057589, 1 
0.028524, -0.600389, 1 
-0.710865, 0.286567, 1 
-0.227397, 0.776506, 1 
-0.328558, -0.287427, 1 
-0.024877, -0.084490, 1 
-0.686590, 0.356866, 1 
-0.839126, -0.089696, 1 
0.509867, -0.782250, 1 
0.690971, 0.372739, 1 
-0.009541, 0.823312, 1 
-0.419064, -0.767082, 1 
-0.306164, -0.208841, 1 
-0.010346, 0.244642, 1 
-0.328996, -0.156243, 1 
0.957360, -0.241153, 1 
-0.329508, -0.399058, 1 
-0.767569, -0.274870, 1 
-0.743821, 0.061568, 1 
0.643238, 0.419307, 1 
0.660204, 0.183718, 1 
0.615501, -0.089076, 1 
