0.588021,-0.494067,1
-0.266358,1.041653,1
1.032441,3.299608,1
1.958887,1.294166,1
0.854899,1.271582,1
1.366131,1.117029,1
0.844237,1.967353,1
-0.827578,0.725134,1
-0.234497,1.069269,1
-0.481025,1.946651,1
0.823430,-0.079504,1
2.407514,0.919599,1
0.674657,0.259709,1
2.728785,-0.409939,1
-0.462508,1.376077,1
0.188932,-0.489919,1
0.986359,2.330067,1
-0.151380,2.019600,1
2.028365,-0.561805,1
1.176421,1.553582,1
2.702419,-0.520611,1
0.569577,1.165699,1
1.874830,0.981516,1
2.263877,0.902959,1
1.818921,-0.112273,1
-0.530934,1.552329,1
1.581679,0.159621,1
1.774075,2.083794,1
0.327552,0.474420,1
0.051244,1.155722,1
-1.798594,-0.019966,1
2.059083,1.260972,1
0.564929,1.262233,1
0.312473,0.187370,1
0.381179,0.383252,1
0.882895,-1.604113,1
0.725373,1.380462,1
1.892743,1.123284,1
0.752490,0.521993,1
1.904553,0.841068,1
0.880195,0.728694,1
2.478530,1.829501,1
0.248569,0.523264,1
-0.305322,0.242481,1
2.290446,1.234509,1
0.645985,2.922227,1
0.161205,-0.450277,1
1.212199,0.331347,1
1.452948,0.685730,1
1.194908,-0.186156,1
0.330398,2.811614,1
3.809821,1.502657,1
1.624461,0.529347,1
0.240338,0.401461,1
0.922719,1.395744,1
1.347133,1.508767,1
0.597171,0.496977,1
2.020543,0.018629,1
0.476121,1.299035,1
0.169142,0.426371,1
0.621703,1.159718,1
-0.945760,0.071642,1
0.644403,0.169822,1
0.147519,1.158830,1
-0.401161,1.513540,1
-0.367530,0.429097,1
3.621528,2.745700,1
-0.216635,-0.717548,1
2.108822,1.642590,1
1.725970,1.287572,1
1.475378,0.559300,1
-0.079115,-1.835666,1
0.436434,1.250018,1
1.414396,0.599905,1
0.666787,1.622881,1
-0.104160,-0.826473,1
3.001019,1.510111,1
1.341788,1.113876,1
0.907859,0.160747,1
0.318357,-0.129176,1
1.197868,0.380052,1
0.027418,1.467795,1
0.025925,0.866541,1
2.688675,-0.096398,1
1.045654,0.312664,1
0.204691,1.401454,1
0.196689,1.790657,1
1.555383,2.022097,1
1.761041,-0.660991,1
0.949928,1.558077,1
0.360608,1.499153,1
1.071802,0.737344,1
0.022980,1.433207,1
0.353878,1.353063,1
1.312565,-0.735256,1
2.163021,-0.209297,1
0.448715,0.388475,1
-0.020140,-0.161711,1
-0.760659,0.399478,1
0.997008,0.973758,1
-0.013826,2.386487,1
0.401367,0.931585,1
0.896170,0.776414,1
1.338851,-1.559367,1
3.199708,0.848160,1
-0.967788,1.793150,1
1.489563,2.853729,1
1.080102,-0.295364,1
2.377428,0.144349,1
1.978525,1.814522,1
2.848231,2.594286,1
-0.682872,0.471177,1
1.276405,2.319620,1
0.702872,0.030907,1
1.358181,2.562571,1
0.457541,0.738905,1
2.501081,0.843126,1
1.344539,1.376898,1
-0.685915,0.482193,1
0.316900,0.232169,1
2.339707,0.664133,1
2.140273,2.124957,1
-0.324232,1.005145,1
0.264308,1.323396,1
-0.379612,1.723752,1
2.062972,1.596202,1
1.706656,0.415348,1
0.368060,0.222971,1
1.231383,1.127480,1
2.340729,3.058171,1
0.857203,1.744354,1
0.633744,0.516152,1
0.459537,0.987476,1
0.360702,1.613368,1
1.628713,2.181083,1
-0.149252,1.698397,1
0.688036,3.557424,1
0.439894,0.998139,1
-0.914317,0.661584,1
0.884908,-0.728230,1
2.138147,0.889283,1
0.711301,1.195217,1
1.383603,2.184348,1
2.163021,2.043180,1
0.968232,0.253508,1
0.533249,0.709262,1
0.136994,1.568405,1
0.217806,1.317234,1
-0.141851,1.905596,1
-0.743835,0.899360,1
1.978982,0.423851,1
0.216709,0.499473,1
0.686997,-1.173200,1
-0.432926,0.216615,1
-0.269543,0.859751,1
1.282550,1.874000,1
1.177805,-0.309255,1
1.315338,0.247629,1
1.322032,-0.827458,1
1.575184,1.553344,1
-0.085638,1.598670,1
2.597477,1.691012,1
2.845154,1.484192,1
1.173538,2.399175,1
-0.520110,1.096030,1
0.212598,1.212756,1
0.977047,0.307633,1
3.045601,1.833477,1
-0.596843,2.298933,1
0.267984,1.140884,1
3.674655,2.488800,1
-0.508166,0.041038,1
0.619810,1.070926,1
2.757817,2.395905,1
1.847189,2.212133,1
0.281030,2.048476,1
0.281702,0.168029,1
-0.714809,2.243508,1
0.970775,1.846081,1
2.508317,2.080947,1
-1.068669,1.418625,1
0.884712,2.835008,1
1.620710,1.239924,1
0.791777,-0.157926,1
0.109998,0.777413,1
0.391151,-0.149709,1
-0.805807,0.148778,1
0.076377,2.249157,1
1.679239,0.773965,1
2.683051,1.282334,1
1.801718,1.355284,1
2.431867,1.933619,1
-0.362176,0.869446,1
2.421394,2.993866,1
2.944718,2.591068,1
2.277154,1.151967,1
-0.108192,1.310241,1
1.778275,0.150572,1
1.470778,1.027024,1
1.898077,-0.068483,1
2.781234,1.948479,1
2.376474,0.748447,1
0.390561,3.270711,1
1.050317,1.302239,1
0.286535,2.413998,1
-2.129929,1.604691,1
1.154753,-0.106555,1
2.470406,1.089953,1
-0.252069,1.843508,1
2.772965,1.187519,1
1.401672,2.039036,1
-0.709899,0.568221,1
0.918725,1.626679,1
0.671061,-0.084843,1
2.840091,3.158902,1
0.310331,1.175206,1
0.948145,1.192030,1
1.303921,-0.255351,1
2.622433,-1.010682,1
1.427412,0.484947,1
4.573775,1.718341,1
2.550431,2.439194,1
0.659068,0.844650,1
0.429494,2.488516,1
3.340713,1.763455,1
0.804379,1.824422,1
4.574343,2.304847,1
0.510234,-1.511504,1
1.994586,1.784316,1
-0.034199,1.510661,1
0.039620,0.257564,1
0.246142,-0.985827,1
4.722725,0.324794,1
-0.511934,0.120965,1
-0.104201,1.084444,1
0.661214,-0.032539,1
1.109823,0.799522,1
-0.382168,-0.282344,1
0.683388,0.975727,1
1.705422,0.469797,1
0.911998,-0.046673,1
3.569670,1.011502,1
1.643910,-0.181591,1
1.851904,1.740134,1
-0.428240,1.639459,1
0.626321,2.263166,1
1.842547,-0.469240,1
3.060126,1.152250,1
0.326075,-0.022493,1
2.186819,3.313644,1
2.425517,1.871970,1
1.458499,1.660821,1
1.433097,1.139144,1
2.029746,0.125333,1
-0.153668,1.184271,1
1.966590,0.889888,1
2.756394,-0.216515,1
1.681907,2.576382,1
0.771124,0.653481,1
-0.985574,1.324003,1
0.832896,0.347725,1
1.742133,1.840553,1
0.946897,0.990170,1
1.675389,0.067897,1
0.685539,0.138198,1
0.437228,-0.258844,1
0.892797,3.114801,1
-0.717198,1.127645,1
2.344265,-0.698988,1
2.251304,2.085321,1
-1.589122,0.821503,1
1.471677,0.390821,1
0.747701,-0.352223,1
-0.011777,1.112624,1
1.890927,1.787557,1
0.112034,1.201567,1
3.076154,1.023035,1
1.612705,0.645591,1
1.171673,0.588481,1
2.778920,0.552347,1
-0.050098,0.816749,1
0.165914,1.314230,1
0.051993,1.248045,1
1.628633,1.063983,1
-0.469535,0.486975,1
0.679543,3.138836,1
1.245613,0.673609,1
1.637663,1.361523,1
2.261829,0.900173,1
1.394238,1.825004,1
2.758412,0.975284,1
1.066640,1.856253,1
-1.128436,0.840622,1
0.716927,-1.103518,1
2.331049,2.105716,1
2.047742,1.880084,1
0.755078,1.216202,1
-1.566538,1.872004,1
0.609233,-0.512852,1
0.741907,-0.650577,1
0.363900,1.213788,1
2.016985,0.518552,1
1.295500,4.690319,1
1.725143,1.995018,1
-0.576332,0.366143,1
2.391650,1.072996,1
0.509475,-1.098262,1
1.302505,1.821376,1
0.782703,-0.063153,1
0.420828,1.292947,1
2.446510,0.461393,1
2.491296,3.073515,1
1.242781,-0.002965,1
3.609370,1.693996,1
0.876223,-0.253110,1
0.456748,1.602364,1
1.562623,0.121837,1
0.924094,-0.633426,1
1.017486,1.103329,1
-1.994785,1.775863,1
1.135352,0.773683,1
0.874023,0.393210,1
1.154935,-0.630827,1
0.563259,1.235325,1
1.413446,1.669715,1
1.621271,-0.144880,1
-0.114207,1.469338,1
0.295453,0.002051,1
-0.006971,0.846282,1
0.845246,2.485300,1
1.127751,-0.674509,1
-1.804181,0.732694,1
2.701032,0.779540,1
0.277829,1.084577,1
1.793748,0.953261,1
4.121985,0.991184,1
0.768899,-0.216046,1
1.242317,0.985450,1
1.598544,2.391381,1
0.710473,-0.195977,1
1.328167,0.187738,1
1.515114,1.090033,1
1.294839,2.261460,1
1.608529,-0.053505,1
-0.839446,-0.298788,1
0.296922,0.492910,1
0.789651,0.628711,1
1.236569,1.016114,1
-0.010965,1.998661,1
-0.589666,0.968588,1
0.990195,2.643517,1
1.660734,1.722325,1
-0.278621,1.462010,1
2.059001,-0.492406,1
-0.137995,0.355476,1
0.662688,1.317903,1
2.441012,2.161987,1
0.254030,2.214235,1
0.802332,1.761359,1
2.133686,1.323867,1
-1.194579,2.458688,1
-0.533322,2.662638,1
1.474386,1.985593,1
1.592978,-0.319716,1
0.562444,-0.658472,1
1.220036,2.033531,1
-0.455220,3.101111,1
0.089733,0.885718,1
-0.214337,0.370492,1
0.285236,1.820619,1
1.897163,1.300743,1
-0.624136,1.739839,1
0.817746,1.939997,1
-1.662714,1.330687,1
1.195744,1.778272,1
1.867154,1.664345,1
1.184015,0.694064,1
1.688296,1.511956,1
0.285967,0.794864,1
0.711334,1.011714,1
3.277456,3.280232,1
0.533666,-1.995238,1
0.936022,1.451866,1
1.210659,1.527024,1
1.905447,2.005702,1
1.747671,1.595560,1
-1.282074,0.942051,1
2.214213,1.025754,1
1.198005,1.036460,1
1.283741,2.451709,1
1.414034,-0.129119,1
-1.246191,2.812881,1
0.684072,0.090671,1
1.662096,1.755505,1
2.081689,-1.227985,1
-0.197389,1.628505,1
1.746024,1.287086,1
-1.028350,1.409538,1
-0.400352,1.522613,1
0.943613,-0.421975,1
1.233505,0.887177,1
1.584236,2.726443,1
0.732618,1.704609,1
1.173743,1.548530,1
0.024514,4.609086,1
-1.455780,1.266929,1
2.200786,1.048597,1
2.768313,0.742158,1
0.586619,-2.149336,1
-0.550491,0.612242,1
1.413712,-0.395378,1
0.249615,1.687107,1
0.743221,1.357296,1
-0.199982,0.374295,1
0.130630,2.338565,1
0.194153,1.344254,1
1.441191,2.669476,1
0.518375,0.152470,1
1.342668,1.724564,1
0.279562,1.176582,1
0.510001,0.031492,1
0.619998,0.336496,1
1.365249,1.121526,1
1.667627,1.564835,1
-1.220897,1.119878,1
1.164724,0.986177,1
0.630319,0.981494,1
0.750091,0.412150,1
1.513286,2.941560,1
-1.129055,0.542361,1
1.595661,0.619374,1
1.894529,1.355747,1
2.815670,0.478077,1
-0.199741,1.066167,1
1.855195,-0.548933,1
1.501631,0.999161,1
1.200210,1.921931,1
-0.050305,1.427346,1
1.830722,-1.187791,1
2.503646,1.743731,1
0.206495,1.448367,1
1.679448,0.120041,1
1.899356,2.927887,1
0.991699,-0.219227,1
1.984854,2.069646,1
2.015224,0.602143,1
2.186727,0.793397,1
0.126946,0.430777,1
1.337892,1.610135,1
0.334322,0.947948,1
0.296737,-0.711220,1
3.264645,1.581588,1
1.199590,0.510520,1
1.686498,1.314997,1
2.356298,0.839496,1
1.266091,1.105375,1
-0.197511,-2.033701,1
0.791191,0.221605,1
0.352201,1.349809,1
0.166341,-0.058368,1
3.623785,0.018045,1
1.526403,1.992103,1
1.245437,2.190012,1
0.984519,1.173381,1
1.199048,-0.118923,1
-0.050843,3.351423,1
1.341439,1.050125,1
1.887539,1.709983,1
1.674691,1.050950,1
-0.657849,1.256918,1
0.369224,1.535082,1
2.072934,0.386461,1
-0.181926,0.460404,1
0.719294,-0.198164,1
0.533643,1.622406,1
0.871347,0.579422,1
-0.070308,1.720796,1
-0.364502,3.768945,1
2.312804,0.789257,1
0.771595,2.265807,1
0.776539,-1.014408,1
1.883927,0.133783,1
0.693798,1.784603,1
2.066659,1.410556,1
0.790381,1.237257,1
1.671552,0.389991,1
0.216775,2.362454,1
2.475142,0.617433,1
0.788942,0.511168,1
0.593804,1.483198,1
-0.902379,0.684567,1
0.912290,0.107094,1
-0.818104,-0.515019,1
1.774265,3.250685,1
1.194622,-1.811319,1
0.165222,3.627669,1
0.343377,-0.705842,1
-0.159986,3.312495,1
0.880519,0.941090,1
0.909243,1.917699,1
0.359762,1.767573,1
0.901244,2.575242,1
1.052299,-0.177709,1
0.721393,0.697554,1
2.274681,0.143889,1
3.065728,0.614407,1
-0.766359,1.767093,1
-1.801826,-1.154421,1
0.523136,1.229909,1
1.627735,2.798835,1
2.152448,1.248411,1
1.457063,0.107656,1
0.038074,1.125905,1
0.771910,1.831616,1
1.157191,-0.097444,1
0.358096,0.986191,1
1.091564,1.281687,1
0.477554,2.695610,1
1.028517,1.328134,1
-0.693223,0.352767,1
0.614260,-0.383874,1
1.950239,3.837326,1
2.469522,0.932608,1
0.179919,0.670909,1
-0.231708,0.890919,1
0.108976,1.300421,1
0.078954,2.021410,1
0.164040,1.795662,1
0.004496,1.399458,1
0.166860,1.417081,1
1.285345,0.589371,1
0.334887,1.565554,1
1.992800,-1.296564,1
1.908400,3.572123,1
1.305169,0.744609,1
-1.429760,-0.134859,1
1.040127,1.454810,1
0.837699,-0.606874,1
1.240208,1.096914,1
0.585112,0.921413,1
1.449080,0.362963,1
1.888058,1.475526,1
2.532206,0.657582,1
0.057864,0.385465,1
0.652990,1.760692,1
1.244125,2.859990,1
0.987322,0.017777,1
-1.308996,0.775820,1
0.563369,1.808193,1
1.234472,-1.808927,1
0.284858,1.374592,1
1.987976,0.558115,1
2.467255,0.965217,1
0.666977,2.491178,1
1.557050,-0.216057,1
-0.284143,1.530401,1
3.057494,0.946414,1
0.981717,0.837189,1
2.142762,0.380745,1
0.637482,1.772397,1
2.223487,-0.618664,1
0.860384,0.195812,1
1.905661,-1.121756,1
1.511351,0.596767,1
0.717498,1.189077,1
-0.073859,1.874256,1
0.257717,0.891335,1
-1.199186,-0.815515,1
1.030214,1.667365,1
-0.319142,2.272917,1
1.157341,-1.559285,1
0.627781,-0.609807,1
1.458770,1.550244,1
1.236357,1.014855,1
2.160111,0.649628,1
1.944482,1.837848,1
1.461674,1.375093,1
-0.348755,2.241936,1
0.910099,1.089131,1
1.024189,1.533883,1
0.181641,1.050775,1
1.927729,2.423967,1
0.340916,2.942861,1
0.010495,0.424782,1
3.020512,1.399888,1
0.836175,0.845149,1
1.082168,1.165755,1
0.997890,-1.693805,1
0.264277,0.080034,1
1.214428,1.139318,1
0.746665,0.678742,1
0.227448,2.205602,1
-0.043222,-0.697666,1
-0.726387,0.446300,1
2.086772,0.542901,1
0.569470,1.739378,1
2.775883,1.429007,1
0.496811,1.704393,1
-1.153015,0.619076,1
2.357699,0.348918,1
-0.073364,1.145810,1
-0.085724,1.263980,1
0.776723,3.577391,1
-0.623016,0.944752,1
-0.024688,2.775379,1
2.200373,0.256487,1
-0.399611,-1.406761,1
0.740752,0.112609,1
2.591616,2.840424,1
1.492436,0.097117,1
2.671411,0.035639,1
1.171379,0.815361,1
1.520204,1.354041,1
3.607125,1.390622,1
1.192136,1.260713,1
0.426531,1.848700,1
1.318430,1.692006,1
1.131466,0.703183,1
2.451441,0.835022,1
-0.512096,2.627075,1
1.427089,-1.772987,1
1.558616,1.177275,1
3.148498,2.143645,1
0.347688,1.170115,1
0.768939,1.292227,1
1.227146,1.823492,1
2.363726,2.235551,1
1.736336,2.176748,1
0.454011,1.882693,1
1.556621,0.120894,1
0.079092,1.415242,1
1.831048,0.020783,1
1.260435,1.381698,1
-1.319609,0.357936,1
0.844682,0.319781,1
1.257418,0.462754,1
1.043158,-0.253792,1
1.078525,3.117855,1
1.601576,1.173211,1
1.983713,1.267100,1
0.119318,0.937455,1
2.052166,2.580214,1
-0.482719,3.757182,1
1.135225,0.048229,1
0.810125,2.060775,1
1.201539,1.067760,1
-0.450732,-0.533290,1
3.085581,-0.996163,1
-0.209214,1.200993,1
2.144194,0.442359,1
0.350169,3.096787,1
-0.211661,0.441505,1
2.657521,-0.272142,1
0.188985,-0.064009,1
2.003818,-1.844451,1
0.553392,1.775197,1
-0.125162,0.923280,1
2.416628,-1.179859,1
1.154863,0.752786,1
0.356547,1.078875,1
3.538293,1.050856,1
0.027726,0.448276,1
1.082344,-1.656845,1
3.376414,1.839441,1
0.240196,0.589889,1
1.128804,0.793633,1
-0.024911,2.158717,1
0.550091,1.342255,1
0.211988,0.749262,1
0.397520,-1.157222,1
0.623151,0.277722,1
1.760245,0.665117,1
0.891656,0.285016,1
-0.438807,-0.679674,1
0.532807,1.588408,1
3.416496,-0.886740,1
1.587307,1.090411,1
1.385499,1.153212,1
1.551888,0.029474,1
0.215486,1.425355,1
1.824590,0.308111,1
-0.012633,0.200688,1
1.648654,0.540530,1
1.838205,0.596594,1
1.357549,0.961277,1
1.730293,1.726377,1
2.914235,1.620149,1
0.855569,1.189248,1
1.812842,-0.847662,1
0.982962,-0.009802,1
1.447951,2.014679,1
0.580267,0.086268,1
0.885269,2.880962,1
2.442486,0.270387,1
0.755966,0.253909,1
1.033443,-0.424689,1
0.038944,0.917092,1
0.826928,0.213695,1
2.275229,1.045495,1
-0.841644,3.019771,1
0.617333,-0.049206,1
-0.550363,1.250599,1
-0.326261,2.772109,1
2.724385,1.875930,1
0.336236,1.083841,1
0.697219,0.296942,1
2.584511,-0.341152,1
1.111372,-0.723182,1
2.240431,1.756614,1
0.817925,2.699428,1
0.136382,0.502139,1
-0.186300,0.343104,1
2.086320,2.031115,1
-2.284352,3.026121,1
-0.329823,1.995791,1
0.549832,1.344102,1
1.308186,-0.397478,1
-0.134165,0.570058,1
0.041373,1.032589,1
0.853464,0.363502,1
0.732561,-0.958715,1
0.932737,0.593533,1
0.977185,-0.362768,1
0.994649,2.303025,1
-0.359951,2.280526,1
0.190004,3.252279,1
1.910878,3.068775,1
1.770302,2.401294,1
1.042464,-0.808953,1
1.238063,0.795129,1
-1.431411,2.077772,1
1.030454,2.440033,1
1.682735,1.657614,1
0.729626,0.949529,1
1.485799,0.787741,1
0.010739,1.873811,1
1.666116,1.094921,1
-0.810524,1.929310,1
1.753880,1.814414,1
1.999926,2.207738,1
-0.346767,1.600751,1
0.593911,0.393550,1
-0.501626,1.531732,1
1.570468,1.867988,1
1.124515,-0.118610,1
1.078255,-0.132455,1
1.209459,0.864022,1
2.638022,2.487513,1
-0.259430,-0.455761,1
1.137363,-2.490844,1
1.801318,3.010929,1
1.080345,3.114161,1
0.086508,0.828860,1
1.013724,0.832835,1
1.802351,2.076360,1
1.694928,0.805244,1
0.554781,-0.333755,1
1.785290,1.368570,1
0.234217,2.222882,1
0.877164,3.266728,1
-0.236176,1.764132,1
-0.370291,2.490182,1
2.113799,0.533079,1
1.251496,1.097885,1
3.146607,1.009748,1
1.492085,3.109789,1
0.464248,1.055661,1
1.051655,-0.403110,1
-0.899178,1.544920,1
1.256244,2.365470,1
1.003740,2.303718,1
1.758536,1.783488,1
2.408565,1.099072,1
-0.955458,2.888441,1
1.525821,1.368968,1
1.171362,1.562436,1
1.849534,0.921640,1
1.636441,2.185951,1
-0.319433,1.160999,1
-0.164705,0.606327,1
1.925904,-0.114437,1
0.671609,1.445962,1
0.592094,-1.728856,1
4.047379,1.182315,1
1.716653,3.166117,1
0.591242,1.440324,1
-1.383339,1.961645,1
1.252406,2.325521,1
0.478670,1.462104,1
1.360422,1.876248,1
1.005565,2.650328,1
-0.000160,0.903260,1
-0.323133,3.470467,1
0.971518,-0.631296,1
1.416229,1.390067,1
0.698829,2.528743,1
2.943832,1.951716,1
0.774608,0.062813,1
0.612677,0.531126,1
3.250831,0.889292,1
0.731642,0.257888,1
0.526266,-1.642234,1
0.810199,0.160213,1
1.389074,0.630380,1
-0.610034,0.479674,1
-0.480281,2.639713,1
-0.656905,2.887939,1
1.742626,1.270492,1
1.001170,1.105295,1
1.834833,0.116772,1
1.113180,0.415249,1
1.122706,-0.141304,1
2.795080,0.435879,1
0.489360,0.751674,1
1.937464,-0.319778,1
1.975016,-1.211646,1
-0.099461,0.268160,1
0.743407,0.539662,1
0.428558,3.030708,1
2.070999,2.686908,1
1.035562,-1.412099,1
1.380343,0.939215,1
0.541700,0.580346,1
1.789293,2.141497,1
-1.118127,-0.273257,1
3.791677,1.086205,1
0.252301,2.041531,1
2.541653,1.108599,1
0.809382,0.273328,1
1.664061,2.524450,1
1.730483,-0.274933,1
0.179437,0.483502,1
1.903955,3.161756,1
1.948359,0.124641,1
0.974164,1.360106,1
-0.123220,1.218129,1
2.237364,1.845770,1
0.824567,3.117167,1
1.147762,0.318194,1
1.243559,1.840369,1
0.157979,2.056266,1
0.978974,2.010230,1
1.217767,0.222548,1
1.457038,3.402026,1
1.014563,0.313166,1
1.606004,1.771454,1
0.653052,1.117306,1
-0.169647,2.764539,1
2.155702,2.130662,1
2.231008,2.643776,1
0.373635,3.129585,1
3.182098,-0.523145,1
1.506307,1.192234,1
-0.185496,0.886182,1
-0.578138,-0.602921,1
0.802017,1.064540,1
1.521466,2.054445,1
0.551645,-0.162638,1
1.888127,2.455147,1
1.503168,-0.295281,1
0.849613,1.478387,1
1.013845,0.250176,1
0.726105,1.681404,1
3.170553,0.731002,1
1.344859,1.460945,1
0.808283,-0.012423,1
2.501891,-0.569180,1
-0.014197,2.097805,1
0.414394,0.685414,1
1.932769,0.272136,1
0.051261,2.520572,1
3.646657,2.439091,1
1.055508,2.636481,1
1.093870,0.278068,1
0.875416,-0.404569,1
2.230838,2.277736,1
2.201446,-0.146374,1
1.417359,-0.294575,1
0.806037,-0.388627,1
1.655871,1.226264,1
0.323214,-1.072719,1
0.271524,-0.577768,1
-0.587393,1.288646,1
-0.325615,0.220714,1
0.368591,0.769246,1
1.470914,0.126916,1
-0.635138,0.215574,1
1.702301,2.371073,1
1.128929,0.261685,1
-0.151204,2.566416,1
-1.568706,2.062115,1
0.133693,0.731346,1
-0.232470,1.344524,1
1.620745,-0.281644,1
0.871244,2.455235,1
-0.616067,1.495808,1
0.373654,0.149905,1
0.789083,2.066793,1
0.687468,1.584108,1
1.821638,0.272083,1
-0.248105,1.874995,1
2.403965,2.364499,1
1.750065,2.015044,1
-0.663747,1.060904,1
-0.372418,2.800066,1
0.479285,0.635406,1
0.481060,1.102185,1
1.597134,-0.669622,1
2.483236,-0.060001,1
0.452442,1.377429,1
0.245437,2.627214,1
0.957218,1.990180,1
1.932619,1.436844,1
0.176080,0.110788,1
1.147561,3.030410,1
1.044837,0.851696,1
0.782462,1.018478,1
0.559858,2.027936,1
2.793030,0.036528,1
2.995889,1.529018,1
0.847415,1.489588,1
1.307392,0.781342,1
0.276856,1.167650,1
-1.316925,2.473002,1
1.781059,1.885818,1
-0.023602,0.030749,1
0.778260,0.719972,1
1.864848,2.305863,1
0.511306,1.355137,1
2.293374,0.165582,1
0.637562,2.766624,1
1.513286,1.878774,1
0.674730,3.056748,1
-1.085902,0.583404,1
1.000999,0.566486,1
2.104737,-0.212933,1
0.895901,0.968765,1
0.264654,1.936559,1
0.915501,1.486096,1
1.399347,0.237567,1
2.554398,-1.368141,1
1.030577,0.225534,1
0.046019,0.937481,1
1.310229,1.105662,1
0.366453,1.793448,1
-0.188216,2.737901,1
-0.062538,2.507516,1
-0.275123,0.470056,1
-1.219401,1.012080,1
-0.570531,1.915298,1
-1.720488,1.005077,1
0.251764,1.808429,1
1.426509,-0.864399,1
3.120811,0.070247,1
0.494888,1.818414,1
2.042957,1.590461,1
1.795970,-0.530663,1
1.547715,-0.083541,1
0.834530,1.974725,1
2.246589,1.779472,1
-0.047719,1.928707,1
0.810640,3.330779,1
2.977589,2.438524,1
1.553673,1.055171,1
0.637841,0.614931,1
0.673026,1.030742,1
0.263606,3.510056,1
1.996701,0.176663,1
-1.043739,2.425965,1
1.880070,0.246524,1
-0.605628,1.706509,1
0.815192,0.405013,1
1.022648,0.932290,1
-0.665898,0.179397,1
0.992221,1.248069,1
0.348497,0.949559,1
1.676131,0.688997,1
0.376044,4.057191,1
1.316868,0.489573,1
-1.230501,3.229432,1
1.305817,1.977764,1
-0.051398,0.712344,1
0.891588,0.424823,1
0.685489,1.044157,1
2.109221,0.385966,1
1.039136,1.125329,1
1.941117,-1.721411,1
0.770226,0.785960,1
-0.226078,1.196634,1
1.856467,-0.740388,1
-1.317507,0.262042,1
0.689980,0.097221,1
1.321020,2.244551,1
-0.222222,0.420295,1
-0.209681,1.530311,1
1.367288,1.496171,1
-0.174152,1.575740,1
0.229335,0.664626,1
1.824984,1.047610,1
1.768689,0.607530,1
-1.673879,-0.372161,0
0.742468,0.554233,0
-0.288446,-1.002638,0
-1.295702,-0.444230,0
-1.427224,-2.023478,0
-1.014840,-1.111207,0
-2.700126,-0.879729,0
-3.399562,0.461849,0
-1.563363,-2.007905,0
0.197395,-0.681977,0
-1.281217,-1.830024,0
-1.971806,1.465838,0
-0.299978,-0.471324,0
-2.660669,-2.191267,0
-1.451223,-0.066579,0
2.109027,0.021880,0
-1.401825,-0.900904,0
-1.824819,-1.166781,0
-1.054908,-0.621864,0
-2.984087,0.272522,0
-3.418531,-0.324793,0
-0.421496,0.454472,0
-0.343433,-1.915169,0
-0.497213,-0.517948,0
-4.190929,-1.524903,0
-1.655809,0.599353,0
-0.210913,-0.878893,0
-1.208737,-1.136883,0
-2.496537,-0.628327,0
0.669601,-0.930115,0
-2.959783,-3.109277,0
-0.064258,-1.518142,0
0.260922,0.812511,0
-3.761910,-1.046744,0
-1.906017,0.833061,0
-1.116974,-1.220080,0
-1.853988,0.917624,0
-2.061129,0.165701,0
-0.838230,0.272042,0
-1.504196,-0.430671,0
-0.991340,0.072194,0
-0.715814,-1.575199,0
0.205198,1.374981,0
-0.019643,-0.516141,0
-0.404244,-1.447860,0
-1.111362,0.232047,0
-0.535503,-2.187365,0
0.786945,-2.075017,0
-0.053701,-1.028125,0
-0.084702,-2.621275,0
-0.294941,-1.088062,0
-0.523918,-2.077584,0
-0.095846,-0.100764,0
0.141528,-1.672949,0
-0.598838,-0.675895,0
-2.217366,-2.291530,0
-1.759867,-3.362348,0
-1.570985,-0.842415,0
0.305228,-1.299083,0
-0.495491,0.169263,0
-0.394300,-2.095292,0
-2.923914,-1.853721,0
1.092080,-0.727066,0
0.773933,-1.564273,0
-0.794214,-0.656118,0
0.088196,1.715184,0
-1.272271,-1.748372,0
0.625971,-0.848955,0
-0.007439,-0.773000,0
-1.207959,-2.732262,0
-0.628523,0.406192,0
-2.154458,-0.852933,0
-1.575716,1.020828,0
0.178823,0.111613,0
-0.710772,-0.857215,0
-1.363682,-1.970112,0
-1.541152,-0.439048,0
-2.008016,-0.876564,0
-2.232380,-1.368611,0
-1.621588,-0.914840,0
1.395626,-0.561144,0
-0.287405,-1.157965,0
-2.009070,-1.907247,0
-0.378835,0.039531,0
-2.924919,-1.985118,0
-0.192402,-2.530620,0
-1.564090,-2.871742,0
-1.573126,-0.234254,0
0.330777,-0.909551,0
-1.344289,-1.143778,0
-0.477637,-2.008996,0
-0.286614,-0.639620,0
-0.707913,-1.131380,0
-0.260801,-0.841177,0
-1.691447,-2.699188,0
0.035870,-1.648135,0
-0.703081,-1.493800,0
-2.445361,-2.552909,0
-2.789527,0.721752,0
-0.857632,-0.766973,0
-0.649442,-0.646489,0
0.758720,-0.382743,0
-0.982049,-0.901246,0
0.182970,-0.822165,0
-1.116410,-0.524307,0
-2.275364,-0.960023,0
0.429978,0.155102,0
-0.168586,0.323294,0
-0.413664,-0.309299,0
0.130663,-1.447024,0
-0.687309,-3.039103,0
0.665787,-1.330964,0
-0.679435,-0.396143,0
-1.013883,-1.377407,0
1.615059,-0.498669,0
-2.212335,-2.257091,0
-0.189523,-0.186224,0
-1.598877,-1.284956,0
-0.946267,-0.599246,0
-1.114114,-0.809599,0
-1.466397,-1.418257,0
-1.579502,-0.802492,0
-0.171941,-2.259119,0
-2.001841,-0.016104,0
-0.344709,-2.826411,0
-3.270636,-2.265738,0
-3.116989,-0.897530,0
-2.465693,-2.147939,0
-3.288620,-0.864099,0
-2.544114,-2.675026,0
-1.951701,-1.060915,0
-0.297465,-1.363006,0
0.037941,0.438532,0
-1.744089,0.584377,0
-2.546157,-1.556095,0
0.342032,-1.662373,0
-0.321768,-1.546198,0
-1.118668,-0.607033,0
-0.142271,-2.969882,0
-2.320194,-2.711687,0
-0.350345,-0.158320,0
-2.351009,-0.071232,0
-2.182162,-2.107267,0
-2.321406,-1.807678,0
-1.018784,-1.655330,0
-3.461365,-0.038835,0
-1.635842,-0.048765,0
-1.352695,0.549991,0
-0.993699,-0.863904,0
-1.432876,-2.765840,0
-0.400523,-2.600795,0
0.395333,0.223324,0
-1.782782,-1.800015,0
-0.498038,-0.883697,0
-3.056456,1.761490,0
-2.347616,0.488306,0
-1.021451,-1.563539,0
-0.610095,-0.472283,0
-2.042168,0.152566,0
-3.121308,-1.660091,0
1.040448,-2.285721,0
-2.048030,-0.514434,0
-3.402587,-1.066601,0
-0.628314,-3.306314,0
-0.774073,-1.511577,0
-1.204577,-0.130669,0
0.308184,-0.589571,0
-3.555383,-1.082652,0
-0.851260,-0.749260,0
-1.706019,-1.417630,0
-0.881435,-0.447457,0
-3.948021,-0.919431,0
-1.923529,-1.472798,0
-2.546999,0.265853,0
-0.429548,-0.901289,0
0.227125,-1.892741,0
0.186337,-0.717786,0
0.597516,0.373873,0
0.159543,0.762283,0
-0.933786,-1.724234,0
-0.434403,-1.820981,0
-1.949080,-0.925277,0
-1.855533,-2.642111,0
-2.008774,1.190991,0
-0.987951,-1.356286,0
-0.161396,-0.833822,0
0.503285,-0.179220,0
-1.082514,-2.788700,0
-1.006853,-0.831035,0
0.661143,-0.889856,0
-1.820848,-0.686417,0
-0.365454,-0.382228,0
-0.825208,-0.232619,0
-2.219977,-0.606384,0
-0.874275,-0.652617,0
-0.717756,-1.403638,0
0.920706,0.703538,0
-3.373905,-0.465575,0
-1.449447,-2.011313,0
-0.956836,-1.514995,0
-2.596644,-1.189078,0
-2.149668,-1.745590,0
-1.266480,-0.795089,0
-0.998331,-0.348449,0
0.405451,-0.373561,0
-0.819425,-0.776021,0
-1.469666,-1.762427,0
-0.849506,-3.130136,0
-3.128075,-0.264104,0
-1.274428,-1.689042,0
-0.412079,-0.817645,0
-2.350455,-1.197502,0
-1.077726,-1.890432,0
-0.632588,-1.440577,0
0.050756,-1.705316,0
0.172447,2.045939,0
-0.833192,-1.570177,0
-0.396997,0.655757,0
0.152698,-1.188512,0
-1.555970,0.526477,0
-0.850026,0.195892,0
-1.501443,-1.757065,0
-2.225528,-1.930404,0
-1.366674,0.335014,0
-1.228777,-3.384464,0
1.019609,0.325564,0
-1.592042,-2.384083,0
-1.326564,-0.677877,0
-1.114311,-1.343735,0
-1.490231,-0.080297,0
-0.575186,-1.238053,0
-0.527704,-2.143864,0
-2.557205,-1.795573,0
-1.439764,0.569330,0
-2.699435,-3.612705,0
0.105049,-1.127025,0
-0.897709,-1.912761,0
0.141469,-0.611740,0
-4.020032,0.459104,0
-3.009155,-1.328572,0
-2.594463,0.090863,0
1.168649,-2.871240,0
-1.809172,-1.406024,0
-1.581780,-3.345869,0
-3.897158,-2.149101,0
-2.566638,-1.253419,0
-1.721414,-0.870619,0
-1.705597,-1.949149,0
-1.520561,0.075208,0
1.558226,-0.670019,0
-2.403085,0.402301,0
-1.849646,-2.147773,0
-0.997761,0.352799,0
-0.536059,0.982184,0
-0.245833,-1.925551,0
-0.706314,-0.912207,0
-0.722544,-0.526833,0
-1.124577,-0.347209,0
1.112310,-2.700508,0
-1.721778,-0.780725,0
-0.796167,-1.714053,0
1.062233,-1.535131,0
-1.371516,-0.677383,0
-1.255125,-1.233341,0
0.417253,-1.194004,0
-0.987574,-2.221079,0
0.241651,-1.027455,0
-0.261264,-2.079858,0
-0.937593,-0.460937,0
-0.864177,-1.303212,0
-1.359308,-2.041108,0
-2.553174,-0.290883,0
-0.440109,-0.428039,0
-2.416307,-0.459072,0
-2.012562,0.861211,0
-0.961423,-1.849910,0
-0.204684,-0.403424,0
-1.046714,-2.069675,0
-0.721091,-0.236931,0
-1.036104,0.340235,0
-1.199389,1.470512,0
-2.369974,-0.293846,0
-0.117647,-0.623897,0
-0.995500,-1.418139,0
-0.805495,-3.079366,0
0.691377,-3.198108,0
0.280085,-1.370534,0
-0.068749,0.822808,0
-1.560649,-3.812339,0
-1.731547,1.260489,0
-1.042249,-1.291433,0
-0.444936,-1.258629,0
-2.000473,-1.104714,0
-0.390086,0.421587,0
-1.187586,-0.335276,0
-1.727243,-0.510900,0
-2.251665,-1.486158,0
-1.174805,-0.745728,0
-0.755058,-1.125226,0
-1.943126,-1.623158,0
-1.401658,-3.155874,0
-1.612553,-2.242206,0
-0.812761,-1.444807,0
-1.175908,-2.851299,0
-1.875838,-3.270343,0
-0.931694,0.918464,0
-1.026150,-2.091830,0
-1.559682,0.474599,0
-1.101452,-1.704107,0
-0.123439,-1.342809,0
-2.400812,-1.059434,0
-0.118856,0.503900,0
0.753988,-1.617534,0
-0.850050,-0.229191,0
-0.233736,-1.825921,0
-0.696357,1.337440,0
0.507009,0.943005,0
-2.146476,-0.893241,0
-1.575268,-0.595640,0
-0.719269,1.014377,0
-1.224930,0.312664,0
-0.790664,-3.483270,0
0.253124,-1.393785,0
-1.084430,0.190725,0
-0.687071,-1.042824,0
0.975941,0.486189,0
0.339175,0.591777,0
0.239913,-0.708046,0
1.253846,0.143242,0
-0.106856,-1.359540,0
-1.288768,-1.573177,0
-2.297302,-1.124841,0
-2.507609,-2.399957,0
0.725345,1.014312,0
-2.385883,-1.336520,0
-0.273721,0.106047,0
-0.107005,-1.357986,0
-1.023297,-2.122464,0
0.092750,0.286305,0
-0.985222,-2.329722,0
-0.704194,-0.171928,0
0.794355,1.087228,0
-3.162059,-1.115125,0
0.325029,-2.419291,0
0.313090,-1.007332,0
-1.726947,-1.426182,0
-0.351062,0.591936,0
-0.378128,0.252699,0
-0.174441,2.011771,0
-0.355138,-3.307314,0
-2.466720,-0.955879,0
0.964820,-2.470992,0
-3.734311,-2.552967,0
-1.212871,-0.859197,0
-0.799054,-1.155492,0
-1.008790,-2.533991,0
-0.891524,-0.059668,0
-2.542324,-1.767315,0
-1.196582,-2.568232,0
-1.960788,-1.512204,0
-1.424257,-1.475998,0
1.114374,-2.642299,0
-1.375819,-0.023502,0
-0.212001,-0.629122,0
-0.617214,0.952857,0
-1.714729,-1.509486,0
-1.859482,-1.066073,0
-1.665861,-1.038852,0
-0.238957,-1.410974,0
0.517918,-0.080240,0
-0.578611,-1.278391,0
-2.251792,-1.360179,0
-2.481973,-1.383562,0
-1.118856,-1.015464,0
-1.466692,-0.906954,0
-0.491090,-2.470290,0
-2.030224,-0.161479,0
-0.475701,-0.254609,0
-0.624721,-4.154509,0
-3.018317,0.102398,0
-2.619920,-1.555507,0
-0.501352,-0.356511,0
-0.553330,-0.042219,0
-0.487168,-0.823061,0
-2.357282,0.109640,0
1.220188,-1.854752,0
-1.079092,-1.760959,0
-1.108616,-1.255029,0
-0.303906,-1.297695,0
0.457087,-1.219557,0
-0.154861,1.392299,0
-2.645563,-2.175117,0
-0.747667,-3.424943,0
-1.455299,-2.162437,0
0.544871,-0.401874,0
-2.427016,-2.771429,0
0.433766,1.174061,0
-2.035214,0.503991,0
-1.669221,-1.111213,0
1.853763,-0.793082,0
-1.685437,-1.341264,0
-1.615414,-1.130331,0
-0.816766,-2.090434,0
-1.157473,-1.585669,0
-1.140559,-0.233857,0
-1.528518,-2.557037,0
-1.361280,-2.775839,0
-2.438944,-1.863052,0
-1.040234,-2.747156,0
-1.354393,-0.893131,0
-1.813457,-1.064922,0
-0.585302,-0.510146,0
-0.228830,-0.992678,0
-2.856613,-0.803421,0
-2.115490,-0.465902,0
-2.562283,-1.038163,0
-0.935005,-1.391834,0
-0.805676,-1.305010,0
-1.071028,0.021426,0
-0.259860,-1.643007,0
-0.216773,-0.075601,0
0.709213,-1.470897,0
-0.040467,-0.605467,0
-2.166957,-2.378604,0
0.491718,-0.612403,0
0.063537,-1.821337,0
-1.154849,-0.792551,0
-0.152755,0.450657,0
-0.561917,-1.016517,0
-1.254492,-0.456518,0
-1.189671,-2.615933,0
-0.220122,-1.115451,0
-0.504867,-2.318768,0
-0.421902,-1.981010,0
0.733528,-3.522241,0
-1.998565,-1.514848,0
-0.567491,1.122910,0
-1.180656,-1.483784,0
-2.533087,-0.919087,0
0.642381,-1.936550,0
-1.320609,-1.885674,0
0.724618,-1.188903,0
-1.503081,-1.099126,0
-0.312822,-0.265978,0
0.036432,0.209718,0
-0.693476,-1.675688,0
-0.749555,-1.428872,0
-0.590217,-2.376383,0
-2.727549,-0.492374,0
-2.716260,-1.342377,0
-1.984968,-0.141865,0
-0.155805,-0.214622,0
-0.523658,-0.945829,0
-0.431416,-2.494414,0
-1.036897,-1.375918,0
-1.495046,-0.743238,0
-3.452232,-2.197380,0
-0.975823,-2.718862,0
-0.526006,-1.375412,0
-0.973793,-1.406207,0
-0.172983,-1.304784,0
-0.461277,0.084153,0
0.053473,-0.552415,0
-1.840653,-1.097536,0
-1.929556,-0.220388,0
-0.990086,-1.480509,0
-1.867964,-2.802131,0
-1.303061,-1.844190,0
0.781193,-0.855823,0
-2.403816,-0.406545,0
0.326730,-0.374498,0
-0.434845,-1.685788,0
-0.962431,-1.354767,0
0.444993,0.698445,0
-0.023717,0.002169,0
0.817194,-1.289687,0
-2.812642,-1.213458,0
-1.161652,-0.961720,0
-2.071245,-1.069431,0
-0.900346,-0.289041,0
-2.179828,-0.622560,0
-1.372977,0.560824,0
0.652580,0.262222,0
-1.316130,-1.837923,0
1.084110,-1.552883,0
-2.380925,0.339192,0
1.317855,-2.528749,0
-2.450727,-1.751252,0
-2.587153,-1.569024,0
0.580834,-1.739443,0
-0.230000,-1.238335,0
-1.415442,-2.022009,0
-1.877590,-0.602554,0
-0.597247,0.594294,0
-1.027821,-3.378238,0
-1.036143,-0.337929,0
-3.360584,0.500581,0
-2.144561,0.592953,0
-0.990847,-1.908890,0
-2.244530,-0.879973,0
-1.123675,-0.932456,0
-0.926705,-0.773350,0
-0.675278,-2.865699,0
0.352802,-0.040668,0
-2.521903,-1.408222,0
-1.152053,1.638143,0
-2.186827,-0.401327,0
-1.321747,0.220384,0
-2.956923,-1.436862,0
0.317898,-0.666390,0
-0.039511,0.296739,0
-1.297830,-3.103426,0
-1.601260,-2.068013,0
-0.103718,-0.205467,0
-0.107732,-1.905242,0
-2.018657,0.513358,0
-1.948228,-0.663236,0
-0.947272,-1.119695,0
-1.632826,-0.112158,0
-1.680588,-1.017525,0
-0.082993,-1.713848,0
-1.547716,0.365987,0
0.037192,-0.922241,0
-0.463934,1.475207,0
-2.760421,-1.905024,0
-3.168279,-0.398242,0
-0.876174,-0.796317,0
-1.418357,-0.522033,0
-0.709102,-1.974614,0
0.042825,-0.942850,0
-2.049548,-1.331984,0
0.342126,-1.199638,0
-1.707483,-2.154593,0
-1.106787,-1.302150,0
-0.711743,-1.766826,0
-0.707493,-1.109251,0
-1.402608,-1.633057,0
-1.767680,0.471785,0
0.468766,-1.746428,0
-2.753265,-2.227032,0
-1.628438,-0.271189,0
0.086316,-1.369858,0
-1.703938,-1.228309,0
-1.547855,-1.377282,0
-1.242731,-0.449215,0
-2.162715,0.205528,0
-0.302533,-0.463736,0
1.206474,-1.696401,0
-1.421646,2.272028,0
-0.616223,-0.010177,0
-1.301943,-0.744904,0
-1.635196,-0.822231,0
-1.697435,-2.231313,0
-3.746778,-2.575372,0
-0.070788,-1.711839,0
-0.553161,-3.362408,0
0.081896,-0.624504,0
-2.580540,-0.017901,0
-0.539955,-1.835972,0
-0.433820,-2.299176,0
-1.884402,0.851849,0
-3.172664,-2.754996,0
-1.140878,1.150319,0
-1.200956,-1.344676,0
-1.058009,-0.694441,0
-0.634718,-1.178882,0
-0.233351,-0.908811,0
-1.502977,-0.436818,0
-0.291109,-0.713029,0
-1.571239,0.538968,0
-0.844811,-1.459567,0
-0.767759,-0.133685,0
-0.334993,-1.120132,0
-1.990842,0.752623,0
0.310562,-0.344101,0
-2.017640,-2.431654,0
0.411104,-1.314451,0
-0.753861,-1.670656,0
-1.750633,-0.990075,0
0.743219,-1.086846,0
-2.258162,-0.368123,0
1.370494,0.086389,0
-0.029459,-0.900091,0
0.388076,-0.226445,0
-2.389420,-1.523925,0
-1.375837,-1.402228,0
0.809828,-2.087659,0
-1.138988,-3.671689,0
-2.581633,-1.276766,0
1.087915,-2.729189,0
-1.751321,-0.968197,0
-2.699199,-0.276311,0
-1.581824,-1.195750,0
-0.045674,-1.875608,0
-1.859451,-1.040091,0
-1.386554,-1.318039,0
-0.888293,-1.230462,0
-0.396558,-1.810526,0
-2.447030,-1.858427,0
0.699931,-0.640302,0
-3.295502,-1.690785,0
0.456325,-3.661902,0
-0.829468,-0.751346,0
-0.672005,-2.010083,0
-1.805310,0.480071,0
-1.371674,-0.950813,0
0.507169,-1.193336,0
-1.111670,-1.728940,0
-1.573256,-1.183965,0
-1.863876,-3.591197,0
0.187482,-0.060050,0
-1.042467,-0.160257,0
-1.243269,-3.202148,0
-0.496976,0.038042,0
-1.711460,-1.549944,0
-1.285054,-2.067789,0
-0.940596,-2.053647,0
-1.546858,-1.420875,0
-1.908382,-0.514183,0
-0.611601,-0.235700,0
1.038784,-1.064900,0
-1.574214,-1.792811,0
-2.064897,-1.719359,0
-2.773273,-2.914426,0
-2.059910,-0.897631,0
-1.874410,-1.987737,0
0.648119,-0.265357,0
-0.614384,0.146721,0
-0.870689,-0.868029,0
-1.233323,0.563123,0
0.036366,-0.614688,0
-2.668586,-2.132292,0
-1.594132,-2.316204,0
-1.518865,0.068724,0
-2.233423,-0.295890,0
-0.777779,0.026678,0
-0.591928,-0.760118,0
-1.831364,-2.395138,0
-0.676846,-1.987587,0
-4.467737,-3.335863,0
-0.516072,-0.618651,0
0.844285,-0.496923,0
-2.450045,0.168373,0
-1.647081,-1.335923,0
-2.691394,-0.403452,0
-0.771733,-0.539712,0
-0.737421,1.002840,0
-1.307697,-2.049160,0
-1.870807,-0.418354,0
-0.702426,-0.731194,0
-1.852338,-1.626211,0
1.423770,-0.636225,0
-1.499480,-0.751280,0
-1.128485,-0.325528,0
-0.044278,0.578981,0
-1.985396,-0.897395,0
-0.294827,-2.323925,0
-1.152009,0.336425,0
0.244302,-0.428064,0
-2.890802,0.234654,0
-3.102267,-0.549177,0
-3.552550,-1.646556,0
-3.125251,-1.653768,0
-2.088818,-0.730134,0
-0.402020,-1.938691,0
-1.602407,-1.587141,0
-3.706256,-1.722751,0
-1.702458,0.492391,0
-0.177706,-1.879215,0
-0.503577,-0.863985,0
-0.020475,0.748417,0
-2.084105,-2.796880,0
-0.642587,-1.246172,0
-2.226394,0.305687,0
-0.986286,-0.812095,0
-0.304417,-1.280916,0
-0.349393,-1.291520,0
-0.464758,-2.962709,0
-2.028653,-1.340148,0
-0.919074,0.750918,0
-2.819287,-2.319761,0
0.651003,-0.898342,0
-2.330053,-0.491527,0
-1.361554,-1.796024,0
-1.397797,-0.269758,0
-1.850419,-2.529712,0
-1.308261,-0.010114,0
-0.507457,-0.123110,0
-0.103884,-1.133956,0
0.321376,-0.209138,0
-0.813562,0.331469,0
-2.810449,-0.561767,0
-1.096447,-1.683847,0
-0.805092,-2.552499,0
0.026547,-2.623239,0
0.372054,1.180157,0
0.674087,0.461998,0
-1.776779,-1.588573,0
-1.662229,-1.212328,0
-1.988229,-0.087055,0
-1.840111,0.528081,0
-0.904530,-0.994766,0
-0.487415,-1.269580,0
-1.566984,0.336337,0
-2.524990,0.340912,0
-0.889118,0.097837,0
-2.158900,-2.583152,0
-0.246249,-0.308442,0
-1.638951,-0.597241,0
-2.623874,-1.797341,0
-0.088967,0.314289,0
0.182336,-0.928767,0
-0.570327,-2.717532,0
-0.268540,0.088730,0
-2.380026,0.398375,0
-1.496697,-1.999336,0
0.046537,-0.926833,0
-1.672023,-2.085477,0
-1.734173,-1.352171,0
-1.529295,0.691595,0
-0.684055,-3.767949,0
-0.598126,-2.282338,0
-1.374899,0.544393,0
1.947893,-1.582539,0
-1.893728,-0.962244,0
-1.982482,-1.372778,0
-0.306651,-0.126841,0
-0.604191,-1.377362,0
-1.833016,-0.486203,0
-0.768610,-0.266941,0
-0.382995,-2.667967,0
-2.468895,0.194291,0
-1.302688,-0.986751,0
-2.769744,-0.922216,0
-1.360202,0.021184,0
-2.103214,-1.470251,0
-2.662072,-1.873297,0
-0.556300,-1.078286,0
-3.499194,-0.700352,0
-1.689532,-3.241615,0
-1.000651,-1.533141,0
-2.111422,-0.641818,0
1.412842,-1.713647,0
-0.391908,-1.993384,0
-0.988284,0.040384,0
-0.191589,-0.021457,0
0.458217,-1.306022,0
-1.872718,-0.269766,0
-1.897757,-1.337529,0
-0.477286,-1.710526,0
-0.992184,-1.005943,0
-0.887355,-0.726375,0
-1.029120,-0.876569,0
0.378588,-1.592334,0
-1.352262,-1.730960,0
-0.431032,-0.473091,0
-2.215445,-2.758501,0
-2.575049,-0.016516,0
-1.428643,-1.313818,0
-0.377128,-1.849508,0
-3.013040,-1.294147,0
-1.564136,-2.682899,0
-0.889813,0.105056,0
-1.760329,-1.692832,0
0.126476,-3.646830,0
-0.925150,0.064058,0
-0.691966,-2.192181,0
-0.403355,-0.053710,0
-3.563584,-1.072843,0
-0.613761,-1.062254,0
-1.461868,-3.168012,0
-2.570506,-1.284831,0
-1.417680,-3.640708,0
0.055665,-1.617150,0
0.264540,-1.436923,0
-1.964039,-2.560003,0
-0.385955,-2.188602,0
-3.839114,0.094496,0
-0.137061,0.351936,0
-3.110873,-0.984503,0
-1.449127,-2.081302,0
-1.641069,0.364076,0
-0.169159,-1.545589,0
0.431787,-1.470789,0
-0.221108,-3.030753,0
-2.211031,-2.249992,0
-1.440239,-1.614520,0
-0.515332,-2.185671,0
-1.325525,-2.527652,0
-2.855850,-2.180971,0
-0.481805,-0.849732,0
-1.783329,-0.123555,0
-1.417479,-2.618737,0
-1.974792,-0.832357,0
-2.203152,-0.256516,0
-1.211785,-0.991917,0
-0.417529,-0.892066,0
-0.362003,-1.555670,0
-2.236610,-1.006956,0
-1.978678,-2.331540,0
-0.170044,-2.199436,0
-1.241317,-0.976002,0
1.654385,-1.691520,0
-0.816534,-2.617354,0
-0.312096,1.846567,0
-0.371768,-1.425455,0
0.068051,-0.620391,0
-1.199883,-0.651063,0
-0.327194,-0.057330,0
-3.066788,-0.458692,0
-1.123040,-0.912122,0
-2.926062,-0.565782,0
-1.759818,-1.320484,0
-0.626348,-1.618122,0
-0.405261,0.852206,0
0.352375,-0.796127,0
-0.905556,-0.023373,0
-0.550086,-3.019006,0
-1.444737,-2.534047,0
-1.565410,0.202142,0
1.482969,-1.583952,0
-0.462411,-1.176345,0
0.079544,-1.969346,0
-0.121532,0.532094,0
-2.832238,-0.642562,0
0.925522,-0.968568,0
-1.893027,-1.062507,0
-0.997774,-1.055085,0
-1.823918,-0.919642,0
-1.493741,0.396764,0
-2.424685,-1.383668,0
-4.650041,0.976996,0
-1.099419,0.598947,0
-2.491325,-2.763669,0
-1.432242,-0.351217,0
-1.981485,-1.840695,0
-0.177502,-0.901816,0
-0.866477,-2.465005,0
0.894644,-1.677852,0
-2.673741,-0.609698,0
-1.704317,-2.265612,0
0.442606,-1.549659,0
-1.340496,-0.156703,0
-1.076146,-0.601811,0
-2.523953,-0.709566,0
-0.767794,-1.029336,0
-1.447735,-1.568221,0
1.240040,-1.606981,0
-1.454786,0.922322,0
-0.524368,-1.323668,0
-0.818066,-0.960831,0
-0.196470,-1.072241,0
1.110513,-1.022140,0
-0.231693,-1.725801,0
-1.211467,-1.052408,0
-0.955866,-1.177453,0
-0.971833,0.443437,0
-1.932807,-0.686471,0
-0.169953,-0.460776,0
-2.021887,-0.849640,0
-2.212609,0.398781,0
-1.510681,-1.126313,0
-0.562386,-1.772813,0
-2.352424,0.566750,0
-1.098374,1.155137,0
0.397962,-0.116118,0
-0.448579,-0.876632,0
0.125226,-0.896479,0
-1.718968,-1.138655,0
-2.582155,-1.206857,0
1.611567,-1.400374,0
-1.408158,-0.674200,0
-0.556027,-0.451900,0
-1.058171,-2.160512,0
-1.854566,-1.734919,0
-2.001047,-0.299481,0
0.426418,-2.242273,0
-1.534024,-0.902305,0
-3.132799,0.154832,0
-2.307905,-1.759833,0
-0.869696,-0.604702,0
-0.667929,-1.056836,0
-2.144812,-2.078073,0
-0.117083,0.181733,0
0.088461,-0.938372,0
-1.992223,-1.965571,0
-0.561114,-0.683921,0
1.072610,-0.990539,0
-1.808446,-2.319155,0
-1.313679,-0.712720,0
0.387655,-0.820887,0
-1.611325,-1.313526,0
-1.434806,-2.622960,0
-0.431159,-0.453839,0
0.589462,-0.263702,0
-0.465134,1.012871,0
-1.400039,-0.410203,0
-0.580400,0.306827,0
-1.274997,0.455957,0
-2.704868,-2.344240,0
-0.829813,-2.577236,0
0.925420,-0.135914,0
-1.936212,-2.205304,0
-0.312745,-3.269087,0
-1.670048,-0.189014,0
-0.279228,-1.322157,0
0.748089,-0.274266,0
-1.636534,1.061724,0
0.997840,-0.302681,0
0.375374,-1.018935,0
-0.729821,-2.081685,0
-1.448631,0.188722,0
-1.884882,-1.098943,0
-1.480832,2.093364,0
-1.062786,-1.763113,0
0.287412,-3.255454,0
-0.048277,-2.048548,0
-3.034006,-0.048419,0
-1.809811,-0.889340,0
-1.817475,-1.375498,0
-1.251079,-0.910206,0
-1.234960,-0.847009,0
-0.360588,-1.484121,0
-0.309999,-0.888901,0
0.697158,0.368587,0
-1.789407,-1.003407,0
-0.950241,-0.837000,0
-0.575914,-0.209748,0
-0.431984,0.420612,0
-0.696986,0.211202,0
-1.761482,-1.190657,0
-0.391528,0.285729,0
0.395862,-1.076415,0
-0.298498,-2.666172,0
-2.219949,-2.074378,0
-1.287043,-0.432918,0
-0.025391,0.119722,0
-1.383281,-0.496351,0
-1.180819,-0.862955,0
-1.335391,-2.093578,0
-0.609385,0.523613,0
-2.129635,-0.260799,0
-2.627251,-0.663269,0
-0.520200,-1.466107,0
-1.010826,-0.187794,0
-3.027320,-2.210433,0
-1.682120,-0.868980,0
-2.433485,-0.409627,0
-0.024181,-0.136742,0
-1.857178,-2.849874,0
-2.601934,-0.954298,0
-1.918283,-1.209865,0
0.094452,-1.096942,0
-0.897494,-1.587067,0
0.347874,-1.584694,0
-2.390157,0.200400,0
-0.463128,-0.831314,0
-0.734812,-2.251180,0
-1.356965,-2.394115,0
1.345669,-0.521742,0
-2.334461,-1.832067,0
-1.076516,-2.759550,0
-0.883922,-0.791911,0
-1.184981,-2.102749,0
0.237485,-2.361038,0
-0.024313,1.299124,0
-2.145502,-0.913703,0
0.586330,-2.427638,0
-0.186379,-0.390702,0
-0.993184,-2.509962,0
-1.941283,-0.432119,0
2.453214,-0.920679,0
-0.150640,-0.706998,0
-1.443173,-1.533852,0
-1.425154,0.399600,0
-0.234073,-1.659773,0
-1.853954,-1.158742,0
-1.663284,1.046851,0
-1.482972,0.082148,0
-1.574588,-1.685134,0
-2.134341,1.613147,0
-2.129830,-1.446663,0
-0.105909,-2.001600,0
-2.696176,-1.200152,0
-2.181355,-1.750986,0
-0.290821,-1.892174,0
-0.791515,-1.356853,0
-0.475184,-2.007765,0
-2.465613,-1.847180,0
0.124626,1.548136,0
-1.233037,-2.686667,0
-0.206459,-1.889526,0
-0.999104,-1.099200,0
0.064596,1.253189,0
-2.594227,-0.126224,0
-0.039877,-1.544676,0
-0.798366,-1.732817,0
-1.497134,-1.336700,0
-2.139858,-1.075609,0
-2.826121,-1.234229,0
