0.327381,-0.595653,1
1.968419,0.793525,1
-0.848297,1.989848,1
0.895434,1.787947,1
2.217433,-0.360010,1
0.969543,1.884880,1
0.503326,0.066898,1
2.652787,0.123529,1
1.635426,-1.915907,1
0.163738,2.416837,1
1.281498,0.867988,1
1.010998,2.341848,1
1.094369,0.012848,1
0.578315,-0.921108,1
0.592845,0.548703,1
2.388562,0.867752,1
-0.267164,-1.014924,1
-0.036940,1.344002,1
2.642054,-0.546328,1
0.414727,0.018383,1
1.436562,0.596461,1
0.701664,0.147257,1
1.373519,1.510863,1
2.882279,-0.331564,1
1.674849,0.465109,1
2.529131,0.650469,1
1.288896,2.313834,1
1.016283,0.720149,1
1.990874,1.745596,1
3.849091,2.352438,1
0.924661,0.185257,1
0.473097,0.373530,1
0.623238,-0.877515,1
1.261429,0.518492,1
0.151055,-0.123178,1
0.354861,0.830424,1
1.593208,1.226222,1
-0.558115,0.025535,1
1.001362,0.871088,1
3.251061,0.042404,1
0.997311,-0.786095,1
1.277981,0.841715,1
-1.167391,1.178100,1
1.419046,3.379174,1
-0.859997,1.160902,1
2.097913,-0.473378,1
2.400502,2.269965,1
1.899127,3.311222,1
1.340508,-0.174591,1
0.215853,0.145393,1
2.480509,1.549378,1
1.772359,0.629547,1
0.356750,2.646916,1
0.965083,-0.748092,1
0.925910,0.190146,1
1.233307,2.252630,1
3.021660,2.439511,1
0.941922,1.381720,1
0.696383,0.739813,1
0.697832,-0.844556,1
1.740348,0.401179,1
1.400830,2.798736,1
0.804380,1.191530,1
2.110649,-0.329785,1
3.334768,2.930606,1
1.923451,1.773902,1
0.222251,0.073609,1
2.424295,0.506246,1
2.691882,1.243144,1
-0.271338,1.203657,1
4.854820,2.491842,1
0.542066,1.812049,1
1.150905,-0.069601,1
0.115067,0.416911,1
0.833994,2.626230,1
0.779125,0.903164,1
1.013882,1.650269,1
-0.277773,-0.116455,1
2.311718,2.045261,1
1.140813,2.133367,1
0.770761,1.841993,1
0.418495,1.633233,1
0.044956,0.138469,1
0.404071,-0.005945,1
-0.091047,0.197242,1
-1.312038,0.553638,1
1.225613,1.131096,1
-0.552226,-0.646639,1
3.071992,1.906561,1
2.033096,1.274216,1
2.746235,1.387473,1
-0.920539,0.873174,1
2.836961,-1.093017,1
1.923198,0.843946,1
0.413469,0.510685,1
0.357785,0.391315,1
1.105576,0.525260,1
2.525400,1.315116,1
1.083626,1.485054,1
-0.173406,1.241324,1
1.605245,0.078514,1
1.812314,2.646984,1
2.320776,0.687225,1
1.019645,-0.301487,1
-1.148611,-0.291552,1
0.123502,2.541442,1
0.317504,0.113962,1
2.612253,2.565558,1
2.058375,-0.123211,1
1.378906,0.187644,1
1.011673,1.586992,1
1.869652,-0.457784,1
-0.370463,0.960488,1
1.291204,0.237948,1
1.048757,-0.394574,1
0.908716,1.008984,1
1.031490,0.735793,1
0.314417,0.170398,1
1.476081,0.778832,1
1.222072,0.140700,1
-0.045167,-0.564596,1
0.986544,0.715748,1
2.826641,-1.162565,1
1.683985,1.167647,1
-1.696308,0.745767,1
0.756245,0.939923,1
3.281503,1.798730,1
1.358358,0.935436,1
1.323086,1.517374,1
-0.799207,0.883729,1
1.649301,1.909151,1
1.059365,-0.417312,1
1.923333,0.769717,1
1.109464,2.207350,1
2.385153,1.125954,1
1.749638,0.976262,1
-1.666486,0.056658,1
0.946075,0.859911,1
-1.648475,1.227173,1
-0.542344,2.156791,1
-0.440638,0.809812,1
2.580327,2.826639,1
0.704264,1.173080,1
0.751232,1.219949,1
-1.675546,1.998075,1
-0.099698,1.447261,1
-0.109745,1.335683,1
0.971585,0.236403,1
-0.547703,-1.332627,1
0.314829,1.331798,1
0.974942,2.185361,1
2.480809,1.385462,1
-0.109853,1.192989,1
2.218577,0.378673,1
2.184664,1.418889,1
2.002322,1.217172,1
-0.043360,0.625977,1
1.946256,-0.305378,1
0.089305,1.305647,1
0.889127,-1.156662,1
1.678100,0.969264,1
0.695321,1.143650,1
1.637102,-0.130054,1
1.543333,0.705357,1
1.834115,2.949882,1
1.407227,4.410464,1
0.784690,2.139706,1
-0.329390,0.773763,1
2.663256,2.432049,1
-0.308866,0.897519,1
1.563974,0.821008,1
1.760526,1.135322,1
-0.013878,1.689453,1
1.177053,2.396774,1
0.789694,1.190471,1
0.408682,0.272978,1
0.388844,0.994316,1
0.827176,0.799244,1
1.051519,-0.236601,1
1.711156,2.790868,1
2.004878,-0.251347,1
1.335292,1.335228,1
0.864403,-0.366492,1
1.181357,1.953868,1
-0.330232,1.705808,1
1.261206,2.138587,1
0.329482,0.091011,1
0.999569,0.739056,1
1.955015,1.129495,1
1.270473,1.474830,1
0.145703,1.983132,1
2.944221,0.907628,1
-0.807884,1.239030,1
1.940862,0.306824,1
1.375252,1.846425,1
2.339891,1.448345,1
0.895150,0.343904,1
0.666137,0.827086,1
2.736448,0.900894,1
1.950714,1.606550,1
-0.360753,0.780937,1
2.792245,3.220893,1
3.178129,0.434450,1
0.888930,-0.029514,1
0.210337,0.804685,1
1.855858,2.055804,1
2.228495,1.593256,1
-0.125257,1.011314,1
2.484785,-0.987352,1
-0.276987,2.672215,1
2.548521,-0.868809,1
3.242203,3.375649,1
2.547634,1.373385,1
1.571097,0.732878,1
1.168444,1.433646,1
1.154658,1.765541,1
0.094783,2.050273,1
1.671412,3.664416,1
0.280454,0.378755,1
0.801221,0.411994,1
0.409371,1.201821,1
2.605278,0.178132,1
0.796555,1.876893,1
-0.882484,1.535515,1
0.798416,-0.423386,1
-0.412417,-0.126043,1
1.247047,1.318544,1
0.881479,0.729722,1
1.134300,2.869007,1
-0.471495,-0.293521,1
1.757794,0.981389,1
-0.020157,0.438372,1
-1.112947,1.116288,1
-0.496711,0.422396,1
-0.603334,2.132301,1
1.278175,1.596451,1
0.179840,0.592189,1
2.280504,-0.326919,1
2.311233,2.138411,1
1.532395,2.939646,1
1.602103,0.955058,1
-0.177163,-0.530314,1
0.383452,-0.881741,1
1.137128,1.682252,1
1.872664,-1.026894,1
1.386231,-0.211811,1
0.110524,2.114654,1
2.737880,1.693578,1
1.358042,1.852734,1
3.838948,0.532713,1
1.903063,2.753907,1
0.946854,0.126007,1
1.702656,0.905905,1
-0.443849,1.992098,1
1.767275,1.319252,1
1.231590,2.051422,1
1.193885,0.105796,1
0.335395,1.035912,1
0.010534,0.735299,1
0.902590,0.699945,1
1.388398,1.945319,1
1.076955,0.144325,1
0.311642,2.544629,1
0.768542,0.657918,1
2.020156,1.540013,1
0.534901,0.443440,1
1.622015,1.186979,1
0.892335,1.207993,1
-0.173004,0.673430,1
-0.687832,0.760218,1
-0.670034,1.548817,1
1.084375,0.498039,1
3.427160,0.439975,1
2.296461,1.830876,1
0.013290,0.319841,1
1.551495,1.378054,1
1.323252,0.790486,1
1.718779,-0.642904,1
0.476721,0.637734,1
1.264653,-0.478883,1
2.549206,1.918937,1
1.650521,-1.559521,1
0.319075,1.067661,1
0.436704,2.080221,1
1.379912,1.170306,1
2.228297,-1.245199,1
2.626018,0.277937,1
3.076477,-0.137016,1
1.995852,0.715530,1
1.271400,2.191649,1
1.604844,0.427653,1
0.763104,3.238775,1
-0.140735,0.343251,1
1.650702,0.279186,1
0.427723,3.109302,1
-1.004945,-0.616513,1
1.441997,2.653821,1
0.624281,1.751522,1
1.398087,0.170146,1
2.876386,1.169463,1
2.421539,-0.545092,1
1.591470,3.584969,1
2.458489,1.150289,1
2.637359,-1.420024,1
0.423607,1.338764,1
1.090397,2.241012,1
2.861110,0.219681,1
1.308214,0.906417,1
-0.393656,0.313107,1
0.878655,-0.039636,1
1.756372,0.105038,1
1.015477,0.170514,1
0.242738,2.717729,1
1.757925,0.482068,1
2.061419,1.699286,1
2.485946,2.401858,1
1.866592,1.544174,1
0.002719,0.830359,1
1.279091,4.077735,1
1.083277,0.915136,1
-0.065240,1.529272,1
2.107152,3.537193,1
2.600994,0.296531,1
0.107155,-0.330823,1
1.721539,1.781205,1
2.090758,-0.548650,1
-0.788097,0.640272,1
1.423680,0.944391,1
-0.359426,2.030615,1
0.537803,0.027260,1
0.671348,2.733807,1
0.955045,1.657401,1
0.284354,1.782589,1
-0.053843,0.053293,1
0.994148,2.119985,1
1.572007,1.735359,1
3.703989,-1.264074,1
0.086281,1.103802,1
3.099986,0.180514,1
0.043666,2.458305,1
0.936965,1.416947,1
-0.156434,-1.422607,1
-0.461245,2.033875,1
0.418113,1.489815,1
1.078931,-0.184300,1
0.932203,-0.378723,1
0.259857,0.207268,1
1.643489,1.027620,1
-0.176293,1.111960,1
3.481518,1.885741,1
1.108183,1.326365,1
1.941104,2.245596,1
0.715194,1.145242,1
2.024163,0.935562,1
0.266434,0.913706,1
1.285400,1.732532,1
1.369544,-0.041169,1
2.386610,1.474345,1
1.700106,0.976931,1
0.095284,-0.692874,1
2.585467,0.535857,1
0.167588,1.497877,1
1.184053,-0.147284,1
0.927477,2.189018,1
0.843216,1.305280,1
0.338469,0.616962,1
1.819423,1.805650,1
0.105988,2.345226,1
1.608308,2.515561,1
2.980508,2.392103,1
0.663486,1.866584,1
0.747211,1.506126,1
1.010600,0.857225,1
1.468885,2.159965,1
1.244920,0.592075,1
2.469982,0.755809,1
-0.449756,0.115503,1
1.003659,-0.310803,1
4.983945,2.559745,1
0.872572,2.144662,1
-0.412845,-0.675722,1
0.793701,1.398624,1
0.187744,1.459223,1
-0.873277,0.190392,1
1.021292,1.331936,1
1.884085,1.614443,1
2.284580,1.492135,1
2.377586,-0.896367,1
-0.025441,1.624727,1
2.853967,0.394119,1
1.051827,1.475904,1
1.019035,0.380877,1
1.407881,2.864824,1
0.705424,2.634162,1
0.245681,0.207422,1
1.317797,0.442797,1
-0.726537,1.262059,1
2.344466,0.586764,1
1.703995,-0.195597,1
0.920070,-0.263681,1
1.578428,1.218113,1
0.324992,0.828072,1
0.887906,-0.002814,1
0.360296,-0.086578,1
2.779710,0.762829,1
1.784703,1.635695,1
1.097038,1.029906,1
2.498249,2.912374,1
2.651128,1.110328,1
-0.393581,0.280635,1
0.138309,1.303499,1
0.779684,1.777016,1
-0.087441,1.086739,1
-1.444103,1.913942,1
1.267667,1.047988,1
2.113368,2.214631,1
0.703504,0.807482,1
2.463860,1.710091,1
1.557362,1.740649,1
0.091376,0.431211,1
-0.200157,0.929547,1
3.334564,0.709938,1
1.902754,-0.016301,1
1.142982,1.387406,1
0.309989,1.141210,1
0.393762,1.701139,1
1.964742,-0.468754,1
1.219956,-0.717855,1
3.199010,1.089210,1
1.465832,0.422869,1
0.647576,0.936560,1
0.147332,3.002907,1
1.977320,0.074473,1
2.601906,0.422175,1
0.604371,0.629960,1
1.841880,0.966325,1
0.853280,1.487416,1
2.376208,2.867614,1
1.219317,3.739785,1
1.105125,0.089613,1
1.129704,1.359957,1
0.482576,0.794919,1
2.778636,1.745040,1
1.284025,-0.142409,1
0.037494,2.918653,1
3.191178,1.874350,1
1.527084,1.594156,1
-0.412278,-0.106162,1
0.820990,1.371978,1
1.269510,2.428667,1
0.465813,1.170929,1
-0.311254,0.535111,1
0.087432,2.308849,1
0.388634,2.539671,1
0.497699,2.392740,1
1.209828,-0.475147,1
-0.338498,2.031250,1
1.769411,-0.388237,1
-1.211098,0.577297,1
2.540618,-0.658923,1
2.169143,0.792287,1
0.797362,1.991090,1
0.188901,0.046877,1
1.825553,1.110636,1
0.570586,1.221835,1
1.295311,1.592745,1
2.118420,-0.038432,1
-0.298223,1.066131,1
-1.126351,2.046202,1
-1.117851,3.202060,1
-0.413562,1.340711,1
2.242708,-0.032530,1
1.371522,1.179433,1
0.033400,1.792721,1
1.272541,1.974385,1
1.429167,1.583767,1
1.402654,1.207229,1
0.831296,1.778855,1
2.623007,-0.231122,1
2.087963,0.404087,1
1.972354,0.353669,1
0.101329,2.118964,1
0.306184,0.198353,1
-1.293517,-1.390644,1
0.004907,0.804278,1
-0.999823,0.592075,1
0.050996,-0.239968,1
0.557437,-0.368020,1
-0.168594,1.622548,1
0.337193,0.223850,1
0.878700,2.804713,1
1.046853,0.248856,1
-0.364218,2.401880,1
2.666866,0.591900,1
1.888082,0.913029,1
0.038739,-0.614900,1
2.004680,0.967968,1
-0.053670,2.892089,1
-0.127761,1.603986,1
0.665670,-0.479998,1
0.651941,2.866774,1
1.010678,0.673574,1
2.696853,-1.870943,1
1.547045,-0.440063,1
2.183670,1.347745,1
0.998900,0.844509,1
1.184496,1.223524,1
0.547411,1.170362,1
0.688326,0.921143,1
0.357367,3.400543,1
-0.726396,-1.112740,1
0.260999,-0.353969,1
0.371740,0.640352,1
1.314224,0.808306,1
0.210156,0.872431,1
1.068922,-1.633724,1
1.033349,0.380194,1
2.322048,1.563788,1
1.093279,1.415599,1
-0.681979,-0.726404,1
1.013824,0.157661,1
0.404712,1.112133,1
-1.565822,-0.342589,1
1.519290,1.454082,1
1.523739,1.425616,1
1.890546,-0.702876,1
2.417022,0.950301,1
2.037300,-0.065647,1
0.942696,-0.510241,1
0.316634,1.343989,1
1.070956,0.685273,1
0.571052,2.860471,1
-0.619997,1.392947,1
1.646822,1.958973,1
-0.796911,1.875736,1
0.359072,1.836469,1
0.665179,1.662497,1
1.876118,1.019129,1
1.554779,2.031183,1
-0.369141,-1.013002,1
1.183835,0.716688,1
1.681163,1.083013,1
2.120384,-0.587039,1
1.349024,0.881425,1
1.904438,0.880168,1
1.186155,1.087106,1
1.359511,2.142696,1
1.307840,3.016602,1
1.465284,1.057448,1
0.441914,1.934886,1
0.961818,-0.212971,1
0.457367,1.437481,1
-0.258612,0.646208,1
0.607196,3.372330,1
1.430619,1.114162,1
-0.770972,-0.547980,1
1.263556,2.222015,1
1.967407,0.972224,1
1.235027,1.337908,1
0.344337,1.512494,1
0.940825,0.449619,1
2.544225,0.656046,1
1.694529,0.497474,1
1.671714,0.398271,1
1.795941,-0.288216,1
0.476320,1.240495,1
2.637209,-2.768196,1
2.296568,1.410378,1
0.352504,1.750513,1
-0.013918,-0.554818,1
-0.490743,1.961590,1
1.012538,1.499224,1
0.616435,0.846656,1
-0.239721,0.159091,1
-0.344750,0.136907,1
1.161105,1.020143,1
0.182300,-0.297912,1
2.347831,2.788284,1
0.742491,1.080371,1
1.450009,2.237567,1
-0.135956,0.833111,1
-2.351217,1.094575,1
-0.942057,1.207229,1
1.079479,1.737101,1
2.219472,-0.269719,1
2.319994,2.445807,1
1.551054,0.563656,1
1.085686,1.391763,1
1.033662,0.852922,1
1.028897,1.115192,1
1.798311,-0.495055,1
0.633298,-0.060933,1
1.446643,0.532107,1
-0.187241,-0.427182,1
-0.055666,0.110491,1
0.302211,1.100684,1
2.146945,0.989833,1
1.470710,2.857130,1
0.448788,0.091182,1
1.044489,2.938987,1
0.999597,1.916708,1
-0.386631,2.437217,1
1.797203,0.608827,1
-0.189289,1.065706,1
-0.393340,1.568627,1
-1.015176,0.327144,1
-0.639007,0.341235,1
0.760302,1.535859,1
0.290108,0.601180,1
0.170310,1.164372,1
2.253782,1.360590,1
0.505044,3.524191,1
2.281895,1.398324,1
3.191150,0.454422,1
2.083630,1.313399,1
2.236924,1.809352,1
1.162432,1.754910,1
1.097554,-0.004218,1
0.364922,1.704159,1
0.912101,1.680081,1
0.661737,1.411557,1
3.566690,1.019151,1
0.232445,1.222549,1
1.236454,1.218842,1
1.089869,0.610768,1
0.725824,0.980033,1
0.916301,1.005189,1
0.231528,0.969931,1
-0.620927,2.039046,1
-0.945553,1.755241,1
0.132407,-0.730179,1
2.429932,0.815592,1
2.011351,0.888137,1
-0.381281,-0.073889,1
0.585028,0.827578,1
-1.044592,0.270929,1
1.041804,2.319267,1
0.632729,0.943257,1
0.506208,1.582296,1
1.296589,1.395422,1
1.129400,-1.431965,1
-0.317144,1.150000,1
0.053348,3.199574,1
1.204842,0.801691,1
1.165302,0.031374,1
1.339664,0.313290,1
1.224925,2.364871,1
2.964139,0.485554,1
1.507666,0.110685,1
2.180528,1.914375,1
0.428664,0.581181,1
1.355684,0.874321,1
2.157904,0.223237,1
-0.653892,1.119921,1
-0.148763,1.826406,1
1.024266,2.040187,1
1.091830,3.109269,1
0.986357,-1.498254,1
0.394992,1.417291,1
0.476231,1.064749,1
1.175263,2.731589,1
1.267864,2.457962,1
1.554558,2.118521,1
2.204328,3.351081,1
0.392162,1.833731,1
1.850659,0.555939,1
0.898600,0.165069,1
0.253452,0.521064,1
3.734440,2.524969,1
-1.035795,0.771146,1
1.261843,-1.261109,1
0.439753,-0.019126,1
-0.169351,2.176439,1
1.557796,-0.741360,1
2.108499,2.396236,1
0.112743,1.276594,1
1.202422,0.485093,1
0.938626,1.700624,1
0.464588,0.863079,1
0.557023,1.259959,1
0.279993,0.005017,1
0.748892,-1.150680,1
0.404973,0.638540,1
2.629128,0.836615,1
-0.433739,0.337975,1
2.424976,1.136652,1
-0.121637,1.228383,1
0.063153,0.205033,1
1.328271,1.932366,1
1.678925,0.405455,1
1.745721,-0.425273,1
1.882104,-0.364119,1
3.077845,3.317674,1
2.154301,0.821693,1
2.216586,1.225478,1
3.345904,-0.633366,1
0.628492,1.769018,1
1.027088,2.455147,1
-0.384467,-0.547360,1
-0.000987,-1.622426,1
1.856344,1.275606,1
-1.521297,1.528280,1
1.326393,1.364338,1
1.689749,0.971543,1
1.624187,0.657955,1
0.390660,0.090630,1
2.449575,1.078087,1
1.767578,1.899819,1
-0.272131,1.519984,1
-0.530583,0.717422,1
2.031746,1.699772,1
0.952101,1.919772,1
0.975863,2.132941,1
0.842531,0.555301,1
-1.670047,-0.341488,1
1.504002,-0.240645,1
2.013533,1.190432,1
0.751224,-0.923319,1
2.455318,0.200592,1
0.054600,2.617233,1
-1.219209,0.936211,1
0.502649,0.266014,1
-0.054238,0.709419,1
1.132902,0.124343,1
0.142027,1.552745,1
1.861694,-0.438641,1
-0.061933,1.002762,1
4.709289,1.486483,1
1.248373,2.511667,1
-0.131680,1.333773,1
1.346323,2.160760,1
1.204800,0.126173,1
0.523390,1.033641,1
0.749220,1.827335,1
2.761775,2.749855,1
0.647144,0.582754,1
1.748252,-0.102482,1
1.903217,0.059211,1
0.784367,2.398944,1
0.061717,2.318716,1
2.663766,0.517745,1
0.464243,0.805850,1
2.642412,1.609170,1
-0.194866,0.842726,1
3.116851,2.293157,1
0.796418,2.225581,1
-1.425263,1.188247,1
-1.269294,0.254696,1
0.071100,2.102030,1
1.064833,0.190812,1
1.811598,-0.873349,1
1.052091,0.798224,1
2.177428,1.410890,1
1.449948,-0.017691,1
0.312749,1.899560,1
1.222453,1.926221,1
3.290819,0.953250,1
0.991050,1.363496,1
-0.371657,1.229866,1
0.980474,1.690815,1
-0.505964,1.974799,1
-1.347014,0.510593,1
0.863086,1.005737,1
1.844799,2.230407,1
2.379770,0.767173,1
2.202949,1.466877,1
1.147957,3.361955,1
2.512252,1.123314,1
0.990660,-0.178174,1
-0.809485,0.903292,1
0.990279,0.203509,1
0.034923,2.517846,1
1.303062,3.215536,1
2.734853,2.145274,1
2.152711,-0.733145,1
0.298977,-0.132695,1
1.937868,2.070369,1
-0.225469,1.417579,1
0.844159,1.020560,1
0.637577,1.764670,1
0.841926,2.882385,1
1.381233,0.923842,1
-0.133019,2.789111,1
3.189010,1.307224,1
2.632348,1.160553,1
1.036556,-0.091952,1
2.284751,-0.318890,1
-0.208893,0.185562,1
1.436939,1.244586,1
2.536254,-0.233432,1
1.920820,1.702562,1
2.148048,0.253484,1
2.822550,1.908544,1
1.917757,0.436954,1
1.638297,-0.797449,1
0.608518,1.711841,1
-0.551618,0.940429,1
1.569346,1.652062,1
-0.384493,1.544555,1
1.791424,0.155475,1
0.390407,0.453388,1
2.304483,2.221780,1
0.859283,-0.593579,1
0.767040,1.855207,1
0.212728,2.750315,1
-0.502496,0.712301,1
-0.489376,1.215090,1
1.476259,1.929680,1
-0.191975,2.740317,1
1.506100,-0.446076,1
0.855688,-0.076616,1
-0.189541,2.083538,1
1.767758,0.413175,1
-0.416266,1.514576,1
0.260068,3.660269,1
1.707877,1.037023,1
2.051579,-0.733659,1
0.890139,1.629003,1
0.983402,1.259183,1
1.306857,3.099775,1
2.871258,0.655317,1
1.346218,-0.065426,1
2.061726,1.356353,1
0.215785,0.839633,1
0.135561,0.373470,1
0.521234,2.173423,1
1.081651,1.311121,1
-0.782682,0.143964,1
-0.149744,1.710658,1
-0.761712,1.152624,1
2.429902,-0.172178,1
1.281899,1.881671,1
0.754069,0.400470,1
-0.453008,0.549692,1
1.896489,0.315890,1
1.394017,0.861402,1
1.416760,1.480400,1
0.381891,1.894275,1
3.098028,0.840262,1
0.726154,-1.189538,1
-0.029930,0.280635,1
1.072716,3.093801,1
1.538161,0.518400,1
1.754511,0.683254,1
-0.330526,1.595317,1
-0.547295,0.401392,1
-2.034731,1.269377,1
2.134973,1.819734,1
0.279745,0.492465,1
-0.083868,0.487516,1
0.333135,2.074833,1
2.735527,1.826784,1
0.281110,1.225353,1
1.698340,-0.082948,1
2.569286,1.159795,1
0.957079,0.954491,1
0.495197,-0.109018,1
2.506649,0.537524,1
1.857174,2.087702,1
2.109424,0.478122,1
-0.247046,0.455358,1
0.799692,1.267282,1
1.978730,2.480205,1
-0.050344,0.847107,1
0.250734,1.761017,1
0.510567,1.498721,1
0.709121,0.127472,1
1.736916,0.071158,1
0.977328,-0.321469,1
-0.714974,4.108133,1
3.111542,1.310619,1
1.300411,2.326272,1
1.902429,-0.013892,1
2.221363,2.371044,1
2.819578,1.417162,1
0.408321,-0.572377,1
3.187447,1.148222,1
1.539756,1.206368,1
1.335512,-0.079583,1
1.638434,1.632282,1
0.171169,0.073460,1
-2.163195,1.257735,1
1.096685,-0.539819,1
0.358551,0.341084,1
2.545814,0.334988,1
1.214664,0.851713,1
-0.985279,2.508466,1
2.210666,0.367015,1
0.062288,0.061870,1
2.095168,1.132579,1
0.098019,3.537832,1
4.449966,0.953228,1
2.135434,1.471711,1
-0.267560,0.228639,1
-1.446619,1.491529,1
3.528132,-0.361746,1
0.791273,1.688805,1
-0.242316,1.067461,1
1.369502,1.748138,1
-0.298438,1.402793,1
1.600982,1.960125,1
3.074479,0.838951,1
0.452871,2.115673,1
0.581225,-0.879080,1
-0.654389,-0.568394,1
0.643232,0.085443,1
-1.082131,0.465142,1
-0.632542,1.659230,1
2.087499,1.981709,1
0.189218,1.881800,1
-0.651876,2.880273,1
-0.121242,-0.507292,1
1.296295,2.666937,1
0.849556,1.062608,1
1.508600,0.907594,1
-0.704709,0.105446,1
1.334048,1.747644,1
2.018632,0.016635,1
0.028204,-1.116516,1
1.882867,1.387615,1
1.423192,-0.315759,1
1.616400,1.927086,1
0.249779,0.278535,1
4.042033,1.165999,1
1.567763,0.315190,1
0.967555,1.349507,1
0.783951,1.832762,1
2.388412,-0.108806,1
0.492749,-0.128278,1
0.542401,1.941503,1
0.761710,0.122623,1
2.032643,-1.248491,1
0.807483,0.238439,1
2.061917,0.186734,1
1.847952,1.984512,1
-0.330435,1.348606,1
1.219793,1.091611,1
1.034794,1.087950,1
1.185499,1.474018,1
0.143810,1.848990,1
2.095944,1.046820,1
1.267952,-0.471891,1
1.215395,-0.845464,1
1.950765,1.150326,1
1.138805,-1.249935,1
1.382002,2.524337,1
0.920647,1.007788,1
0.228171,-0.079509,1
2.162229,0.328159,1
3.260800,0.046670,1
0.849613,0.480660,1
2.277071,0.871172,1
-0.170779,1.342524,1
0.018658,0.834851,1
2.174096,3.710975,1
0.708405,1.576216,1
1.260979,-0.218645,1
0.155745,0.384222,1
0.583800,-0.302345,1
1.607293,-1.194459,1
2.520815,-0.144213,1
0.784122,-0.204497,1
2.300187,0.862149,1
2.182803,1.756018,1
0.773986,0.811911,1
-0.091634,1.610344,1
-0.036194,0.388559,1
1.497958,-1.699026,1
-1.504373,1.568396,1
1.664713,2.159003,1
1.176999,0.956402,1
1.218708,1.144124,1
-0.702928,3.268443,1
0.422760,1.272162,1
-1.241481,-0.149300,1
0.350293,1.039909,1
1.605163,-0.320664,1
-0.627061,1.463841,1
-0.816616,-0.573889,1
1.250942,1.138997,1
0.340741,2.092679,1
0.973495,1.958099,1
0.608385,0.915265,1
2.017075,0.861720,1
-0.186146,1.904421,1
0.929769,0.521693,1
2.456283,0.759241,1
0.443610,1.288107,1
0.860493,1.513696,1
-0.352529,1.768905,1
1.738621,2.590328,1
0.811545,3.149438,1
1.406103,0.998574,1
2.866766,-0.203631,1
1.861694,1.320354,1
0.601415,1.504889,1
-0.083417,0.704296,1
1.357173,-0.161214,1
0.809959,1.015405,1
1.057811,0.106426,1
-1.122031,-1.875496,0
1.087702,-1.414499,0
-0.219366,-0.289831,0
-0.571658,-1.677729,0
-1.529568,-0.758735,0
-1.437317,-0.674954,0
-1.846105,-0.116771,0
-1.233478,-2.445805,0
-0.643559,-0.382207,0
1.021018,0.385385,0
-2.800746,1.218765,0
-0.235816,-3.386639,0
-0.727005,-1.660886,0
-2.181261,-2.881367,0
-0.612297,-2.575931,0
-0.097040,0.030610,0
1.277570,-3.181450,0
-1.797244,-1.783900,0
-1.650147,-2.081774,0
-0.267017,-1.473073,0
-0.908309,-0.654422,0
0.393640,-0.225426,0
0.044003,-1.460736,0
-2.311530,-0.998779,0
-1.616772,-3.032208,0
-0.853045,-1.027440,0
-2.249563,-1.869167,0
-1.359910,-0.874900,0
-0.203858,0.143953,0
-0.566812,-1.087334,0
-1.079385,-0.581704,0
-0.535001,-0.381395,0
-2.114848,-0.585688,0
-2.789977,-1.992403,0
-3.261816,-1.487514,0
0.931675,-2.502165,0
-0.959256,-1.934001,0
-0.851369,0.195572,0
0.495109,0.089230,0
-1.402174,-0.454815,0
-2.938469,-1.470223,0
0.224981,-2.097891,0
-0.223536,-1.043063,0
-2.535807,-1.191411,0
-1.176252,-0.598851,0
-1.548782,-0.408791,0
-2.070437,-0.809052,0
-1.544486,-1.420944,0
1.461680,-0.931250,0
-0.290078,0.001072,0
-0.110705,-0.727976,0
0.155403,-2.004501,0
-0.444467,-0.649949,0
-0.330432,-1.509474,0
-2.148536,0.357419,0
-2.021257,-1.339564,0
0.112465,-1.315098,0
0.543850,-0.959350,0
1.354930,0.348984,0
-4.936270,-1.996242,0
-1.096437,-0.643689,0
-1.019670,-1.107357,0
-0.015993,-0.116024,0
-0.461132,-1.543979,0
-1.029650,-2.227460,0
2.009299,-0.501968,0
-0.372499,-1.327298,0
-1.367335,-2.232628,0
-0.146322,-1.670657,0
0.335897,-3.309420,0
-0.291508,0.440320,0
-0.667781,1.046565,0
-2.841712,-1.031132,0
-0.923649,-1.417476,0
0.412187,-1.563382,0
-3.343650,-1.168484,0
-3.792726,-0.519464,0
0.159350,-0.684269,0
0.106269,-2.630134,0
-0.043555,-1.889223,0
-1.294112,-1.595949,0
0.192084,1.033427,0
-1.940598,2.532587,0
-2.070680,-0.905925,0
0.290217,-1.278348,0
-1.282749,-0.703909,0
-1.221041,-0.845886,0
-1.198379,0.365860,0
-1.608219,0.019580,0
-1.801258,-0.705657,0
-0.770580,-0.030261,0
-1.710449,-0.778646,0
-0.040915,-1.007937,0
0.946062,-0.797364,0
-0.460152,-1.726367,0
-2.772584,-3.002864,0
-1.288752,-1.147336,0
-3.039973,-1.190361,0
-1.898592,-0.159889,0
-0.248873,-1.473410,0
-2.218157,-1.482841,0
-0.773284,-1.052797,0
-1.171246,-1.156948,0
-1.518311,0.081687,0
-1.896326,-2.579174,0
-2.486966,0.028090,0
-2.671834,-2.786946,0
-2.056208,-0.338147,0
-0.749601,-0.928165,0
-0.114419,0.592459,0
-2.579285,-1.220207,0
-2.107786,-0.205741,0
-1.551187,-0.844322,0
-1.030991,-0.607301,0
-2.738934,-2.122275,0
1.479270,-0.938773,0
-2.579554,0.962409,0
-0.529155,0.666080,0
-0.168140,-0.672668,0
-0.322562,0.617952,0
-1.539153,-0.269423,0
0.340623,-0.252891,0
-1.155705,-0.058992,0
0.338433,-0.874753,0
-0.948402,-0.637750,0
0.220079,-3.574488,0
-0.790793,-1.446010,0
-0.551643,-1.294935,0
-0.651837,-4.062891,0
-1.035330,0.345433,0
-1.073034,-0.526911,0
-0.717659,0.094652,0
-0.932791,-1.599017,0
1.099884,-0.867950,0
-1.112731,-1.413667,0
-2.053771,-1.621866,0
-0.088479,-0.446960,0
-1.902121,-0.814285,0
-3.441360,-1.579526,0
-1.612051,-0.648891,0
-1.616016,-1.051761,0
0.192487,-0.840549,0
0.453249,-1.677980,0
-0.641206,-1.526729,0
-2.656201,-1.806331,0
-2.321676,-1.502348,0
-0.461016,-0.499840,0
-2.274250,0.490068,0
-1.365831,-1.171681,0
-2.094905,-1.007780,0
-0.197727,-1.372592,0
-0.651582,-0.312566,0
-1.950578,-1.577704,0
-2.412494,-0.689495,0
-1.120270,-1.821327,0
0.496119,-3.010396,0
-0.106182,0.828293,0
-1.241704,-1.512701,0
-0.956412,-1.282178,0
-0.747165,-2.954662,0
-0.439742,0.038163,0
-0.961315,-1.414250,0
-0.442439,0.171093,0
-2.953415,-2.358588,0
-1.188345,-2.104666,0
-1.722513,-1.865752,0
-1.053033,-1.561564,0
-2.158828,-1.182281,0
0.075240,-0.387683,0
-0.188159,0.879660,0
0.254319,-1.118221,0
-1.834912,-1.569422,0
1.567461,-0.368165,0
-0.737381,-0.785804,0
-1.258030,-2.330659,0
-1.776739,-0.928847,0
-1.196519,0.912707,0
-1.338584,0.832539,0
-0.403882,-0.323728,0
-1.078356,-1.590379,0
-1.102057,-1.267654,0
-0.238186,-0.404281,0
-1.219271,0.894447,0
-2.101135,-1.691135,0
-1.247410,-0.084525,0
-0.703002,-2.906879,0
-1.626473,0.832035,0
-1.914448,-2.151241,0
0.149461,-3.167683,0
-2.039965,-2.276694,0
-0.021725,-2.339343,0
-0.094241,-0.724257,0
-0.988117,-1.321524,0
-2.092172,0.728978,0
-1.123534,0.300224,0
0.945191,-1.001216,0
-1.145662,-0.481469,0
-0.688040,-2.600606,0
-1.539059,-1.438698,0
-1.450188,-1.009743,0
-0.850381,0.244333,0
1.059951,-2.776063,0
-1.249240,-0.019019,0
0.846446,-1.425120,0
1.354711,-2.378584,0
0.173649,-0.276062,0
-1.439558,-1.535451,0
0.530966,-1.051244,0
-0.662297,-2.090890,0
-2.063893,0.420895,0
-0.934503,-0.951552,0
-0.908317,-1.965635,0
1.121444,-0.286295,0
-1.411236,-0.970249,0
-3.359459,-0.242490,0
0.347197,0.830369,0
-0.098155,0.650204,0
-0.526360,-2.023226,0
0.680286,-1.167105,0
-0.632444,0.272425,0
-0.266631,-0.537898,0
-2.031645,0.220559,0
-1.109946,-1.762517,0
-1.685380,-2.732923,0
1.009074,-3.223246,0
-2.359368,0.609414,0
-0.547665,2.350919,0
-1.194198,-2.720336,0
-2.075747,-0.729874,0
-0.570242,0.558520,0
-1.302661,-1.544870,0
-1.778830,-1.472312,0
-1.899798,-1.223842,0
-0.422959,-0.798334,0
-0.922182,-2.753811,0
-3.048171,-0.891562,0
-1.549614,-2.366269,0
0.415958,0.733971,0
-2.982493,-1.791744,0
-0.883308,-0.483425,0
-0.167977,-0.837262,0
-2.474556,-0.711671,0
-0.925793,-1.748173,0
-2.383783,-1.357099,0
-0.148694,-1.818437,0
-1.822172,-1.306079,0
-2.339253,-0.691970,0
0.757961,-1.330026,0
-1.429140,-3.573595,0
-0.299474,-1.761013,0
0.020328,-0.986263,0
-0.854742,-0.432714,0
-1.069408,-0.985317,0
-0.076506,0.989334,0
1.557071,0.498678,0
0.432350,-1.637763,0
-1.997977,-0.211555,0
-0.784407,-0.410348,0
-1.132461,-2.866322,0
-1.424981,-1.814622,0
0.054984,-1.324747,0
0.375862,-1.883843,0
0.348203,-0.090156,0
-1.376646,-1.054130,0
-2.500094,-1.622819,0
-0.582690,-0.966214,0
-1.513897,-1.545335,0
-2.886186,-0.341841,0
-0.084849,-2.378437,0
1.127224,-0.184991,0
-1.311758,-2.191585,0
-0.672297,-0.936477,0
-1.065046,-1.485039,0
-2.632394,-0.801745,0
-1.705125,-0.124584,0
-0.109514,-1.323498,0
-3.088701,-1.649378,0
-1.492566,-1.430498,0
0.061742,-1.223906,0
-2.511225,0.760333,0
-1.356884,-3.070247,0
-0.524256,-0.997937,0
0.385729,-0.068864,0
-2.700926,-1.230699,0
0.390291,-1.720888,0
0.154053,-2.907546,0
-0.798066,-1.415385,0
-2.410989,-1.673297,0
-1.016940,0.537519,0
-1.518985,-0.645708,0
-3.672592,-2.123274,0
0.379116,-1.989214,0
-2.172281,-4.149068,0
0.218400,-0.869553,0
-1.944807,-2.329854,0
-1.966841,-3.028295,0
-0.214318,-0.088622,0
-0.454451,-0.082338,0
-3.163539,-1.086066,0
-0.027560,-1.577877,0
-1.527225,-1.003741,0
-1.085751,-1.641861,0
-2.509512,0.064853,0
0.060838,-1.585825,0
0.051727,0.310551,0
-0.804018,-0.110317,0
-1.988169,-0.100229,0
-0.387080,0.403813,0
1.622040,-0.376029,0
-0.932942,-2.060002,0
-0.585903,-1.223849,0
-2.006655,-1.692111,0
0.072011,0.064696,0
0.066567,-2.010100,0
-1.021622,1.345804,0
-1.051929,-0.765726,0
0.916821,-4.302534,0
-1.030954,-0.862086,0
-1.063081,1.033228,0
-2.403388,-2.215599,0
0.577528,-1.680012,0
-2.327635,1.353337,0
-1.730224,-0.483153,0
-0.793670,-1.955307,0
-2.865108,-1.963717,0
-3.282561,-1.731135,0
1.388633,-0.886551,0
-1.290606,-3.162901,0
0.227364,1.106106,0
1.765601,-2.194967,0
-0.931807,-1.554641,0
-0.500122,-0.433250,0
-0.427659,-1.174764,0
-2.048413,-1.458493,0
-1.884000,-0.878739,0
-0.499524,-2.618343,0
-2.222104,-0.486653,0
-1.317896,-2.380530,0
-0.277762,-2.608221,0
-0.865924,0.098161,0
-1.861683,-2.053759,0
-2.223950,-1.810480,0
0.300761,-1.251218,0
-0.619032,-2.903606,0
-0.794842,-1.927807,0
-2.352197,0.183605,0
-2.559687,0.111642,0
-1.483216,-0.737242,0
-1.165417,0.108226,0
1.387822,-1.965330,0
-0.407197,-0.615214,0
-1.234290,-1.648600,0
-2.344864,-0.773476,0
-2.290677,-0.753981,0
-1.385927,0.711801,0
-2.784509,-1.229107,0
0.362452,-0.698653,0
-1.133998,-0.615135,0
0.446177,-2.580328,0
-1.594322,-2.028411,0
-1.014472,0.630603,0
-1.410833,-2.131189,0
-0.392256,-1.624710,0
-2.141420,-1.293281,0
0.989857,0.425012,0
-0.327941,-0.729217,0
-2.070896,-1.127248,0
-0.465771,-2.478401,0
0.101101,-0.385808,0
-0.826470,-2.539409,0
-0.211319,-0.415083,0
-0.708486,0.324804,0
-1.054130,-1.444431,0
-1.472801,-0.641332,0
-1.893317,-0.030601,0
-0.048087,0.058623,0
-1.446336,-2.218668,0
-1.780636,0.093380,0
-0.390446,-2.927315,0
-1.082603,0.332578,0
-1.261854,-0.485182,0
-2.309430,-1.648775,0
-0.826674,-0.907360,0
-3.658787,-2.217784,0
-2.520691,-0.921799,0
-1.413743,0.614026,0
-0.983930,-0.970365,0
-0.989306,-1.503192,0
1.140868,-1.452986,0
-1.651795,-0.611552,0
-2.316068,0.070397,0
-0.118775,-0.712221,0
-2.573118,1.202059,0
-0.814321,-1.279684,0
1.171333,-2.415132,0
0.107177,0.074689,0
-0.926749,-1.520340,0
-2.331963,-0.900752,0
-1.340327,-1.478815,0
-2.722756,-1.070740,0
-0.767941,0.175331,0
-0.085282,-1.023377,0
-1.232424,-1.704891,0
-0.147122,0.410201,0
-2.434987,-0.790666,0
1.005122,0.495509,0
-1.066753,-3.066078,0
-0.274507,0.570427,0
-1.980259,-0.503474,0
-1.205460,-0.335041,0
-1.843485,-1.740702,0
-0.805702,-1.837245,0
-0.419761,0.185181,0
1.530584,-0.513782,0
-0.080477,-1.850423,0
-2.902390,-0.981396,0
-2.148111,0.187401,0
-1.934532,-0.960436,0
-1.231443,-1.944533,0
-2.073301,0.169531,0
-2.594693,-0.613420,0
0.628290,-2.600983,0
-0.786300,-2.046467,0
-0.961245,-1.389098,0
-0.451632,-0.851683,0
-1.342436,-2.371799,0
0.216477,-1.706607,0
-3.349363,-0.935395,0
-2.434095,-2.969245,0
-1.945502,-0.348487,0
-0.591013,-1.315310,0
-1.581336,-1.812466,0
-2.093020,-1.390741,0
-0.420274,-0.081173,0
-2.813686,-0.728666,0
-1.070899,1.119112,0
-0.775470,-2.129202,0
-0.671853,1.028750,0
-2.193359,-0.247953,0
-2.415571,-0.292222,0
-0.271643,0.386557,0
-0.986046,-2.045363,0
-3.020035,-0.428795,0
-1.322165,-1.979129,0
-0.921543,-1.111890,0
0.054707,-1.153294,0
-0.873090,-0.954191,0
0.388309,-1.968437,0
-2.037957,-0.597722,0
0.607885,-1.652263,0
-1.631279,-0.948369,0
-1.725904,-0.297698,0
0.595269,0.335066,0
-1.146639,-0.486026,0
-0.578428,-1.759480,0
-1.129256,-1.188188,0
-2.152267,-2.086732,0
-0.242774,-0.342668,0
-0.774684,-1.122841,0
-1.969954,-0.159952,0
-2.277006,-0.507918,0
-0.565499,-1.633953,0
-0.811945,-1.370220,0
-1.231248,-0.786527,0
0.327704,-2.415279,0
-2.139569,-0.136625,0
-0.459931,-0.456483,0
-0.212220,-1.168534,0
-1.740272,-1.593851,0
-0.312885,-1.077899,0
-2.363848,-1.285505,0
-0.732348,-2.537423,0
-1.518261,-1.771462,0
-0.459001,-1.692604,0
-1.653209,-0.594863,0
-1.897907,0.312796,0
-1.304807,-1.173084,0
-2.015380,0.067258,0
-2.916239,0.290670,0
-1.203707,-1.537236,0
-0.486307,-0.943599,0
-1.948694,-2.476281,0
-0.148190,-1.319346,0
-1.286367,-1.669812,0
-1.777820,-1.725415,0
-0.651398,-0.767264,0
-0.969151,-2.665041,0
-2.035091,-0.305452,0
-1.118046,-1.140493,0
-2.659505,-0.160897,0
-1.946056,-1.324151,0
-0.783810,-0.283577,0
-2.017071,0.522016,0
0.597487,1.232247,0
-1.515102,-0.567236,0
-2.696645,-1.038581,0
-2.014631,0.745548,0
0.168981,-1.911144,0
-1.820470,-2.058362,0
-1.191797,-3.496539,0
-1.239103,-1.277868,0
-1.032310,-2.245034,0
-1.209008,-3.731585,0
-1.072275,-0.856087,0
-0.000882,-0.201561,0
-4.408083,-0.527274,0
-0.003739,-2.156261,0
-2.662693,-0.588276,0
-0.239126,-1.794006,0
-0.374688,-1.768657,0
-0.902710,-0.679432,0
-1.298762,-1.152862,0
-0.954469,-1.074633,0
-1.725733,-2.020077,0
-2.835560,-0.146366,0
-1.996199,-0.544000,0
-0.934923,-0.084791,0
-0.951324,0.205155,0
-0.912252,-2.637646,0
-1.332401,-0.576574,0
0.310341,-2.265248,0
-1.388355,-2.632541,0
-1.228553,-0.397420,0
-2.021396,-1.444797,0
-3.341930,-0.586530,0
-1.203830,0.281873,0
-1.028334,-0.524867,0
-0.169290,-3.152443,0
-2.068634,-1.899272,0
0.557110,1.062636,0
-0.570208,-1.690927,0
-2.460680,-1.087604,0
-1.044139,-1.471397,0
-1.665270,-0.024855,0
-0.569162,-2.417773,0
-1.265921,-2.190385,0
-2.517146,-1.347898,0
0.399651,-0.310832,0
-1.330665,-1.431469,0
-0.034524,-2.176286,0
-0.770858,0.394318,0
-2.325443,-0.046442,0
-0.262804,-1.243838,0
-1.276643,-1.502680,0
0.894589,-0.673376,0
-0.727012,-1.271193,0
0.203459,0.257534,0
0.266109,-0.040186,0
-2.688935,-1.108580,0
-1.154170,-3.668606,0
-0.346672,-0.857741,0
0.155200,-1.138300,0
-1.019679,-0.615128,0
-2.281459,-1.010841,0
-1.398563,-1.359506,0
-1.149862,-1.334438,0
-0.190838,0.157569,0
-1.032433,-1.854013,0
0.374466,-1.233997,0
0.286550,-3.003200,0
-0.592440,0.536258,0
-0.868098,-2.241265,0
-1.332714,-0.361005,0
-0.194975,-1.769449,0
-1.869135,-1.009195,0
0.802153,-0.326509,0
-0.958136,-3.088017,0
0.750118,1.484003,0
-0.036199,-1.321919,0
-2.290537,1.447556,0
-1.868726,-1.274108,0
0.256650,-1.100507,0
0.506612,-2.039097,0
-1.379032,-0.541149,0
1.670247,0.337766,0
0.445067,-0.256310,0
-2.414084,0.159054,0
-0.323545,1.266390,0
-1.109933,-2.083491,0
-1.730877,-0.958350,0
1.375911,0.005326,0
-0.142444,-1.648352,0
-1.712087,-0.869285,0
-0.557530,0.457223,0
-1.060914,0.176522,0
-2.409623,-0.724321,0
-0.825753,-0.535669,0
1.618725,-0.459917,0
0.064770,-1.882691,0
-2.814848,-2.226555,0
-0.664994,-2.501500,0
-0.607517,-0.594555,0
-1.425146,-1.414721,0
-0.555778,0.947558,0
-0.624188,0.189133,0
-2.449178,-0.112380,0
-1.105837,-0.816933,0
0.596202,-1.354750,0
-1.210181,1.306869,0
-2.030458,-2.188988,0
0.092809,-0.367719,0
-1.866864,-0.162728,0
0.114118,-0.197693,0
-1.523081,-1.632805,0
-0.993914,0.225776,0
-1.717760,-3.695081,0
-1.674332,0.171427,0
-0.953736,0.087369,0
-2.670085,-0.944306,0
0.783365,-1.106192,0
-0.202087,-3.059970,0
-2.004145,0.212594,0
-0.095180,-2.335246,0
0.048756,-1.579459,0
-2.919304,0.014288,0
-3.862140,-0.149879,0
-0.184186,-2.996910,0
-1.008681,0.288963,0
-0.935235,-1.475679,0
-0.912707,-0.768889,0
-0.556727,-1.964904,0
-2.207424,-0.079104,0
-1.497039,-1.941399,0
-2.048968,-1.633097,0
-1.951507,0.282877,0
-2.045106,-1.787993,0
-2.914534,-0.426434,0
-1.060544,-0.688744,0
-0.760212,-2.693583,0
-1.771093,-0.719166,0
0.886780,-1.150581,0
-1.931060,-0.986475,0
0.726936,-1.675926,0
-1.783756,-1.792912,0
-2.750123,0.411919,0
-1.997740,-0.102723,0
-2.252115,-2.540143,0
-0.238259,-2.077951,0
-2.192146,-0.766556,0
-1.078549,-2.087104,0
-0.713186,-3.426151,0
-2.123917,-0.813138,0
1.248171,-2.362386,0
0.338236,-2.248033,0
-2.433322,-2.763144,0
-3.005162,-2.165427,0
-1.517201,0.058808,0
0.366219,-0.885338,0
-0.800405,-0.096208,0
0.329012,-0.690319,0
-2.615287,0.498695,0
-0.211700,-1.451532,0
-3.022232,-1.240803,0
-1.976812,0.023943,0
-0.617974,-0.332765,0
-0.242758,-1.560149,0
0.051776,-2.080401,0
0.576553,-0.579372,0
-0.722949,-0.595555,0
-0.070175,-1.590239,0
-1.675904,-0.597033,0
-0.175869,-1.835936,0
-0.257164,-1.242675,0
-1.320133,-1.597260,0
-1.140452,0.218965,0
-1.548038,-0.470055,0
-2.109344,-0.765330,0
-0.546160,-2.480132,0
-0.683946,-2.468524,0
-1.700439,-0.815729,0
-1.227505,-1.893088,0
0.245848,0.446753,0
-1.310681,-1.423552,0
-4.222213,-0.411304,0
-1.719271,-2.106043,0
-0.614619,-1.154947,0
-0.443236,-2.215651,0
-1.372667,-0.413893,0
-1.388025,-2.590671,0
-2.353999,-1.440863,0
-1.130362,-2.078901,0
-1.174731,-0.387789,0
0.038933,0.123243,0
-1.132149,1.980323,0
-0.601588,0.921721,0
-1.338011,-1.255926,0
0.232394,-0.242931,0
-1.343685,-2.739486,0
-1.870981,-0.292115,0
-1.317599,0.276770,0
-3.910097,-0.568012,0
-1.381523,-1.889511,0
-0.300964,-0.445850,0
-0.361912,-1.340034,0
-0.740756,-0.254596,0
-1.913704,-1.123662,0
0.960039,-2.576245,0
0.677332,-0.582990,0
-0.721051,0.821616,0
-1.123540,0.112575,0
1.849025,-0.440490,0
-0.245175,-0.797409,0
0.265671,-0.550739,0
-0.871661,-1.460350,0
-0.965943,-2.118682,0
-0.636409,0.082992,0
0.119821,-0.617137,0
-2.996520,-1.467103,0
-2.308612,-0.165919,0
0.166576,0.749994,0
-0.483614,-0.520848,0
-1.062829,-1.692290,0
-0.565164,-0.202431,0
-1.291352,-1.499618,0
-0.488231,2.164886,0
-1.641606,-0.726243,0
-1.468358,-1.394016,0
-1.499941,-3.535668,0
-1.359549,-1.995520,0
-0.616932,-1.138634,0
-2.146518,-0.530229,0
-2.406739,-0.684218,0
-0.467357,0.244966,0
-1.211644,-0.508344,0
0.417964,-0.849030,0
-0.895459,-0.976369,0
0.052427,-0.223839,0
0.179458,-0.647234,0
2.371967,-0.427944,0
-1.743364,-0.914511,0
-0.444141,-2.195214,0
-0.920506,-1.655022,0
-0.199555,1.065250,0
-2.908008,1.226329,0
-0.841452,-1.534534,0
-1.117733,-1.122207,0
-0.891651,-2.431007,0
-0.182031,1.185561,0
-1.184108,-0.830589,0
-0.681494,0.220763,0
-1.060395,-0.097348,0
-0.056440,-0.295565,0
-1.769151,-0.406172,0
-1.718803,-1.820845,0
-3.744789,-0.620695,0
0.073302,-1.611278,0
1.538603,-2.923301,0
-0.054602,-0.824430,0
-2.038882,-0.504798,0
-0.556070,-0.661080,0
-0.859116,0.146847,0
-2.271758,-0.780146,0
-2.890784,0.384592,0
-1.604667,-1.165971,0
-1.082538,0.533524,0
-3.038760,-1.660076,0
-1.295376,-0.797163,0
-2.122360,-2.325084,0
0.051328,-0.953187,0
-0.785542,-1.033818,0
-1.647787,-1.764090,0
-0.616519,0.217592,0
-1.241276,0.254366,0
-1.680414,-1.741939,0
-0.513820,-1.830611,0
-2.602356,0.988795,0
0.882358,-2.294742,0
0.862573,-0.611142,0
-0.730129,-0.497161,0
1.070592,-1.068616,0
-0.225173,-2.118695,0
0.725132,-1.264509,0
0.266575,-1.593041,0
0.736476,-1.511573,0
-1.206155,0.831012,0
-1.262108,0.169731,0
0.255458,-1.167190,0
-1.030881,-2.026616,0
-0.265531,-0.151348,0
-0.428232,-2.234765,0
-1.458012,-1.979576,0
-0.980484,-1.759229,0
-0.456994,-2.752566,0
-1.077370,-2.048291,0
-2.390035,-1.309017,0
-1.864450,-3.083259,0
0.953840,-0.158945,0
-0.310896,-0.791994,0
-1.684480,-0.640761,0
-0.697381,-0.984676,0
0.777830,-0.106758,0
-1.579015,-0.103807,0
-0.012182,-1.797906,0
-0.296993,-0.827467,0
-0.929398,-1.311404,0
-2.500556,-1.689477,0
0.095736,2.652010,0
0.826277,-3.408962,0
-2.558848,-1.808897,0
-2.102539,0.358907,0
0.585095,-1.044481,0
-1.303528,-2.607290,0
-0.644029,-1.319053,0
-1.509940,-1.020782,0
-0.118840,-0.085842,0
0.624257,-0.678958,0
-0.560511,-1.400616,0
0.286216,-1.801504,0
0.025119,0.027187,0
-0.635092,-1.556031,0
-0.854540,0.812227,0
-0.441001,-1.441285,0
0.414054,-1.728748,0
-0.733599,-0.032079,0
-1.111374,-0.915300,0
-0.346249,-0.232709,0
-0.575985,-2.764551,0
-1.302760,0.287031,0
0.260067,-1.321780,0
-2.126561,-1.803296,0
-0.859002,-1.718536,0
-1.015774,-1.408865,0
-1.236375,-2.789269,0
-0.115372,-2.524635,0
-0.487876,-1.887991,0
-0.719984,-0.910537,0
2.060236,-0.471741,0
-0.089957,0.021887,0
1.120194,0.048442,0
-0.939272,-1.836096,0
-1.015844,-0.634557,0
-0.496576,-0.322217,0
-2.640622,-1.798564,0
-3.142766,-1.692937,0
-0.267320,-0.242412,0
0.621321,-0.350135,0
-0.248863,-1.949626,0
-1.192460,-0.625772,0
0.833372,-1.123618,0
-1.544275,0.022811,0
-0.513448,-0.604535,0
-0.427745,1.039202,0
-0.341171,-1.649609,0
-2.085890,-1.189927,0
-1.313028,-2.903898,0
-0.234206,2.239972,0
-1.519383,-0.307941,0
-3.928924,-3.933939,0
-1.294404,-4.563950,0
-0.317583,0.036914,0
-1.773625,0.426161,0
0.785697,-0.635128,0
-2.619878,-1.054283,0
-0.720487,-1.363791,0
-1.845811,-2.607106,0
-0.261071,-1.928277,0
0.437531,0.926669,0
-0.812794,0.422568,0
-0.036200,-0.704484,0
0.510307,-2.700108,0
-1.041561,-2.166124,0
0.577753,-0.668579,0
-1.754993,1.411933,0
-1.972071,-0.612942,0
-0.919371,-1.972536,0
-0.278385,-1.000022,0
-0.246972,0.785165,0
1.076308,-2.136372,0
-2.030948,0.665120,0
-1.499678,-0.091068,0
-1.895354,-0.358936,0
0.351925,-1.856991,0
-0.281352,-0.426620,0
-0.329381,-1.277622,0
-0.344920,0.276244,0
-0.458328,-1.355247,0
-2.465132,-1.472662,0
-1.419495,0.584402,0
0.564112,-1.344060,0
-0.146792,-0.874141,0
-0.801424,-0.655525,0
-0.132627,-0.381821,0
-0.429359,0.683438,0
-2.328424,-0.253377,0
-1.621554,-0.428575,0
-0.750431,-0.085351,0
-0.794617,0.494692,0
-1.350225,-0.057137,0
-1.983587,-0.673252,0
-2.092491,-0.088522,0
-1.832032,-1.880026,0
-1.919167,-1.019318,0
-1.591768,-1.916849,0
-0.774398,-0.318130,0
-2.619198,-0.363401,0
0.395118,-2.639936,0
-1.435355,0.537486,0
-3.133372,-0.757320,0
-1.155599,-1.366932,0
0.235658,-0.456918,0
-1.935601,-2.499572,0
-0.457360,-1.079345,0
-0.420182,-3.110196,0
-1.281188,-0.744637,0
0.639003,0.473063,0
-2.518884,-2.209272,0
0.182029,-1.022774,0
0.386271,-1.163951,0
-0.753733,-1.242782,0
0.822453,0.299990,0
-2.265445,-0.317300,0
-0.214746,-0.368863,0
-0.070178,0.099794,0
-0.730715,-3.083250,0
-3.579869,-0.858459,0
-1.910063,-1.128086,0
-1.210229,-1.471039,0
-0.288588,-1.336314,0
-1.444210,0.447049,0
-0.204826,0.166189,0
-2.358111,-0.506235,0
-1.009729,0.213283,0
0.036000,0.408442,0
0.182025,-1.462590,0
-3.147079,-1.382477,0
-1.641996,-2.370859,0
-1.361528,-1.175624,0
-0.655654,-0.222522,0
-2.509759,-0.504079,0
-1.021501,-0.577488,0
-2.139066,-0.696287,0
-1.678962,0.228421,0
-1.365806,0.240352,0
0.540765,-1.319039,0
-2.677025,-3.370479,0
-1.896463,0.195103,0
-1.607321,-1.082472,0
-1.820545,-1.395966,0
-3.597336,-2.055670,0
-2.609416,0.269152,0
1.280952,0.950343,0
-0.001680,-1.835793,0
-1.753750,-0.713729,0
-1.313023,-1.495318,0
0.169553,-2.421541,0
-3.003730,-0.468316,0
-0.033540,0.175535,0
-1.256706,-1.066003,0
-1.337317,1.209894,0
-0.197722,-0.559529,0
-1.774866,-1.499952,0
-2.114294,0.960538,0
-1.237307,-0.174343,0
0.168998,-0.654623,0
-1.598294,-5.187222,0
-2.332972,-2.434161,0
0.011351,-2.452368,0
-0.189875,-0.606620,0
-1.073478,-1.804466,0
-3.560803,-1.702327,0
0.728301,-2.447799,0
0.995457,-0.690276,0
-0.945080,-1.088931,0
-1.794976,-0.924315,0
-2.196990,-0.044476,0
-2.377697,0.693095,0
-2.940894,1.221014,0
-1.924556,-0.390597,0
-1.028254,0.471037,0
-1.158532,-3.115798,0
-1.010798,-2.063314,0
-2.519746,-2.076121,0
-0.346557,-1.719131,0
-0.825765,1.001497,0
2.072755,-1.349150,0
-2.034882,-1.483235,0
-0.313497,0.570876,0
0.878393,0.452700,0
-1.170357,-1.119185,0
-3.644296,0.609849,0
1.499526,1.418004,0
0.153694,-1.784683,0
-1.379470,0.137103,0
-1.731319,0.655449,0
0.009542,0.311771,0
-0.098208,-0.072912,0
-2.578854,-0.486168,0
-1.512566,1.668120,0
-2.124341,0.918548,0
-0.244406,-1.768504,0
0.086132,-2.391325,0
-5.218907,-0.900605,0
-2.652385,-1.240337,0
-0.259421,-1.667632,0
-1.027356,-0.335316,0
-1.069894,0.677155,0
1.102226,-1.332195,0
-3.348705,1.151908,0
-1.468436,-0.747866,0
-0.919556,-1.150429,0
