-0.324218,1.235509,1
1.970327,2.011824,1
0.449078,1.897273,1
-0.190277,0.553734,1
0.528080,0.631709,1
-0.002434,0.303308,1
1.064096,1.775644,1
-0.243883,0.722895,1
-0.181412,3.130415,1
-0.673756,2.808320,1
1.464018,0.825343,1
0.492631,1.980703,1
1.277714,-1.041929,1
0.249160,2.397266,1
2.172916,-0.853439,1
0.364485,0.206515,1
1.867979,1.893926,1
2.038572,2.820050,1
-1.338656,-0.618825,1
-0.225162,1.542353,1
2.041901,0.540152,1
0.366573,0.436596,1
2.524315,2.238123,1
1.285473,2.216885,1
0.946950,1.306054,1
1.590238,0.874316,1
1.023571,2.792430,1
0.193559,0.552619,1
1.127937,0.699868,1
0.432946,1.158545,1
1.140882,2.673987,1
2.139574,2.344065,1
1.377946,1.350381,1
2.273793,0.754439,1
0.557001,0.172232,1
-0.437180,0.885816,1
1.714409,3.119281,1
2.711327,2.352056,1
0.841398,0.045582,1
0.650103,0.966288,1
1.302782,1.174771,1
1.964250,-0.372371,1
2.359994,0.483219,1
0.626805,1.343620,1
1.099125,0.789058,1
1.677979,0.989932,1
1.007143,-1.052022,1
1.116291,1.804437,1
0.658827,1.868203,1
-0.172830,1.492315,1
1.443629,1.260679,1
0.573402,-0.768378,1
-0.944107,0.747771,1
1.250326,0.830268,1
0.450297,2.378006,1
0.246921,1.321656,1
1.182836,-0.198116,1
1.076126,1.614353,1
1.754855,-0.183738,1
0.860576,1.698889,1
0.467368,-0.610482,1
2.774897,0.939579,1
2.285829,1.977275,1
1.669469,0.357314,1
1.191859,0.196022,1
2.574298,-0.025308,1
1.452667,1.183700,1
2.678670,2.239768,1
3.318305,1.223953,1
3.486160,0.736387,1
-1.258472,0.272083,1
1.072909,0.979602,1
0.102368,2.002796,1
0.924331,0.969924,1
1.848043,-1.858504,1
0.351006,1.265384,1
-0.157423,0.680380,1
2.879592,-0.082559,1
2.377121,1.074087,1
1.048866,-1.078552,1
0.230510,1.064053,1
1.325492,-0.903499,1
0.149425,0.532595,1
0.966395,0.336094,1
1.169608,1.831733,1
0.925717,-0.179126,1
0.726615,2.709679,1
1.605736,-0.969785,1
2.371200,0.789698,1
0.164253,2.034394,1
-0.148065,-0.169786,1
0.922110,0.735092,1
0.385326,0.943695,1
-0.331448,0.183070,1
-0.303909,1.075508,1
1.538546,1.447236,1
0.754228,0.134729,1
-0.535746,0.904215,1
2.401837,1.793609,1
2.418594,1.489814,1
0.910575,1.539965,1
0.739585,3.213170,1
-0.707416,1.773673,1
0.974929,1.604952,1
0.348335,-0.013264,1
-0.300439,1.336291,1
0.457751,1.126090,1
1.046194,0.301801,1
1.080887,0.237262,1
-0.765340,1.990224,1
0.909617,-1.461180,1
0.177277,2.090393,1
0.247515,1.059951,1
1.441368,0.092312,1
1.482293,1.314829,1
-0.821984,0.157109,1
2.619812,1.482306,1
0.793936,0.768606,1
-1.214162,-1.476792,1
2.032406,0.450646,1
-0.003184,-0.611523,1
1.276443,1.199302,1
2.192645,2.090759,1
1.459989,-1.136232,1
1.113143,1.642418,1
0.982182,0.872786,1
0.171561,0.864504,1
2.344818,1.692691,1
0.098419,2.509241,1
0.094251,0.214850,1
-0.219954,2.584816,1
-0.170645,2.071898,1
-0.639821,0.444993,1
3.139483,2.688675,1
0.966896,0.731742,1
-0.797891,1.456932,1
0.842882,0.713523,1
0.722231,2.043665,1
0.757409,0.162531,1
0.510675,0.700300,1
0.969459,-0.251639,1
1.495296,2.315803,1
0.705223,0.387049,1
-0.099638,0.399092,1
0.399250,1.035386,1
2.629000,1.238296,1
0.001185,-0.417711,1
1.277022,0.251798,1
0.564580,1.823544,1
0.973093,0.484240,1
2.909380,0.712370,1
1.759659,1.838352,1
1.564398,-0.185928,1
2.175363,0.257622,1
2.363987,3.023425,1
-1.361642,1.635967,1
0.742832,0.988938,1
0.043425,-0.420000,1
-0.791198,2.684041,1
0.959921,2.032700,1
2.494409,1.668338,1
0.928621,1.652612,1
0.523447,3.121417,1
0.875605,-0.108197,1
0.376088,0.480032,1
0.317531,0.352952,1
0.091378,0.297978,1
2.082635,2.102247,1
1.856135,2.383367,1
1.021653,2.321491,1
2.278497,0.177928,1
0.033670,-0.084854,1
0.718234,0.423263,1
1.366344,0.661537,1
1.384820,0.541174,1
0.381111,0.939189,1
1.517850,1.488894,1
1.236954,2.477028,1
0.698333,1.316019,1
-1.929043,2.139167,1
-0.243902,0.945110,1
0.920235,1.070803,1
1.657344,1.035210,1
-0.114776,0.754796,1
0.683403,2.907910,1
2.042063,-0.143278,1
-0.227709,0.734595,1
-0.859771,1.689359,1
2.713585,1.174935,1
0.788347,1.924392,1
1.698746,0.319019,1
1.102462,0.139317,1
-0.145852,0.408247,1
1.238024,3.070447,1
1.137293,1.254819,1
0.564911,1.904266,1
1.258943,0.806345,1
2.109103,-0.165986,1
1.411749,0.845985,1
0.779568,1.188823,1
2.543938,2.303240,1
-0.449263,0.370633,1
1.784604,1.465129,1
-0.539444,-0.841405,1
1.748857,-0.217799,1
2.084982,1.558252,1
1.542545,0.174946,1
2.226598,1.226250,1
3.811497,0.498948,1
0.372662,-0.394876,1
-0.205428,1.850988,1
2.526203,-0.222604,1
1.585663,0.884390,1
0.448343,2.740986,1
1.691290,1.797748,1
-0.044001,0.894898,1
1.956817,0.745444,1
-0.779786,1.216208,1
-0.448966,0.639289,1
0.663268,2.726933,1
0.064987,2.258499,1
1.825919,0.923690,1
-0.024026,0.227668,1
0.885451,0.360119,1
1.313451,2.418152,1
0.130446,0.340045,1
0.316127,0.935246,1
1.959006,0.874383,1
1.591887,0.425604,1
0.295867,1.230920,1
1.267695,2.424303,1
0.924260,1.354903,1
1.366014,1.138224,1
0.085151,0.876421,1
0.173502,1.977080,1
0.316532,2.469703,1
1.042466,-1.375598,1
1.794813,1.632842,1
1.147383,0.537988,1
1.508663,0.826267,1
2.505527,-0.419609,1
3.601636,0.511252,1
2.033118,3.183070,1
1.685072,2.216193,1
1.632325,0.230781,1
2.229508,0.719066,1
2.247480,0.406009,1
2.157322,0.468819,1
1.794953,0.531422,1
0.396599,2.332958,1
0.032016,0.567268,1
0.295697,1.337318,1
0.366816,-0.675609,1
0.556590,1.454893,1
1.457433,1.715956,1
1.844271,1.861542,1
0.833178,0.586478,1
0.911455,0.070609,1
0.387971,3.278730,1
-0.628159,0.064572,1
-0.801695,-0.780373,1
2.862673,0.149841,1
0.116101,-0.234046,1
1.822768,1.722084,1
2.344904,0.056953,1
1.326419,1.963077,1
-0.746935,0.698597,1
1.435515,1.470919,1
0.240795,0.134946,1
1.754071,0.074446,1
1.131783,1.077115,1
1.652256,0.441662,1
1.607401,1.986852,1
2.471768,0.555798,1
2.569047,-0.321319,1
0.322062,0.689487,1
2.274592,0.183931,1
0.288509,0.303973,1
-0.421540,2.741529,1
-0.738123,0.140852,1
0.807218,-0.132940,1
1.371421,0.003731,1
2.147512,1.616276,1
0.434062,-0.741924,1
2.438671,0.289556,1
0.849991,0.731050,1
1.656342,1.657513,1
-1.303164,0.774861,1
2.164316,-0.735899,1
1.898594,1.657319,1
3.141718,0.336180,1
0.044180,1.292621,1
1.894426,0.636309,1
1.212624,0.820850,1
0.951618,0.562956,1
-0.785408,0.723007,1
-0.145901,-1.563403,1
1.121049,-2.138814,1
0.549124,1.299395,1
1.530580,1.891290,1
0.949611,1.547468,1
0.988420,0.524043,1
1.708880,0.483942,1
0.494310,-0.034010,1
0.013699,0.428056,1
1.541453,-0.333807,1
3.063641,1.586312,1
0.110429,2.301279,1
-1.135616,1.302420,1
0.634449,-1.530233,1
1.187654,0.722868,1
-0.662950,2.340692,1
0.934927,-0.546881,1
0.647593,1.642241,1
1.956300,0.747701,1
1.641084,-1.776990,1
0.528211,0.008512,1
-0.879558,1.785665,1
4.056640,0.495731,1
0.420065,-0.458281,1
2.044486,1.248828,1
2.700108,2.016005,1
0.185329,0.362308,1
2.599608,0.751014,1
2.300301,2.163055,1
1.839603,-0.996630,1
2.133308,1.838689,1
-0.135843,0.943917,1
-0.489286,1.441205,1
1.693195,0.359238,1
0.782495,-1.849658,1
3.289002,-0.665352,1
1.547006,2.557978,1
2.737333,0.277985,1
0.293266,0.459924,1
0.313410,1.477893,1
1.310849,2.434761,1
1.954276,1.346680,1
1.509648,0.633881,1
1.811387,2.755558,1
3.589415,2.061314,1
2.087021,0.195721,1
1.415668,2.037917,1
1.309536,2.123328,1
0.521984,-0.406938,1
4.096659,0.078124,1
1.647783,3.029803,1
-0.015755,1.368131,1
1.920584,2.424666,1
0.850150,0.006314,1
0.343064,-0.386425,1
2.250671,0.109518,1
0.239472,-0.706653,1
2.894998,1.122868,1
-0.645298,1.592995,1
1.055669,-0.783681,1
0.105847,1.464809,1
1.138421,-0.004114,1
0.467412,-0.361093,1
1.082596,2.053444,1
-0.951794,1.368691,1
1.409927,0.894087,1
0.601033,0.091218,1
-0.280915,1.297793,1
-0.012833,1.067098,1
0.908001,1.512293,1
1.797226,2.164088,1
-0.713035,1.017560,1
1.198326,2.101990,1
1.037563,1.482133,1
2.253345,1.373278,1
0.653054,1.889989,1
0.449116,1.650896,1
0.214482,-1.134486,1
-0.234366,0.966221,1
-0.056188,-0.624866,1
1.227460,1.883887,1
1.662640,1.016482,1
1.578859,0.280193,1
3.008015,-1.446273,1
-0.056043,2.844206,1
-0.847197,1.151640,1
-0.948908,1.028160,1
-0.601667,-0.964320,1
1.409412,0.232604,1
-0.279624,0.625378,1
2.516058,-0.876304,1
0.388886,0.207320,1
-0.283676,0.137842,1
2.635338,0.852873,1
1.030531,1.040459,1
0.112404,1.253177,1
0.443088,2.392534,1
2.336572,-1.722342,1
2.967226,1.764332,1
1.882448,0.985883,1
0.473212,2.020136,1
0.128096,0.140271,1
0.655335,1.626212,1
1.494387,2.219297,1
1.883783,0.914392,1
0.854366,0.524775,1
0.369676,1.519041,1
-0.667354,-0.024603,1
0.799363,1.393048,1
1.588184,1.323741,1
1.537710,1.994837,1
1.924450,3.870802,1
3.192506,-1.013213,1
1.561017,0.469658,1
1.066937,2.654769,1
-1.469833,1.698294,1
1.726623,1.044359,1
0.446992,2.699876,1
0.731732,1.976819,1
0.543567,-0.280815,1
2.387406,2.295778,1
0.528399,0.403468,1
0.800604,1.704017,1
2.563602,1.735016,1
2.207583,3.198772,1
-0.422145,1.551874,1
0.770333,1.421226,1
-1.093911,1.167649,1
0.354437,2.403459,1
2.198348,0.186673,1
0.922233,1.808197,1
2.288975,-0.849130,1
-0.791562,-0.710490,1
1.525554,0.495505,1
0.665233,3.084553,1
0.669972,1.184727,1
0.257505,-0.661985,1
-0.086970,0.709840,1
2.773528,0.797009,1
4.075108,3.650482,1
0.781228,0.490512,1
0.910800,-0.090881,1
-0.552032,-0.542640,1
2.107704,2.294463,1
2.563383,1.977469,1
1.464079,2.612904,1
1.561399,1.404302,1
-1.246489,0.008527,1
2.191397,2.886584,1
-0.948080,0.570486,1
-0.037058,1.893385,1
0.481582,0.920779,1
-0.782329,2.548330,1
2.970848,0.886943,1
3.408767,-0.177119,1
1.285900,1.729364,1
1.309255,0.094542,1
-0.366279,1.211695,1
-0.243841,1.222180,1
-0.036904,0.430834,1
1.386024,-0.290280,1
0.106471,0.816516,1
2.091007,-0.950053,1
1.982587,1.576275,1
-0.516843,1.272478,1
0.686072,2.204435,1
1.274052,2.453255,1
3.179111,1.877343,1
2.693028,-1.751248,1
1.822757,-0.656904,1
0.457374,-0.361170,1
0.267817,-0.733491,1
2.227240,0.338917,1
2.110830,0.598385,1
2.380429,2.627565,1
1.193791,1.439277,1
0.399573,1.490587,1
-1.191604,0.132542,1
1.840707,1.766660,1
-0.210643,0.688196,1
0.394225,0.989294,1
0.977091,2.194281,1
0.010008,1.232329,1
1.427054,1.090905,1
2.608144,2.606319,1
0.244035,1.033317,1
1.063468,-0.717697,1
1.208686,1.410968,1
1.676863,1.559183,1
2.319746,1.995111,1
0.902597,-1.517215,1
1.969973,2.415171,1
-0.505540,1.851219,1
3.807602,0.819804,1
-0.355783,0.326496,1
0.744124,1.088552,1
-0.220073,-0.423267,1
1.273937,0.014502,1
2.071040,-0.067966,1
1.482157,1.799513,1
2.205630,1.303644,1
2.039803,0.054907,1
2.413601,0.637142,1
1.514834,2.058603,1
1.065954,2.404730,1
-0.172433,0.596466,1
2.697266,0.493275,1
0.868953,-0.603879,1
1.522529,3.353068,1
1.184165,-0.338901,1
1.083590,1.301657,1
3.536158,2.642263,1
1.679098,-1.053416,1
1.287826,2.536891,1
1.562824,0.496589,1
1.268895,-0.382275,1
-1.137927,1.475419,1
1.061659,1.773159,1
2.341100,2.013647,1
1.465357,-0.305052,1
0.769491,1.609775,1
-0.168851,-1.636237,1
-0.403436,1.584488,1
1.802903,1.278163,1
1.565721,1.003835,1
0.141876,1.859516,1
1.358169,1.455361,1
1.301952,-0.180690,1
2.027356,2.058933,1
0.208275,0.137717,1
1.447927,0.479200,1
1.250707,0.225068,1
2.303124,0.355674,1
2.303233,0.233416,1
0.925929,0.743407,1
0.360363,1.822703,1
-0.783504,2.297942,1
2.586834,1.333501,1
0.245097,-0.147149,1
-0.127584,1.488432,1
0.569632,1.770170,1
1.759012,1.239543,1
-0.609815,1.027356,1
-0.809240,-0.612880,1
1.753785,-0.422496,1
0.685900,0.863266,1
-0.737981,2.598720,1
0.594376,1.302620,1
2.125185,-0.300991,1
0.844692,1.298619,1
0.517487,0.477102,1
2.004713,3.551118,1
2.953877,2.333661,1
0.468934,2.497431,1
0.026425,0.743469,1
2.168339,1.759580,1
0.807617,0.058504,1
0.215742,0.248180,1
1.782628,2.733907,1
3.656113,-0.074103,1
0.400912,1.883841,1
-1.023054,0.028936,1
2.291558,-0.970641,1
1.676269,1.283040,1
0.813215,0.266365,1
-0.473724,2.147522,1
-1.365320,-1.908414,1
1.743722,1.153015,1
0.355521,-0.499688,1
0.305482,-0.470444,1
0.401575,0.014347,1
0.844777,0.986711,1
0.926345,1.564252,1
-0.787856,2.937102,1
1.190515,0.459975,1
-1.535455,0.709303,1
3.698489,0.276703,1
0.099940,2.349103,1
0.203514,1.086651,1
1.856931,-0.176791,1
-0.523250,-1.564519,1
0.381286,-0.360550,1
1.212280,0.866334,1
1.157488,-0.148412,1
0.924781,-0.781536,1
0.281000,1.084558,1
1.279648,2.893336,1
0.901338,0.489744,1
0.696273,2.262536,1
0.888856,1.432808,1
1.695657,-0.201205,1
-0.383100,1.933573,1
1.076584,-0.047056,1
-0.257672,2.799890,1
1.197062,0.649998,1
0.975382,1.035983,1
-0.162149,0.575082,1
1.293337,0.310991,1
2.119524,0.732744,1
-0.343935,-0.644747,1
0.693437,1.049657,1
1.674967,0.670408,1
1.573885,0.739800,1
1.659122,2.989289,1
1.871217,1.443720,1
1.091965,3.059013,1
0.808300,3.532568,1
-0.725872,1.125871,1
-1.490342,2.236729,1
-1.371986,0.708479,1
0.620224,1.736544,1
0.795217,1.145255,1
2.062233,0.238190,1
1.129905,1.275966,1
1.435904,-0.689573,1
1.697600,2.796017,1
0.610194,4.175185,1
0.124584,2.077602,1
2.342209,1.625458,1
0.496290,1.499086,1
1.648308,-0.023679,1
0.308261,0.327734,1
-0.206413,1.090919,1
-0.131536,1.895000,1
1.658644,0.721373,1
1.807817,-0.142432,1
0.974005,2.522090,1
-0.008340,0.331938,1
-0.143219,0.047649,1
-0.489879,0.883812,1
1.876295,1.638973,1
0.948637,0.588898,1
1.457289,1.786345,1
-0.013549,2.473371,1
2.640711,1.121158,1
0.054807,0.749758,1
1.724337,1.638535,1
3.203661,3.872079,1
-0.888778,1.840376,1
0.979557,0.143597,1
0.942530,2.322446,1
-1.215361,1.230805,1
2.627624,2.591293,1
-1.598334,1.257910,1
0.598301,-0.347757,1
0.152686,-0.917870,1
1.237606,1.602044,1
2.501256,0.006067,1
4.035878,2.529773,1
2.816252,0.714993,1
2.054603,0.896838,1
1.844270,-0.553558,1
0.098715,2.877181,1
1.516904,1.875238,1
-0.640687,1.403569,1
1.688877,1.223048,1
-0.048096,-0.214128,1
1.497088,2.809118,1
2.877493,3.563444,1
0.621423,1.829386,1
-1.258333,3.037732,1
2.531150,1.311419,1
1.666878,-0.849124,1
1.619718,-0.812619,1
0.118153,0.343980,1
-0.136097,1.890656,1
1.431008,0.853183,1
-0.765171,0.094768,1
-0.093355,0.867522,1
0.085813,-1.036191,1
1.793813,0.632495,1
0.276499,0.913802,1
1.960617,2.858943,1
1.148438,0.912463,1
0.775738,2.151093,1
0.792174,1.380208,1
1.114492,-1.778222,1
1.457542,1.799694,1
3.765366,1.840827,1
0.536953,1.127146,1
2.295004,-0.459142,1
1.321473,1.487175,1
0.103083,2.501803,1
-1.408797,1.323484,1
2.886134,1.993396,1
2.110582,0.212135,1
4.113402,0.629640,1
0.283321,1.236643,1
2.653764,0.495270,1
-0.571549,0.266698,1
2.348370,2.071256,1
2.849203,2.568683,1
2.270181,0.295967,1
-0.139723,-1.224497,1
3.373251,0.287532,1
2.459055,1.336048,1
1.280058,0.331951,1
1.309814,1.090319,1
1.998651,-0.054305,1
0.375598,-0.057868,1
0.969538,0.381513,1
0.926180,-0.433462,1
0.197281,1.364945,1
1.040403,-2.150127,1
1.312508,-1.396634,1
2.089767,0.855580,1
-0.210107,0.851785,1
0.399879,0.649481,1
1.425620,0.094880,1
-0.102902,0.508946,1
0.050801,2.195829,1
1.208098,2.209161,1
1.579116,2.475291,1
0.659704,0.464538,1
0.613837,1.546647,1
-0.092942,-0.156817,1
1.777604,1.039355,1
1.612673,1.209007,1
2.419788,0.055009,1
-0.455600,-2.198673,1
-0.570582,0.374066,1
1.981886,1.101350,1
0.602376,1.144978,1
0.308243,1.871830,1
1.331770,-0.102978,1
-0.221184,2.108140,1
3.148709,1.727513,1
1.483360,2.081798,1
0.303572,3.036268,1
1.176996,0.238492,1
0.248694,1.326882,1
0.286279,0.865377,1
1.401428,2.263622,1
0.204276,0.732998,1
2.569143,0.864613,1
0.818367,0.171841,1
1.710115,0.713439,1
0.337903,1.374654,1
0.637049,0.881831,1
1.347861,-0.526619,1
0.300750,1.447109,1
0.221787,0.236931,1
-0.129847,2.131230,1
-1.515084,-0.279209,1
3.019781,0.172363,1
-0.017951,2.038324,1
1.812039,-0.474919,1
3.077350,0.758906,1
1.191508,0.427921,1
1.802589,0.985745,1
1.513742,-0.739226,1
-0.089966,1.064930,1
-0.613562,1.070548,1
-0.974312,1.102926,1
1.023227,0.237010,1
-0.257761,-0.115387,1
-0.004049,1.273438,1
1.894579,1.901088,1
3.016640,1.982010,1
1.249836,3.515367,1
1.411548,1.086317,1
0.277178,1.065165,1
1.112561,0.736960,1
1.031134,2.983716,1
2.203587,0.917959,1
0.318645,1.135565,1
0.478369,-0.135866,1
-1.065206,0.411067,1
0.577514,2.188223,1
0.577237,-0.914689,1
1.170322,1.653658,1
-1.658649,-1.041966,1
1.508970,-0.766912,1
1.187657,0.377701,1
-0.169430,0.913615,1
0.577940,-0.069995,1
1.571778,1.570299,1
1.610107,2.678673,1
1.540816,0.896600,1
1.680936,2.895561,1
0.289496,0.665219,1
0.951719,1.797214,1
2.219999,0.884977,1
1.095669,1.738493,1
-0.652737,0.044853,1
2.049762,0.733549,1
-0.750179,0.557900,1
0.233250,-0.201803,1
-0.120144,2.294777,1
1.869739,-1.432588,1
0.853300,2.169067,1
0.929821,0.814964,1
1.328476,2.336903,1
1.029925,3.067471,1
1.833971,0.785310,1
2.622205,2.549659,1
1.169597,2.080803,1
0.759525,1.924049,1
1.540131,2.113049,1
0.388663,-0.305069,1
1.659627,-3.100007,1
1.672287,0.945772,1
0.654855,-1.584907,1
2.716138,0.259889,1
-0.635700,0.773057,1
0.544484,1.156117,1
0.776959,1.583420,1
2.069123,1.792949,1
-1.315629,1.030822,1
1.490315,4.065798,1
4.204473,-0.336651,1
2.321113,1.726252,1
0.205867,3.239290,1
1.789128,3.724126,1
-0.739570,1.466834,1
0.671141,2.233404,1
0.456408,1.696533,1
1.233777,0.699093,1
0.414146,-0.350297,1
0.270444,-0.276684,1
1.286233,1.084372,1
1.464094,1.337877,1
0.673350,-1.302666,1
2.733561,1.580767,1
0.515448,0.918199,1
-0.008419,1.466179,1
0.294769,-0.716749,1
2.319467,1.370407,1
-0.024551,1.126225,1
2.184623,-0.210479,1
0.790418,1.853909,1
1.983375,-0.288622,1
0.822511,1.291390,1
1.763151,-0.382729,1
2.890933,0.566932,1
-0.367918,0.575899,1
2.276031,0.196798,1
1.895436,0.392885,1
2.682154,0.757291,1
0.639128,0.702024,1
0.265280,0.279077,1
1.327217,1.091767,1
-0.323599,0.500763,1
3.245010,1.150604,1
2.340976,-0.364347,1
0.168950,-1.640879,1
1.444231,-0.231239,1
-0.172626,-1.016901,1
2.070479,1.441023,1
1.345320,1.212103,1
1.994603,1.333464,1
0.690995,1.733797,1
2.896253,1.212094,1
-0.383490,1.693144,1
0.393990,0.222925,1
1.775768,1.747557,1
-1.422171,0.549333,1
1.346254,-1.286881,1
0.725484,-0.209355,1
0.286214,1.357044,1
0.824650,1.323403,1
1.383869,0.756067,1
1.819100,1.486863,1
-0.439726,1.758300,1
-0.734017,2.042418,1
0.745338,0.693471,1
1.037917,2.509441,1
1.034321,0.243968,1
1.325689,2.251958,1
-0.265368,0.604020,1
2.171422,2.514290,1
1.715203,0.673041,1
-0.424812,1.752370,1
1.728359,0.787012,1
3.139600,0.235749,1
1.895383,2.552626,1
3.171292,-0.358527,1
-1.408105,1.660203,1
1.827709,0.643201,1
1.036029,0.922666,1
0.639018,0.235710,1
0.902761,2.048408,1
3.045847,3.083469,1
1.607798,0.811920,1
2.251759,0.431609,1
1.361143,-0.289545,1
2.670047,0.745462,1
0.229940,1.281223,1
2.260111,-0.856782,1
-0.219883,1.829981,1
0.393988,2.184505,1
1.694648,0.403248,1
1.852543,2.646180,1
1.826598,2.185974,1
2.196703,1.014751,1
1.283024,2.220766,1
-0.131992,-0.242132,1
-0.389789,1.580578,1
-1.526612,0.322956,1
-0.503466,2.639448,1
0.922326,-1.255634,1
-0.227637,0.652676,1
-0.540027,-0.400331,1
1.331896,1.688305,1
0.574939,2.887308,1
1.663861,0.707986,1
1.279371,-0.047854,1
-0.125738,-0.312027,1
1.008888,0.826278,1
1.253682,-0.481316,1
0.942573,2.300636,1
0.542951,1.153483,1
0.371322,1.271715,1
1.347855,2.264178,1
2.097382,-0.202815,1
0.973735,-0.425397,1
0.717537,0.214446,1
0.857677,2.333719,1
0.026434,-0.272004,1
0.859466,-0.486700,1
1.456477,1.615483,1
-0.308452,-0.383963,1
1.536447,1.001753,1
0.642695,0.484049,1
2.381425,0.520094,1
0.319441,-0.112939,1
0.956696,1.056718,1
0.557135,0.613908,1
0.748354,1.189706,1
0.917266,1.561119,1
2.313575,1.689997,1
0.520240,0.497553,1
0.874267,-0.843004,1
1.877753,3.016491,1
1.084199,1.349311,1
0.855942,1.443994,1
0.675589,0.589069,1
1.033391,2.545345,1
0.261350,1.045508,1
1.469326,1.081854,1
1.104697,2.935826,1
3.020726,0.767744,1
0.818049,0.926603,1
0.801049,-0.085193,1
0.681987,-0.136692,1
0.366817,1.551422,1
1.095804,0.470560,1
0.976801,0.918174,1
1.310235,0.700274,1
0.410636,1.791490,1
1.794600,1.444614,1
0.378669,1.517087,1
1.019934,1.369771,1
-0.270916,1.703656,1
0.420970,0.228230,1
1.136132,2.979568,1
1.751050,1.083419,1
2.043040,0.853287,1
0.311124,3.318967,1
2.298970,0.488347,1
1.072813,0.570734,1
1.184286,-0.327882,1
1.240020,1.574324,1
1.594379,0.509660,1
1.811706,1.054245,1
1.211840,2.162738,1
0.357342,-0.257351,1
2.298735,2.046231,1
2.695451,-0.092537,1
2.529669,-0.496181,1
0.614209,2.045072,1
2.430211,2.410089,1
1.780466,0.253660,1
2.404801,2.132240,1
1.303801,1.417878,1
0.050740,1.708292,1
-0.573436,0.734759,1
0.963123,1.786225,1
0.443106,2.609924,1
2.422511,1.524559,1
2.172713,-0.565474,1
0.126392,-1.871195,1
1.074099,1.190063,1
1.459537,-0.587753,1
2.524411,0.703770,1
0.326836,-1.198658,1
0.709714,-0.410692,1
0.007661,1.145786,1
1.858389,0.927479,1
1.388114,2.013401,1
1.547494,1.801185,1
1.022015,3.371059,1
-0.184164,0.255202,1
2.212412,-1.118777,1
1.215099,0.929201,1
-0.209413,0.170781,1
1.022776,1.090630,1
1.309012,0.955692,1
0.801563,1.649616,1
1.381670,0.435360,1
2.799096,2.236401,1
1.549888,2.812513,1
0.629309,0.903296,1
0.345898,0.905227,1
-1.627309,-0.416298,0
-0.715175,-2.421799,0
-2.088696,0.596360,0
-2.724892,-3.720116,0
-1.591367,-0.749607,0
-2.407287,-0.492399,0
-1.518406,0.507922,0
-1.502010,-0.478210,0
-2.730123,-1.095705,0
-1.582467,-0.816044,0
-0.819703,0.028408,0
-0.516968,-1.820879,0
-1.658907,-1.498670,0
-1.213967,-0.077513,0
-1.604153,-2.340275,0
-0.495578,-2.417330,0
-0.930837,-2.065852,0
0.412059,-2.692679,0
0.203597,-1.991210,0
-1.386799,-0.110563,0
-0.762090,-0.516440,0
-0.763051,0.634269,0
0.331005,-1.910141,0
-1.865389,0.922502,0
-1.352937,0.386496,0
-0.307927,-0.243818,0
-2.917359,-2.267739,0
-1.981174,-0.738422,0
-0.100124,-1.120899,0
-1.699641,-1.255686,0
-1.519663,-2.084181,0
-0.601602,0.130960,0
-1.083505,-0.472330,0
-0.387021,-0.641791,0
-3.046212,0.242446,0
-1.635093,-0.641902,0
-0.970836,-1.422218,0
-1.328889,-1.104264,0
-1.214505,-1.696438,0
-1.366601,1.434019,0
-2.922434,-1.332143,0
-1.027795,-0.028593,0
-1.255389,-2.188622,0
0.028553,-0.316503,0
0.093985,0.478470,0
0.156301,-2.890187,0
-3.311632,-0.055782,0
-0.363398,-2.324552,0
-1.062138,0.803520,0
-0.623701,0.745657,0
0.207177,0.124045,0
-2.299046,0.271360,0
-2.624606,-0.788509,0
-1.874377,-0.734337,0
-2.294625,-0.922229,0
-0.593514,1.651347,0
-1.993395,-1.012817,0
-1.955293,-1.843312,0
0.133249,-2.232591,0
-0.615940,-0.712685,0
0.312454,0.250630,0
-1.322228,-1.601647,0
-0.223791,0.467075,0
-1.022799,-2.107366,0
-2.076228,-2.148993,0
-3.113934,-2.125864,0
-1.567639,0.029833,0
-0.125536,-1.377592,0
-1.928577,0.031147,0
-2.095187,-1.664434,0
-1.771459,-0.492006,0
-0.212675,-0.981039,0
-0.520699,-0.796474,0
-1.865162,0.633966,0
-1.011046,-2.519851,0
-0.307802,-0.351992,0
-0.056925,-1.071099,0
-0.262054,-0.147021,0
-0.163878,-0.041266,0
-1.422442,0.084482,0
-0.497005,-1.522334,0
-0.752902,-2.210727,0
-1.188616,-0.309751,0
-0.568193,0.486339,0
-1.367711,-1.867079,0
-1.408041,-2.091636,0
0.522332,-1.904764,0
-3.048388,0.541003,0
-0.671402,0.872389,0
-1.144345,-0.414833,0
-1.606714,-1.322871,0
-1.189070,0.690172,0
0.516990,0.143496,0
-0.898830,-4.445339,0
-1.472917,-1.824822,0
-1.514682,-3.228319,0
-1.411724,-0.491303,0
-2.010904,-1.023153,0
0.222710,-2.189071,0
-2.528097,-3.522019,0
-1.477893,-1.058065,0
0.008993,-0.464139,0
-1.918756,-0.065642,0
0.098601,-1.198569,0
-1.447810,-0.917621,0
-1.648849,-0.391595,0
-3.903758,-2.316401,0
0.341486,-0.631811,0
-1.017803,-0.449513,0
1.803239,-0.243522,0
-0.623007,0.301501,0
-1.353596,0.382519,0
-1.127022,-1.406182,0
-0.197286,-2.399976,0
-1.189179,-3.406966,0
1.731251,-1.997927,0
1.274935,-2.366061,0
-2.032107,-0.468719,0
-0.931069,-0.175057,0
-1.510015,-1.831932,0
-2.481953,-1.305151,0
-0.422837,0.455530,0
-1.146440,-2.039922,0
-1.086429,-1.781750,0
-0.417865,-0.380760,0
-0.776564,-1.886059,0
-1.675700,-1.217178,0
-0.224940,-0.464821,0
-1.712906,-2.089984,0
-0.627008,-2.088894,0
-2.199551,0.116530,0
-1.376477,-0.886448,0
-0.881238,-0.245890,0
-0.603032,-2.211584,0
-0.818358,-1.843697,0
0.984647,-1.743700,0
-0.338429,-0.723065,0
-0.810280,-0.977169,0
-1.754696,-1.152365,0
-0.936092,0.298197,0
-0.953244,0.839737,0
-0.605437,-1.643146,0
-0.713819,-2.473964,0
-2.879862,-0.468630,0
-0.877205,-0.947678,0
-0.935791,-3.474716,0
-3.928321,-1.821352,0
-0.526759,-0.518308,0
-0.933767,-1.746692,0
-2.740608,-0.874773,0
0.456213,0.056674,0
1.136753,-0.348814,0
-1.329157,-3.047002,0
-1.585383,-1.049602,0
0.317609,-0.635689,0
-1.768093,-1.833331,0
-0.726348,0.226078,0
-0.890692,-2.508762,0
-1.608677,-0.376377,0
-0.247435,-0.313289,0
0.675967,0.394928,0
-0.358735,-1.617520,0
-0.411022,-0.898483,0
1.985078,0.045132,0
-1.747601,-0.335361,0
-3.299703,0.156589,0
0.414178,-0.388014,0
1.518411,-0.190587,0
-0.260479,0.059952,0
1.054384,-1.731837,0
-2.776878,0.142816,0
-2.297005,-0.883165,0
-0.921703,-3.440144,0
-2.131510,-1.019139,0
-1.527743,-1.372533,0
-0.491896,-2.137536,0
-0.763445,-1.419313,0
0.034770,0.640346,0
0.055724,-0.273068,0
-1.124399,-0.873548,0
-2.326679,0.018778,0
-1.723225,0.692896,0
-1.806463,-1.973099,0
-0.672052,-2.758813,0
-1.861869,-0.267640,0
-1.042135,0.112376,0
-0.151698,0.472529,0
1.091503,-1.752956,0
2.054532,-1.845545,0
-0.373512,-1.007479,0
0.572365,-1.088139,0
-1.700389,-1.563866,0
0.190059,-0.725597,0
-1.138851,-0.507918,0
-2.211479,-0.805560,0
-0.815957,-0.892433,0
-2.246600,-0.938196,0
-0.725531,0.738082,0
-0.278711,-1.015014,0
-0.001825,-1.323818,0
0.953991,1.006142,0
-0.573491,-0.836719,0
-1.358556,-0.285495,0
1.132213,-1.697245,0
1.611444,-2.212675,0
-1.470923,-0.303042,0
0.702722,0.356569,0
-1.252208,-3.297766,0
-1.977245,-0.205292,0
1.155179,-1.307581,0
-1.555533,-1.142508,0
-2.023767,-1.074900,0
0.708828,-0.914635,0
1.181537,-1.016102,0
-2.294298,-0.114517,0
-0.189450,-2.171372,0
-1.309444,-0.166033,0
-1.487334,-2.600069,0
-0.800800,-2.857936,0
-2.540918,0.043836,0
-1.808529,0.287681,0
-0.885649,-1.566284,0
-1.153327,-1.001433,0
-1.741017,-2.007510,0
0.653241,-0.980085,0
0.156938,-1.418686,0
-2.090667,-1.623704,0
-2.850797,-0.355031,0
-0.962898,0.005607,0
-0.836961,-1.997124,0
-0.967100,0.883905,0
-1.551934,-1.126470,0
-3.437771,-0.788144,0
-1.872901,-1.959707,0
1.125198,-1.982006,0
-0.864356,-0.108925,0
-2.388565,-2.382500,0
-0.541232,-2.217972,0
-2.227458,-1.147630,0
-2.657622,-0.428364,0
-2.070089,-0.993571,0
0.385776,-1.038804,0
-0.950806,-1.365540,0
-0.830523,-1.494252,0
-1.432881,1.648819,0
-0.326627,-2.411201,0
-0.849099,-1.255152,0
1.771056,0.456146,0
-0.663777,-2.306240,0
-2.732732,-0.865944,0
-1.696494,-1.176391,0
-0.579193,-1.337051,0
-0.989360,-2.280851,0
-0.816101,-1.141898,0
-0.166727,-2.037696,0
-1.257342,0.605197,0
1.289329,-2.508190,0
-1.912904,0.347593,0
-0.768049,-0.111220,0
-1.619298,-2.684182,0
-1.513523,0.614708,0
-1.506081,-0.936200,0
-0.596489,-2.261423,0
-1.979320,0.160573,0
-2.458048,-1.999890,0
-1.783688,-1.269486,0
-0.610848,-2.060132,0
-0.455621,-2.316277,0
-1.423977,-1.687154,0
0.295765,0.694779,0
1.092944,-0.418644,0
-1.145456,-1.666454,0
-1.720920,1.248251,0
-0.921917,-0.454812,0
-1.961516,-2.705804,0
0.394680,2.241867,0
-0.570862,-1.471245,0
-0.769850,-2.165407,0
-0.062210,-1.631324,0
1.432873,-2.231269,0
-3.414784,-2.108031,0
-1.354171,1.231533,0
0.354027,-1.709104,0
-2.321824,0.248762,0
0.295286,0.309106,0
-0.669956,0.277607,0
-1.511947,-0.460730,0
-2.453786,-0.554034,0
-1.775128,-2.585242,0
-1.936471,-0.467660,0
-3.186715,-1.769963,0
0.313352,-0.646080,0
-1.751912,0.291059,0
0.593130,-0.646079,0
-0.217448,-0.419675,0
-1.446003,-1.783121,0
-0.235805,-1.455940,0
-0.823765,-2.353299,0
-1.685191,-1.557139,0
-0.669444,-0.663612,0
-0.633176,-2.021302,0
-0.626851,0.266509,0
-0.609520,-0.981054,0
-0.259728,-2.181128,0
0.149576,-0.917730,0
-0.226555,1.216511,0
0.405152,-2.503530,0
-1.953700,-2.789566,0
-1.313785,-0.480579,0
-1.543348,0.304070,0
-1.534358,-3.500427,0
-1.289854,-1.281245,0
-1.703923,-0.101172,0
1.097794,1.867913,0
-0.080908,-1.933126,0
-0.477775,-0.494540,0
0.379197,-2.027048,0
-1.093463,-2.512461,0
-2.070435,-3.292917,0
0.311245,0.035453,0
-0.368128,-0.512116,0
0.387470,-2.827928,0
-1.147012,-1.318372,0
-0.120489,-0.089306,0
0.196614,-0.547999,0
-0.141615,-0.323809,0
-1.140135,-1.789554,0
-1.022263,-0.723743,0
-2.305621,-0.578613,0
-2.992416,-0.714580,0
-0.639405,-0.662495,0
-1.304404,-1.977399,0
-1.604002,-1.021968,0
-1.448844,-1.456925,0
-0.652684,-1.340682,0
1.061434,-1.640119,0
0.486557,-3.951009,0
-1.083847,-0.792133,0
-1.579210,-2.211245,0
0.547463,-0.827366,0
-2.036310,-1.852854,0
-1.822945,-2.337074,0
-1.642326,-1.006788,0
-1.656904,-0.204895,0
-2.178666,-0.736391,0
-1.454866,-1.997865,0
-0.927453,-2.177085,0
-1.287648,-1.312942,0
-2.184651,-1.491201,0
0.445186,-1.878280,0
-1.385658,-0.749972,0
-0.956269,-2.846241,0
-3.423147,-0.321502,0
-0.257246,-1.355347,0
-1.164656,-1.324755,0
1.393186,-1.420688,0
0.958076,-1.738104,0
-3.156536,-0.765051,0
-0.607649,-0.252037,0
-0.746643,-0.180578,0
-0.818391,-0.251391,0
-1.846715,0.805726,0
-3.145187,1.107878,0
0.487464,-0.340199,0
0.099041,0.188411,0
-2.182005,-1.249896,0
-0.940697,-1.600764,0
-1.775137,-0.743981,0
-0.986865,-2.158108,0
-2.044927,-1.792198,0
-0.792497,-2.041197,0
0.246714,-0.543241,0
-0.288201,-2.497997,0
-0.960058,-0.075997,0
1.939987,-0.474654,0
-0.356885,-3.571972,0
-2.120300,-1.105463,0
-0.270375,1.823661,0
-0.466707,-0.475285,0
-3.552922,0.094754,0
-2.626936,1.373288,0
0.447953,-2.567925,0
1.416390,-3.805625,0
0.213002,-0.705973,0
0.938083,-2.131471,0
-0.743011,-2.417609,0
-1.700280,-2.612303,0
0.693522,-1.453244,0
-0.244217,0.632493,0
-1.333771,-1.671482,0
-1.225333,-0.849284,0
-0.831596,-1.120393,0
-3.033240,-0.542786,0
2.379239,-1.207816,0
-1.696859,-0.470782,0
-0.358082,-0.580799,0
-0.949000,-1.945067,0
-1.067593,-1.912589,0
-0.889333,-1.063317,0
0.405400,-1.734817,0
-0.825823,-0.843396,0
0.270879,-1.652670,0
-0.307627,-0.042004,0
-2.062959,-2.589805,0
-1.170411,-0.358382,0
-1.552036,-1.482572,0
-0.975867,-1.021031,0
-2.547056,-0.780691,0
-2.076067,-0.044559,0
-0.927087,0.553862,0
-3.333720,-1.840697,0
-0.623465,-3.007970,0
-0.698956,-0.721149,0
-1.349518,0.327384,0
-1.726273,-0.741994,0
0.069750,1.984545,0
-1.359234,-2.097851,0
-0.102674,-0.180189,0
0.037294,-0.505906,0
-2.629792,-2.029077,0
0.020450,-0.757288,0
-1.247264,0.061320,0
-0.825315,-1.826047,0
-0.152511,-2.050463,0
-0.534288,0.468218,0
-1.080992,0.034212,0
-0.507161,-0.551073,0
-1.360210,-1.094447,0
-1.527860,1.157916,0
-2.286902,-0.084383,0
0.352472,-0.628456,0
-1.511249,-1.196439,0
-2.587240,-4.068495,0
-1.516382,-1.928712,0
-0.561089,-2.543425,0
-0.405801,-1.720579,0
0.170144,-0.774644,0
0.937479,-2.184808,0
-0.603172,0.291327,0
-0.691533,-0.951459,0
-0.850796,-2.469159,0
-0.913678,0.445909,0
-1.952881,-0.747286,0
-1.338140,-1.236652,0
-0.824022,1.325625,0
-0.483066,-0.824452,0
-0.735168,-1.908650,0
-1.653070,-0.078724,0
-1.983595,-0.614549,0
-2.463357,0.791413,0
-1.647589,-0.215616,0
0.086097,-1.375860,0
-0.390489,-0.568075,0
-3.710821,-1.268826,0
-0.755583,0.125380,0
-0.242923,-2.235866,0
-1.000477,-0.011759,0
-0.566200,1.342179,0
-2.829115,-0.663557,0
-0.790415,-1.673631,0
-1.237697,-2.653410,0
-0.738788,-0.579430,0
0.800263,-0.722499,0
-0.953771,-1.774591,0
-1.262708,-0.321984,0
-0.921457,-2.669851,0
-1.883664,0.059920,0
-0.521365,-2.153879,0
-0.430484,-1.589793,0
0.552612,-0.789922,0
-1.564433,-1.630814,0
-1.398813,-1.600555,0
-1.930021,-3.164772,0
-2.016989,-0.658215,0
1.015790,-1.857754,0
-0.707277,-3.026774,0
-0.239429,-1.172043,0
-2.414934,-0.380666,0
-1.774785,-0.489402,0
-1.321578,-0.512826,0
-1.880376,-2.084719,0
-1.206183,-0.298190,0
-0.067108,-0.878186,0
-1.917447,0.596410,0
-0.830408,-2.246672,0
0.368014,-0.475705,0
-1.361262,0.610824,0
-0.426644,-0.474147,0
-1.459025,0.473791,0
-0.113974,-1.184837,0
-1.992278,-1.072116,0
-0.346962,-0.346515,0
-1.400380,-1.243432,0
-1.848389,-0.521471,0
-0.509755,-4.015111,0
-1.749621,-0.446583,0
-2.610434,-1.022363,0
-1.787264,-1.016100,0
-0.745217,-2.027622,0
-1.086261,0.500145,0
1.015376,-0.489547,0
-0.615538,-1.022109,0
-2.002755,-1.335767,0
1.547422,-1.847669,0
-1.880765,-0.030745,0
-1.575110,-0.407534,0
-1.419452,-0.564013,0
-0.462513,-1.433585,0
0.591068,-1.047529,0
-0.365533,-2.350183,0
-0.311223,-0.354159,0
-0.608371,0.252828,0
-1.026883,-0.537782,0
-1.866493,-1.308319,0
-0.037715,-0.535533,0
-0.844847,-0.429593,0
-0.024821,-2.548735,0
-2.234338,-1.682658,0
-1.703850,-0.227201,0
-1.435736,1.150856,0
-1.100793,-1.363277,0
-1.946398,-0.694773,0
-1.793407,-2.498695,0
-1.492870,-2.649176,0
-1.340531,-1.574876,0
-0.198225,-2.377698,0
-1.230741,-1.696632,0
-0.776599,0.990862,0
0.974521,-2.308599,0
0.987366,-1.011791,0
-1.241030,0.024814,0
0.028914,-0.613742,0
-2.822592,-0.966426,0
-1.600313,-2.407626,0
0.419748,-1.152746,0
0.272591,-1.544805,0
-1.659073,-1.984525,0
-1.756471,1.495578,0
-0.155964,-0.915063,0
-1.183082,-0.917464,0
-1.249581,-1.645838,0
-2.364130,-2.302548,0
-0.266641,0.278041,0
-1.505665,-1.837928,0
-1.010259,1.800533,0
-0.883842,-0.160299,0
0.337463,-2.083836,0
-2.693892,0.333796,0
-0.747133,-1.502829,0
-1.053994,-0.621679,0
-1.652960,0.104130,0
-1.792137,-1.382023,0
-1.563181,0.097256,0
-0.356691,-1.541184,0
-2.698556,-0.431730,0
-0.369064,-0.727393,0
-0.943576,-0.318904,0
-1.257585,-1.746759,0
2.219654,-1.395497,0
0.187494,-2.506018,0
-1.295260,-2.125423,0
-1.378773,-1.460348,0
-0.966429,0.165977,0
-1.351286,-0.334649,0
-0.541840,-0.872575,0
-1.140060,0.756020,0
-2.068725,-0.955816,0
-2.601075,-1.293774,0
-1.930173,-1.272789,0
-0.631845,-0.479112,0
0.515120,-0.842900,0
-0.900698,-0.843639,0
-2.666698,-2.115603,0
-2.139790,-1.526674,0
-1.149765,-0.599694,0
-1.932867,0.190578,0
0.252136,-1.073227,0
-1.745772,-1.038171,0
-1.498793,-0.337807,0
-0.858719,-0.983423,0
-1.000707,-2.883158,0
1.004710,-1.606376,0
-0.175577,-0.081641,0
-0.420507,-0.240628,0
-1.573621,1.313664,0
-1.209178,0.172822,0
-2.904402,-2.396424,0
-0.828833,-0.839559,0
0.110645,-2.619617,0
0.481703,-0.841735,0
-1.014542,-1.233229,0
-1.645079,0.482269,0
-1.981409,-2.699927,0
-1.256813,-1.037494,0
-1.420718,0.520365,0
-0.749914,-2.715768,0
-1.966275,-0.117573,0
-1.817618,-1.850956,0
-1.037783,-0.632400,0
0.055001,-2.002692,0
-0.443014,0.044058,0
-0.631538,0.472947,0
-0.473012,-1.934993,0
-2.825151,-0.144223,0
-4.087927,-3.341597,0
-1.116993,-1.298126,0
-1.254621,-0.678480,0
-0.260926,-0.925542,0
0.825322,-1.565822,0
-1.894879,-0.006810,0
0.404786,-1.962123,0
-1.604261,-1.417775,0
-0.695023,-1.432352,0
-0.221260,-0.723668,0
0.357575,-2.659471,0
-1.728225,-2.042319,0
-1.802277,-0.137787,0
0.874826,-0.116794,0
0.082274,-1.987569,0
-2.109186,1.081168,0
-1.087089,-1.584418,0
-0.506788,1.146449,0
-2.254618,-0.010266,0
0.136269,-0.028526,0
-0.158009,-1.814075,0
-1.730946,-0.688488,0
-0.739595,-2.020115,0
-0.400592,-0.117461,0
0.017411,1.745291,0
-2.495009,0.887277,0
-0.760172,-1.280603,0
-1.984681,-0.648394,0
-0.653970,-2.236284,0
0.102006,-0.194034,0
-2.893063,-2.340546,0
-0.470004,0.138258,0
0.134597,-1.085287,0
-1.418162,-0.148060,0
0.141189,-1.314260,0
-0.663308,-2.744945,0
0.017284,-2.691231,0
0.352203,-0.760971,0
-2.016845,-1.380596,0
-0.762982,-1.353498,0
-0.624539,-0.337218,0
-2.647496,-1.395252,0
-2.199248,-0.683215,0
-0.227271,-0.924290,0
-1.687565,-2.128692,0
-0.385571,-2.143673,0
-0.641727,1.211116,0
-0.822997,-0.251102,0
0.561572,-0.692665,0
-1.398811,0.002249,0
-0.555454,-0.064933,0
-0.311546,-1.186975,0
-2.398666,-0.573144,0
-1.289201,-1.088469,0
-0.028923,-0.447387,0
0.968205,-1.073896,0
-1.090643,-1.144384,0
-3.913208,0.933818,0
-1.671420,-0.038234,0
-1.216275,0.228743,0
-0.397821,-0.984945,0
-0.177857,-1.961310,0
-0.343271,-3.205732,0
-0.539951,0.224359,0
1.040572,-1.833999,0
-1.190897,-1.444829,0
0.764748,-1.894060,0
0.223177,-0.669727,0
-0.374178,-1.181848,0
-1.578276,0.533703,0
-2.842718,-0.894641,0
-0.607336,0.172613,0
-1.544290,-1.110517,0
-1.908976,-1.585864,0
-0.868526,0.047070,0
-1.000360,-1.849589,0
-0.526475,-1.061689,0
-1.171358,-1.219738,0
-1.679827,-1.257576,0
-3.455800,-1.763493,0
-0.236135,-0.242611,0
-0.537156,1.207885,0
-0.129000,-0.581386,0
-1.325790,-1.025297,0
-1.506372,-2.820364,0
-1.365867,-1.490385,0
-0.730547,-2.391242,0
-0.542181,-0.557230,0
-0.821907,-2.800594,0
-2.392169,0.125091,0
-0.106904,-2.337624,0
1.284747,-1.239465,0
0.030132,-1.693126,0
-0.036603,0.605437,0
-0.126670,-2.092373,0
-0.532134,-0.215931,0
-0.045086,0.435930,0
-0.600200,-1.211106,0
-1.445757,-1.259536,0
-3.856421,0.296951,0
-4.379741,-0.210843,0
-0.719544,-3.534816,0
-1.502234,-1.511167,0
-0.524043,-2.886951,0
0.216693,-1.323463,0
0.820576,-0.990356,0
-2.921128,1.239009,0
-2.418882,0.053093,0
-0.956356,0.223483,0
-2.424606,-0.439506,0
-2.212812,1.061466,0
-0.028379,-0.350974,0
0.611186,-2.589023,0
-1.184999,-0.255914,0
0.427464,-1.310929,0
0.241197,-0.297567,0
-1.615033,-1.485941,0
-1.627177,-0.894377,0
-1.621436,-1.738091,0
-2.323749,-1.028797,0
0.321106,-0.305908,0
0.957825,-0.871409,0
-0.862916,-0.455175,0
-0.315826,-1.735043,0
-1.970669,-1.019050,0
-0.414040,-2.522512,0
0.974372,-2.178465,0
-1.785368,-2.244157,0
-1.802599,-1.021280,0
-1.727010,-2.116263,0
-2.658353,-1.398040,0
0.028763,-0.732460,0
-0.708604,-0.458351,0
0.420894,0.805367,0
-0.345256,-1.829391,0
-1.603402,-1.320227,0
-2.489167,0.706891,0
-2.035286,-1.295436,0
-1.101529,-0.045625,0
-0.159583,0.214792,0
-0.748616,-0.584307,0
-1.886478,-3.496772,0
-2.056319,0.322730,0
-1.987944,-0.280903,0
-0.269436,-1.507990,0
-1.799262,0.327984,0
-0.859608,-0.786373,0
-2.073733,-1.376080,0
-0.842640,-1.447998,0
-1.801277,-0.173609,0
-1.751717,-1.207355,0
-0.613200,0.023509,0
-2.585878,-2.360828,0
-2.410747,1.016227,0
0.414339,0.652066,0
1.179715,-0.656161,0
-2.923534,-1.729980,0
-1.258322,0.637802,0
-0.847336,-1.791760,0
-0.496538,-0.521588,0
1.210103,-1.659939,0
-1.827387,-0.271104,0
-0.887319,-2.280426,0
-1.023854,-0.595342,0
1.846939,-1.066145,0
-2.500948,-1.930996,0
-0.451463,-1.368138,0
-1.217738,-1.122546,0
1.132527,-0.457328,0
-2.145651,-1.007811,0
-1.976003,0.906677,0
-0.526203,0.590304,0
-2.018588,-1.696545,0
-0.927914,0.237947,0
0.507468,-1.786224,0
0.879025,-1.613914,0
-1.917213,-3.634564,0
-2.724323,-1.559320,0
-0.303874,-1.199226,0
1.010674,0.012889,0
-2.151216,0.967379,0
-2.784962,-0.068704,0
-1.521804,-1.877369,0
-3.208101,-1.296890,0
-0.189725,-0.128188,0
-2.275619,-0.779116,0
-0.204743,-2.273668,0
-1.203767,-1.031297,0
0.762325,0.752611,0
-1.678515,-0.351024,0
-1.984836,-1.414141,0
-1.074538,-0.780765,0
-0.519873,-2.421613,0
-1.303905,-1.140055,0
-0.132853,-1.642664,0
-0.388389,0.267560,0
-0.400493,-2.185574,0
-0.935904,-3.161043,0
-1.301328,-0.144449,0
-2.188148,0.433020,0
-0.614983,-1.634938,0
-1.782358,-1.756082,0
-2.215310,-1.789644,0
-0.438781,0.709238,0
-0.369140,0.562871,0
-0.363028,-0.012185,0
-0.984379,-0.826011,0
1.021121,-0.323024,0
-0.614677,-1.292669,0
-1.889044,-1.087115,0
1.377992,-0.905631,0
-0.559909,-0.263786,0
-0.476681,0.818233,0
-0.163380,-0.326057,0
-1.019924,-1.573904,0
0.882458,-2.534045,0
-1.514825,-0.053844,0
-1.522523,-0.964363,0
-2.385386,-0.508181,0
-0.685053,1.253871,0
0.273279,-4.672859,0
-0.311168,0.956369,0
-0.609710,-0.527101,0
-1.119849,-0.223955,0
-1.756347,-2.154694,0
1.640096,-1.555146,0
-1.935603,-0.908396,0
-1.673564,-0.484702,0
-2.316267,-0.994495,0
-0.581416,-1.670945,0
-2.032581,-1.692690,0
-2.809191,-1.188602,0
-1.109121,-1.064448,0
-1.421709,-0.298369,0
-2.190904,1.157442,0
-2.996901,-0.939983,0
-1.831557,-0.858958,0
-0.893723,-0.686176,0
-0.426567,-0.751969,0
-1.246387,0.243276,0
1.095190,-2.413341,0
0.661535,-0.310992,0
-0.374438,-2.098950,0
-3.191774,-0.765747,0
-0.639032,-1.140119,0
0.340550,-0.783308,0
-1.218503,-1.679166,0
-0.648089,-3.259661,0
-1.035309,-0.309089,0
-0.498831,-0.538127,0
-0.785460,-0.235424,0
-0.423015,-1.755587,0
-1.685271,-0.275878,0
-0.481067,-2.090290,0
-1.180763,0.722289,0
-0.298219,-0.883975,0
-1.698067,1.188931,0
0.970202,-1.401300,0
-0.277287,-2.761977,0
-0.620159,-0.894325,0
-0.679800,-2.253811,0
0.234716,-2.501430,0
-0.408077,-2.197026,0
-1.748515,-0.837690,0
-0.673916,-0.706520,0
-2.459679,0.924626,0
1.126535,-1.144230,0
-0.949252,-1.841275,0
0.300903,-1.834328,0
-2.347495,0.040266,0
-0.173263,0.007638,0
-2.701538,0.290200,0
-2.000344,-1.225924,0
-0.021976,-0.638022,0
-1.050123,-1.512260,0
0.188395,-1.241108,0
-1.362401,0.024635,0
0.242409,1.148508,0
-0.868663,-2.225281,0
0.447903,-1.148326,0
-1.427874,-1.011494,0
-0.131550,-1.994510,0
-0.357776,-2.293503,0
0.680220,-0.667272,0
0.060661,-0.293306,0
-0.969282,0.249966,0
-0.565662,-0.139793,0
-3.766574,-1.452989,0
0.933135,-1.103690,0
-0.354975,-0.519717,0
0.979965,-0.365672,0
-0.910810,-1.331077,0
-0.421938,-1.417807,0
-2.744702,-1.668441,0
1.235405,-1.219347,0
-1.072692,-1.351963,0
-0.387968,-2.085565,0
-0.935866,-1.542952,0
-0.185476,-2.625345,0
-1.495430,-1.258587,0
-1.960565,-2.400642,0
-1.792811,-0.553531,0
-0.784696,-1.414270,0
0.253107,0.485408,0
-2.734539,-0.962105,0
-2.242801,-2.396069,0
-1.876556,-1.278404,0
-1.886848,-1.481510,0
-1.269756,-1.359576,0
-2.713354,-1.214451,0
-1.119186,0.368910,0
-1.734706,-2.232868,0
-1.903736,-0.242277,0
-2.086177,1.092385,0
-1.544909,-0.670820,0
1.040860,-2.378327,0
-0.511835,0.594843,0
-0.672552,-2.428169,0
-1.245558,-1.214308,0
-2.222450,-1.069459,0
-2.055574,-1.638897,0
-0.142698,-0.331191,0
-1.280209,-0.330484,0
-1.479563,0.687379,0
-0.264940,-1.179489,0
-2.033965,-1.956120,0
-3.731978,-0.347102,0
-1.882173,-0.401176,0
-0.492937,-2.086429,0
-2.453654,-1.374211,0
-1.895945,-2.430080,0
-0.212291,-0.895501,0
-3.399537,-0.211984,0
-2.057961,-1.865944,0
0.333482,-0.221452,0
-2.212999,-0.702907,0
-1.756357,-2.922148,0
-0.928789,-1.104341,0
-0.710789,-1.664429,0
-0.599899,-0.562902,0
-0.144369,-1.248394,0
-1.094533,-0.796927,0
-0.580567,-2.053310,0
-2.654244,-1.230339,0
0.120515,-1.788035,0
-1.578501,-2.033111,0
0.705644,1.167337,0
-0.524387,-0.072545,0
-2.201832,-2.740838,0
-0.270662,-1.413784,0
-0.584293,-1.158170,0
-2.038942,-0.808287,0
0.947291,-2.501716,0
1.306609,-0.865831,0
-0.822396,-0.515451,0
-1.921383,-2.053909,0
-3.171005,-1.073628,0
-0.733083,0.780964,0
-1.986496,-1.102075,0
-0.223565,-2.598256,0
-0.821490,-0.810708,0
-2.660434,-0.980998,0
1.115780,-2.393926,0
-0.955762,-1.106456,0
0.193887,-1.311722,0
-1.441842,-0.632264,0
-2.163697,1.136685,0
0.007909,-0.392593,0
-1.430831,0.636124,0
-1.119888,-2.377050,0
0.900309,-0.767689,0
-1.737757,-0.850394,0
-1.609202,-1.818617,0
-1.444597,0.914074,0
-0.214153,-1.252698,0
-1.316432,0.300201,0
-1.815230,-2.018160,0
-2.704714,-2.748782,0
-2.773714,-0.993875,0
0.208884,-1.513787,0
-3.444890,-1.035335,0
-2.071258,-1.440723,0
-1.937659,0.605759,0
-1.095355,-0.383070,0
-1.411125,-0.725738,0
-2.280627,0.870141,0
-0.185495,-1.045977,0
-2.167196,-1.563788,0
-0.757481,-1.563108,0
-0.303489,-2.156178,0
-0.651538,-0.547846,0
-0.719385,-1.753809,0
-1.364821,0.111162,0
0.406993,0.247096,0
-1.247768,-0.080414,0
-1.223769,-0.217916,0
