0.985246,0.457701,1
-0.167111,0.477738,1
0.793582,1.991825,1
1.478200,0.092072,1
1.720219,0.048723,1
0.462483,0.368044,1
1.235339,0.513862,1
1.620133,0.600997,1
0.847524,1.877181,1
1.508253,0.211978,1
0.937039,-0.089958,1
-0.132162,1.732457,1
2.119625,1.335509,1
-0.026604,-0.094160,1
0.736636,2.206639,1
-1.374316,0.235238,1
0.886441,1.913016,1
1.951166,0.316474,1
1.758616,0.405929,1
-0.508710,0.382603,1
1.757825,2.203556,1
0.806515,2.356590,1
0.964612,3.249662,1
-1.431258,0.694193,1
1.600237,0.326115,1
2.004356,1.322682,1
1.618695,0.587876,1
-0.770869,-0.384780,1
2.657758,1.220097,1
0.889480,2.911704,1
0.889732,1.625127,1
0.996454,1.573817,1
0.751156,3.163971,1
1.006781,2.002544,1
-1.151029,1.249925,1
1.104386,0.951662,1
-0.016803,0.377615,1
0.888083,2.047805,1
-1.148386,1.856973,1
2.766738,1.948788,1
0.310111,0.371776,1
1.414904,0.704735,1
1.021355,1.461883,1
0.981847,-0.801104,1
0.940171,3.193498,1
0.749654,2.398618,1
0.568408,-0.302540,1
2.783353,0.474518,1
1.878886,0.920873,1
0.006583,-1.300737,1
0.935373,1.325875,1
1.969782,2.021196,1
-0.693790,2.214743,1
-0.019490,0.210949,1
0.658470,0.009648,1
1.696657,1.359702,1
1.817099,-1.432194,1
2.153221,0.932320,1
0.360608,1.046064,1
1.343616,-0.040649,1
0.977970,1.485407,1
0.957800,-0.273589,1
0.005041,0.111331,1
1.509269,1.455437,1
1.970881,2.245120,1
-0.026401,0.682879,1
0.621101,2.228038,1
1.685761,0.722260,1
1.888692,2.386216,1
2.477637,0.419367,1
2.727642,3.868205,1
2.661105,1.006221,1
1.882219,1.988686,1
2.352116,1.381394,1
1.646430,0.557761,1
-1.216782,0.062879,1
-2.046085,1.812108,1
0.202404,0.770411,1
2.136171,3.091882,1
-0.460912,0.765917,1
1.421276,1.644187,1
1.573682,1.621886,1
2.251162,2.482741,1
0.059582,2.255996,1
1.021160,0.111318,1
-0.469709,2.058184,1
2.401769,-0.241579,1
1.644494,2.535475,1
1.849143,0.569916,1
2.130543,2.436869,1
1.259091,-0.977287,1
2.945676,1.606967,1
0.153132,1.352528,1
0.098581,0.609490,1
-1.268612,-0.357522,1
-0.470210,1.684347,1
0.942208,2.623980,1
0.255047,3.617533,1
2.320487,1.810171,1
1.758009,0.476179,1
1.245800,1.259399,1
1.787214,-0.818107,1
0.758119,0.719602,1
-0.249120,2.614484,1
2.420440,2.138741,1
-0.446915,2.376588,1
2.364124,-0.386592,1
2.679741,2.202027,1
1.296057,1.492275,1
1.482518,0.075138,1
2.037606,0.594611,1
2.582831,0.536658,1
0.466691,1.001944,1
1.382082,0.319657,1
1.522915,2.780155,1
1.722859,0.472138,1
0.939825,2.452226,1
0.095377,-0.606693,1
3.332819,1.736264,1
0.595614,1.770593,1
0.229383,-0.471606,1
1.377957,-0.892162,1
0.342971,1.114239,1
1.769109,3.071447,1
0.338580,0.775064,1
0.501091,1.420485,1
5.143465,1.810199,1
1.007121,0.928176,1
2.519588,1.984735,1
2.465663,0.941183,1
2.461305,0.630663,1
-0.850313,0.193381,1
-0.684717,1.298214,1
1.898250,1.551311,1
0.908430,0.323901,1
0.895732,0.647885,1
1.190163,2.132866,1
1.351366,1.523001,1
2.797995,1.751726,1
1.862868,0.279554,1
0.979316,-0.040261,1
1.058228,-1.130220,1
1.146095,0.395371,1
1.065143,1.225591,1
1.002515,3.080658,1
0.263641,0.951797,1
-0.095295,1.862021,1
-0.910030,0.930852,1
-0.379794,0.248412,1
1.125791,2.499515,1
0.299758,-0.440687,1
-0.089379,1.687224,1
0.736469,1.274356,1
1.633920,0.623614,1
1.139767,-0.279448,1
2.737017,0.853129,1
2.155134,2.170865,1
1.433905,-0.333974,1
0.808964,1.241562,1
-0.835792,0.976980,1
2.522991,2.294240,1
0.656171,-0.864585,1
0.469004,1.163086,1
-0.358616,1.244420,1
-0.329307,0.484147,1
0.918701,1.502949,1
1.758689,2.492430,1
1.614885,2.227963,1
0.493180,2.628397,1
-2.664583,1.485444,1
-2.038749,0.327913,1
1.301923,0.800053,1
-0.021018,1.720546,1
-0.083419,0.798652,1
1.048891,0.865246,1
0.257154,0.852389,1
-0.420336,1.161917,1
2.852991,1.294314,1
0.874776,1.553006,1
1.151512,2.768108,1
1.699466,1.789368,1
0.951246,0.772280,1
2.287027,-0.802828,1
3.377607,0.307419,1
2.428517,2.248503,1
-1.244597,1.368342,1
1.357970,1.787289,1
-1.257010,2.128374,1
1.264135,0.854275,1
0.699945,1.907726,1
0.001904,0.688927,1
2.422311,0.520936,1
2.501331,2.013550,1
0.227152,2.185475,1
0.574604,4.308936,1
0.639137,0.767048,1
0.111040,0.782241,1
1.282373,0.527381,1
0.628347,1.003277,1
0.794579,1.260634,1
-1.550893,1.615016,1
0.838509,1.625031,1
-0.718691,0.688469,1
-1.667202,3.038735,1
0.816573,-0.264859,1
-0.962017,2.373554,1
0.915754,0.132207,1
1.589024,1.047357,1
0.647085,-0.782231,1
0.898228,1.339507,1
0.318348,1.451417,1
1.361881,3.884877,1
1.936422,1.372074,1
-0.532781,0.359572,1
2.013934,-0.125557,1
1.071196,0.987843,1
1.685667,1.102959,1
-0.300340,0.057893,1
0.224992,0.275793,1
1.325418,-0.099627,1
1.752359,0.106021,1
1.110496,1.342133,1
1.009401,0.067956,1
1.704904,1.223513,1
-0.700141,0.373064,1
0.793592,2.971950,1
0.214625,0.875379,1
0.646761,-1.306604,1
1.431721,0.582138,1
2.617748,1.805631,1
0.008635,0.865626,1
1.490572,1.400282,1
-0.674098,1.032511,1
0.081383,0.361567,1
0.833512,1.619158,1
1.171006,0.068557,1
1.923073,-0.549748,1
2.587014,1.573569,1
1.458069,0.688904,1
0.993171,0.309589,1
-0.584599,0.486869,1
0.786850,2.446336,1
1.648326,2.316231,1
2.140411,-0.140908,1
1.894272,1.728087,1
1.446823,1.825828,1
0.938468,2.608905,1
3.594733,-0.711251,1
0.253075,2.028467,1
2.732843,2.277398,1
0.865356,3.032731,1
0.313533,1.393583,1
0.961329,2.012045,1
0.874945,0.217867,1
2.512530,-0.237628,1
2.199724,1.883856,1
1.132167,-0.599184,1
-0.046623,0.257867,1
1.240468,0.440550,1
1.442083,-1.839126,1
0.469887,1.543008,1
1.405527,0.698883,1
2.073125,0.976998,1
-0.198159,1.699294,1
0.063380,3.331130,1
2.069323,0.524582,1
0.507325,2.052756,1
2.097287,0.939207,1
0.052610,0.039399,1
1.191584,1.618057,1
-0.062456,0.115565,1
0.451804,1.674476,1
0.934614,2.373923,1
1.697022,3.155162,1
1.826668,-0.638077,1
-0.285132,-0.214813,1
1.106046,-0.001110,1
1.718424,-0.249347,1
-0.139839,1.038096,1
0.065687,0.799178,1
2.138938,2.031021,1
0.476680,0.662589,1
1.487467,0.847590,1
0.850248,0.439383,1
0.783114,3.364612,1
1.530723,1.422769,1
0.033981,2.366965,1
-1.307587,0.662904,1
0.677404,4.806954,1
-0.426101,1.836971,1
0.535940,0.952108,1
1.501560,2.222521,1
1.592710,-0.172500,1
0.102028,0.795620,1
-0.295108,0.740283,1
1.313123,2.028435,1
-0.266285,1.190950,1
1.714174,2.018693,1
1.326298,1.229370,1
1.498223,2.943796,1
-0.115697,0.794581,1
0.853328,-0.056330,1
1.885776,-0.451824,1
1.944965,0.689093,1
0.238204,0.634137,1
1.067628,2.176542,1
-0.389607,0.764741,1
1.810284,-0.929987,1
-0.008923,0.838789,1
0.838915,0.329332,1
-0.485421,1.121737,1
1.037446,0.501903,1
0.773511,0.665171,1
1.358035,0.607688,1
1.677766,-0.103092,1
-0.280694,2.530399,1
1.080797,0.117069,1
0.814831,2.443961,1
1.606931,0.973340,1
0.874613,2.656144,1
-1.361498,1.312644,1
0.847423,1.962232,1
0.621755,-0.586126,1
0.868712,1.767395,1
3.703633,-0.661868,1
-0.017824,0.892287,1
2.060956,-0.621993,1
1.021093,-0.857710,1
1.950866,-0.880620,1
0.395275,2.212542,1
-0.489150,-0.397829,1
0.890468,-0.203446,1
1.100966,0.817053,1
-1.107294,2.185233,1
1.285311,0.754621,1
2.132535,0.178947,1
1.258074,1.565103,1
0.752047,1.148418,1
1.663041,3.006330,1
1.446509,-0.316661,1
1.243691,0.783743,1
0.004042,0.445127,1
0.758297,0.175778,1
0.639985,0.048327,1
0.863421,0.508203,1
0.932598,1.499646,1
2.241764,0.915546,1
-0.381396,1.578008,1
1.218341,1.559014,1
1.425715,1.902089,1
1.275441,1.777205,1
2.660605,1.515864,1
0.206074,2.581124,1
2.354796,1.924988,1
2.455771,1.683080,1
0.406400,2.374181,1
0.978757,2.392518,1
0.704928,0.907899,1
0.402021,1.085349,1
0.526955,2.044362,1
2.236890,1.485336,1
-0.245743,1.773353,1
0.548096,0.435015,1
1.171239,0.460454,1
0.003373,1.375450,1
0.528320,0.950504,1
1.993308,1.511616,1
-0.220466,1.215478,1
2.195715,1.486353,1
1.136402,-0.144837,1
2.125911,-0.205093,1
-1.058875,-1.032488,1
1.207012,-0.438425,1
0.830945,0.977068,1
0.677078,-1.110321,1
1.399895,0.751794,1
1.622748,2.056940,1
4.456996,1.465191,1
1.294162,1.638939,1
-0.020720,-1.393705,1
2.071686,2.761356,1
2.328003,0.266948,1
1.235274,0.835628,1
1.053065,2.493280,1
1.095516,2.143708,1
1.615239,0.827229,1
0.565106,1.109666,1
-1.438659,-0.566461,1
1.023350,0.550432,1
0.967026,0.846222,1
2.238588,0.725407,1
-0.924355,2.416838,1
0.400298,1.115690,1
-0.211015,1.224024,1
1.419917,0.091427,1
2.792898,1.321723,1
1.673999,-0.166717,1
2.200018,1.668019,1
3.805168,-0.074931,1
2.609007,3.640385,1
0.901900,0.555397,1
2.828409,-0.473708,1
2.200855,1.420240,1
1.471908,0.526217,1
0.621900,-0.607013,1
2.729637,0.885355,1
1.003551,1.264946,1
1.676644,0.195122,1
-1.769543,0.693481,1
1.979952,0.243007,1
1.478567,0.235294,1
2.378763,1.264297,1
-0.136767,0.071624,1
2.662934,0.718558,1
3.451145,1.994614,1
0.159386,1.161381,1
1.517263,0.558356,1
1.874994,1.610964,1
-0.402305,1.526793,1
2.790085,-0.204876,1
-0.052595,2.938892,1
2.680302,1.989630,1
0.222994,2.420490,1
-0.378974,-0.546005,1
0.029457,1.900189,1
1.619537,1.412204,1
-0.267855,1.127826,1
1.422678,0.377785,1
3.210114,0.517571,1
-0.235803,-0.384206,1
0.369672,-0.242818,1
1.308312,2.489410,1
2.114613,2.512260,1
0.914496,1.982196,1
1.247578,1.307518,1
1.138938,1.139444,1
1.992060,2.281211,1
1.321684,1.537153,1
1.945108,-0.663226,1
3.090551,2.844475,1
1.164317,1.174361,1
1.630173,2.596745,1
2.924831,1.483290,1
1.108379,0.700784,1
-0.307177,3.690355,1
0.453080,1.865076,1
0.842499,-0.230099,1
3.109898,-1.759473,1
3.074225,1.179931,1
1.225275,1.049862,1
-0.290456,0.807247,1
2.587921,0.723562,1
-0.184348,1.155692,1
3.660671,1.083343,1
0.554538,-1.128640,1
2.050653,1.033469,1
0.742665,2.919980,1
1.028175,0.715923,1
0.762230,3.170882,1
1.525339,0.475702,1
3.972613,2.270655,1
0.321248,0.471242,1
1.371220,-1.933954,1
0.951955,1.590099,1
0.798035,-1.346496,1
1.257252,-0.854507,1
1.228671,1.365375,1
1.654259,1.092409,1
0.523872,2.009510,1
1.192243,0.425206,1
0.512766,2.405424,1
2.159145,-0.246579,1
-0.064937,0.918848,1
2.835487,1.680340,1
2.343823,-0.412863,1
0.502934,0.695051,1
2.182301,1.771436,1
0.836600,-0.047693,1
-0.103650,-0.782972,1
1.046718,-0.965844,1
1.379778,0.115491,1
0.492439,0.316334,1
0.389903,2.064710,1
3.347950,1.801969,1
1.438138,1.575405,1
0.672799,1.014923,1
-0.606153,0.704049,1
3.566414,2.390156,1
-0.148907,-0.182949,1
-1.141439,2.103924,1
0.099812,0.530124,1
0.313150,0.596451,1
1.366892,1.183557,1
-0.193771,3.020305,1
1.221828,0.895065,1
-0.720555,2.063317,1
0.876036,-0.689620,1
1.391039,-0.565857,1
1.610465,3.426572,1
0.354001,2.636134,1
1.120058,-0.214942,1
1.144381,0.242888,1
1.234202,-0.023127,1
-0.661870,1.442322,1
-0.307176,-0.358387,1
0.801972,1.298595,1
0.668918,2.368237,1
1.584993,0.967610,1
2.158680,1.804476,1
1.735025,1.722011,1
1.864871,1.882936,1
1.911795,0.291538,1
-0.204808,0.944063,1
0.758967,3.080117,1
0.978759,0.629539,1
3.361767,1.091162,1
-0.578520,1.865397,1
-0.556945,0.989475,1
-1.492770,0.413845,1
0.075709,0.819096,1
-0.521897,-0.522707,1
1.745917,0.897814,1
1.761785,1.381531,1
0.497047,-1.161191,1
1.097648,0.647069,1
0.681905,1.259343,1
1.522637,0.473050,1
0.376973,0.512465,1
1.687658,-0.684862,1
3.859953,0.971735,1
0.176308,-0.190997,1
1.729983,0.522287,1
0.509219,2.170804,1
1.380034,2.038526,1
1.297614,1.814161,1
-0.902667,0.839443,1
0.120180,1.226530,1
2.015186,1.149660,1
0.290851,-0.993288,1
-0.220325,0.782827,1
-0.496103,0.180931,1
1.198941,2.586062,1
-0.403142,0.279475,1
1.297243,1.439889,1
1.021054,0.840290,1
1.851992,-0.320440,1
-0.172430,1.357025,1
0.467031,1.251914,1
1.924614,-0.852310,1
0.376450,0.337393,1
-1.986856,2.310186,1
1.592543,1.181893,1
1.928634,2.622897,1
-1.107795,2.033279,1
2.459476,0.304708,1
1.752696,2.465871,1
0.275502,1.097213,1
3.445173,0.720166,1
1.569214,2.019093,1
1.912575,0.654813,1
2.191736,1.283344,1
0.722116,-1.073864,1
0.984658,2.277954,1
0.764881,-1.276677,1
1.001089,0.792202,1
1.255195,0.022034,1
1.171149,1.307640,1
2.031214,0.967762,1
0.156636,0.179881,1
2.438607,1.702108,1
0.669043,0.282585,1
2.413712,1.061754,1
-0.858165,-0.444612,1
0.419363,0.929739,1
-0.852267,-1.674857,1
1.511632,1.776517,1
1.863552,1.070925,1
1.099465,-2.186277,1
-0.715992,1.099587,1
-0.624112,3.543003,1
0.703087,0.206840,1
0.187801,-0.546507,1
0.738496,-0.978978,1
0.958068,-0.755232,1
0.087586,0.095172,1
1.988632,-0.364965,1
-0.173040,0.971166,1
3.171382,1.142901,1
0.070293,0.132199,1
2.232663,-0.606497,1
0.701638,-1.866690,1
0.654756,-0.174664,1
1.217277,0.852512,1
1.758993,0.375473,1
1.607506,0.994197,1
1.156330,0.278467,1
1.920964,-0.075967,1
0.864812,4.263473,1
0.802584,1.238295,1
0.061962,0.158656,1
1.875471,0.132120,1
-0.912689,2.504543,1
2.034242,0.729419,1
0.083026,0.619843,1
0.533946,-0.232273,1
1.344358,1.824488,1
0.950569,-0.292597,1
1.067956,1.996962,1
1.456395,1.295056,1
0.008404,-0.325188,1
-0.066436,2.599004,1
2.147192,0.328383,1
-0.041860,0.383942,1
-1.217268,0.185328,1
-0.265684,0.634848,1
0.061694,0.823804,1
1.623615,0.781706,1
1.100677,-0.780825,1
2.474229,0.916661,1
1.630080,0.339934,1
1.573850,1.521745,1
1.617534,-0.241228,1
1.209759,0.081764,1
0.941415,1.734951,1
0.308146,0.240971,1
-1.718855,0.444609,1
1.893511,0.789482,1
0.670910,1.764829,1
-1.411696,0.682355,1
0.336522,1.246282,1
4.748600,-0.641842,1
2.512313,0.639846,1
0.598348,1.737821,1
1.207084,4.134172,1
0.014112,-0.234432,1
0.712081,0.135830,1
-1.109230,2.082751,1
2.398299,2.728218,1
1.670560,-0.077957,1
-0.580748,-0.287753,1
1.813512,0.915670,1
0.144232,1.925300,1
0.825953,-0.411027,1
3.843963,1.257518,1
1.628132,-0.057672,1
0.091459,2.830291,1
1.642815,2.244725,1
3.269895,1.589122,1
2.295063,-1.591949,1
2.358925,-0.404655,1
0.628956,1.264479,1
0.767309,0.804701,1
0.527583,0.273123,1
-0.886523,0.462398,1
-0.584812,1.484554,1
0.323086,1.297999,1
0.346216,1.509090,1
2.286387,1.686938,1
-0.615006,1.606445,1
-1.306222,1.582397,1
-0.535026,-0.803996,1
1.887582,1.843754,1
2.253551,1.486257,1
0.217129,2.302141,1
0.332337,0.174884,1
1.614267,3.017852,1
1.094915,1.186086,1
1.369868,0.860917,1
3.307540,0.312349,1
0.972629,1.026850,1
0.966251,0.163903,1
1.220270,0.124197,1
0.463691,0.932733,1
1.928973,0.228195,1
-0.255280,-0.650182,1
2.370001,3.851664,1
1.448748,0.940665,1
1.763740,1.295003,1
-0.484753,-0.415831,1
0.342643,0.942732,1
1.334282,1.375183,1
1.457587,-0.486523,1
-0.814292,0.404842,1
-0.178332,1.373039,1
-1.020926,0.415014,1
1.265185,3.700628,1
1.173077,1.946393,1
0.672192,2.076860,1
-0.110237,0.055123,1
-0.948605,2.220905,1
1.405565,-0.073350,1
0.061520,2.036837,1
0.158761,-0.516618,1
1.311970,1.036476,1
1.173876,0.304676,1
1.860903,1.719615,1
1.929973,1.638263,1
-1.753520,0.765363,1
-0.093978,0.855584,1
0.997834,2.545337,1
1.062787,2.025188,1
-0.098536,1.005600,1
0.269884,1.364130,1
2.846552,2.416842,1
2.018754,0.891345,1
-1.094020,0.117191,1
0.379428,0.461075,1
1.693311,0.985505,1
1.584844,0.417635,1
3.104065,0.020196,1
2.466221,0.285197,1
-0.769155,-0.559740,1
0.120034,2.482316,1
0.234453,1.193626,1
3.226641,1.564791,1
0.843117,1.848602,1
0.670925,0.697929,1
2.083048,1.819359,1
0.565837,2.372343,1
0.478196,1.189359,1
-0.717965,2.527963,1
1.381187,-0.186502,1
-0.418024,0.482660,1
0.625820,1.099956,1
0.386662,1.294309,1
1.712910,0.094360,1
1.742444,1.552006,1
0.874972,-1.350628,1
1.271593,0.362443,1
1.759652,0.508421,1
0.915804,1.867522,1
0.711082,0.683883,1
-0.963102,2.972361,1
0.695258,0.361016,1
0.542639,-0.889132,1
1.646814,2.143268,1
1.901309,-0.189824,1
-0.375332,2.081747,1
2.102190,0.802385,1
1.402575,0.477054,1
1.308493,1.289375,1
0.759411,1.958938,1
0.407013,3.552673,1
0.322515,1.727743,1
0.755974,1.208001,1
0.466608,1.825929,1
0.931013,-0.762153,1
2.929967,-0.204380,1
0.370894,-0.661858,1
0.481771,0.563662,1
0.884305,0.709633,1
1.717952,-0.454631,1
1.955893,2.680676,1
1.807636,0.625372,1
2.768054,0.055120,1
1.769302,1.495933,1
-0.295568,2.442559,1
1.110619,1.699972,1
1.807787,0.426688,1
0.687074,-1.436028,1
-0.047669,0.552339,1
1.619178,2.474868,1
0.470217,1.095666,1
2.874609,1.394634,1
0.512284,-0.503553,1
-0.950711,1.043489,1
-0.603074,0.539275,1
0.976598,1.039655,1
2.214271,0.913737,1
0.847440,0.263562,1
2.501022,1.135880,1
-1.212464,-0.326572,1
0.511780,0.168615,1
2.322099,2.556229,1
1.679484,-1.119087,1
0.431094,2.838138,1
0.952834,1.309121,1
-1.372992,3.237522,1
1.593498,1.268827,1
1.077447,1.005555,1
2.002379,-0.739663,1
0.136052,1.371049,1
1.051715,1.657574,1
0.476794,0.446469,1
2.599227,0.961845,1
2.041007,1.428081,1
1.234935,1.954698,1
3.000367,1.915869,1
3.076712,0.974890,1
2.898372,1.818174,1
0.259589,0.230147,1
1.191012,-0.060095,1
-0.460084,1.494201,1
3.495338,0.629195,1
3.144410,2.665275,1
0.107711,1.468249,1
1.430124,0.885057,1
2.064426,-0.408365,1
0.509138,-0.509482,1
0.354400,1.724882,1
2.258780,1.680033,1
0.164745,-0.231766,1
3.808933,1.528151,1
-0.570100,1.371897,1
2.082688,-0.361493,1
1.665664,-0.327198,1
1.069260,0.024108,1
1.598466,-0.389720,1
3.317799,2.094176,1
0.260846,1.128922,1
2.305953,1.117520,1
0.565673,2.207045,1
1.002290,2.760299,1
1.852427,1.107625,1
1.605888,1.187533,1
2.874207,1.195427,1
0.088609,1.997931,1
0.463148,-0.450097,1
0.416802,0.056228,1
2.039007,2.279594,1
0.688095,2.372743,1
2.808815,0.211176,1
-0.763305,1.945733,1
2.857461,0.454809,1
1.216025,0.280423,1
0.990001,0.992417,1
-0.079207,-0.638215,1
0.110662,0.699371,1
3.023658,-0.316102,1
0.215302,0.013282,1
0.238139,2.378617,1
0.106616,1.162238,1
0.816094,1.568577,1
-0.819869,1.063720,1
1.625661,1.553623,1
0.868871,0.957009,1
1.607119,0.030163,1
0.404415,1.358304,1
-0.371663,1.003227,1
2.337906,1.536222,1
-0.095735,1.941290,1
2.353240,0.255048,1
1.293086,0.051411,1
-0.691343,0.276342,1
1.787465,1.244370,1
0.933702,0.901603,1
0.990067,0.180066,1
-1.312467,0.045454,1
0.059949,-1.788364,1
-2.513941,1.294285,1
4.098286,1.235117,1
-0.262921,2.740106,1
1.527538,1.319816,1
-0.395751,2.216347,1
0.743165,-0.010415,1
1.268770,0.504250,1
0.951051,0.435620,1
0.193487,-0.095115,1
1.265942,0.070287,1
0.326593,1.112609,1
1.420662,1.243857,1
0.657421,1.833039,1
-0.009807,-0.333806,1
-0.216102,0.843380,1
2.432351,1.441983,1
2.434816,0.930139,1
1.111524,3.875414,1
2.599242,0.812747,1
0.940500,1.748283,1
0.383135,3.033421,1
1.085682,2.490571,1
0.464158,1.167081,1
0.624714,2.477862,1
-0.118719,0.341361,1
0.821514,0.372877,1
1.276528,2.090120,1
1.963201,1.465778,1
1.797754,1.238049,1
0.456594,1.872945,1
0.225853,1.347211,1
2.138140,-1.538198,1
1.131668,1.321356,1
2.148447,0.701882,1
1.362471,-0.573277,1
0.605221,0.030109,1
1.969583,1.972619,1
1.433278,2.793544,1
0.520501,-0.400443,1
0.821560,0.385559,1
1.498113,1.302203,1
0.115811,0.485403,1
0.399673,0.792856,1
-0.242914,2.231071,1
2.438277,1.086262,1
2.775276,2.936756,1
1.583184,1.910922,1
1.682530,0.955009,1
2.137307,2.471089,1
-0.818214,0.079373,1
1.574953,1.398109,1
-0.247165,0.810212,1
0.547895,1.469671,1
2.513678,0.492905,1
1.528671,1.180632,1
2.926093,0.231443,1
-0.712396,1.721282,1
-0.471828,1.477583,1
1.870672,0.056757,1
-0.006934,1.570575,1
0.578049,1.527711,1
0.881554,1.606704,1
-0.343267,2.037397,1
1.017583,-0.480070,1
1.829320,2.517211,1
0.061503,1.243857,1
0.782704,1.790221,1
1.068237,1.068690,1
-0.200207,1.871634,1
-0.909344,2.388833,1
0.715371,-0.239832,1
0.199723,0.121105,1
2.299027,-0.517276,1
1.698983,1.910453,1
0.981325,4.038482,1
0.785419,0.617175,1
0.729689,1.143075,1
0.083318,0.795857,1
0.789462,1.644266,1
-1.170272,-0.336846,1
2.410320,0.483574,1
0.202352,1.826997,1
0.354674,0.327400,1
2.619320,1.485080,1
1.189601,0.836852,1
1.293613,0.933037,1
0.255161,-0.849813,1
0.560044,0.613449,1
1.023594,2.968510,1
1.718582,1.768777,1
1.665003,-0.603572,1
1.239286,-0.696274,1
1.881932,1.029012,1
-0.068141,0.509413,1
0.974720,0.586560,1
2.680554,-0.458821,1
-1.229009,2.271615,1
0.158966,1.467067,1
1.436164,-1.096004,1
0.838294,0.539919,1
0.323993,1.409617,1
1.538365,-0.274012,1
1.751586,0.001196,1
1.596548,1.608320,1
1.962769,0.237157,1
1.709205,0.973968,1
1.378648,1.410707,1
0.818028,2.802999,1
1.734330,-0.105702,1
-0.452106,2.154799,1
0.925248,1.645450,1
0.684917,0.140005,1
1.528743,1.270242,1
1.537045,0.501140,1
-0.653269,0.112614,1
1.183940,-0.651665,1
2.593376,1.961049,1
-0.450259,1.088634,1
0.711555,0.394281,1
2.367364,1.913447,1
0.741387,-1.410366,1
1.397576,4.006477,1
1.669784,0.949983,1
-0.494276,-0.830815,1
-0.803277,1.895190,1
2.999635,0.765779,1
1.373889,-1.148355,1
1.063714,1.883816,1
-0.141993,0.049464,1
1.323485,3.116019,1
-0.823345,3.065652,1
0.823430,-0.927782,1
1.544255,0.078055,1
0.867920,0.706401,1
0.895532,0.513473,1
2.310410,-0.168993,1
1.495720,1.028514,1
0.809639,2.071212,1
2.166342,1.228234,1
0.611898,0.791848,1
1.890795,-0.226895,1
0.483182,2.798749,1
-0.565897,3.218780,1
1.984053,0.214518,1
1.463065,0.876982,1
1.806352,2.669935,1
1.542610,1.402739,1
0.717837,0.773819,1
1.840968,0.306899,1
1.005280,3.138303,1
0.622757,0.598939,1
0.136741,0.236558,0
0.324082,-0.689706,0
-1.921279,0.421003,0
-1.201608,0.722685,0
-0.923671,-1.802865,0
-1.440702,-1.167143,0
-3.283033,0.736868,0
1.509282,-1.806509,0
-1.560927,-1.941253,0
-0.442593,-1.255893,0
-3.297849,-2.845614,0
-1.807179,-1.495431,0
-3.140539,0.604334,0
-3.461661,-0.943708,0
-3.407284,-2.469615,0
-0.855589,-0.453868,0
-0.647517,-0.345309,0
-0.689931,-1.383437,0
-1.440694,1.635523,0
0.031504,-1.175983,0
0.655698,-2.733333,0
-1.706010,-3.065968,0
0.286147,-1.034174,0
-1.046665,-1.657898,0
-0.686308,-2.264146,0
-0.806814,-0.575221,0
0.711164,-2.071532,0
-2.084227,-2.548661,0
0.746856,-1.317558,0
-1.656806,2.678360,0
-1.860244,-2.143411,0
-0.800293,0.673681,0
-0.534624,-2.542720,0
-0.537211,-0.855691,0
-1.686222,-1.583715,0
0.446497,0.783505,0
-2.454304,-0.333779,0
-2.086655,-2.753950,0
-0.145214,-1.132278,0
-1.439248,-1.592689,0
0.447205,-0.702578,0
-0.324799,-1.671780,0
0.761387,-2.262312,0
0.458902,-1.742292,0
-0.479006,-0.630550,0
-1.133125,-0.152143,0
-1.304138,-1.172646,0
0.196345,-0.258527,0
-2.051692,-0.870509,0
-1.254741,0.383431,0
-0.769448,0.978812,0
-0.349754,-0.100557,0
0.357735,-1.563944,0
-0.499473,-4.078849,0
-0.361541,-0.913715,0
-1.181226,-0.873026,0
-1.848736,-0.981205,0
-0.073203,-0.873270,0
0.564799,-2.692110,0
-1.943364,-1.180868,0
-0.814949,-0.247918,0
-0.551268,-2.894198,0
-0.780107,-0.722013,0
-1.658514,-2.388929,0
-0.809745,-3.380270,0
-0.965532,-1.850215,0
-1.910239,-0.764009,0
-0.752990,-2.546150,0
-1.949004,-2.096227,0
0.043718,0.849046,0
-0.726532,-1.944276,0
-0.527551,-0.721195,0
-1.017383,-3.004286,0
0.261108,-2.824456,0
-2.047403,-1.245247,0
0.157681,0.166451,0
-1.257665,-0.929578,0
-3.316169,-0.848945,0
-0.709892,-3.347071,0
-2.678024,0.383288,0
0.694509,-2.883155,0
1.214889,-1.335881,0
-1.362960,-2.902661,0
2.608558,-0.622945,0
0.116751,-2.575993,0
-2.280112,0.731442,0
-2.719527,0.039430,0
-0.521528,0.835733,0
-1.513861,-0.391994,0
0.268011,-0.185168,0
-0.088428,-0.993876,0
-1.936476,-0.217519,0
-0.148937,0.149462,0
-0.474994,0.250549,0
-2.451575,-2.253951,0
-2.573289,1.893265,0
0.049037,-1.877183,0
1.283850,-0.652143,0
-0.200792,-0.240861,0
-1.923741,-1.659960,0
-1.198261,-0.032147,0
-1.479977,0.361761,0
-1.637868,-0.568506,0
-2.287079,0.299583,0
-1.115186,0.416028,0
-0.705760,-0.125336,0
-1.192333,-1.857146,0
-1.355132,-0.195686,0
-1.545693,0.768041,0
-0.064180,-0.735605,0
0.261664,-3.044398,0
-1.061355,0.603131,0
-1.153704,-2.021537,0
-2.179377,-1.143500,0
-0.763756,-2.130530,0
-2.664189,0.092405,0
-0.743706,-1.223194,0
-0.929237,-1.792442,0
-0.067834,-0.808244,0
-1.678483,-2.396731,0
-1.573671,-1.096731,0
-0.919857,-0.759146,0
-0.152680,-1.161670,0
-2.067177,-0.771530,0
-0.752172,-2.111376,0
-0.903586,-1.528143,0
-1.737503,-3.060038,0
1.130154,-2.956118,0
-3.346875,-1.209354,0
-0.905871,-1.338473,0
-4.878948,-3.373027,0
-1.854996,-0.927666,0
-0.866993,-1.554487,0
-2.193594,-2.506473,0
0.109797,-1.659529,0
0.318381,0.534118,0
-1.501950,-0.962974,0
-2.028277,-1.080851,0
-2.426969,-1.134742,0
0.707864,-0.981578,0
-2.221693,0.001046,0
-2.022786,-3.413004,0
-1.908321,-0.713484,0
0.397755,-2.383876,0
-3.232638,0.478592,0
-2.008336,-0.738939,0
-0.548431,-1.450234,0
-0.310459,-0.114286,0
-3.393850,-2.186762,0
0.755896,-1.652820,0
-1.779177,-0.739621,0
-2.374891,-1.052841,0
-2.059747,0.762652,0
-2.092155,-1.778245,0
-1.634298,0.509394,0
-1.245804,-2.962749,0
0.317069,0.114255,0
-1.558334,-0.148392,0
-1.870727,-2.592372,0
-1.666152,-1.798175,0
-1.374518,-1.994138,0
-0.485813,0.809150,0
-1.541429,-0.257898,0
-0.327943,-0.577002,0
-2.560353,-0.580748,0
-0.685457,-1.271974,0
0.696526,-2.087148,0
-2.297136,-1.388955,0
-1.790063,-1.977328,0
0.443988,-1.043404,0
-1.508990,-0.417854,0
-0.991118,-1.869623,0
-0.235721,-0.310257,0
0.615610,-0.345605,0
0.753819,0.578371,0
-0.327893,-0.129891,0
1.826298,0.131253,0
-0.315912,-1.085343,0
-2.306550,0.417551,0
-1.067848,-1.026102,0
-1.507176,-1.516362,0
-0.077262,-0.543319,0
-1.264769,-0.761213,0
-0.942225,0.008591,0
-1.298480,0.613629,0
-1.861591,0.740126,0
-3.598846,-0.956321,0
1.055417,-1.181980,0
0.329128,-0.628223,0
-2.450404,-0.598061,0
-2.891774,-1.680413,0
-1.973660,-1.168817,0
-2.588927,-2.075786,0
-1.959599,0.117338,0
-2.484231,-1.386974,0
-2.225166,0.483445,0
-0.000911,-3.815128,0
-2.336284,0.020925,0
-1.846226,-0.664045,0
-0.074912,-1.296598,0
-0.190809,-0.141167,0
-0.831329,-2.765025,0
-0.903304,-0.146038,0
-2.123257,-2.560015,0
-0.103255,-0.750988,0
-2.476012,-2.877911,0
-1.647689,-2.413428,0
-1.595122,-2.701775,0
-2.382682,-0.098398,0
-1.983659,-0.940401,0
-1.503819,-0.841958,0
-2.477871,-0.178546,0
-0.136703,-1.181188,0
1.307021,-0.429235,0
-1.530240,0.876370,0
-2.488136,-1.398008,0
0.096339,-0.344415,0
-2.290999,0.433844,0
-0.024993,0.077066,0
-3.090390,-1.552593,0
-1.882083,-0.892898,0
1.024991,-2.763920,0
-2.325873,-0.731102,0
-2.878777,-1.376113,0
-2.008195,-1.826079,0
-1.937517,-0.930938,0
0.173301,0.797716,0
-2.384522,-1.152809,0
-1.500488,-0.978001,0
-1.297360,-1.037521,0
-1.154980,-1.704325,0
-0.687182,-0.590854,0
-0.144223,0.156746,0
-2.281273,-2.971023,0
-1.068105,-0.150040,0
-0.058912,-2.279179,0
-0.925404,-0.844354,0
0.473686,-0.515628,0
-2.347690,-1.075216,0
-2.318107,-2.310957,0
-2.029985,0.627718,0
0.315943,-1.966802,0
-0.275118,-0.672200,0
-1.610285,-1.629113,0
-1.415682,-1.975597,0
1.598067,0.242259,0
-1.394677,-0.190131,0
-0.672019,-0.880291,0
-0.935249,-2.370941,0
-0.801556,-1.667388,0
-2.067693,-0.935719,0
0.099973,-1.054674,0
0.110392,-1.100951,0
-1.171772,-2.236781,0
-0.221786,0.497725,0
-0.353916,-2.112006,0
-2.610113,0.317759,0
-0.384966,1.709316,0
-2.175135,-1.763517,0
-2.417224,-3.758204,0
-0.281027,-0.489143,0
-0.935300,-3.125927,0
-1.222462,-1.029223,0
0.528585,-1.818535,0
-1.303348,-0.506047,0
-2.978989,-0.092584,0
-1.712635,-0.594340,0
-2.896763,-0.225496,0
-1.145530,-0.828013,0
-0.901713,-0.538426,0
0.733729,-1.443255,0
-2.574562,-1.155909,0
1.099147,0.072231,0
-0.513139,-1.772760,0
-0.247952,-1.870551,0
-1.861074,-1.847782,0
-1.301448,-2.987879,0
-1.592185,-2.930787,0
-0.352582,-0.744068,0
-0.573180,0.593909,0
-2.499288,-1.569342,0
-2.708029,-1.683471,0
-1.872178,-2.311644,0
-2.253933,-1.991046,0
-0.758246,1.358535,0
-0.621217,-2.875732,0
-2.717165,-1.005131,0
-1.634289,-1.815984,0
0.144759,0.410488,0
-0.826713,-0.006227,0
-3.073846,-1.078070,0
0.840913,-1.218673,0
-2.005269,-2.926089,0
-0.807658,-1.086869,0
-1.025777,-0.088458,0
0.566258,-2.899830,0
-2.896746,-0.700532,0
1.188534,-1.818901,0
-0.910086,-1.135377,0
-1.702417,-0.799574,0
-1.412180,-2.872465,0
-1.964836,-0.234019,0
0.174768,-0.900823,0
-2.232817,-1.747578,0
-0.714805,-3.101807,0
0.170529,-0.334952,0
-2.305679,0.019186,0
0.865448,-0.608891,0
-0.937562,-0.246131,0
-2.351155,0.777950,0
-1.647141,-1.446355,0
-0.804607,-1.323634,0
-1.757216,-1.742736,0
-0.185179,-0.812393,0
-1.594558,-2.070981,0
-0.989482,-2.748309,0
0.775918,-3.013267,0
-3.270752,-2.346703,0
-0.507965,-0.789490,0
0.105225,-0.388058,0
-1.658029,-1.429251,0
-1.156890,-1.697412,0
-0.285174,-3.146379,0
1.141408,0.218744,0
-2.126124,-2.478922,0
-0.882802,-2.635488,0
-1.539913,-0.777951,0
-0.112323,0.282172,0
-0.787184,-0.396869,0
-0.874947,-0.466912,0
-0.823924,-0.690620,0
-2.260834,-1.714645,0
-1.085559,-1.100975,0
-1.572243,-0.699410,0
-1.106185,-0.535428,0
-0.832745,0.180034,0
-2.152709,-0.756123,0
-1.298445,-0.761269,0
-1.784637,-0.464290,0
-0.945884,0.124325,0
0.119109,-2.061898,0
-2.107215,-2.172678,0
-1.191407,-1.800634,0
-1.882374,-0.856699,0
-1.012437,-1.731950,0
-0.760287,-1.621211,0
-2.478877,-0.661452,0
-1.477242,-1.480310,0
0.086846,-1.564454,0
0.715914,-0.828686,0
-2.671551,-0.447791,0
-1.678509,-1.385099,0
-0.786515,-0.719997,0
-2.612335,-0.751690,0
-2.484895,0.147638,0
-0.554578,1.035143,0
-2.336099,-1.875688,0
-2.395067,-0.591749,0
-1.375649,-1.239134,0
-0.140724,-0.725478,0
-2.038898,-0.423300,0
-1.923981,-0.989354,0
-0.392994,-1.171927,0
-0.350351,-3.242494,0
-0.561494,-0.498838,0
-1.016002,-3.088529,0
-2.082701,-0.432614,0
0.059973,0.423189,0
-0.255112,-3.321018,0
-0.072653,-1.149020,0
-2.003749,-3.097704,0
-1.624099,-0.066476,0
-1.652575,-0.423495,0
-1.223827,-1.196342,0
-0.578732,-0.331310,0
-1.405357,-2.017478,0
0.351354,-1.139924,0
-0.422814,-1.429607,0
-0.930014,-2.195838,0
-2.561087,-2.132595,0
-1.876425,-1.125869,0
-2.518135,-1.001846,0
-1.571181,1.341051,0
-3.893970,-3.669956,0
-0.105650,-0.316584,0
-0.075480,-0.950310,0
0.318105,-1.313025,0
-1.172953,-2.050771,0
1.195109,-1.350857,0
-0.342706,-1.820524,0
-1.748204,-1.943257,0
-2.269823,-0.773106,0
-0.545895,-2.218900,0
1.213448,0.165301,0
1.113386,-1.880727,0
-1.569703,-1.303276,0
-0.373479,-1.740323,0
-2.265350,1.119993,0
1.784672,-2.939963,0
0.563295,-1.357673,0
-0.330378,-0.215576,0
-1.746733,-3.632517,0
-1.137063,-1.200230,0
-0.944017,-2.529161,0
-0.100342,-1.008389,0
-1.142551,-0.618331,0
-3.963265,-1.280286,0
0.501285,-0.181634,0
-2.095349,-0.956021,0
0.136655,-0.824972,0
-1.379061,-2.148857,0
-2.195988,-1.612582,0
-0.949771,-0.410431,0
0.963255,-1.720802,0
-1.231933,1.016850,0
-3.666537,-1.951713,0
-1.611758,0.013254,0
-1.706358,-1.011081,0
-1.299605,-2.220325,0
-0.633994,-0.261698,0
0.585176,-1.733935,0
0.351631,-1.022429,0
-2.464565,0.223759,0
0.108838,-3.304835,0
1.278583,-0.835681,0
0.214869,-2.285055,0
-1.132164,-1.254756,0
-2.130403,-0.909396,0
-1.234722,-0.327583,0
-0.555752,-1.440658,0
0.348550,-0.510932,0
-1.660060,-0.201606,0
-0.842026,-0.647929,0
-0.546876,-0.604917,0
0.345553,-1.296277,0
-0.521463,-1.606280,0
-1.552341,-0.578863,0
-1.358093,-3.041569,0
-0.220415,-2.054382,0
-2.341108,-1.453818,0
0.260649,-2.532793,0
-0.337127,-1.171343,0
-2.471344,-1.924597,0
-1.648125,-2.414757,0
-0.983423,-1.286990,0
-0.853237,-2.530001,0
-1.872754,-0.283795,0
-1.411987,-2.252793,0
1.455665,0.519852,0
-0.053353,-2.375801,0
-0.468020,-1.346991,0
-2.428419,-0.387406,0
-2.343912,0.141421,0
-0.859839,-1.752935,0
-2.033336,-0.559827,0
-0.279636,0.216728,0
-0.400090,-1.730603,0
-0.448206,0.654130,0
-1.627277,-1.737087,0
0.005563,-4.030461,0
0.591467,-2.835441,0
-1.259101,-0.632603,0
-2.521741,-0.984320,0
-1.057279,-0.677111,0
-2.947071,0.857676,0
-0.346611,-2.640168,0
-0.729286,0.238856,0
-0.515390,-1.195072,0
-1.732688,-0.442620,0
-0.109817,-0.766449,0
-1.224850,-0.849443,0
-0.908462,-0.067480,0
0.853282,-0.301615,0
-0.349716,-0.853637,0
-0.938017,-0.133245,0
0.132097,-1.865409,0
-1.011812,-0.778063,0
-3.381237,-3.361862,0
-1.884038,-1.981245,0
-0.324432,-1.222118,0
-0.957636,-0.704132,0
-0.172286,-3.240650,0
0.546770,0.340130,0
-0.319821,-1.767565,0
-0.095657,-1.539179,0
0.391036,-1.926708,0
-2.476001,-2.213362,0
-1.751462,-1.868145,0
-0.237800,-1.160805,0
-0.866915,-0.309562,0
1.468811,-2.494075,0
-1.774027,-0.196140,0
-1.287396,-1.812753,0
-1.983961,1.194757,0
-0.315652,-0.289736,0
-0.208759,-1.387388,0
-1.378497,1.170923,0
-0.733777,-1.849347,0
0.522191,-1.594823,0
-0.340269,1.319756,0
-2.318049,0.784986,0
0.077407,-0.712374,0
-1.680043,-0.556788,0
-2.550154,-0.954971,0
-2.813824,-1.186632,0
-1.161117,0.125481,0
-0.052898,-0.657684,0
0.182910,-0.262657,0
-1.429189,-2.469390,0
0.198190,-0.011093,0
-1.597309,-0.363487,0
-1.628799,-2.570670,0
-0.719128,0.049444,0
-1.101833,-1.105050,0
-1.029635,-2.226249,0
-0.664628,-1.706108,0
-0.636555,-2.096622,0
-1.298289,-0.778167,0
-0.362240,0.782291,0
-1.443945,-1.818106,0
-2.517660,-2.170217,0
-2.098687,-2.481661,0
-2.530480,-1.569223,0
-0.732999,-0.364793,0
-1.349202,0.482387,0
-2.159367,-0.588336,0
0.667169,0.560593,0
-1.621876,-2.398684,0
-1.058545,-2.525617,0
-0.543430,-2.209006,0
-2.468468,-1.829400,0
-2.161396,0.460339,0
-0.880471,0.627036,0
-0.701995,-1.549941,0
-2.034812,-2.359235,0
-0.823333,-1.836102,0
-0.674472,-1.645013,0
-0.566658,-0.756949,0
-0.687757,-0.842913,0
-1.702300,-1.510706,0
-1.151048,-1.523894,0
-2.216760,0.525913,0
-3.456368,-0.569409,0
-0.658997,-1.684790,0
-0.784071,-0.962863,0
-1.202808,-2.052157,0
-1.484565,-0.512726,0
0.157808,-0.055182,0
0.244859,-1.556286,0
0.018837,0.420198,0
-1.556674,-0.555419,0
-0.679115,0.566056,0
-1.193407,-2.216809,0
1.419111,-1.965219,0
-0.083122,0.236080,0
-0.656094,1.834290,0
-1.125786,0.454495,0
-1.027987,-0.128965,0
-2.389767,-0.294305,0
-0.072819,-2.948239,0
-0.941207,-0.842538,0
2.126298,-2.138504,0
-0.383796,-1.122296,0
-1.211953,-1.525266,0
-0.559592,-1.634390,0
-1.158373,-1.321182,0
-1.535889,0.590894,0
-2.306686,-0.655180,0
0.892156,-1.556823,0
-4.277700,-1.273942,0
-0.448822,-0.622721,0
0.225624,-0.281870,0
-0.903119,-2.311323,0
-2.215562,-1.693151,0
-1.273706,-2.519883,0
-0.932798,-0.405209,0
-1.124325,-1.694790,0
-1.836580,-0.369379,0
0.729959,-1.376799,0
-0.212761,-1.240152,0
-1.957782,-1.178274,0
-1.408673,-0.398004,0
-1.807475,0.088184,0
-1.765341,0.557164,0
-0.555462,-0.807239,0
-2.006220,-1.742709,0
-2.160779,-0.055059,0
-0.491368,1.290504,0
-2.187290,0.619156,0
-0.673481,-1.704923,0
-2.054262,-1.612043,0
-2.000637,-1.750903,0
-0.356351,-0.419326,0
-2.001244,-2.610935,0
-1.065125,-0.284033,0
-0.321258,-0.869605,0
-1.001778,-2.384378,0
0.401385,-2.074994,0
0.525624,-1.872440,0
-0.139729,0.158913,0
-1.593382,0.368442,0
0.935817,-1.928346,0
-0.787090,-2.633934,0
-0.415156,-2.214770,0
-0.810494,-0.108417,0
-0.978880,-0.849017,0
-0.782959,-1.676029,0
-0.660704,-0.469175,0
-1.232171,-2.221268,0
0.866454,-3.260746,0
-1.642671,1.106112,0
-2.399428,0.908695,0
1.700512,-1.375445,0
-2.106650,-2.329118,0
0.020597,-4.264759,0
-0.526442,-1.359321,0
-0.708806,-1.059887,0
-0.365090,-1.547466,0
-1.245487,-3.696959,0
-1.262314,1.936308,0
-2.381499,0.109200,0
-1.440372,-0.991640,0
0.532126,0.852285,0
-0.558082,-1.865680,0
-0.291958,-1.705988,0
0.438093,0.354714,0
-0.595688,-1.172077,0
-2.095503,-0.583134,0
0.108413,-1.105468,0
-1.068732,-0.850362,0
-0.427565,-2.291283,0
-1.033647,-0.738441,0
-1.836816,-1.238072,0
-1.805304,-1.883912,0
-1.307811,-1.758346,0
-1.597090,-1.549162,0
-0.224395,-3.069834,0
-0.493940,-1.361493,0
1.508211,-0.139468,0
-0.436975,-1.935948,0
-1.495359,-2.501906,0
0.215716,-2.037926,0
-2.027387,-1.594808,0
-0.854412,-2.099225,0
-2.284760,-1.797073,0
0.095565,-1.199527,0
-3.417229,-0.345847,0
0.062820,-0.929990,0
-0.720421,-1.805372,0
-0.316759,-0.648014,0
-0.327198,-0.334275,0
0.263576,-0.814924,0
-1.291442,-1.219231,0
-0.095869,-0.994216,0
-1.644806,-0.050263,0
-1.660860,-1.150195,0
-0.911522,-1.167976,0
-0.393345,-0.083716,0
-0.468233,-0.625936,0
-0.770490,-1.556009,0
-0.754093,-2.222719,0
-0.215947,-1.041196,0
-1.714361,-0.053266,0
-3.040513,-0.463739,0
0.476519,0.655850,0
-1.463409,-2.150799,0
-2.292610,1.274357,0
0.845536,-1.338192,0
-1.899584,-3.349089,0
0.431969,0.096425,0
0.179401,-1.736839,0
1.041307,0.562026,0
-2.596508,-1.105916,0
0.524233,-0.878200,0
-0.365854,-1.220328,0
0.216092,-0.009374,0
-1.961501,-0.468587,0
-0.125948,-2.733007,0
0.145215,-0.916768,0
0.577128,-2.473801,0
-0.662271,-2.666152,0
-0.597537,-1.159854,0
-0.341106,-1.538232,0
0.498328,-2.284998,0
-1.596971,-1.282941,0
-0.945906,-0.447223,0
-1.978425,-1.238979,0
-2.982480,-0.977856,0
-2.415282,0.079397,0
-2.725722,-0.745646,0
-0.898580,-0.051419,0
-0.994002,0.762741,0
-2.338414,-1.811377,0
-0.053450,-0.477626,0
-0.903923,-2.513041,0
-0.843556,-1.442814,0
-1.231072,0.816898,0
-2.154250,-0.227375,0
-0.617712,-1.626424,0
-1.224344,-1.152558,0
-1.396410,-1.449671,0
-1.871443,-0.213596,0
0.008929,0.132647,0
-0.692655,-2.543570,0
-0.770281,-0.396242,0
0.576232,-1.738392,0
-0.434119,-2.812022,0
-2.292674,-0.105936,0
-2.664291,-2.936212,0
-0.945604,-2.727057,0
-2.069126,-1.648851,0
-0.008619,-0.802503,0
-1.765038,-2.045898,0
1.332283,-1.289539,0
-3.130004,-1.993056,0
-0.790664,-1.767435,0
-1.795700,0.263383,0
-1.738453,-0.261442,0
-0.181425,-0.589156,0
-0.704088,-0.826869,0
-0.262210,0.349778,0
-0.702510,0.074452,0
-1.334424,-2.028607,0
-1.931400,-1.657166,0
-3.211412,-1.315927,0
-0.607088,0.079286,0
0.216784,-1.526246,0
-0.481969,-0.592367,0
-2.000259,1.017071,0
-2.080845,-2.064012,0
-0.234603,-1.447213,0
-1.608996,-1.174248,0
-3.615459,0.728820,0
-0.724607,-0.757275,0
-3.205009,-1.061413,0
-0.805594,0.037239,0
-0.117153,-1.574431,0
1.263065,-0.814550,0
-1.967991,0.173363,0
-2.283432,-1.690996,0
-1.277318,-0.298494,0
-1.731737,-0.079527,0
0.277533,-1.534069,0
2.298631,1.986210,0
-1.388995,0.331407,0
0.007940,-2.904410,0
-0.850005,0.324238,0
-1.233912,0.322352,0
-1.481588,-2.327310,0
-0.318398,-1.892066,0
-0.812364,0.529322,0
0.223250,-0.044181,0
-2.532918,-2.556953,0
-0.088135,-1.879584,0
0.150441,-0.069711,0
-0.404763,-1.699049,0
-0.234398,-0.466081,0
-0.720914,-1.968589,0
-3.067639,-1.250315,0
-0.743732,0.220128,0
-0.645630,-0.713964,0
-1.115056,-0.602831,0
-0.310702,-2.000534,0
-0.674382,-2.584372,0
-0.993924,-1.690290,0
-1.129710,-1.783629,0
-1.960162,-1.994695,0
-2.035296,-0.765535,0
-0.627252,-1.363299,0
-2.075355,-0.641856,0
-2.799420,-1.071782,0
-2.237756,0.190361,0
-0.167415,-0.920954,0
-0.761090,2.272494,0
-1.238086,-1.086996,0
-2.354570,-0.893157,0
-2.630839,-2.021298,0
-1.028052,-0.366081,0
-0.664020,-1.211562,0
0.649713,-1.132010,0
-1.644649,-0.296351,0
-0.751866,-1.093966,0
-0.050949,-0.539184,0
0.581956,-2.331448,0
-2.478337,0.999082,0
0.684877,-0.711853,0
-1.363216,-0.115044,0
0.012194,-4.771066,0
-0.966834,-1.941203,0
-2.164159,-1.633703,0
-1.439543,-1.094079,0
-0.190656,0.806349,0
-0.304803,-0.582155,0
1.015651,-3.248202,0
-1.395370,-1.103828,0
-0.640408,-1.632748,0
-1.284516,-0.291569,0
0.340245,-2.573444,0
-1.368488,-1.758840,0
0.346563,-0.771543,0
-1.585750,-0.239718,0
-0.728764,-1.085766,0
-1.389932,-0.548974,0
0.192126,-0.160345,0
0.100102,-2.901554,0
0.431813,-1.750465,0
-1.447804,-0.720078,0
-1.353751,-1.378264,0
-0.145270,-0.617769,0
-0.970318,-2.828424,0
-0.435871,-1.167854,0
-1.131455,0.463890,0
-0.729329,-1.192633,0
-0.191926,-1.306144,0
-0.189029,-2.431475,0
-2.864316,-2.148799,0
-3.349406,-0.764784,0
0.564065,0.774163,0
0.935668,-0.354182,0
-1.809637,-2.080997,0
-1.632601,-0.252794,0
-1.611245,-2.811230,0
-0.744276,-1.521945,0
-0.011476,-2.027090,0
-1.396187,-2.247704,0
-2.510209,-0.262034,0
0.042979,-1.125975,0
2.030781,1.145163,0
0.806694,-0.853392,0
-0.343209,-0.222611,0
-2.760585,-3.465798,0
-0.100161,-3.180630,0
-0.880409,-1.825207,0
-0.009833,-0.419441,0
-1.023611,-1.782922,0
-0.049805,-1.212151,0
-0.863823,-1.588075,0
-0.814275,-1.267932,0
-0.906119,-1.381674,0
-2.429758,-2.740873,0
-0.728258,-2.445149,0
-1.784675,-1.331128,0
0.383730,-0.283581,0
0.217397,-2.350718,0
-0.614076,-1.151219,0
-1.567092,-3.454563,0
-0.078203,-1.076639,0
1.527553,0.209253,0
-0.324304,-0.830313,0
-2.259321,-0.120466,0
-0.810232,-1.870370,0
-1.187496,-1.705799,0
-1.209434,-1.118982,0
0.168559,-0.862798,0
-0.255174,-0.220346,0
-0.188644,-2.499964,0
-0.237128,-0.557882,0
-2.733186,-3.187000,0
-2.622585,-1.678159,0
-0.115127,-1.205080,0
-0.348275,-1.688809,0
-1.242316,0.611158,0
-1.061014,-0.118607,0
-2.890192,-1.896940,0
0.313407,-0.847108,0
-2.096063,-1.004041,0
-2.467308,-2.934990,0
-1.954762,-1.261508,0
-1.446419,-1.092483,0
-0.866997,-1.114785,0
-1.488759,-1.855839,0
-1.811745,-1.279763,0
-1.416681,-3.247947,0
-0.984471,-1.519618,0
-1.372714,-2.806705,0
-0.336971,-1.085919,0
0.158829,1.320497,0
-0.608810,-0.523606,0
-3.222822,-0.100278,0
-2.551501,-1.264531,0
-1.519832,0.768729,0
-0.469399,-1.463323,0
-2.409311,0.080052,0
-0.107807,-0.617163,0
1.576455,-1.788926,0
-3.170134,-0.384046,0
-2.107475,0.380768,0
1.022497,-2.798327,0
-1.461152,-0.866184,0
-0.997148,-1.566285,0
-1.007970,-1.255911,0
1.810162,-1.098039,0
-0.920317,-0.500181,0
-0.933166,-0.463519,0
0.643879,-0.276429,0
-1.670151,-1.160285,0
-2.376121,-1.501141,0
-2.219352,-0.741802,0
-0.612303,-0.634019,0
0.115597,-1.316518,0
3.068407,-1.943751,0
-2.414410,-3.577098,0
-1.725327,-0.540686,0
-1.637726,0.067979,0
-2.425899,-1.545686,0
-0.851100,-0.438798,0
0.962064,-1.166129,0
-1.157909,-1.392751,0
-1.151851,-0.448284,0
0.834520,1.875340,0
-2.983549,-1.073205,0
-2.707201,1.429772,0
-1.267850,-2.352357,0
-1.136700,-2.302774,0
-1.647070,-0.688884,0
-3.015473,-1.804995,0
-0.919343,-1.981079,0
-1.516491,-2.524231,0
0.502504,0.340974,0
-1.013305,0.959247,0
-1.472315,-0.086865,0
-0.366885,-1.374576,0
-0.406190,-2.273931,0
-0.039387,0.112423,0
-0.303066,-2.667282,0
-0.428128,-0.353664,0
-1.527985,0.763658,0
-1.062942,0.038188,0
-0.875266,-1.388103,0
0.412523,-0.680997,0
-1.141677,-2.193390,0
-0.540195,-1.022076,0
-2.154598,-1.116268,0
-1.169843,-2.474331,0
-0.995819,-2.340353,0
-2.204066,-1.370010,0
-0.577651,-2.825898,0
-1.736639,-2.202315,0
-1.692735,-0.853501,0
-2.000128,-2.508874,0
1.591176,0.006319,0
-0.408560,0.047708,0
0.074536,-1.692706,0
-1.909109,-1.694960,0
0.157644,0.383897,0
-1.374750,0.036649,0
-2.491001,-0.208261,0
-2.189014,-1.331231,0
-3.517856,0.298957,0
-1.629034,-0.996620,0
-0.028791,-2.711414,0
-1.463637,-1.236009,0
-2.397639,-1.260070,0
0.741955,-2.361860,0
0.368260,0.916565,0
-1.253344,1.013058,0
0.089685,-1.703796,0
-0.810095,-0.180698,0
-1.409553,-0.006854,0
-2.166510,0.057165,0
-1.511779,-2.290032,0
-0.528616,-0.193181,0
-1.679164,-0.673649,0
-2.277657,-2.185726,0
-0.818214,-1.128142,0
-2.331035,-0.630890,0
-0.065915,-2.575607,0
-0.377592,0.045227,0
-2.464983,-2.048697,0
-2.698539,-0.793187,0
-1.411628,0.436017,0
-1.828545,1.142356,0
0.115020,-1.612057,0
1.107035,-1.615212,0
-0.709285,-0.959284,0
-1.134091,0.379381,0
-1.034304,-0.968750,0
-1.032108,-3.418587,0
-0.437384,0.877930,0
-2.577655,-2.450620,0
-0.662937,0.052040,0
-0.491731,-1.117790,0
0.150416,0.153357,0
0.677136,-1.976494,0
-2.809428,-0.512672,0
0.383045,-2.106009,0
-1.962455,-0.622318,0
-3.410830,-1.674520,0
0.031452,-1.659086,0
0.488791,-2.462426,0
-0.732855,-0.260797,0
-0.701379,-1.094070,0
-1.033451,-2.133365,0
-0.420641,0.212385,0
-1.844279,-1.435554,0
-0.078712,-1.782038,0
-0.362237,-0.687630,0
-0.395435,-0.362848,0
0.465010,-0.806855,0
-1.678364,-0.269397,0
