0.064586,0.197061,1
2.070284,1.080700,1
0.454016,2.626214,1
1.083538,1.742144,1
-0.140859,-0.228687,1
1.471616,0.486119,1
2.583688,0.807758,1
1.762090,2.228790,1
-0.071226,1.187365,1
1.418515,0.298465,1
-0.044163,2.980557,1
0.020280,-1.377917,1
1.411081,0.704469,1
-0.811523,1.146142,1
-0.007639,3.063724,1
-1.629746,-0.337069,1
0.325481,1.331773,1
2.018890,2.737260,1
0.503517,0.214910,1
0.995672,2.620191,1
0.548833,0.888770,1
2.560564,1.440576,1
0.356996,0.775371,1
2.707133,0.151698,1
2.099611,1.101186,1
0.895071,1.570535,1
-0.821083,1.499139,1
3.377653,0.264942,1
1.239722,0.732855,1
-0.688969,1.874757,1
0.466833,0.447866,1
0.599373,-1.021414,1
0.298560,1.698765,1
0.889303,0.524520,1
1.617068,1.418634,1
2.749749,1.124112,1
2.260345,1.283788,1
2.305572,1.587646,1
-0.257803,0.999923,1
1.042814,1.540728,1
-0.624403,1.898473,1
1.876424,0.501852,1
2.456967,-0.975013,1
0.180511,-0.627298,1
0.951524,-0.565806,1
0.346702,0.052049,1
0.524233,2.485481,1
1.483197,1.098914,1
2.086222,0.890107,1
2.062584,1.594333,1
0.906195,1.983089,1
1.065889,3.436474,1
-0.216678,1.057611,1
1.056639,1.586687,1
-0.785550,2.239303,1
0.814357,3.161065,1
-0.084406,0.582859,1
1.496760,1.944514,1
1.157557,-2.583748,1
2.138488,1.264342,1
0.012564,1.994475,1
0.449791,0.357895,1
0.796121,1.429197,1
1.654109,3.285883,1
1.991347,0.087695,1
0.738638,1.655004,1
0.196502,0.910894,1
-0.951021,0.550825,1
-1.198233,1.279182,1
0.738911,3.357950,1
0.234463,1.790172,1
-0.156296,-0.121622,1
1.001068,-0.647751,1
1.130452,0.320739,1
3.975446,0.787887,1
0.731748,0.990872,1
1.880298,2.132960,1
0.878997,-0.245503,1
-0.136155,2.524774,1
1.477582,1.345040,1
0.537296,2.191151,1
-0.370112,3.668762,1
1.033014,3.128767,1
2.371820,0.707322,1
3.317790,0.289428,1
0.505680,0.389365,1
0.275592,-0.022393,1
0.720206,0.285925,1
2.853396,2.737361,1
1.936749,0.156238,1
1.707542,1.774862,1
1.141069,-1.261287,1
-0.097958,1.123155,1
-0.893492,2.229667,1
0.399450,1.634509,1
2.223182,0.298853,1
0.280357,0.030767,1
1.009738,2.952403,1
0.714514,1.283277,1
1.645733,-0.698382,1
2.835700,1.671294,1
2.497461,2.632542,1
1.439088,1.165511,1
2.009218,1.361056,1
1.006235,-0.034931,1
0.125208,2.083908,1
-0.068082,0.979525,1
0.793995,3.244071,1
-0.660957,-1.601645,1
1.575189,-1.680574,1
1.092283,1.311841,1
1.632570,-0.283411,1
1.589114,2.670104,1
-0.343470,1.572522,1
0.291792,1.860891,1
1.791505,-0.434189,1
-0.279563,1.786243,1
0.683696,2.167319,1
2.572663,1.396118,1
1.181679,1.477758,1
1.802213,1.269838,1
1.042979,0.617110,1
0.545865,2.650318,1
-0.936170,1.522308,1
-0.365943,0.899571,1
2.238087,1.017218,1
1.768662,1.622092,1
-0.202517,0.344449,1
0.796666,-0.519249,1
-0.311037,2.375221,1
1.237752,1.233468,1
0.639000,0.058079,1
1.526039,2.686598,1
2.240607,0.437918,1
-0.786343,1.690325,1
0.100760,1.032480,1
0.046107,0.857587,1
1.465147,1.027885,1
2.351280,1.882771,1
0.191471,0.165627,1
1.415109,1.311506,1
1.610709,2.193180,1
1.786983,2.629676,1
2.497581,0.483883,1
1.875484,0.911847,1
1.054346,1.083022,1
0.940068,0.072983,1
1.692675,0.311249,1
1.924337,-0.342004,1
1.412220,3.270856,1
3.567312,2.260468,1
2.532791,0.425510,1
-0.231978,1.270509,1
1.861013,0.881088,1
2.372265,0.273915,1
-0.178284,1.736419,1
1.189662,2.895698,1
2.215168,2.051275,1
0.765622,3.048654,1
0.838197,3.632728,1
0.813824,1.436213,1
2.120447,0.596546,1
0.468452,1.617202,1
0.614686,-0.404016,1
-1.303296,-0.060082,1
-0.283223,1.221484,1
1.310210,2.523617,1
-0.535439,1.268147,1
1.619854,0.180367,1
0.230729,-0.393513,1
2.561747,1.135321,1
1.794722,-0.180931,1
-0.656117,1.271658,1
-0.189891,2.833397,1
0.696944,-0.355180,1
0.083722,1.128490,1
0.469423,1.842226,1
1.008492,0.212764,1
1.229594,-0.988117,1
1.153982,0.900442,1
1.043785,1.000797,1
0.202628,0.925995,1
-1.815295,0.222367,1
2.279884,1.202580,1
-1.328609,-0.668836,1
2.312937,0.920288,1
0.648465,1.235997,1
0.508261,1.130253,1
0.270695,0.778166,1
-0.521371,-1.606249,1
0.494663,0.333392,1
1.041903,1.105030,1
0.977075,2.186112,1
0.254491,1.552399,1
2.058858,-0.287165,1
2.620531,1.698389,1
2.190848,0.988812,1
2.188950,2.480533,1
2.335206,0.074923,1
2.612639,0.527526,1
2.057189,0.878736,1
2.234083,0.993958,1
1.911102,2.582443,1
0.825909,0.895556,1
0.123799,-0.981643,1
2.254567,-1.029093,1
2.624756,-1.281244,1
0.959797,0.567429,1
0.771673,-0.620866,1
-1.823573,1.689607,1
2.259020,3.031564,1
2.294897,-0.015432,1
0.914825,2.454606,1
1.472925,0.460352,1
0.636688,2.825966,1
2.594640,2.144197,1
0.981073,0.309723,1
-0.625825,1.269575,1
0.068507,0.733937,1
1.164117,0.937536,1
1.508829,-0.294334,1
-0.949083,1.431430,1
0.279704,0.030061,1
0.982776,1.788057,1
0.782926,0.401549,1
0.114759,-1.664450,1
0.330950,-0.234796,1
0.292756,1.825895,1
1.852161,-0.643182,1
1.099376,-0.706200,1
0.697044,-0.734145,1
0.133046,2.303245,1
0.239137,1.330121,1
2.225668,1.552065,1
0.400370,1.214202,1
1.532758,1.719517,1
1.178431,1.476252,1
0.379906,0.390845,1
1.636681,-0.835308,1
-0.391383,1.720435,1
0.897163,1.902923,1
1.357747,0.598476,1
0.934654,1.366334,1
-0.238401,2.434785,1
2.385668,1.170703,1
1.148747,0.987965,1
1.620021,1.387583,1
1.207075,1.582942,1
-0.266569,2.142179,1
1.608980,0.913751,1
0.267990,-0.339915,1
2.888200,0.327241,1
-1.121424,1.541268,1
1.572982,0.512799,1
0.620625,1.306243,1
0.484509,0.273621,1
0.024342,1.122719,1
0.648183,1.020134,1
0.492392,2.361756,1
1.149987,1.711369,1
0.323222,2.046059,1
0.208106,0.563747,1
-1.993033,1.448006,1
1.352037,0.635925,1
-0.775206,1.302526,1
0.534871,-0.214032,1
-0.308609,1.113100,1
0.795774,1.323313,1
0.103432,1.530892,1
1.610066,1.175970,1
-0.593911,0.983561,1
1.749129,1.459420,1
-0.698658,-0.210150,1
1.160252,3.316309,1
1.380939,1.216647,1
0.092814,0.886613,1
0.653337,1.629137,1
1.255583,0.431298,1
1.229704,1.746652,1
2.047168,1.830105,1
1.392720,2.334181,1
1.274174,2.971484,1
0.221168,1.187958,1
0.016035,2.011876,1
-0.314904,0.947980,1
0.578387,0.511760,1
-1.603654,-0.751432,1
1.760296,0.268771,1
-0.859138,0.412319,1
0.110526,2.301764,1
0.021894,0.646533,1
0.507752,1.152643,1
1.592987,1.298728,1
0.136190,1.109366,1
0.837331,0.243605,1
2.386579,0.953783,1
0.730146,1.682623,1
1.247358,0.076524,1
0.959814,1.063435,1
2.088666,1.674730,1
0.361576,-1.572563,1
1.802924,-0.226170,1
2.294308,1.093279,1
0.068723,0.398944,1
1.337963,0.758985,1
0.696082,0.958023,1
0.071850,0.051740,1
0.437404,2.014865,1
2.990602,2.305246,1
1.523481,1.137482,1
0.463069,-1.095257,1
0.123468,0.490435,1
1.333999,0.960703,1
-0.926598,0.208438,1
1.248108,1.120246,1
1.687155,1.410436,1
1.516826,-0.070511,1
-0.130171,0.879368,1
0.571233,-0.347344,1
1.400851,-0.482747,1
-0.210268,2.298607,1
1.230271,1.006010,1
0.026067,1.620034,1
0.751055,0.584399,1
1.971937,3.373417,1
0.788088,1.124875,1
1.429456,0.556184,1
0.490305,1.526379,1
0.553958,0.295169,1
1.064831,2.142378,1
-1.176141,-0.098168,1
2.685748,1.279215,1
2.222206,-0.998248,1
1.509214,2.080570,1
0.926183,1.691086,1
1.842550,-0.196365,1
2.316096,-0.607511,1
1.028522,-0.362733,1
0.600429,-1.622149,1
1.481490,2.779120,1
0.427959,1.576294,1
-0.482089,3.189998,1
2.189176,2.436091,1
-2.292171,-0.272230,1
0.297176,1.465503,1
-0.472939,0.781001,1
0.176422,1.357190,1
1.581294,0.341058,1
1.337727,-0.474720,1
-0.425516,1.452799,1
1.339152,-1.343879,1
-1.634988,1.126748,1
1.745911,2.423144,1
1.296948,1.664594,1
0.796927,-0.704863,1
-0.404213,1.130579,1
2.465419,1.171328,1
2.101159,0.725412,1
2.391629,1.411898,1
0.726732,-0.853874,1
0.753671,4.235360,1
2.206091,0.755959,1
-1.929466,1.215741,1
0.601017,-0.417624,1
1.612362,1.236962,1
0.111205,0.519548,1
0.682152,-0.740676,1
0.845767,0.703220,1
-0.234619,0.690024,1
0.342265,3.265911,1
0.262878,-0.714510,1
0.894722,0.673257,1
-0.658146,1.947327,1
1.984068,-0.253250,1
1.474067,1.269750,1
-0.173981,1.259082,1
0.355158,1.916889,1
2.152460,0.083288,1
0.365438,0.774808,1
0.345725,0.747700,1
1.291389,1.339816,1
0.737056,2.947944,1
0.405471,1.980852,1
1.351051,-0.409771,1
2.327083,1.352104,1
2.748670,2.197760,1
1.366555,3.036158,1
-1.348143,0.006606,1
1.911343,2.224966,1
2.240075,2.142827,1
-0.230075,1.452272,1
0.923728,1.387724,1
2.773954,-0.189257,1
0.800735,1.579496,1
1.719972,1.620775,1
-1.149443,2.837742,1
1.156171,0.343578,1
0.411213,-0.020715,1
-1.092133,2.590368,1
1.340844,0.414894,1
2.042728,2.878406,1
1.535153,1.749805,1
-0.394177,2.234698,1
2.588021,0.678579,1
1.709947,-0.300492,1
1.480727,0.757850,1
1.478291,1.122930,1
2.107994,-1.655187,1
1.734177,-0.773888,1
2.566873,0.542927,1
1.633424,0.842754,1
-0.348991,1.508610,1
0.647808,0.635378,1
-0.106221,1.969908,1
0.676109,1.683043,1
-0.265488,0.521711,1
-0.178708,2.039492,1
1.299050,1.572183,1
0.576596,-0.380239,1
2.298644,-1.520994,1
1.244312,-0.597309,1
2.414062,0.403046,1
0.127591,0.234719,1
1.382950,0.953024,1
-0.271961,3.347489,1
-1.346647,3.183143,1
0.564508,-0.866967,1
0.478643,1.523446,1
1.512246,-0.550113,1
2.101243,2.356409,1
-0.540809,-0.383623,1
1.046770,-0.539274,1
-0.343486,2.946910,1
0.409214,0.479229,1
1.789699,2.731868,1
-0.463624,-0.063293,1
0.914573,1.530346,1
1.544373,1.601803,1
1.309652,0.972951,1
1.517681,2.442211,1
0.294243,1.796483,1
1.403142,2.873444,1
2.094799,-0.731825,1
0.742216,0.376538,1
0.843610,0.244701,1
2.963748,-0.149156,1
0.960465,0.979577,1
0.632611,2.685584,1
2.766754,0.144691,1
2.914371,-0.982393,1
-1.514641,0.967625,1
1.115200,2.024917,1
0.855681,0.443200,1
2.149167,1.469892,1
2.398034,0.030542,1
1.557908,0.906158,1
2.643834,-0.447585,1
0.566567,-0.701074,1
-0.971312,1.795717,1
1.030040,2.225617,1
3.191608,2.394466,1
5.736344,2.823750,1
1.322594,1.422611,1
-0.346297,1.395334,1
1.060302,0.517461,1
0.536445,0.984491,1
1.826033,0.028513,1
0.755960,0.163853,1
2.070687,2.399470,1
1.954077,1.205570,1
2.879359,-0.152322,1
-0.219395,1.558010,1
0.494960,1.231751,1
-0.396092,0.956479,1
2.911857,1.937320,1
0.491958,0.116743,1
1.740840,2.118895,1
2.718765,-1.014182,1
-0.941097,1.212799,1
1.352005,1.225641,1
-1.259727,1.086730,1
2.529325,1.906454,1
0.723915,1.566656,1
-0.172864,0.183887,1
0.841693,-0.213561,1
2.371992,0.449792,1
0.428390,1.413932,1
0.561046,1.437667,1
2.216214,1.567452,1
2.522059,0.901078,1
0.352648,0.464677,1
-1.006379,2.386364,1
1.439529,-0.222156,1
0.507334,0.154840,1
1.939664,-0.280282,1
-0.590147,1.551468,1
1.194040,2.267168,1
1.602839,0.219756,1
-0.343521,0.622747,1
-0.315922,0.602285,1
0.997371,-0.239143,1
0.101905,3.119467,1
0.587034,0.239916,1
0.501895,1.031895,1
1.449085,1.510930,1
0.630410,-1.100956,1
1.971495,0.822122,1
0.064563,-0.720617,1
1.562247,-0.013869,1
1.304452,0.434367,1
0.978977,0.572811,1
0.831271,0.848139,1
0.250970,1.791269,1
0.296802,0.431096,1
-1.180896,1.629169,1
0.533802,1.925228,1
0.740610,1.320325,1
0.981786,1.103269,1
0.306627,1.001339,1
-0.333591,0.559556,1
0.723997,1.188560,1
2.220284,-1.650773,1
0.860029,-0.005291,1
3.371694,0.283710,1
1.013565,1.670812,1
3.220011,0.997952,1
1.129915,1.893326,1
1.809875,1.773694,1
1.453002,1.603343,1
0.452874,1.397016,1
0.224916,-0.550600,1
0.803390,0.997849,1
3.786504,0.564437,1
0.730464,-0.325152,1
2.101614,1.495689,1
0.348978,1.703035,1
0.141770,1.118857,1
0.772331,1.015689,1
1.087272,-2.210797,1
1.373427,-0.517278,1
2.520647,0.964998,1
0.500890,2.141796,1
0.385144,1.350438,1
1.301683,1.826774,1
0.184408,0.598118,1
-0.449457,1.414809,1
2.247660,0.840002,1
2.769528,1.538736,1
0.470495,1.690279,1
0.092919,1.161079,1
-1.705040,0.409381,1
0.834496,2.656070,1
-0.842706,-0.321056,1
1.335916,0.596441,1
-0.947536,-0.164358,1
1.228377,1.863811,1
-0.500278,1.173043,1
0.602458,2.161902,1
0.747621,1.416060,1
-1.979621,1.204081,1
-0.077517,0.338046,1
1.322773,1.978036,1
1.272648,0.733695,1
1.327153,1.077318,1
-0.359602,-0.039568,1
-0.764046,1.813914,1
-0.955768,-0.104694,1
0.953063,1.452503,1
0.361649,-1.171598,1
2.603311,1.779204,1
1.295657,0.799400,1
-2.028859,3.505126,1
2.252281,3.782267,1
1.922898,2.185150,1
1.994776,0.568744,1
0.610778,1.027154,1
1.925051,0.110980,1
-1.895026,1.424424,1
-0.003211,2.971265,1
0.260816,0.449691,1
1.156598,-0.003403,1
2.566963,0.186364,1
1.424934,0.485439,1
0.194548,1.861776,1
0.027131,1.819025,1
0.486017,0.440837,1
-0.457318,0.140458,1
1.312562,1.580364,1
0.519085,2.009172,1
0.680291,0.848034,1
0.302820,-1.817915,1
2.968754,1.142665,1
1.252642,1.939836,1
0.307857,3.039605,1
1.871991,3.938628,1
1.474400,0.247330,1
-1.017749,1.135516,1
0.324149,0.141979,1
0.524016,-1.116887,1
0.041660,1.453597,1
0.552056,-0.413165,1
1.696120,-0.559505,1
2.245979,-0.968580,1
1.063371,0.212413,1
1.571054,0.658183,1
-1.108265,-1.141894,1
1.255986,2.317299,1
1.338737,-1.280816,1
1.858312,3.630529,1
0.142330,0.576066,1
1.766884,0.605987,1
1.489741,1.113254,1
1.641691,2.194158,1
1.210919,0.252515,1
0.757655,0.974827,1
0.535263,2.321844,1
0.151805,0.743396,1
-1.126499,0.410751,1
0.929898,0.241275,1
0.609142,2.643733,1
0.387248,1.557334,1
2.166502,1.095175,1
0.964919,0.709825,1
1.047221,2.097720,1
1.005167,1.399831,1
1.940525,3.065110,1
0.833202,0.511807,1
0.705893,0.965751,1
2.683944,0.789320,1
0.493801,2.183721,1
0.986923,-0.140120,1
2.665463,3.094630,1
0.129042,1.372862,1
2.199365,0.012758,1
0.523152,1.298705,1
0.944949,1.960422,1
1.812543,0.747696,1
0.222462,3.079134,1
1.962435,1.540607,1
0.304782,1.240929,1
0.238254,2.331248,1
1.239504,1.689549,1
2.188940,0.058464,1
0.139691,2.265428,1
0.143714,1.061569,1
0.644666,-0.670049,1
0.032709,1.267794,1
-0.514033,1.523351,1
-0.256688,-0.247062,1
0.951903,1.434797,1
0.502409,0.164492,1
0.099742,0.275827,1
0.160693,1.817314,1
0.860213,1.127016,1
0.587764,-0.682524,1
0.983323,1.750637,1
1.656655,2.011278,1
5.133058,1.706546,1
0.295105,1.367673,1
1.970139,3.459390,1
1.289460,0.815238,1
0.178715,-0.068944,1
1.071834,1.512545,1
1.807542,0.841136,1
0.545893,2.315044,1
0.200893,1.686004,1
1.151653,0.502203,1
-2.039676,2.600054,1
1.513499,2.022068,1
0.519133,2.077829,1
1.140866,-0.284106,1
0.464742,0.996898,1
2.102282,-2.456187,1
1.099392,-0.365671,1
-0.530478,2.998176,1
0.441496,-1.172325,1
1.079679,0.544496,1
-1.431909,-1.061378,1
2.253927,2.686924,1
0.641542,1.498366,1
1.405632,1.944849,1
0.411110,2.931120,1
1.066612,1.156479,1
1.735341,1.905210,1
-0.557432,1.234149,1
0.764621,0.510120,1
3.667594,1.139934,1
1.637740,2.667164,1
1.544943,0.824904,1
-0.322343,1.138666,1
0.930816,-0.284530,1
1.968903,-1.158939,1
-0.320155,0.276013,1
0.620652,2.655362,1
1.894900,1.697036,1
0.465618,1.664004,1
-0.375752,-0.259594,1
-0.197988,1.828003,1
4.161422,2.536812,1
-1.214022,-0.719356,1
0.182812,0.166879,1
0.474393,1.733961,1
2.264602,0.699137,1
1.425489,-0.496493,1
1.234570,1.696440,1
1.675498,0.725397,1
0.533530,0.157185,1
1.274690,0.466917,1
1.893929,0.361119,1
3.404594,1.227807,1
0.782457,2.210684,1
1.361052,1.707350,1
2.499629,4.419377,1
0.605734,1.915601,1
-0.786082,2.368510,1
1.589125,1.312162,1
-0.105635,0.962258,1
-0.555361,1.101491,1
-1.290502,1.425906,1
1.073468,1.526344,1
-0.907679,1.011319,1
1.276551,1.707382,1
0.716409,2.421441,1
1.873350,0.584702,1
2.807231,-0.528150,1
-0.545489,0.442085,1
2.434135,0.106668,1
0.696822,0.304927,1
-1.048323,2.463199,1
0.676365,1.279129,1
0.549302,-0.273631,1
1.359186,2.804002,1
2.047303,0.418600,1
0.377480,1.603860,1
2.585755,2.792665,1
1.749112,2.436557,1
2.240441,1.076812,1
0.942643,1.197852,1
1.201811,2.696574,1
1.456485,1.236952,1
2.243005,-0.306709,1
0.122704,1.469512,1
-0.869463,0.672016,1
-0.445261,1.324274,1
1.682914,-0.355571,1
-0.180144,-2.070728,1
1.018757,0.965531,1
1.559168,0.732533,1
-0.103254,0.294440,1
3.115357,-0.311979,1
0.801552,1.623664,1
-0.531503,2.141659,1
2.778604,1.115749,1
2.984582,1.320914,1
2.341471,1.262157,1
-0.210369,1.206522,1
0.988496,1.791655,1
-0.553129,0.809697,1
0.932342,0.928891,1
0.769742,-1.143759,1
-0.031438,-0.255095,1
1.600963,-0.691714,1
0.442068,2.127573,1
1.438366,1.281932,1
-0.278743,0.987623,1
3.389609,2.328805,1
1.789032,0.563763,1
2.397438,0.780844,1
-0.215264,-1.738826,1
2.511811,0.348389,1
3.025638,0.896391,1
0.177467,1.726874,1
0.555422,1.429863,1
4.030582,2.099470,1
2.838051,0.093426,1
0.089199,1.866166,1
-0.921523,0.870704,1
1.017960,1.500027,1
0.954246,1.836393,1
1.632702,1.291999,1
1.890640,1.256648,1
1.086886,1.077395,1
-0.143235,-0.064862,1
2.016501,-0.181127,1
1.494076,1.469611,1
2.836285,-0.801158,1
0.907127,2.901212,1
-0.762909,0.977781,1
2.089794,0.237128,1
1.979578,0.947882,1
0.665290,1.166338,1
0.670151,2.140696,1
1.222878,1.845946,1
1.667087,0.860387,1
2.897902,-1.847716,1
2.112113,2.586992,1
2.227792,2.812383,1
1.637133,0.613874,1
-0.357534,2.403444,1
0.376879,-0.414113,1
1.050397,0.763404,1
2.136467,1.772939,1
1.998178,0.378155,1
1.566020,1.484013,1
1.391072,1.056840,1
2.245628,0.418291,1
0.748828,2.466823,1
1.784781,0.517734,1
1.074103,1.357902,1
1.055418,1.201962,1
1.462834,0.322709,1
1.633968,2.931020,1
0.811612,0.145692,1
1.003259,0.081748,1
1.696762,-0.460914,1
2.006654,1.010228,1
1.337202,2.151509,1
0.405894,0.325258,1
0.854919,0.411632,1
-0.054690,2.553209,1
2.985696,1.523112,1
-0.830032,2.096979,1
-1.338198,2.942077,1
-1.029539,2.030099,1
0.532114,1.175776,1
-1.432313,0.489171,1
0.840304,0.270436,1
0.222363,-0.251476,1
1.204932,2.286594,1
0.153453,2.279335,1
1.531502,-0.008366,1
1.220841,1.074035,1
-0.280294,-0.699628,1
0.700063,0.922857,1
0.157446,-0.240222,1
1.188734,0.340773,1
0.503373,2.197392,1
2.443007,0.864103,1
-0.152185,-0.480848,1
1.801696,1.628720,1
-0.263017,-0.381050,1
1.019943,0.756935,1
0.177966,0.037845,1
1.129350,-0.730057,1
1.421224,0.406104,1
1.457958,-0.023628,1
0.405844,1.455762,1
1.298107,0.920804,1
-0.136629,1.522706,1
1.435782,0.779482,1
1.033388,0.065192,1
0.877916,2.378321,1
-1.616105,1.172085,1
0.834846,-0.241350,1
0.932839,-0.620746,1
0.183401,0.184730,1
0.558906,1.369021,1
1.776614,0.730931,1
0.207500,1.013571,1
1.512316,-1.796898,1
2.965543,-0.077310,1
1.202713,3.180422,1
0.268748,-0.634631,1
0.097555,-0.071982,1
1.314738,0.766475,1
0.552473,1.608928,1
0.951271,1.548130,1
1.757515,1.369374,1
0.724036,3.372490,1
0.813041,0.453323,1
1.874687,2.300239,1
-0.440884,1.209605,1
1.936767,2.077181,1
1.575648,1.064823,1
1.731374,1.292360,1
1.401540,-1.071569,1
3.143629,1.451404,1
0.992457,0.374224,1
-0.072132,1.448463,1
1.009917,1.397749,1
0.384126,1.182415,1
2.035085,2.013817,1
0.645588,1.543774,1
1.969072,3.059994,1
1.824260,1.505658,1
1.742211,-0.971475,1
0.641266,0.822424,1
-0.405045,1.929736,1
2.176373,0.126784,1
1.347309,1.623311,1
1.128486,0.165114,1
1.342532,-0.411034,1
0.839532,-1.447665,1
0.609573,1.075378,1
0.234170,1.681785,1
-0.695637,-1.566016,1
2.184653,2.792036,1
-1.722830,0.767866,1
2.727133,1.338340,1
0.656947,1.415971,1
1.225766,1.767254,1
2.181210,1.956901,1
0.516925,0.142314,1
1.878350,0.497314,1
0.825419,2.090574,1
0.396480,2.084719,1
2.570197,0.569463,1
3.628744,1.269467,1
-0.721604,1.739358,1
-1.109219,2.334502,1
2.169186,2.445632,1
1.238064,-0.188145,1
0.684798,2.144967,1
2.237484,0.538607,1
1.513970,1.911003,1
1.262486,-0.705355,1
1.481761,1.022722,1
1.082486,-0.219690,1
0.697515,-0.960061,1
-0.729633,0.122057,1
1.627409,0.148329,1
2.261783,1.529853,1
0.959086,0.192379,1
2.335709,2.313773,1
-0.779632,1.224098,1
0.326172,-0.277590,1
0.701756,1.468453,1
-0.960767,1.405563,1
0.138193,0.740094,1
3.386706,0.585001,1
1.544383,2.571449,1
1.818502,0.404718,1
-1.218346,0.452129,1
1.507905,1.192254,1
1.770125,1.422650,1
2.837815,0.416835,1
0.946296,0.998659,1
1.514067,0.537612,1
2.132942,0.906558,1
1.219748,0.973375,1
1.309176,0.073617,1
-0.262105,1.243368,1
1.486047,0.832016,1
1.787246,0.545070,1
0.230113,-0.657893,1
0.512950,-0.953457,1
2.016600,2.645526,1
1.614489,-0.619806,1
1.074181,-1.129046,1
0.072194,-0.787036,1
0.465958,1.980460,1
3.716799,0.953083,1
0.062683,0.718364,1
2.372746,2.570569,1
1.465709,3.807907,1
0.281027,1.130063,1
1.729854,1.404047,1
1.134314,0.950480,1
1.888547,0.167785,1
0.011958,-0.473042,1
2.757813,0.315065,1
1.024884,-0.657018,1
1.989666,0.932330,1
-0.615796,1.818611,1
1.441790,1.174046,1
0.710451,2.047125,1
0.136355,2.566044,1
1.225798,0.169310,1
1.191146,2.213803,1
0.906987,2.229501,1
0.377180,-0.458156,1
-0.429459,2.202625,1
-0.527897,0.220937,1
1.227572,1.681714,1
1.384794,1.575250,1
2.229435,2.551994,1
1.044867,0.963920,1
-0.912988,-0.121257,1
1.273470,2.896502,1
1.793870,1.166697,1
0.676670,0.408007,1
2.154333,2.535807,1
-0.227768,1.177184,1
0.694465,2.282223,1
2.115349,1.241551,1
-1.215261,0.133401,1
0.755510,-0.746097,1
0.019351,-0.486376,1
2.016467,0.569995,1
-0.423275,1.581918,1
1.132329,1.746127,1
-0.435145,1.606957,1
1.829769,1.950400,1
-0.530461,1.502975,1
0.937695,2.401509,1
2.382578,3.018592,1
0.447682,1.419503,1
1.617486,1.948526,1
1.492207,0.372040,1
0.335662,0.082823,1
-0.278360,-1.152637,0
-1.066802,0.295931,0
-0.469170,-1.466448,0
-0.134513,1.466924,0
-2.111295,-1.121432,0
-2.032986,-2.142811,0
0.455175,-0.133863,0
-2.875639,-2.918203,0
-1.198266,-0.071792,0
-2.115008,-1.967193,0
0.025307,0.122941,0
-0.510845,1.494149,0
-2.570521,-0.977734,0
-0.493680,-1.869773,0
-2.432822,0.495436,0
-0.429807,-2.563527,0
0.596713,-0.789631,0
1.533638,-0.321724,0
-0.551816,-0.084320,0
-0.883713,0.363170,0
-0.655878,-0.207555,0
-2.989038,-0.366356,0
-0.473487,-2.437238,0
0.884388,-0.250147,0
-0.982777,-1.799445,0
0.150812,-0.943348,0
-1.809396,-2.522690,0
0.378362,-0.521674,0
-0.511681,1.308376,0
-1.733683,-1.337417,0
-2.682277,-0.114525,0
0.205464,-2.393015,0
-0.344498,0.851816,0
-2.292503,-0.500800,0
-1.807864,-0.393652,0
-2.865752,-2.695216,0
0.401206,-1.596185,0
-0.332915,0.924851,0
-1.629337,-0.800101,0
-0.830563,-1.162825,0
-1.604006,1.374704,0
-1.390961,0.322114,0
0.015004,0.063081,0
-0.126161,0.296362,0
-1.689100,-1.947154,0
-0.038722,1.547734,0
-1.137574,-2.694522,0
-1.047321,-1.363916,0
0.155445,0.998871,0
-1.409314,-1.391532,0
-1.131211,0.107470,0
-1.668237,-1.452075,0
-0.897538,-1.427035,0
-1.697394,-1.112615,0
-1.005685,1.261231,0
-1.002767,-0.104936,0
-0.431728,-2.170956,0
-2.446231,-1.123172,0
-1.871169,-0.728302,0
-1.369889,-1.144621,0
-1.564093,-0.906923,0
-0.779923,-0.056908,0
-3.213484,-2.107894,0
-1.027439,-1.522025,0
-0.255557,0.094511,0
-0.041516,-2.040477,0
-0.585882,-2.645533,0
-0.197701,0.178842,0
-0.520826,-1.046517,0
-0.941903,-1.401644,0
-1.567492,-1.596797,0
-0.217999,-1.230866,0
-0.393748,0.015382,0
0.770761,-1.651772,0
-1.524584,-2.396035,0
-2.346751,-0.070609,0
-1.408479,-0.298176,0
-1.644874,-0.711143,0
-1.094499,-3.110124,0
-2.030741,-2.711568,0
-0.096247,-0.744299,0
-2.145019,-1.001079,0
-2.594193,-0.788180,0
-0.564362,-0.964782,0
-1.196537,-0.655576,0
-1.948745,0.735436,0
-1.637628,-1.637121,0
-0.765540,-2.616240,0
0.427617,0.012012,0
-1.662664,-1.890187,0
-0.908264,0.007353,0
-2.644587,0.173628,0
0.456678,-0.655543,0
0.293116,-0.149086,0
-2.038011,-0.731501,0
-2.654992,-2.758678,0
-1.246927,-1.307591,0
-1.360285,-0.195804,0
-0.024682,-1.984691,0
0.007072,-0.292843,0
-0.363955,-1.206984,0
0.898429,-1.719493,0
-1.119355,-0.418294,0
-0.502881,-1.588402,0
-1.728539,-2.609828,0
-1.397186,-1.105159,0
-0.651958,-0.802200,0
-2.028810,-2.023545,0
-0.678123,-2.404485,0
0.026721,-0.202415,0
-3.207213,-0.547979,0
-1.534398,-1.856046,0
-1.993487,0.460597,0
-2.432568,-0.580006,0
-0.134575,-2.238915,0
-1.597132,-1.930688,0
-0.242903,0.719932,0
-1.464578,-1.916639,0
-1.478273,-1.966022,0
-1.414396,-0.262505,0
-0.443325,-0.254074,0
0.415662,-0.694479,0
-0.125642,0.362478,0
-1.379768,0.007306,0
-1.492634,-1.247601,0
-2.767870,-1.644713,0
-0.172296,-1.679979,0
-1.905311,-1.156583,0
-0.813494,-0.929475,0
-0.408845,-1.392872,0
-0.321823,-1.109575,0
-1.342227,1.020397,0
-0.994290,-1.499425,0
-1.449046,-0.509717,0
0.152678,0.768625,0
-0.856739,-0.758273,0
-0.355902,-1.172101,0
-0.748752,-2.896721,0
0.126727,-2.015799,0
-2.026471,-0.856863,0
-1.969022,-1.973170,0
-0.670265,-0.153772,0
1.886871,-4.045993,0
-2.137604,-1.143375,0
-0.197357,-0.081812,0
-1.161969,-0.876675,0
-3.941340,-0.782742,0
0.249464,0.632748,0
-2.774465,-0.952491,0
-3.102826,-1.379177,0
-0.573055,-2.118296,0
-3.540032,-1.843422,0
-0.544970,-2.858981,0
-1.833461,-1.241139,0
-1.973316,-1.411986,0
-1.324569,-1.458314,0
-1.471855,-0.992569,0
-1.140797,-0.110728,0
-2.199827,-0.146467,0
-1.242297,0.096800,0
0.192779,-0.050151,0
-1.876864,-1.258811,0
-0.375407,-0.632428,0
-0.308863,-1.574071,0
-1.830636,-2.474799,0
0.551760,0.166547,0
-1.013716,-0.643433,0
-3.119022,-3.118091,0
0.642559,0.294998,0
-1.590596,-2.478783,0
-0.213860,1.336172,0
-3.066835,-2.163896,0
-1.174166,-0.551649,0
-0.359367,1.246181,0
-0.549813,-2.272748,0
1.108508,-2.519596,0
0.851195,-1.476071,0
-0.911615,-1.900498,0
-0.301975,-1.888768,0
0.787699,-1.340760,0
1.097472,0.202584,0
-1.689071,0.326145,0
0.372041,-1.576960,0
-2.112499,-1.217462,0
-0.634877,-1.219527,0
1.098928,-2.224063,0
-0.806826,-2.037623,0
-1.682175,1.577439,0
0.068712,0.516807,0
-1.983805,-0.594961,0
-2.222719,-0.545437,0
0.036033,-0.691278,0
-1.938574,-2.433555,0
0.548351,-0.091122,0
0.315922,0.499625,0
0.685924,-1.635422,0
0.667209,-1.623240,0
-0.185984,-1.591457,0
-0.068316,-2.842590,0
-0.399189,0.416218,0
-0.982881,0.368104,0
-1.924420,-1.894558,0
-1.623810,-0.809224,0
-0.698305,-1.164624,0
-0.855670,-0.179829,0
-1.789168,-1.761542,0
0.144186,-1.794378,0
-1.755461,-2.576682,0
-2.180016,-1.840277,0
-0.739348,-1.675447,0
-1.949660,-3.827411,0
-0.329640,-1.735892,0
-1.649917,-1.409708,0
-1.848221,-1.916333,0
-1.507563,-1.300644,0
-1.022086,-0.190280,0
-1.430635,-2.047213,0
-1.610949,0.819954,0
1.471380,-0.400967,0
-2.855734,-0.085638,0
-1.238156,-1.180541,0
-0.387434,0.098840,0
-2.301512,0.923621,0
0.426611,0.734877,0
-1.802383,-0.501406,0
-0.430525,-0.731377,0
-0.662751,-0.881684,0
-2.436110,-2.674539,0
-0.652755,0.304918,0
-0.735049,-2.017159,0
-1.821642,-1.345077,0
0.490137,-2.912969,0
-3.587007,-1.217139,0
-1.352046,-0.780393,0
-1.127888,-2.302784,0
-1.436961,0.476406,0
-0.581119,-0.145891,0
-2.808358,-2.691903,0
-1.195611,-0.169857,0
-1.025252,0.442673,0
-1.123401,-0.586251,0
-0.487447,0.192943,0
0.544299,-0.036379,0
-1.441439,0.375721,0
-1.565964,-1.747718,0
-0.639871,-2.055618,0
-2.319042,-0.358992,0
0.025750,-1.308119,0
1.712697,-1.634679,0
-1.497977,-1.192208,0
1.887519,2.166366,0
-1.580526,-1.056934,0
-1.733422,-2.034497,0
-0.994578,-2.444423,0
-0.707901,-1.569223,0
-1.327562,-0.312501,0
-1.265533,-0.804844,0
-0.054917,-0.244806,0
-2.603467,-1.875611,0
-1.031795,-2.311555,0
0.089679,-0.207745,0
-2.232776,-1.410013,0
-2.447375,-1.172982,0
-0.077014,0.178559,0
-0.858449,-0.776664,0
-1.230631,0.416878,0
-1.234173,-1.551331,0
-0.061468,-0.402854,0
-1.416946,-1.990647,0
-1.355794,-0.198802,0
-2.940103,-2.032516,0
-1.696397,0.615653,0
0.582506,-1.963894,0
1.074465,-1.731288,0
-1.920587,-2.356951,0
-1.458331,-0.322921,0
-0.013767,-1.472733,0
-1.328435,-0.961617,0
-2.911239,-1.215791,0
-0.604628,-1.340558,0
-1.762879,0.196076,0
-1.211677,-1.519559,0
0.229721,-1.348649,0
-1.709075,-1.217756,0
-1.867689,1.461752,0
0.938834,0.520317,0
-3.081541,-0.157806,0
-0.676865,-0.534960,0
-2.320949,-0.299403,0
0.228207,-1.431376,0
-0.580442,-1.101323,0
-2.375847,-0.554333,0
0.783968,-1.011641,0
0.571376,-1.618814,0
-2.614513,-1.040026,0
-1.644379,-0.744799,0
-0.025138,-1.655778,0
-1.368695,0.448506,0
0.328719,-0.817651,0
-1.036207,-0.184845,0
-0.957094,-0.043529,0
-1.094810,-1.556378,0
-2.033479,1.855029,0
0.898449,-0.470025,0
0.599449,-2.136660,0
0.311534,-1.605561,0
0.236521,-2.709232,0
0.472486,0.375405,0
-0.129841,-2.504440,0
-1.198315,-1.364484,0
-2.482611,-1.939916,0
-0.286708,-0.417401,0
0.899757,-1.023986,0
-3.702739,-0.430898,0
-0.084827,0.727464,0
-0.456464,-0.249937,0
-0.259172,-0.409178,0
-0.655588,-1.599136,0
-0.106260,-1.384765,0
-0.108942,-2.485648,0
-0.411025,-2.161460,0
-3.183062,0.588841,0
0.493017,-0.342839,0
-1.401830,-1.833746,0
-1.285487,0.380273,0
-1.161209,-1.220547,0
-1.357694,-1.021039,0
-1.019873,0.098554,0
-2.037254,-0.553811,0
-0.412661,-1.482056,0
-0.602415,0.655075,0
-0.728929,-1.759008,0
0.591451,-2.283841,0
-1.983910,0.336510,0
-1.666514,-1.369330,0
-1.810468,0.875267,0
-1.697284,-0.902629,0
-0.197679,-0.930729,0
-1.533173,-2.260423,0
-2.455793,-1.540546,0
0.028610,-0.753617,0
-0.520262,1.215016,0
-0.711698,0.326186,0
-1.226710,-0.179024,0
-2.398128,-1.352785,0
0.290063,-2.179016,0
-0.438032,0.598993,0
-2.302873,-2.353218,0
-0.837508,-1.542705,0
0.181666,-3.053273,0
-2.723619,-2.291589,0
-2.234723,-3.160049,0
-2.962907,0.513876,0
-0.937925,-0.294714,0
-1.096202,-1.669626,0
-0.302798,0.159474,0
-0.407414,0.100145,0
-2.475678,-0.724554,0
0.279799,-1.495606,0
-0.746263,-0.681101,0
-0.345151,-2.004469,0
-0.910452,-1.141526,0
0.694525,0.795554,0
-0.572195,-0.248086,0
-0.114097,-1.239530,0
-1.165648,-0.871694,0
-0.282671,-0.528031,0
-2.594626,-1.156674,0
0.901261,-0.375771,0
-1.055937,-1.010812,0
-0.448293,-0.808774,0
-0.935421,-0.923427,0
-0.357291,0.583599,0
-2.068269,0.693500,0
-1.458070,-2.467662,0
0.681021,-0.307498,0
-2.092793,0.323908,0
-0.812920,-1.119455,0
-0.124334,-1.325574,0
2.271941,-0.854946,0
-1.826425,-2.088951,0
-0.742228,-1.298505,0
-3.005742,-1.054101,0
-1.386154,-0.959184,0
-1.351202,-0.764799,0
-0.561639,-1.575239,0
-0.051148,-1.973757,0
-0.355364,-0.138668,0
-1.385722,0.847045,0
-2.913247,-0.118169,0
-1.390600,-2.712274,0
0.452027,-0.376509,0
-1.120877,-1.451861,0
-0.954197,-2.570566,0
-3.224250,-3.345998,0
-1.518533,0.150594,0
-1.816071,1.352264,0
-1.538090,-1.645349,0
-0.870001,-1.897489,0
-0.231028,-0.855149,0
-0.816745,-1.964015,0
-1.530262,0.236803,0
-1.923126,-2.226943,0
0.139383,-1.284604,0
-1.668088,-3.708812,0
-1.976388,-0.062938,0
-2.399958,0.152040,0
-2.074121,-2.239817,0
-1.419661,-0.028249,0
-0.503985,-0.849490,0
0.089459,-0.089996,0
-1.976806,-0.640680,0
-1.778892,-2.042064,0
0.442152,-1.571149,0
-0.854808,-1.836225,0
-0.225601,-0.893770,0
-1.111044,-0.712953,0
-1.631225,-1.172701,0
-0.109900,0.509652,0
0.147341,0.447052,0
-0.793038,-0.670528,0
-1.473294,-2.020422,0
-1.310735,-0.481784,0
0.157739,0.235029,0
-2.069104,-1.552736,0
0.769686,-0.016096,0
0.326126,-0.268612,0
-2.221171,-0.911047,0
-0.430939,-1.555731,0
-2.046575,-0.036373,0
-0.785987,-1.117651,0
-1.752201,0.802742,0
-1.275292,-1.933942,0
-0.892046,-1.190063,0
-0.843378,-0.748006,0
-0.405416,-2.703884,0
0.362618,-1.149140,0
-1.808660,-0.716700,0
-0.622389,0.034588,0
-3.172076,-2.885123,0
-1.188241,-2.680161,0
-1.068428,-1.584899,0
-1.117549,-0.576645,0
-2.779618,-1.789854,0
-2.074762,-1.599463,0
-2.177345,-2.959912,0
-2.202631,0.080283,0
-0.682820,-0.051161,0
0.092726,-1.028959,0
-1.561082,-0.395256,0
-0.905656,0.049603,0
0.246969,0.870046,0
-1.573698,-0.553870,0
-2.714553,-1.177132,0
-3.030993,-0.623756,0
-0.944628,-3.700755,0
-1.830795,-0.669449,0
0.794150,-1.131910,0
-0.641559,0.689750,0
-2.933507,-2.580771,0
-1.725405,-1.375511,0
-1.262494,0.124941,0
-1.186236,-1.239654,0
-1.391913,-0.569165,0
0.035992,-1.008617,0
-2.439701,-2.432725,0
1.479307,-1.481625,0
-2.296520,-3.117961,0
1.988629,0.198033,0
-0.102339,0.567448,0
1.048495,-0.132854,0
-0.371367,-0.058451,0
-0.463596,-2.650142,0
-1.550273,0.137896,0
-0.590421,-2.742458,0
-0.800922,0.073579,0
0.559920,-1.381988,0
-0.777649,-0.047002,0
-2.361573,0.331054,0
-2.285917,0.035941,0
-2.625209,0.959073,0
-0.838892,-1.695380,0
-1.524217,-1.290152,0
-1.372276,-0.887470,0
-0.584315,-0.373287,0
-1.550646,-1.906030,0
0.388242,-0.796374,0
-2.141835,-2.048572,0
0.776612,-2.614517,0
-0.288403,-2.037305,0
-3.854686,-1.928647,0
-0.258042,0.426150,0
0.087497,-1.606084,0
1.980590,-1.017087,0
-1.466461,-1.015844,0
-4.977533,-2.144912,0
-0.553974,-1.273044,0
-0.541479,-2.415569,0
-0.467094,-0.955881,0
-0.652385,-1.333349,0
-0.287382,-0.994859,0
-2.370371,-2.816970,0
-1.068846,0.465415,0
-2.108590,0.317723,0
-2.776301,-0.024282,0
-2.005341,-0.371323,0
-1.046512,-0.926275,0
-1.950099,-0.319557,0
0.437705,0.246887,0
1.058450,-1.266004,0
0.679731,-3.789531,0
0.119438,-0.790563,0
-0.665983,0.947292,0
-1.521709,0.511730,0
0.990772,-0.853860,0
-0.370648,-1.749502,0
-1.285593,-0.647639,0
-0.788775,-2.270074,0
-1.474711,-0.007291,0
1.197850,-1.557478,0
-1.825568,-2.175626,0
-1.250970,0.436027,0
-2.014622,0.262651,0
-0.860223,-4.046848,0
0.520624,-1.413920,0
-0.942558,-0.974848,0
-2.068000,-0.300911,0
1.199694,-1.834952,0
0.612674,-1.702646,0
2.096795,-0.560968,0
-2.443867,-0.792256,0
-2.120392,-3.136224,0
-3.246698,-0.854650,0
1.963769,-1.958958,0
-1.836724,-1.887205,0
1.622087,-2.522133,0
-2.840388,0.617572,0
-0.859883,-0.633593,0
1.518949,-2.533963,0
-1.361059,0.271505,0
-0.262410,0.258661,0
-1.972985,-0.964229,0
-0.789991,-1.930345,0
0.784421,-1.856615,0
-0.805302,-2.505820,0
-0.656193,-1.651938,0
-1.637727,-0.521388,0
0.318514,0.465347,0
-2.371794,-1.219604,0
-0.199577,-0.167345,0
-1.302822,1.028893,0
-1.525413,-1.101544,0
1.143989,-0.688155,0
-0.756963,0.004389,0
-1.751415,-0.329987,0
-0.259461,-2.917977,0
-2.144069,-0.674550,0
-1.548898,-1.758297,0
-2.002820,-1.291540,0
1.335824,0.076515,0
-0.197618,-0.259452,0
-1.781503,-1.575455,0
-2.373504,0.519206,0
-0.183758,-1.925873,0
1.763045,-1.524884,0
-0.137210,-1.533948,0
-0.646334,-1.068107,0
-0.555015,-1.908007,0
-3.608036,-2.181510,0
0.943677,-1.364937,0
-3.187731,-0.175261,0
-1.715750,-1.667986,0
0.663444,-0.235692,0
0.771363,0.880583,0
-2.098343,0.024726,0
-3.075299,0.401599,0
-1.689726,-0.670532,0
-1.668462,1.017061,0
0.231813,-1.659266,0
-1.352703,-1.804460,0
-1.486925,0.258911,0
-1.616109,0.315013,0
0.168512,-0.875637,0
-1.818617,-1.142333,0
-0.503800,-1.977429,0
-1.215299,-2.024715,0
-0.469007,-0.228883,0
-1.698449,-1.261634,0
-1.788142,-1.823255,0
-1.433241,-1.662577,0
-2.016026,1.007393,0
-2.732328,-1.527655,0
-0.442759,-1.567874,0
-2.073124,-1.663593,0
-1.899799,-1.609757,0
-1.202136,-1.900596,0
0.111113,-1.085686,0
-1.635563,-1.088719,0
-1.533349,0.250797,0
-0.542563,-2.092709,0
-2.160367,-1.394468,0
-1.027989,0.467707,0
0.513377,-0.776933,0
-1.247412,0.691508,0
-1.255933,-0.799058,0
0.550967,-0.608334,0
-1.694584,0.419586,0
-1.615990,-0.623422,0
-0.603558,-2.379606,0
0.235637,-0.423529,0
-1.658086,-0.330538,0
-0.706781,-0.933924,0
-1.259652,0.038966,0
-1.197153,-0.705462,0
0.215763,-1.673734,0
-2.764190,-3.793706,0
-0.366079,-1.013024,0
-2.015530,-2.940057,0
-1.225321,0.776697,0
-0.280952,-0.722108,0
-2.029016,-2.909884,0
-1.176947,-0.416972,0
-0.398337,-1.974792,0
-0.322406,-1.230201,0
-2.854144,-0.055228,0
-1.481188,-2.106033,0
-0.901859,-1.661014,0
0.624946,-1.579621,0
-0.746155,-0.491733,0
-2.439825,-0.187362,0
-0.545904,-2.727835,0
-2.625586,-1.901183,0
-0.469274,-1.036795,0
0.668504,-2.303515,0
-1.429957,-1.504922,0
-0.838483,-2.336978,0
-1.417790,-0.290445,0
-1.916642,-1.938217,0
-3.199423,-1.794792,0
-0.664466,0.088624,0
-1.465996,-1.817531,0
-0.369611,-0.692368,0
-0.453108,-2.495425,0
-2.490900,-1.313990,0
-1.170706,-0.134851,0
-0.389218,-3.424427,0
-0.577518,-0.128699,0
-0.924626,-0.485509,0
-2.675265,0.702838,0
0.798595,-0.234368,0
-1.857656,-0.936164,0
-2.402282,-0.392479,0
-1.750932,-3.480100,0
0.412300,-1.187242,0
-0.043849,-2.038087,0
0.668294,-1.034823,0
-1.796281,-0.498516,0
-0.833023,-0.372354,0
-0.216506,-3.305550,0
-0.534106,-1.554310,0
-0.296323,-0.519982,0
0.700218,-2.038170,0
-1.082103,-2.000723,0
-0.792854,-1.358014,0
-1.889221,-1.474596,0
-1.153917,-2.063834,0
0.985199,0.347833,0
-1.120215,-0.648250,0
-2.064816,-1.502421,0
-0.981558,-0.494792,0
-0.155404,-2.226045,0
0.287580,-1.771954,0
-3.067822,-1.033981,0
-1.396318,-0.067077,0
-1.039436,-1.950851,0
-1.486155,-0.313778,0
-0.867775,-1.110857,0
-1.848128,-0.750132,0
-3.200705,-0.470372,0
-0.247356,-0.473482,0
-0.276781,-1.671151,0
0.599059,0.569350,0
-0.845916,-0.701035,0
-2.191712,-2.824326,0
-1.750749,-0.839584,0
0.381263,0.143635,0
-1.251754,-1.154166,0
-2.245293,-0.112862,0
-1.748683,-0.570309,0
-3.059229,-0.636685,0
-2.133631,-1.002805,0
-0.824587,0.599248,0
-1.212443,-1.406471,0
-1.643787,-0.549875,0
-1.216968,-1.809462,0
-0.902502,-1.858335,0
1.086315,-0.248974,0
-0.918391,-0.145870,0
-1.280852,0.133921,0
-1.423338,-1.440731,0
-1.194200,0.565112,0
-2.284991,-0.019789,0
-1.849719,-1.502011,0
-1.199500,-2.245680,0
0.728215,0.336226,0
-1.298328,-0.182154,0
-1.222847,-0.731855,0
-0.950305,-1.331053,0
-1.353397,-1.123100,0
-0.862817,-0.207140,0
0.170446,-0.344860,0
-2.286339,-1.587480,0
0.091843,-1.232820,0
-0.105812,0.445143,0
-1.117331,-1.843830,0
-0.887380,-0.394011,0
-2.697605,-1.112251,0
-2.190109,0.712467,0
-1.394483,-0.407580,0
2.851776,-0.839294,0
-2.989540,-2.094064,0
-1.429372,-0.465718,0
-1.175974,-0.123236,0
-0.309513,-1.794396,0
1.034723,-1.941675,0
0.189458,0.041254,0
-2.531906,0.549055,0
-1.415778,-1.559285,0
-0.513992,-0.375779,0
0.479402,-2.557932,0
-0.264757,-1.098944,0
0.004639,1.551851,0
0.226108,-0.341095,0
-0.817464,-0.768950,0
-2.326228,-0.998047,0
-0.342161,-1.687367,0
-0.951894,-2.810280,0
1.078585,-2.328473,0
-1.687179,-2.315136,0
-1.033434,-2.874816,0
-1.129307,-1.288684,0
-3.183415,-1.755960,0
-1.082134,-0.974705,0
0.273199,-2.787698,0
-0.755305,-1.907441,0
-1.840881,0.308120,0
-0.852671,0.892809,0
-0.940582,0.501855,0
-0.026026,0.977147,0
-1.622527,0.524008,0
-2.028710,-2.135973,0
0.979918,0.105074,0
-1.513098,-1.825164,0
-0.213538,-0.447499,0
-2.651331,-1.026517,0
-0.698482,-0.744979,0
-1.464859,-1.498055,0
-2.015183,-1.385072,0
-0.560437,-1.738102,0
-2.811260,-2.360987,0
-0.947031,0.577379,0
0.005742,-2.026130,0
-2.565408,-0.548694,0
-2.064461,-0.376401,0
0.489781,0.776088,0
-1.161591,-2.182677,0
-1.033328,2.216410,0
-1.667360,0.184204,0
-1.812930,-1.155342,0
-2.480184,0.456587,0
0.543495,-0.923251,0
0.148512,-1.594463,0
-3.047829,-0.578312,0
0.735604,-0.567981,0
-0.374959,-0.476034,0
-2.548482,-1.449059,0
-0.891217,-2.422422,0
0.153963,-0.567612,0
-3.050174,-0.958208,0
-2.851640,-0.226461,0
-1.515697,-0.655613,0
-0.801464,-2.009057,0
-0.341258,-0.539825,0
-3.228216,-1.204331,0
-0.330409,-0.549756,0
-2.149178,1.061962,0
-2.188215,-0.533151,0
0.098288,-1.249968,0
-1.846252,-3.174132,0
-1.919073,-0.308654,0
-1.772929,-2.013688,0
-1.527246,-1.971269,0
-1.980152,-3.966247,0
0.251477,-2.608335,0
-1.049867,-0.357046,0
-0.799106,-1.189336,0
-0.837596,-1.728642,0
-2.462917,-0.747928,0
-1.893284,-1.993061,0
0.874282,-1.353211,0
-0.227817,-0.233000,0
-2.762304,-1.649917,0
-0.180554,-0.037363,0
-0.080239,-1.455917,0
-0.550460,0.117524,0
-0.931319,-0.382598,0
0.194692,-1.663727,0
0.835471,-0.748117,0
-0.154505,-0.437658,0
-2.618111,-0.908974,0
-0.106188,-1.447404,0
0.079436,-1.292459,0
-0.913608,-1.973102,0
-1.435094,-1.821900,0
-0.440517,0.752979,0
-1.990402,-3.589088,0
-1.259649,-3.945543,0
-0.798160,-2.130482,0
-3.067693,0.978363,0
-2.439661,-1.876536,0
-2.416033,-1.438483,0
-2.082449,-1.662098,0
-2.618304,-1.196745,0
-1.874283,0.939178,0
-2.072829,-2.234601,0
-1.323608,-1.701025,0
-1.313270,1.402834,0
-0.161575,0.490324,0
-1.853393,-1.939657,0
0.522966,-2.176559,0
-1.104528,-0.049512,0
-1.123367,-1.076422,0
-0.831289,-1.968280,0
-0.427408,-2.126032,0
-1.510462,-2.234984,0
-0.598548,-1.044304,0
-1.223831,-0.180210,0
-3.140107,0.761031,0
-0.107379,-0.864633,0
0.000381,-3.220143,0
-0.468697,-1.204280,0
-0.237228,-1.334368,0
0.938262,-0.284938,0
-1.559584,0.193313,0
-0.656303,-1.254374,0
-0.396827,-1.187610,0
-0.924208,-1.593657,0
-1.820409,-2.187863,0
-1.074338,0.684788,0
0.283789,1.816162,0
-0.554103,-1.949457,0
1.312362,-2.056173,0
0.167794,-0.397887,0
-2.869322,0.051906,0
-1.305700,-1.648004,0
-0.598238,-1.454034,0
-1.772818,-0.111401,0
-0.046519,-0.885829,0
-1.068572,-0.611671,0
0.066120,-1.281425,0
-1.407746,-0.938770,0
-1.722983,-0.749822,0
-1.454183,0.735321,0
-2.177372,-1.309620,0
0.712412,0.158117,0
-0.787763,-1.325057,0
-2.073913,-2.290539,0
-1.910645,-0.166161,0
-2.237626,-1.100861,0
-1.253852,-1.036797,0
-1.330808,-1.877370,0
-2.381000,0.206151,0
-1.091904,-2.853639,0
-2.539904,-0.671578,0
-2.501391,0.509821,0
1.068066,0.208246,0
-0.910122,-3.332071,0
-0.525193,-0.541881,0
-0.390145,-0.267623,0
-1.038263,-1.230896,0
0.244817,1.014917,0
-0.791362,-1.028537,0
-1.557608,0.399721,0
-1.103616,-5.005844,0
-1.951012,-1.349971,0
-0.478893,-0.801331,0
-1.882337,-2.923908,0
-1.261470,0.248213,0
-0.600772,-0.887640,0
-1.662330,-1.092813,0
-0.245923,-2.408190,0
-1.481504,-1.381274,0
-1.667822,-1.692490,0
0.170469,0.362734,0
-1.624236,-1.443787,0
-0.028526,-2.621216,0
-0.804653,-2.676245,0
-1.007310,-0.082810,0
-0.439379,0.043502,0
-0.810014,-2.422282,0
0.597845,-0.742980,0
0.313544,0.227821,0
-0.020903,-0.891826,0
0.223366,-1.424013,0
-0.488216,-1.389514,0
-3.603248,0.650299,0
-2.732127,-1.399571,0
-2.864679,0.403437,0
0.026767,-1.735449,0
-2.170196,-2.374200,0
-1.629212,-0.164592,0
-0.462502,-0.203655,0
-2.685252,-1.435055,0
-1.543795,-2.013276,0
-1.383913,-1.339017,0
-0.888180,-1.941581,0
-2.357409,-1.185361,0
-1.567203,-0.303669,0
-0.922091,-1.090142,0
-1.078705,-1.094193,0
-0.782291,-0.956830,0
-1.789993,-1.271216,0
-0.683967,-1.292508,0
-2.611363,-2.141844,0
0.309182,-0.915663,0
-1.036580,0.070345,0
1.056861,-0.432229,0
-1.287272,-1.252069,0
-1.358561,-1.254353,0
0.182590,-0.012105,0
-0.861705,-0.749739,0
-1.289620,-0.935237,0
-2.794924,0.513015,0
-1.382742,1.922572,0
-1.313884,1.560485,0
0.426430,-0.981888,0
0.924913,-1.707212,0
-1.708810,0.310859,0
-1.159239,-1.143384,0
-0.461315,-0.858239,0
-1.567555,1.640780,0
-1.909102,-1.197782,0
-0.886885,1.463431,0
-0.892146,-1.193881,0
-1.823638,-3.648164,0
-0.953149,-1.232540,0
-0.268068,-1.283658,0
-1.889469,0.929808,0
-2.484000,-0.535075,0
-1.091581,-0.327020,0
-1.478228,-2.263109,0
-0.840782,0.002303,0
-2.737271,-1.112619,0
-2.235252,0.897971,0
0.071238,-2.072777,0
-1.198780,-0.935803,0
-0.948969,0.201908,0
-0.715085,-1.699084,0
0.411645,-1.989405,0
-0.187544,-1.736213,0
-1.731541,-2.514209,0
0.351487,-0.278532,0
-0.042487,-1.170277,0
-1.536220,-0.251050,0
-1.995569,-0.174353,0
-1.566300,0.424267,0
-1.950181,-1.444774,0
-0.460436,-1.340162,0
-1.420510,-3.191008,0
-1.178572,-1.537529,0
-1.375513,-2.117526,0
-1.968484,-1.537414,0
-1.354163,-1.125605,0
-0.544981,-0.782445,0
-0.214962,0.892186,0
-0.368370,1.270310,0
-3.033243,-1.749583,0
-0.200842,-1.481570,0
-2.232824,-3.011211,0
-2.436207,-0.426025,0
-1.690519,-1.584410,0
-1.511209,0.262155,0
-0.611131,-1.545863,0
-2.415807,-0.758737,0
0.196279,-1.188069,0
0.164321,-1.256197,0
-0.567446,-2.575239,0
-2.509046,-2.014714,0
-2.868210,-0.955486,0
-0.723154,-4.058486,0
-1.421928,-0.203359,0
-2.216741,-2.416384,0
-0.675225,-3.029784,0
0.060615,0.112973,0
-1.499834,0.378570,0
0.211789,-1.195527,0
0.120583,0.053295,0
-2.154557,-0.392411,0
-1.566533,-1.162887,0
-1.592335,-3.123406,0
