1.119316,-0.067396,1
2.471915,0.405772,1
-1.512646,1.308955,1
-0.546368,2.659620,1
0.943088,1.502195,1
0.581050,0.477552,1
1.226740,2.190436,1
0.429237,2.833752,1
0.106794,-0.560145,1
-0.583272,-1.756401,1
2.317353,0.222398,1
2.852098,0.393154,1
-0.392427,-0.136388,1
1.157305,0.703096,1
2.028978,0.325641,1
1.330449,1.384638,1
0.459433,-0.078553,1
0.662729,0.863893,1
-0.023119,2.108489,1
1.769878,0.336185,1
0.420820,1.630382,1
0.220825,0.129106,1
1.856463,-0.569536,1
2.186637,0.658649,1
0.101157,0.817954,1
1.735376,1.661264,1
-0.898616,2.163948,1
-1.219141,0.367246,1
2.828716,2.208112,1
-0.454028,2.310234,1
-0.833957,2.175270,1
1.901332,2.376032,1
1.421560,0.813247,1
0.748447,0.544733,1
1.120843,2.391017,1
1.112856,-0.717310,1
2.376666,-0.099372,1
3.211574,3.450936,1
1.532947,1.608221,1
0.207058,-0.143880,1
1.038723,2.357470,1
1.942971,2.256245,1
2.158925,1.156518,1
1.085406,1.058852,1
0.977007,2.500984,1
-1.517776,0.134738,1
1.126425,0.727307,1
0.061356,-0.495663,1
-1.122350,2.713340,1
0.780035,0.090829,1
1.234372,0.544640,1
-0.203959,0.723052,1
-1.813699,2.590815,1
1.183624,-0.362283,1
0.903521,1.245468,1
0.100963,0.649220,1
1.018738,0.930782,1
-0.521451,0.688148,1
2.234027,-0.257275,1
0.231022,-0.301097,1
2.552342,0.788301,1
0.117400,0.984129,1
1.195322,0.413895,1
0.934265,1.641423,1
1.668881,-0.677273,1
0.503408,1.579464,1
-1.625006,-0.498931,1
0.271484,2.878726,1
-0.309995,1.280189,1
2.971134,1.804803,1
-0.193305,4.024855,1
-0.500502,2.299282,1
-0.299938,1.177694,1
0.586280,-0.318818,1
1.902537,-0.177215,1
2.611510,-1.027108,1
2.456963,-0.137702,1
1.680988,1.571658,1
1.074740,0.051053,1
2.085305,2.504400,1
0.651091,0.659930,1
0.998629,1.344332,1
-0.311219,-0.761986,1
0.764242,0.541765,1
-0.275161,1.281478,1
0.085388,1.673212,1
0.273228,2.509129,1
0.429053,-0.058888,1
0.828759,0.476557,1
0.502614,1.224070,1
-0.596405,0.577590,1
2.750961,1.386620,1
1.581943,0.738964,1
1.897882,1.285368,1
-0.455423,-0.619299,1
1.375965,0.215023,1
-0.067064,2.224084,1
1.516323,0.765676,1
-1.782682,0.904697,1
1.410708,1.699429,1
0.274667,2.550980,1
0.211229,1.167537,1
1.669425,3.205203,1
0.524769,1.406999,1
-0.808616,0.624633,1
2.110964,1.421959,1
-1.675151,0.199012,1
0.935667,2.180194,1
0.567547,-0.475434,1
2.145842,2.780430,1
-0.415729,1.952198,1
2.166958,0.227974,1
1.764809,0.139750,1
1.116390,1.821841,1
3.182440,0.031642,1
0.994687,0.627511,1
2.923209,1.612484,1
0.846766,1.345386,1
2.675377,0.564562,1
-0.551633,1.721907,1
0.105347,1.588330,1
-1.230576,0.689803,1
1.373870,0.231527,1
1.423083,2.075634,1
3.551753,1.849740,1
2.288792,-0.122605,1
1.543305,2.023296,1
2.017885,0.898192,1
3.055298,1.827718,1
1.464160,1.864294,1
-0.207131,1.018328,1
0.923839,2.588057,1
0.419771,1.505875,1
1.215253,1.680316,1
1.677685,2.450794,1
2.364864,-0.080131,1
3.554165,2.072026,1
2.318426,0.206198,1
1.540665,-0.185961,1
0.772526,-0.080139,1
1.416071,0.379925,1
-0.590665,2.233045,1
0.719060,2.383734,1
-0.613408,-2.054522,1
1.750228,3.341439,1
1.105086,1.000439,1
0.899272,2.612395,1
0.135441,1.036947,1
2.076858,0.845338,1
0.222072,-0.003826,1
0.846840,0.066828,1
1.383254,-0.158977,1
1.371661,1.761008,1
0.578052,0.656186,1
0.175617,0.396512,1
1.823649,1.426607,1
0.666588,1.872924,1
-1.204322,2.011668,1
1.205286,2.633258,1
1.336150,1.837100,1
1.457677,-0.187223,1
1.098691,1.972133,1
1.547322,0.339501,1
0.259378,1.702559,1
0.641457,1.044578,1
1.119427,1.479939,1
-1.415917,1.625516,1
2.949482,3.253188,1
4.930880,3.018427,1
0.740748,1.054882,1
1.116879,1.271196,1
2.359323,0.662521,1
1.309690,1.030785,1
-0.787571,1.809665,1
0.092215,1.181130,1
1.038816,0.396873,1
0.845062,-0.724311,1
-0.834746,2.641903,1
0.991317,1.480900,1
2.247960,1.342344,1
1.150179,2.359017,1
0.810381,0.904730,1
-0.544925,0.823015,1
0.797212,0.338557,1
0.368523,1.493602,1
1.618477,0.388419,1
2.013498,0.037706,1
0.227467,-0.327784,1
-0.185040,3.484700,1
2.921140,1.573966,1
1.967434,0.040780,1
0.423009,0.893901,1
1.308574,2.694445,1
1.524123,1.593345,1
2.830515,-2.652825,1
0.861780,1.286685,1
0.034850,1.230136,1
2.677261,1.383241,1
0.914849,1.866492,1
-0.003657,0.064190,1
0.350758,-0.692299,1
1.002417,0.505967,1
1.671738,1.195977,1
2.312292,1.651342,1
2.125937,0.268171,1
1.145305,0.623028,1
0.473681,0.429248,1
2.455087,0.760742,1
2.077999,-0.464944,1
1.913012,-0.272436,1
0.701626,1.204450,1
1.641747,2.668959,1
1.605347,1.152967,1
-2.448228,2.024213,1
1.378534,3.025681,1
0.638356,0.802029,1
1.824008,1.865240,1
3.556729,0.462390,1
0.293766,1.046513,1
-0.045802,0.790570,1
3.053441,1.431793,1
1.137918,2.432043,1
1.210457,1.001811,1
-0.759707,2.033604,1
0.961666,-1.446202,1
0.849573,0.839378,1
2.307542,0.679329,1
1.894227,2.616247,1
0.921207,2.109864,1
2.296753,0.685459,1
1.634153,-0.392917,1
1.755566,0.231822,1
0.369591,2.723041,1
0.098718,-1.109620,1
0.403990,-0.232565,1
1.576947,0.523780,1
-0.054624,2.291720,1
-0.134493,0.077992,1
1.053154,2.951695,1
1.351471,1.144646,1
2.436841,0.199383,1
0.563135,0.543809,1
0.713713,1.628301,1
0.750484,0.319474,1
1.085605,2.307574,1
0.838197,-0.093851,1
2.400714,2.265578,1
0.722607,0.153251,1
1.736652,0.407774,1
1.644069,0.561575,1
0.400119,-0.058617,1
-0.303809,1.169782,1
2.388864,2.131490,1
2.711416,-0.204964,1
1.445769,0.419761,1
0.364207,0.027648,1
1.490812,1.894080,1
-1.370814,-0.017150,1
1.301639,1.044727,1
1.387238,0.231647,1
0.662557,-0.230170,1
-0.179039,-0.120433,1
0.710055,1.935107,1
1.942624,0.472911,1
1.049052,1.541122,1
1.675196,1.971063,1
0.720329,1.793634,1
2.075235,2.315138,1
0.367810,2.379238,1
2.402919,1.540565,1
2.321775,1.683959,1
0.840703,2.062721,1
0.801957,0.626057,1
0.833470,2.503297,1
1.516864,0.268236,1
0.101332,-0.260271,1
0.838191,-0.343031,1
-0.259956,2.258403,1
2.425607,0.936817,1
-2.234722,0.004910,1
1.275293,0.536981,1
-1.506895,0.071208,1
1.964421,-0.196582,1
-0.652535,2.809644,1
1.285943,1.713353,1
1.889772,0.088226,1
2.602893,1.511033,1
1.778113,0.943819,1
2.713794,1.004601,1
-0.994846,0.700676,1
-0.731933,1.662549,1
1.818592,-0.324235,1
0.396919,0.778066,1
1.465252,0.826082,1
1.507099,1.282585,1
1.267139,0.460032,1
2.202797,-0.108340,1
1.213323,-0.605866,1
1.000263,2.046881,1
0.474912,1.495511,1
-0.392103,0.447852,1
1.723468,1.294554,1
-0.183927,-0.466436,1
0.796748,1.727719,1
0.256106,0.772592,1
0.796184,1.224648,1
0.969555,1.137157,1
1.883208,-0.672253,1
0.199622,-0.029037,1
0.564873,1.350880,1
0.774080,-0.573656,1
0.121926,0.317408,1
-1.126927,-0.665071,1
2.259377,1.939369,1
1.336562,-0.587922,1
-0.186802,1.092982,1
0.804235,0.268473,1
1.442493,1.727556,1
1.472289,0.903626,1
2.299604,1.396095,1
0.313517,2.980103,1
2.282739,1.666235,1
-1.266250,2.627802,1
1.903298,1.068056,1
0.425153,0.328860,1
0.076316,0.513877,1
1.182323,1.081274,1
0.100137,2.297500,1
2.424834,0.703632,1
1.160276,1.241049,1
2.119361,0.558149,1
0.861716,0.103154,1
1.276697,1.080440,1
2.837507,0.748138,1
1.072754,2.428821,1
2.721032,0.093023,1
2.058757,0.934954,1
1.594424,0.372185,1
0.447355,2.897415,1
1.240028,1.785344,1
1.029985,0.616905,1
-1.400956,0.031502,1
0.604203,1.301181,1
-0.255646,1.811039,1
0.866092,1.117546,1
1.315957,0.981066,1
-0.518109,1.510134,1
2.590745,1.240760,1
-0.303505,-0.002381,1
1.139178,2.140586,1
0.544363,0.391559,1
1.421989,0.474882,1
-1.451917,0.318079,1
1.096896,2.359456,1
0.877306,0.953944,1
0.866810,2.258338,1
1.992972,-0.235224,1
-2.241711,2.010592,1
-0.614160,1.566390,1
1.497548,1.276850,1
0.065936,0.990960,1
1.723887,3.022953,1
-0.932361,2.169004,1
0.002960,2.464169,1
-0.380672,0.804221,1
2.487291,3.049120,1
1.734909,2.317553,1
0.117507,3.533714,1
-0.003632,1.725761,1
2.631657,0.271822,1
1.919335,0.951864,1
2.193918,2.558982,1
1.255414,1.405305,1
-0.241571,0.431102,1
3.334507,0.737577,1
3.142576,1.768796,1
-0.358730,1.324581,1
1.736736,1.286042,1
1.531834,1.053147,1
1.922714,-0.217628,1
0.461318,1.835473,1
0.998658,2.095927,1
1.126809,-0.088093,1
2.145133,0.971074,1
3.250238,1.917411,1
1.561000,2.113714,1
1.980143,-1.230054,1
-0.564267,0.651581,1
1.443842,0.789929,1
-0.481700,-0.353336,1
-0.112271,2.052243,1
0.774624,1.843617,1
0.970780,3.192188,1
1.173622,0.271447,1
1.384641,2.138260,1
0.338306,0.883983,1
1.081767,2.391361,1
0.629725,0.078748,1
0.995308,1.576085,1
-0.323093,-0.761125,1
1.011453,1.193826,1
0.288644,0.169267,1
2.289062,0.634371,1
0.363183,-1.066730,1
0.797259,0.077404,1
2.297003,0.563572,1
0.491172,0.052991,1
0.580228,1.360728,1
1.193784,1.791024,1
0.297542,1.373541,1
1.527708,-1.397867,1
0.951486,1.841423,1
2.427587,-0.859790,1
1.996149,-1.535292,1
0.395424,0.341326,1
-1.053250,0.687026,1
2.892187,1.564414,1
0.730284,2.581967,1
0.906282,1.146582,1
2.216170,2.189411,1
1.000947,1.680073,1
2.265037,1.416098,1
1.605337,0.859883,1
0.426915,1.778054,1
1.368620,0.804300,1
-0.180309,-0.607398,1
1.389639,2.824421,1
0.732160,2.858744,1
1.999470,-0.897730,1
3.786852,0.920687,1
1.644060,2.088966,1
1.315956,2.762486,1
0.799413,-1.632338,1
1.139829,0.864722,1
1.707165,0.859549,1
2.248969,1.032701,1
-0.227484,0.068069,1
2.129907,0.534672,1
2.268349,1.148389,1
0.045633,1.184785,1
1.021971,1.292098,1
1.159174,2.442796,1
0.991155,0.093624,1
1.041488,-2.327851,1
0.898078,0.632244,1
-1.721546,1.630441,1
0.327363,1.597357,1
3.157058,1.351964,1
1.503307,1.442738,1
0.816787,0.346837,1
0.519161,-0.408459,1
1.289932,0.263882,1
1.549222,-0.044008,1
1.277219,1.142284,1
1.186002,1.577135,1
2.974306,0.663982,1
1.190699,0.591336,1
-0.779766,0.905208,1
0.383800,-0.034436,1
-0.239302,0.176714,1
2.378465,-0.205507,1
0.490795,1.161889,1
-0.293831,4.076401,1
-0.406783,1.803039,1
2.111836,2.566587,1
0.079258,0.675245,1
-0.060020,2.289178,1
-0.308314,-0.731535,1
2.881512,0.106294,1
2.828422,0.335141,1
0.228569,2.053148,1
-0.100177,1.192445,1
2.380716,0.905965,1
-0.123313,0.253802,1
0.247718,-1.433151,1
0.372936,2.158185,1
0.063709,-0.678120,1
1.808989,-2.265377,1
2.284032,2.558181,1
-0.414822,1.751733,1
0.198223,1.994448,1
1.023265,-0.411608,1
1.065760,1.974888,1
1.697598,-0.234829,1
1.208889,1.264436,1
1.807575,1.306518,1
3.493272,1.442644,1
0.546192,2.026137,1
-1.033071,0.779528,1
-0.563469,1.197394,1
1.111011,1.064127,1
1.065814,1.340535,1
0.771558,1.078649,1
1.006781,2.968613,1
-0.356768,0.291968,1
0.778580,1.522076,1
1.933393,-0.914222,1
4.013024,1.532285,1
1.253806,-0.046460,1
1.381495,1.249445,1
2.247889,0.627500,1
2.602837,2.731583,1
2.192919,2.459590,1
2.359638,-0.485417,1
0.069779,2.312730,1
1.343037,1.861309,1
1.334280,1.833659,1
0.154097,0.085460,1
2.355833,1.215387,1
0.985984,1.289583,1
0.394524,2.922916,1
0.806849,-0.363274,1
2.844142,0.868131,1
1.598911,0.620197,1
2.404839,1.127169,1
1.339969,1.624030,1
0.884248,1.530726,1
1.278112,0.133644,1
1.436443,1.214295,1
1.487106,1.895438,1
1.363058,0.438418,1
1.171242,2.581075,1
-1.737420,0.991275,1
1.243198,3.081078,1
0.623912,1.243731,1
0.573682,0.391680,1
1.822555,0.828508,1
2.124452,2.953412,1
1.231926,0.856896,1
-0.284153,1.124616,1
3.057956,1.991489,1
-0.667671,-0.328301,1
2.047075,2.511621,1
0.817910,2.853758,1
0.718774,0.710234,1
-1.126235,-0.393555,1
-0.198212,1.905566,1
1.152009,2.456061,1
-0.923710,-0.128138,1
0.053004,1.794494,1
-0.804898,0.162448,1
-1.145924,1.082868,1
0.308506,2.055092,1
0.305169,3.542428,1
1.248072,2.098192,1
1.917281,2.435422,1
1.224518,1.840227,1
2.111157,0.146164,1
1.902301,0.841097,1
0.327667,-0.207184,1
0.657903,2.386150,1
1.017470,0.127101,1
0.119161,-0.532594,1
-0.099763,3.131768,1
1.106155,1.768849,1
2.449185,1.135082,1
-0.068454,-0.543196,1
0.248003,1.837027,1
0.975465,2.257506,1
1.155948,2.509692,1
0.308906,1.586791,1
0.904205,1.196886,1
1.577261,2.605080,1
1.236275,2.953703,1
0.089696,1.078738,1
2.495717,1.178943,1
-0.609664,0.144945,1
0.950472,0.523037,1
0.098564,0.783293,1
1.546165,0.515331,1
-0.350044,-0.224994,1
2.243875,2.148157,1
0.863653,0.847213,1
1.743579,1.849391,1
0.782869,-0.816316,1
0.432823,-0.153246,1
2.671737,1.958553,1
0.956891,0.589098,1
0.118608,1.957948,1
0.231385,-0.292147,1
1.444900,1.357301,1
0.734480,0.572821,1
1.623178,-0.482959,1
1.027377,1.746888,1
0.250349,1.428335,1
1.690611,2.418395,1
1.491012,3.349868,1
1.179836,-0.650277,1
0.321869,0.564854,1
2.393381,-1.641989,1
-0.090226,0.912395,1
1.739744,0.191956,1
2.551083,-0.836410,1
0.523054,1.376778,1
3.158300,2.041186,1
2.773038,1.097362,1
0.632531,0.372058,1
-1.444159,3.131702,1
0.125289,1.947807,1
1.472629,1.972035,1
-0.913529,-0.871776,1
1.339216,2.233604,1
0.961475,2.073407,1
1.436185,1.010778,1
0.259652,-0.390210,1
0.396832,-0.665505,1
-0.091611,-0.205240,1
0.523649,0.194906,1
1.709169,-0.596258,1
-0.155190,0.131838,1
2.194179,2.012252,1
0.649300,0.999247,1
1.569126,3.142810,1
2.347945,-1.768173,1
0.502496,1.591597,1
-0.031743,1.028485,1
1.882659,-0.652386,1
1.794933,1.954705,1
0.611872,-1.682811,1
1.295977,2.248310,1
1.005318,0.834690,1
0.138853,1.745313,1
1.243285,0.701254,1
0.315684,1.307096,1
0.817948,0.680841,1
2.394473,-0.528490,1
0.983773,1.791633,1
-1.837110,0.605332,1
0.866995,-0.617296,1
3.098002,0.742914,1
0.877999,1.208776,1
1.235749,0.866976,1
1.060958,1.577971,1
0.031372,0.034391,1
1.877779,2.293352,1
1.593402,2.050433,1
2.026324,0.156146,1
0.741673,1.086566,1
0.064411,1.733578,1
-0.222226,-1.182975,1
1.766714,0.620094,1
-0.423879,0.117141,1
0.072590,-0.127366,1
1.395517,2.252397,1
0.516733,0.751651,1
-0.802733,-0.881554,1
0.223805,0.383675,1
1.156798,0.086248,1
-0.917124,-1.025017,1
2.929576,3.124731,1
2.169120,0.711555,1
1.975487,0.777344,1
0.959189,1.427736,1
1.513125,2.814535,1
2.021860,-0.155888,1
0.770250,0.299129,1
0.097053,-0.049026,1
2.012145,0.983254,1
0.398375,0.228957,1
3.322862,1.733008,1
-1.108506,0.525515,1
0.810069,1.679487,1
-0.424728,1.542932,1
1.173982,1.053749,1
1.544552,1.169328,1
0.585335,-1.832264,1
2.495514,1.839417,1
0.080096,-0.015473,1
1.311775,3.240883,1
1.989767,0.990333,1
1.612755,0.409081,1
2.672564,0.027610,1
0.663225,1.289635,1
0.709431,1.018516,1
1.382245,1.298648,1
0.700437,0.274668,1
1.391696,-1.110784,1
0.481866,1.339038,1
-1.070075,-0.075183,1
3.314396,2.753997,1
-0.925468,1.680532,1
0.605911,0.290770,1
0.217203,2.412906,1
0.502281,1.845308,1
1.226901,1.480159,1
1.025195,-1.263348,1
-0.038215,0.184152,1
-0.123703,1.445896,1
1.488593,-0.353974,1
-1.423126,1.696829,1
2.241811,0.491551,1
2.755658,2.284620,1
0.305196,-0.256264,1
1.953328,0.130699,1
1.965918,1.031914,1
1.142596,1.964479,1
-0.835394,0.742543,1
2.250341,2.148874,1
0.335999,1.452748,1
1.044431,1.440551,1
1.952954,0.941821,1
-0.468265,1.684943,1
0.538811,0.003106,1
0.447724,-1.276006,1
0.090541,1.932453,1
1.229186,1.775584,1
3.711297,1.818753,1
2.083527,3.557265,1
1.222682,0.824754,1
1.889865,1.378273,1
-0.880009,1.701183,1
2.394817,0.591235,1
0.324560,1.890365,1
0.659061,0.930806,1
-0.517379,0.776572,1
0.617655,0.843472,1
0.428455,0.127808,1
1.769047,-1.295222,1
2.257027,-0.096339,1
1.558428,2.861980,1
1.924940,0.810888,1
0.853558,1.253124,1
2.377116,-0.231172,1
1.311986,3.041591,1
0.649537,-0.307507,1
0.869229,1.343323,1
1.166143,1.513650,1
0.680865,1.925206,1
-1.474139,-0.505341,1
0.530326,-0.718353,1
1.047168,-0.233119,1
2.384064,3.032601,1
-1.021900,2.292424,1
0.572758,1.898787,1
-0.274426,1.797585,1
-0.976696,1.034795,1
1.718812,0.074687,1
1.946772,2.331369,1
2.425076,1.009055,1
1.797006,1.913301,1
2.031319,3.789221,1
-0.605913,2.264989,1
1.049828,-0.725558,1
1.680666,-0.340105,1
-0.782610,1.746258,1
1.253687,0.910563,1
1.261198,-0.001940,1
1.443858,0.336797,1
1.869660,0.359532,1
-0.100073,-0.191117,1
1.667392,0.407392,1
0.165586,2.277194,1
-0.773365,1.126503,1
0.242155,-0.043454,1
0.309702,1.274962,1
1.384455,1.709990,1
-0.956066,2.536262,1
1.344427,1.200208,1
0.731279,1.844395,1
0.897444,1.437138,1
-2.511606,1.045277,1
0.604651,1.827375,1
-0.342774,1.798092,1
1.202638,0.286506,1
1.983084,0.695420,1
1.040916,-0.276840,1
0.275913,0.697023,1
0.894597,0.982497,1
3.105008,0.573536,1
2.292951,0.240079,1
-1.200483,2.770717,1
3.166452,1.147261,1
1.283599,-0.836516,1
1.446396,0.668714,1
-0.286310,0.755813,1
0.000966,2.284927,1
1.925093,1.483986,1
2.447994,1.205170,1
-1.376918,0.954804,1
1.015773,-0.107846,1
1.718536,0.773774,1
1.821889,0.644605,1
1.261485,1.301106,1
-0.197136,0.336661,1
1.769940,0.102297,1
1.126698,0.771223,1
0.894071,0.176599,1
0.571678,2.855343,1
1.078371,0.579582,1
3.262444,2.235617,1
-0.394803,1.407870,1
1.625124,0.315505,1
3.762244,1.788325,1
1.085880,-0.990598,1
1.802032,1.873025,1
1.366092,-1.102216,1
0.680896,1.809107,1
2.312196,0.750518,1
2.196865,0.149660,1
-0.891397,-0.866493,1
0.216397,0.530090,1
0.678751,0.412741,1
-0.110726,0.954630,1
1.415282,-2.323839,1
0.988847,2.194143,1
2.620808,-0.163645,1
-1.028105,1.342125,1
0.906028,0.568535,1
-0.691571,1.693554,1
-0.391629,1.043720,1
0.407950,-0.837982,1
-0.890235,1.582207,1
2.069948,0.282792,1
-0.808198,1.022632,1
1.945253,1.347042,1
-0.488855,0.267503,1
2.857839,1.643894,1
0.975329,1.433772,1
0.572322,1.409636,1
0.021492,1.902412,1
-1.003243,1.372478,1
1.188549,-0.774844,1
1.132831,2.004367,1
0.872227,0.536280,1
0.697244,0.452256,1
2.771835,1.146655,1
1.595019,1.247578,1
0.928307,0.438602,1
1.006916,0.330840,1
0.639889,0.058811,1
0.476058,1.112626,1
2.600179,-0.484750,1
0.499771,0.945018,1
-0.685940,0.168144,1
1.679355,-0.921536,1
1.095676,1.875125,1
0.026867,3.824085,1
2.292656,-1.122139,1
0.941309,2.873656,1
0.770852,0.991289,1
2.091737,-0.081387,1
0.455817,1.236677,1
-0.333177,1.957836,1
-0.158413,2.141593,1
1.513818,1.807702,1
0.374593,1.148237,1
2.465163,1.494086,1
0.890352,0.235592,1
1.815601,2.036492,1
1.163834,0.698606,1
1.883451,0.228056,1
1.221216,0.538141,1
1.486933,0.662588,1
2.285481,1.227357,1
2.414708,-1.307540,1
2.011301,2.423477,1
0.919011,1.222971,1
0.449718,0.586719,1
0.831046,0.685413,1
-0.056229,-0.669296,1
0.115905,-0.884223,1
0.340515,-0.078373,1
1.742661,2.074541,1
1.027152,2.459115,1
0.951168,-1.773680,1
0.189498,-0.130002,1
1.792736,1.651563,1
1.208016,2.764770,1
2.510969,3.430170,1
-1.357936,3.099159,1
-0.304052,-0.271059,1
0.665078,2.610054,1
1.029341,1.395988,1
-0.455220,1.271205,1
0.880096,2.261937,1
2.457388,0.209692,1
1.433826,2.247150,1
2.379344,1.175547,1
1.015575,2.817258,1
0.360577,-0.016347,1
1.351934,2.585031,1
0.173412,0.634296,1
2.652993,-0.436902,1
2.061408,-1.588980,1
1.733419,0.033633,1
1.626273,2.660071,1
-0.109599,1.710199,1
0.601021,2.428476,1
1.535279,-1.556754,1
2.209318,0.777738,1
3.287760,2.686435,1
0.267664,1.943673,1
0.997499,1.192110,1
0.377413,3.317100,1
1.225755,0.922864,1
-0.545112,1.568381,1
0.775250,0.971753,1
2.169125,0.457329,1
0.323792,0.390391,1
0.295585,0.416284,1
0.687159,-0.803127,1
0.271671,0.710103,1
1.686971,2.058168,1
1.223164,-0.630099,1
2.877449,0.681926,1
0.767048,3.250875,1
0.607551,-0.495864,1
2.170858,0.185942,1
1.436730,0.979734,1
1.706794,0.538617,1
0.560327,1.179466,1
0.747127,0.435115,1
2.344985,0.730364,1
1.982373,1.093032,1
0.518825,1.667527,1
-0.570686,1.457468,1
-0.701960,1.471933,1
-0.708266,1.542223,1
2.604223,1.255439,1
-0.010300,2.098034,1
0.296441,-0.721525,1
2.361774,2.081187,1
0.622622,0.193507,1
1.616303,0.839952,1
-0.563124,1.803180,1
1.371313,2.436369,1
2.802158,1.040274,1
1.536022,0.238322,1
1.931922,2.817283,1
1.501244,1.768499,1
2.133994,1.148580,1
1.856719,0.402749,1
2.601197,-0.220472,1
-0.517592,0.085856,1
0.264799,2.269844,1
0.830794,1.431967,1
-0.465365,-0.633879,1
2.282235,-0.287339,1
2.257735,-0.099163,1
1.060872,-3.207334,1
-0.215652,1.935442,1
1.420183,3.062458,1
0.519688,0.316196,1
1.024702,0.287968,1
1.285244,1.971104,1
0.738000,1.392308,1
1.222731,0.162807,1
2.543447,2.773254,1
1.615786,-0.652827,1
1.214044,2.352142,1
-0.279128,1.542637,1
2.365784,0.256389,1
1.151024,0.565304,1
-0.710567,0.929153,1
-0.451473,0.936647,1
2.168433,-0.565734,1
0.200282,0.995918,1
0.906890,0.947683,1
2.340075,0.729180,1
1.264550,2.107608,1
0.505121,1.414707,1
0.389161,-0.447745,1
0.069975,1.177701,1
0.461271,1.079750,1
-0.079951,2.379507,1
1.465886,1.003708,1
1.917261,-1.518632,1
0.944304,-0.057830,1
2.276192,1.619473,1
2.976951,0.556097,1
-0.235154,1.056674,1
1.353615,1.738096,1
-0.297643,-0.001468,1
1.160156,-0.666354,1
1.598270,0.878888,1
1.238267,0.493919,1
-0.319695,0.689243,1
0.443860,1.031673,1
0.080573,2.324722,1
1.037847,-0.387389,1
0.707924,3.112720,1
0.564293,0.600520,1
1.277451,1.524936,1
-0.349004,0.755628,1
0.301523,-1.204897,1
0.599730,0.707232,1
1.762953,0.025697,1
1.111135,1.020145,1
2.042625,0.519397,1
-0.528223,0.062681,1
0.555760,2.618990,1
0.799690,0.083973,1
1.342469,2.352445,1
1.198112,3.398486,1
1.482365,-1.443194,1
-0.136805,0.710056,1
1.724292,0.719008,1
1.346649,-0.363100,1
0.259849,0.417152,1
-0.848833,-0.272579,1
-1.180515,-2.095138,0
-0.887616,-0.569236,0
-0.039061,0.743560,0
-0.663743,-0.828964,0
-2.212678,-2.419350,0
-0.431208,-0.132472,0
-1.268890,-0.271396,0
-1.937297,-0.774241,0
-1.752447,-0.438941,0
-1.712747,-2.346005,0
0.980336,-1.667922,0
0.704384,-1.074505,0
-0.185630,-2.366239,0
-0.936694,1.719254,0
-2.184300,-2.124262,0
0.822225,-0.262692,0
-2.241408,-1.179128,0
-2.162875,-1.422764,0
-0.977316,-1.708924,0
-0.300875,-1.041091,0
-1.729282,-1.297387,0
-1.552361,-0.653375,0
-0.478330,-1.563935,0
-0.927880,1.296680,0
-1.866066,-1.444575,0
-2.282959,-0.288145,0
-0.059998,-1.430833,0
-0.683237,-0.691516,0
-2.472259,-1.160933,0
-0.766148,-1.077309,0
-1.758968,-0.906926,0
0.870796,-0.680392,0
-0.289562,-1.807413,0
-0.482184,-3.140143,0
-1.093224,-1.621457,0
-1.456761,-3.599274,0
-1.419303,-0.072822,0
-0.855846,-1.500832,0
-0.741723,-2.347323,0
-1.644007,-1.090919,0
-0.562623,-1.054156,0
0.153017,-0.865295,0
-0.268725,-0.374695,0
1.373214,-0.234787,0
-1.883150,-1.020806,0
-1.312021,-0.260649,0
-0.271267,-1.024605,0
-1.874953,-1.398450,0
-0.520276,-2.406919,0
-1.134814,-1.377786,0
-0.921468,-0.021857,0
-1.273941,-1.230238,0
0.162059,-1.224772,0
0.434659,-2.970183,0
-2.015256,-1.744532,0
0.395052,-1.036553,0
-2.764656,-2.964918,0
-3.016178,-1.026549,0
0.430623,-0.228403,0
-1.521833,-0.124330,0
0.096408,-2.131905,0
-0.363671,0.476835,0
0.054240,-1.015450,0
0.941450,-2.481505,0
-1.401427,0.116072,0
-2.186650,-1.188623,0
-0.046808,-1.044840,0
-1.349901,-0.674294,0
-1.577082,-1.236221,0
-1.048780,-1.100329,0
0.299491,0.807432,0
-2.141941,-1.289527,0
-2.232485,-1.326032,0
-0.899810,-0.721927,0
-0.192033,0.467757,0
-0.689007,0.474675,0
-2.461021,0.129708,0
-0.760650,-1.167857,0
-1.257241,-0.697427,0
0.462923,-1.652168,0
-2.326342,-2.254775,0
-0.184500,-0.834701,0
-1.256936,-2.545307,0
-1.601801,-1.412676,0
-1.266126,-0.798481,0
-1.323336,-0.917179,0
-0.877780,-1.623858,0
-1.877506,-0.760720,0
0.762603,2.631335,0
-1.081365,-1.462318,0
0.788495,-1.658471,0
-1.167274,0.151243,0
1.292226,1.187228,0
-1.146237,0.870782,0
0.213373,-1.564248,0
-0.900128,-1.552208,0
0.318610,-1.350317,0
0.389524,-1.219315,0
-4.353953,-0.091215,0
-0.856035,-1.356594,0
-3.279397,-0.610216,0
-0.811793,-0.854348,0
-0.812253,-1.295225,0
-0.231903,-0.541853,0
-0.998713,-1.860657,0
0.304203,0.295599,0
-2.046105,0.287507,0
-2.014662,-1.493515,0
-0.380862,-0.527221,0
-2.448084,-1.536379,0
-2.280439,-0.604890,0
-0.283912,-1.030082,0
0.735531,-4.647546,0
0.159446,-1.883251,0
-2.207756,0.054556,0
-2.319825,-0.068173,0
-2.285026,-0.814041,0
-0.986529,-1.439813,0
-1.566797,0.006431,0
0.922554,0.467439,0
-0.929865,-0.313446,0
-2.307477,1.128366,0
-3.155343,-0.704823,0
-2.181432,-0.741106,0
1.250227,-2.061376,0
-0.311083,-0.738306,0
1.341918,-0.855267,0
-0.807402,-1.907048,0
-0.941811,0.685933,0
-1.208457,-2.529388,0
-2.081084,-2.086731,0
-1.254556,-0.027787,0
0.806624,-1.991226,0
0.265578,-1.756985,0
-2.018454,-0.171528,0
-1.432175,-0.924638,0
0.672944,-0.000485,0
-0.343040,0.714151,0
-1.113510,-0.289834,0
-1.779063,-2.052839,0
0.562215,-2.478119,0
-0.795120,-0.408788,0
-3.858894,-0.437297,0
-0.350827,-4.593632,0
-0.858973,-0.790951,0
-0.986562,-1.634144,0
-2.505056,-1.632831,0
-1.359371,-0.600627,0
-0.717499,-2.522090,0
-3.033570,-1.810163,0
-1.999674,-0.025440,0
0.495126,-1.159042,0
-0.097984,-0.061661,0
-0.690578,-1.667719,0
-1.743320,-1.151356,0
-0.991938,-0.683099,0
0.002717,0.181700,0
-0.852092,-1.358285,0
-0.237541,-1.028548,0
-2.013142,-0.297459,0
-1.374136,-2.346677,0
-1.921648,-2.005661,0
-3.274020,-0.434918,0
-0.861768,-2.149934,0
-1.844895,-0.361977,0
-1.414707,-0.888969,0
-0.933360,-1.941391,0
-1.938105,-1.046272,0
-1.041787,-0.498389,0
-0.720062,0.907521,0
-3.525105,-1.922002,0
0.239407,0.495729,0
-1.827303,-1.946308,0
0.180040,-0.287473,0
0.235682,0.604664,0
-0.221009,-0.008418,0
1.393441,-3.651129,0
-1.263211,0.941420,0
0.684740,-0.437117,0
-2.243573,-0.921834,0
1.173652,-0.709428,0
-1.750303,-2.367047,0
0.167436,-1.921235,0
-0.691211,-2.838552,0
-3.253193,-3.828770,0
-1.596645,-0.754645,0
-0.852128,-0.067920,0
-0.825308,0.556946,0
-0.425284,0.320855,0
-2.868745,-0.519057,0
-0.752998,-1.703760,0
-0.547670,-2.012916,0
-1.193262,-1.589412,0
1.039270,-3.908340,0
-0.579895,-1.877912,0
-2.861413,-1.176860,0
-2.331682,-0.303507,0
-0.940771,-1.576442,0
-2.736124,-1.569512,0
-1.253536,-2.524799,0
-2.219474,-3.209386,0
-1.690443,-3.383768,0
-0.501880,-1.701836,0
0.163302,-0.607609,0
-0.931352,-1.686143,0
-1.422221,-1.082478,0
-1.271825,-2.091821,0
-1.447306,-0.217646,0
-2.311349,1.447797,0
-2.272062,0.620216,0
-0.161037,-0.983504,0
-1.147612,-0.727054,0
0.039021,0.294547,0
-1.202630,-1.729505,0
-0.370191,0.354223,0
-1.183447,-1.642528,0
-1.807577,-0.742160,0
-2.098935,0.010318,0
-0.986291,-1.096363,0
-1.674848,-1.162036,0
-3.811513,-0.186027,0
-0.834331,-1.408382,0
0.796559,0.331706,0
-0.713670,-2.866176,0
-1.432742,-0.145858,0
-1.132089,-0.172590,0
-3.013708,-2.214242,0
-2.736506,-2.299642,0
1.459502,-0.373645,0
-2.236829,-0.880211,0
-2.040083,-0.654547,0
-1.354820,-0.297943,0
0.565000,-1.899834,0
0.425093,-1.157665,0
-0.580696,-1.228517,0
-2.556783,-1.056794,0
-0.005319,-2.302560,0
-3.409890,-1.154045,0
-0.634524,-1.491292,0
-0.319097,-2.327147,0
-0.847835,-0.437729,0
0.205016,-2.952820,0
-2.392577,-3.128579,0
-0.022620,-0.917084,0
-1.291958,-2.216300,0
-0.610464,-0.590401,0
-0.687212,0.314499,0
-1.272413,-0.351338,0
-1.484326,0.685047,0
-1.362663,-1.238272,0
-0.620155,-0.846405,0
-0.953018,-0.894241,0
-3.567888,-0.607191,0
-1.603995,-0.973669,0
0.015847,-0.639204,0
0.252182,-2.637067,0
-2.087749,-1.308400,0
0.586730,-0.993104,0
1.707544,-2.593409,0
0.001008,-0.101774,0
-0.387824,0.003255,0
-1.093286,-2.394217,0
0.010382,-1.654973,0
-2.080396,-0.778697,0
-0.977700,-0.448952,0
-1.900986,0.244155,0
-1.593304,-1.937690,0
-0.909161,-0.677269,0
-0.577265,0.239212,0
-1.683111,-1.896521,0
-0.081131,-1.080134,0
0.334004,-1.287373,0
-1.803739,-1.472662,0
0.772922,-1.630147,0
-2.004336,-1.923969,0
-2.820382,-3.195727,0
0.046444,0.806334,0
-3.366670,-0.822084,0
-1.479266,0.843990,0
-0.454285,-1.288514,0
-1.465390,-1.740394,0
-1.665826,-1.101308,0
-0.285297,-0.692197,0
-1.791624,0.066203,0
-0.494564,-2.828744,0
-2.944430,-0.373998,0
-0.064146,0.906796,0
-0.746795,-1.504282,0
-1.636334,0.277538,0
0.829957,-1.841205,0
-2.494999,1.117456,0
-0.983565,-0.275180,0
-0.660132,-1.179544,0
-1.319216,1.036039,0
-0.420612,-2.061094,0
-1.768434,0.079251,0
-0.208945,-0.995272,0
-1.096844,-1.009748,0
-2.029181,-3.101706,0
-0.956003,-1.706387,0
0.371267,1.057453,0
-1.120894,0.291464,0
-0.770143,-3.461229,0
-1.485075,-0.561546,0
-0.994700,-0.688696,0
-1.580841,-1.646643,0
-0.301720,-1.580837,0
-2.905899,-1.437125,0
-1.289502,0.065179,0
-1.675301,-0.811539,0
-0.777706,-1.016197,0
-2.436817,0.302391,0
0.298878,0.743524,0
-0.446724,2.503768,0
0.574920,-1.039528,0
-4.446269,-1.013766,0
-0.849067,-0.401708,0
-1.004996,-0.384946,0
-1.841512,-0.351660,0
-0.847898,-0.717495,0
0.259256,-2.340302,0
-0.881128,-0.979524,0
-0.657669,0.555480,0
-2.961044,-0.698256,0
-0.629988,-2.652491,0
-0.068478,-1.256894,0
2.280597,-1.563056,0
-0.379334,-1.394878,0
-0.334553,0.863315,0
-1.244552,1.435354,0
-0.840748,0.595234,0
0.612953,-1.315468,0
0.374697,-0.624944,0
-2.740414,-1.297695,0
-0.091571,-0.116991,0
1.161212,-0.458181,0
0.663681,-0.548427,0
-1.460077,-2.160594,0
-3.744811,-1.878620,0
-2.757313,-0.348206,0
-2.520762,-1.953506,0
-1.608411,-1.106503,0
-1.732139,-1.841746,0
-1.998607,0.158022,0
-2.630174,-3.220332,0
0.660513,0.343187,0
-1.960107,-1.580478,0
-1.856536,-1.442005,0
-1.915655,-0.605849,0
-3.596163,-0.656783,0
-0.458639,-1.075036,0
-1.488372,-1.060574,0
-2.022573,1.151047,0
-1.408218,0.300997,0
-0.591008,-0.810027,0
-1.464769,-2.933847,0
-0.518793,-1.983038,0
-0.749547,-1.031065,0
-1.453091,-2.052860,0
-0.546267,-0.361063,0
-0.360380,-1.356668,0
-2.159005,-1.009230,0
-1.850099,-1.350188,0
-1.755767,-1.360726,0
-0.210085,-0.520653,0
0.161757,-0.726232,0
0.119223,-1.163556,0
-0.728331,0.319493,0
-0.215574,0.457160,0
1.954889,-0.191408,0
-1.175653,-0.145464,0
-1.598269,-0.513059,0
0.120268,-1.031516,0
-1.844341,-3.256192,0
-1.977356,-2.389498,0
-1.423112,-1.522836,0
-1.015945,-1.421166,0
-2.596994,-1.221257,0
0.015493,-0.268237,0
0.602305,-1.059865,0
-1.179281,-0.297072,0
-0.188367,-2.009555,0
-0.919915,-0.624032,0
-1.327164,-0.496734,0
-1.021389,-1.356615,0
-0.887553,-2.290530,0
0.587104,-2.050359,0
-2.801825,-0.795451,0
-2.300857,-0.700067,0
-0.644138,-1.925819,0
-0.579099,-0.950581,0
-1.582087,-2.666879,0
-0.203021,-0.890392,0
0.332130,0.275293,0
0.698448,-3.419886,0
-1.076196,-1.024531,0
-1.429124,-1.074181,0
-2.327996,-1.853985,0
-0.064356,-1.671500,0
-1.595666,-1.510118,0
-1.522738,-1.957278,0
-2.154179,-1.049850,0
-1.833064,1.318110,0
0.606165,-0.464632,0
0.382986,-2.370031,0
-1.463313,-1.048855,0
-2.755679,-2.106890,0
0.771310,0.751472,0
-1.592763,-0.767383,0
-2.835691,-0.062143,0
-1.254014,0.235758,0
-1.392388,-1.471876,0
-2.797372,-2.184696,0
1.055466,-1.038616,0
-0.899090,-1.320287,0
0.386279,-2.775672,0
-1.233747,-0.773255,0
1.060101,0.918928,0
-0.989072,-1.682184,0
0.091781,-0.888731,0
0.251745,-1.317845,0
-1.136324,-0.424295,0
-2.251300,-2.658934,0
-2.979120,-0.419896,0
-1.748950,-1.598710,0
-1.303828,-1.762238,0
-2.924335,-1.436985,0
-0.254219,0.150724,0
0.608945,-1.576654,0
-2.569297,-3.000533,0
-1.430128,2.165822,0
-1.855054,-0.061171,0
-0.907350,-1.338572,0
-2.549859,-0.011179,0
-1.139497,-0.400925,0
0.439144,-0.154319,0
-1.267359,-0.590892,0
0.461294,-2.974709,0
-0.969386,-1.554291,0
-0.439673,-1.276463,0
-1.848983,-2.540510,0
-1.738105,-1.424763,0
-1.598911,-0.052520,0
0.246176,-3.368529,0
0.318850,-0.601648,0
-1.947244,-1.307534,0
-1.083871,-0.873522,0
-2.199293,-1.206018,0
0.487015,-0.525189,0
-0.789027,-2.589942,0
-0.348578,-2.500453,0
0.358713,0.281256,0
-2.237498,-1.553804,0
0.148924,-1.594482,0
-0.215467,-1.671148,0
-0.234352,-0.722488,0
-0.144879,-3.107562,0
0.445700,-2.151414,0
-1.481237,-0.661036,0
-2.188620,-2.977408,0
-0.983933,0.898663,0
-1.184677,-1.946509,0
-2.142950,-0.637551,0
-3.184057,-3.127191,0
-1.983993,-0.874056,0
-2.322254,0.657830,0
0.118342,-3.351940,0
-1.740709,-1.648460,0
-1.008965,-1.140478,0
-1.400987,-2.027053,0
-1.380976,-1.092391,0
-1.366660,-1.865186,0
-0.732047,-1.665993,0
0.097819,1.017440,0
-0.599311,-0.715272,0
-0.121450,-1.871807,0
-1.733487,-1.361853,0
-1.558321,-2.781386,0
-2.580443,0.466745,0
0.200482,0.365304,0
-1.225427,-0.920376,0
-1.076669,1.123447,0
-0.593726,-2.237899,0
-1.938082,-3.030717,0
-1.335385,-2.079550,0
-0.480884,-1.883678,0
-0.520950,0.531152,0
-0.994321,-2.029535,0
-1.792300,-1.721127,0
-1.952695,-1.510443,0
-1.533610,-1.118999,0
-1.202973,-2.138996,0
-2.600908,1.615502,0
0.939799,-1.731846,0
-1.323614,-1.052344,0
-0.940486,1.061792,0
-1.568003,-0.453054,0
-0.943935,0.134420,0
-0.604777,-0.304326,0
-0.956133,0.417007,0
0.243418,-1.874609,0
-0.754529,-1.490727,0
-3.640477,-2.248358,0
-2.729177,-1.014727,0
-0.426113,0.169285,0
-0.668078,-1.478059,0
-0.840318,0.527870,0
-1.194103,-0.366454,0
-2.510175,-1.208498,0
-0.561541,0.183180,0
-0.847000,-0.494979,0
-1.763937,-2.074032,0
1.231259,-0.191266,0
-2.540025,-0.295803,0
-0.043852,-3.465089,0
1.007990,-1.140778,0
-1.974493,1.186585,0
-1.639056,-1.165224,0
-1.604702,-0.000827,0
-2.010096,0.183289,0
-2.687449,-0.735915,0
-1.165698,-0.713498,0
-1.164031,-0.928985,0
-0.556841,-0.163586,0
-1.374389,-1.266489,0
-3.461449,-3.361169,0
-0.035398,0.106415,0
-1.166540,-0.383608,0
-0.781336,-2.689476,0
0.274000,-2.242778,0
-0.458421,-0.544751,0
1.117269,-0.247377,0
-0.296915,0.327490,0
-0.432192,0.448842,0
-0.063913,0.767347,0
-0.828220,0.771500,0
1.590262,-2.343850,0
-3.193018,-2.325087,0
-1.567161,0.089183,0
-2.426225,-2.030693,0
0.408266,1.139650,0
-0.772677,-0.468010,0
-2.225296,-2.349333,0
-2.419848,-0.365904,0
-1.668304,-2.825823,0
-1.424604,-1.529116,0
-2.366021,0.007639,0
-2.090907,-0.039057,0
-1.379915,-2.675844,0
-3.074049,-0.666999,0
-2.214009,-2.666837,0
-2.405234,0.422044,0
-1.727743,-1.729177,0
-1.833622,-2.044159,0
-1.644974,-2.417433,0
-0.971592,-1.827639,0
-1.981635,-1.107952,0
-0.325728,-0.951062,0
-0.869956,-1.610462,0
0.418755,-0.409545,0
-1.725368,-0.387938,0
-2.354519,-1.594612,0
-1.413065,-1.213466,0
-0.100195,-1.253506,0
-0.041098,0.169506,0
-0.572936,1.220277,0
-1.780121,-1.147857,0
-1.019215,-0.367777,0
0.820899,-0.927629,0
-0.996099,0.247248,0
-1.858972,-0.187978,0
-0.785678,-2.731787,0
-1.849222,-1.820022,0
-1.559514,-2.174899,0
-2.017350,-2.564041,0
-0.298666,-1.891299,0
-2.878678,-1.056416,0
-1.870322,0.137154,0
-2.494197,-2.805604,0
-0.113767,-0.419024,0
0.052381,-0.652730,0
-0.542339,-0.054177,0
-0.247695,-1.284610,0
-2.068458,-0.383469,0
-1.227392,-0.924078,0
0.072838,-1.827891,0
-2.156824,-0.180667,0
-1.122983,0.307387,0
-0.875452,-2.150083,0
-1.161653,-2.157620,0
-1.885994,0.388567,0
-1.067312,-2.808340,0
-1.210975,0.228891,0
0.749027,0.782459,0
0.401211,-2.280718,0
-0.516869,-0.575950,0
-1.240876,-1.191638,0
-4.060699,-1.178230,0
-1.636800,-0.237414,0
-1.298065,-1.483447,0
-2.621569,-2.068088,0
-2.213719,-2.119775,0
-0.463611,-0.816289,0
-0.692062,-0.448003,0
-1.284358,-3.007677,0
1.155903,-0.272686,0
-2.157088,-2.436741,0
-1.173186,-0.143171,0
1.467805,0.393743,0
-2.759059,0.568145,0
-0.556460,-0.196278,0
-0.258302,-3.266708,0
0.571215,-0.957337,0
-0.778316,-2.593285,0
-1.630938,-1.407509,0
-2.864854,-2.983618,0
-0.324038,-1.353529,0
-1.587145,-1.136849,0
-1.306872,-0.988495,0
-2.939256,-2.002043,0
-1.282562,-1.568019,0
1.002178,-2.059976,0
-2.016356,-0.910332,0
-1.857059,-0.379433,0
-0.501599,-0.690439,0
0.613087,-3.663973,0
-0.735116,-3.096220,0
-2.013596,-3.426040,0
-1.501953,-1.021524,0
-0.082013,-0.166727,0
-1.325355,-2.724123,0
-1.095910,-0.377548,0
-3.237056,-2.090432,0
0.438411,-1.803264,0
0.412902,-1.778146,0
-1.083251,-0.743770,0
0.389712,-1.489548,0
-0.112348,-1.499270,0
-0.835005,-0.109765,0
-1.815457,-2.654650,0
-0.469070,-0.712826,0
-0.037750,-1.315069,0
0.018545,-2.646544,0
0.095133,-0.243865,0
1.346724,-1.109403,0
-1.570148,-1.496106,0
-0.628914,0.477191,0
-1.059416,-0.042123,0
-1.366955,-2.345351,0
-0.364354,-1.559942,0
-1.821839,-1.051537,0
-0.856104,-1.495256,0
-0.267173,-1.780876,0
-2.642214,-1.788902,0
-0.727989,-0.016368,0
-1.900163,-0.218835,0
-1.494473,-0.933343,0
-0.328584,-3.783704,0
-1.287777,-1.243390,0
-0.214795,-0.920515,0
-1.157716,-2.903554,0
0.099638,-2.301231,0
0.473747,0.118630,0
-1.581796,-1.705808,0
-0.242098,0.459236,0
-0.401528,-0.193407,0
-0.822038,-1.888326,0
-0.532801,-1.607268,0
-1.846754,-0.059069,0
0.362261,-2.943200,0
0.684529,-2.144089,0
-0.992228,0.751842,0
-0.612802,-0.342228,0
-0.840093,-0.424464,0
-0.386372,-2.086982,0
-1.158420,-0.032610,0
-1.110009,0.227900,0
-0.935535,0.137777,0
-1.953609,-0.763770,0
0.099653,0.121615,0
-1.714692,-1.195679,0
-0.837909,-2.799707,0
-4.917231,-1.822826,0
-1.053845,-0.796754,0
-0.846333,-1.553880,0
-2.144968,-2.188391,0
0.587192,-0.140977,0
-1.688286,-1.732617,0
1.714485,-0.376867,0
-1.897069,-0.444757,0
-2.114596,-0.575339,0
-1.034851,-1.657622,0
-0.517165,0.465415,0
-0.590918,-2.288132,0
-2.465532,-1.859732,0
-0.556544,-2.336608,0
0.274066,-0.556579,0
-1.999206,0.120447,0
-3.495042,-1.045720,0
-1.600921,-1.745527,0
-1.631646,-2.101092,0
-2.156439,-0.091489,0
-0.892666,-1.112810,0
-2.606866,0.530315,0
-0.980688,-1.386055,0
0.550298,-1.356639,0
0.437973,-0.304852,0
-1.111854,-2.350856,0
-2.223101,-1.867612,0
-0.456258,0.372059,0
-0.837987,-1.285689,0
0.987675,-0.883421,0
-0.018903,-2.314999,0
0.690995,-0.710336,0
-1.779484,-1.327136,0
0.018012,-1.882039,0
-2.380691,-0.109491,0
-0.990791,-3.237143,0
0.644878,-1.628607,0
-1.308749,-2.870916,0
-1.204827,-2.258296,0
-0.185370,-0.615838,0
1.173344,-2.925502,0
-1.430068,-2.257815,0
-2.123476,-2.077474,0
-3.208490,1.132580,0
-2.739867,-2.328197,0
0.074458,-1.100856,0
-2.397736,-0.323851,0
-1.703426,0.206618,0
-0.233635,-1.078015,0
-1.293561,-0.846106,0
-1.543072,-1.422797,0
-1.577382,-1.487987,0
-1.428715,-2.378407,0
-2.204020,-0.114461,0
-1.085909,-2.887006,0
-1.258897,-0.398169,0
-0.397158,-2.446713,0
-1.765904,-3.131701,0
-0.481033,-0.352092,0
-2.412952,-0.107608,0
1.644599,-3.361255,0
-0.277368,-1.027109,0
-0.297819,-0.758141,0
-0.502338,-0.563081,0
-1.620972,-0.645375,0
-0.023895,-0.415267,0
-1.869334,-0.758830,0
-1.840945,0.210042,0
-1.691930,-1.106601,0
-0.133266,-3.013134,0
-1.105024,-1.964221,0
-0.801634,-1.267978,0
-0.628950,-0.584502,0
1.005652,-1.121527,0
-0.489293,-1.835848,0
-0.985821,1.647751,0
1.757141,-0.867833,0
-2.169347,-2.587155,0
-1.819710,-1.895451,0
-0.509588,-0.825720,0
-1.054401,-1.469982,0
-1.146524,-0.448922,0
-1.518531,-1.924764,0
0.238407,0.195601,0
-1.958100,-2.390482,0
0.001060,-1.812754,0
-0.974123,-1.225098,0
0.550533,0.315821,0
-1.496774,-1.423439,0
-0.606108,-1.553892,0
-2.375642,-1.601372,0
-1.027157,-0.557375,0
-0.742970,-0.417440,0
-0.709717,-1.514956,0
-2.547768,-0.174180,0
-0.962067,-1.322025,0
-1.587041,-0.398687,0
0.024447,0.832148,0
-0.882811,-0.619042,0
-1.184465,-0.921433,0
-1.509841,-0.568726,0
-1.306986,-2.034426,0
-2.407941,-1.591862,0
-1.558948,-1.175628,0
0.863836,-0.535514,0
-0.660355,-1.638257,0
0.117423,-1.302521,0
-2.151288,-3.627497,0
-1.965772,-0.223718,0
-2.759504,-0.595895,0
-0.703737,-2.042809,0
-0.461571,-0.372366,0
-2.218132,-2.021829,0
1.335626,-2.511075,0
-2.671185,-1.788020,0
-1.369455,-0.977614,0
1.320335,-1.553685,0
-0.093277,-0.847361,0
-0.189601,-0.160996,0
-0.959697,-0.733328,0
-0.619352,0.482143,0
-1.093237,-1.751028,0
-0.629403,-1.816441,0
-0.960805,-1.369606,0
0.377365,-1.296837,0
-2.817951,-0.166911,0
0.308041,0.150297,0
-0.442626,-0.452379,0
-1.436975,-2.356231,0
-0.518349,-0.219580,0
0.751561,-0.563266,0
-0.767390,-0.111710,0
0.559275,-2.408437,0
0.250127,-1.078498,0
-2.516471,-0.443003,0
-1.402658,-0.106217,0
-0.619561,-2.921700,0
-1.288907,-1.482899,0
-1.729199,-0.956226,0
-1.253044,0.234683,0
-0.167532,-1.718382,0
-2.109410,-0.843978,0
0.650885,-1.768864,0
-1.426481,-2.162639,0
-0.692311,-0.945302,0
0.130292,0.615950,0
-1.893036,-0.798664,0
-1.155884,-1.683501,0
-3.065600,-0.039536,0
-0.958206,-1.177496,0
0.037657,-0.196125,0
-1.940657,-1.150406,0
-2.960184,-0.845216,0
-0.954591,-1.961806,0
-0.211427,-1.287441,0
-0.958865,0.089248,0
-2.239294,-1.206853,0
0.291568,-1.406235,0
-0.529658,-2.209371,0
0.807551,0.556377,0
0.089454,-1.691784,0
-2.386750,-0.814166,0
0.131066,-1.346315,0
-0.300464,-2.392826,0
-0.801129,-0.687748,0
-0.393509,-2.661063,0
-0.017845,-1.747708,0
1.100785,-1.655721,0
-0.671283,-1.252152,0
-1.890166,-3.570476,0
-1.336024,-0.631878,0
-1.347482,0.514707,0
-1.703745,-2.364921,0
-1.181606,-2.397956,0
-2.110538,0.906865,0
-1.449102,-0.323939,0
-0.377592,-2.989283,0
-1.352934,-0.848327,0
-0.029809,-0.746684,0
-0.624255,0.554923,0
-2.672916,-1.473724,0
-0.814416,0.176029,0
0.340066,-0.039374,0
-0.347342,-0.972289,0
-1.145856,-1.039721,0
-2.699763,-2.349506,0
1.114318,-3.268289,0
-0.224975,-1.387374,0
-0.829200,-1.112559,0
-2.304258,-0.830735,0
-1.869995,-0.666174,0
0.200002,0.442907,0
-2.441814,0.690838,0
0.653774,-2.281027,0
-1.636248,-0.954361,0
-0.292912,-0.429689,0
-2.477503,-1.450620,0
1.223881,0.157725,0
-1.296817,-0.521683,0
-1.858457,-3.364623,0
-1.322986,-0.646094,0
-1.870606,-0.748564,0
0.396111,-0.294345,0
-1.237207,-2.018365,0
-0.043034,0.337703,0
0.061734,-0.607773,0
-1.585449,-2.892155,0
-1.305892,-2.810008,0
0.215625,-1.234372,0
-0.506627,0.583795,0
-1.753713,-1.228002,0
-1.719999,-0.713019,0
-2.825220,-1.470958,0
-1.289245,-0.972881,0
-1.526421,-1.545926,0
1.011762,-1.475904,0
-0.780988,0.513742,0
-0.573087,-1.031064,0
-2.915730,-1.097604,0
-1.692211,-0.945720,0
-0.058989,-1.765006,0
-0.109631,0.343103,0
-0.968549,-1.984088,0
-0.122966,-1.069104,0
-0.502050,-1.965914,0
-0.094521,-0.819486,0
0.043850,-0.282580,0
-0.268746,0.178723,0
-1.190356,0.571683,0
-0.924938,-1.171285,0
0.921993,0.062669,0
0.277591,-1.166627,0
-0.107240,-1.850989,0
-1.307395,-0.676306,0
0.281378,-1.594310,0
-0.865383,-1.000112,0
-1.071749,-0.614117,0
0.324104,-0.167698,0
-1.293196,-0.895507,0
-0.136012,1.063574,0
-1.488231,-0.689220,0
-1.178907,-0.596196,0
-1.085168,-2.358485,0
-2.656723,-0.477622,0
0.351052,-1.017572,0
0.897604,-2.423925,0
0.189237,-2.445173,0
0.652002,-1.830353,0
-1.732898,-3.282068,0
-1.469795,0.058301,0
-2.047587,0.094205,0
-1.303319,1.505698,0
-2.002235,-2.793883,0
-1.013909,0.812712,0
1.057835,-2.215701,0
-1.364044,-1.679803,0
-0.310847,-2.324521,0
0.481686,-1.406098,0
-1.098402,-2.661577,0
-0.859447,-1.629313,0
0.686927,-2.699591,0
-2.200229,-0.312455,0
-1.484878,-1.939049,0
-1.293370,-1.765793,0
-2.179565,-1.760034,0
-0.244760,-1.276507,0
-1.113806,-0.513851,0
-3.308954,-0.209084,0
0.308806,-1.819747,0
-1.356278,-1.570638,0
-1.524556,-0.967887,0
-1.288259,0.610915,0
-1.547775,-1.940349,0
-2.040106,-1.233356,0
-1.481670,-1.708692,0
-1.736123,-1.710401,0
-1.784822,-2.558837,0
-1.166134,-1.200382,0
-3.105045,-0.425323,0
-1.785956,-1.015884,0
-2.839021,0.523769,0
-2.528141,-1.299622,0
0.563918,-0.975162,0
-3.482151,-2.132522,0
-0.029202,1.004433,0
-1.183000,-1.099326,0
-1.069684,-0.529014,0
-0.670862,-0.260715,0
-0.685871,-0.375585,0
0.200563,-0.306028,0
0.767156,-2.959580,0
-1.582982,-1.780042,0
1.076026,0.848887,0
0.431065,-2.348808,0
-0.486929,-0.094344,0
-1.591746,1.597915,0
-0.771600,-1.624952,0
-0.366232,-0.739504,0
-1.511627,-1.488542,0
0.834633,-1.144665,0
-0.460016,-0.172561,0
-0.567054,-1.764179,0
-0.875775,-0.151011,0
0.435145,-0.501492,0
-0.241280,-1.256353,0
-1.101004,-0.937909,0
-0.796219,-3.032884,0
-1.137108,-2.505028,0
-1.192242,-1.145842,0
0.967589,-2.828645,0
0.104584,0.440688,0
-0.953219,-0.197685,0
0.691189,-0.883136,0
-0.485919,-1.425069,0
-0.805013,-2.169276,0
-1.352378,-0.139067,0
-0.363240,-1.991027,0
-0.315911,-0.962586,0
