-0.454538,-0.900412,1
-0.125776,0.125141,1
2.282778,0.904763,1
0.084859,-0.028508,1
0.498703,0.830052,1
-1.161377,-0.420730,1
1.127448,1.149777,1
-0.012579,1.660097,1
2.098025,1.814881,1
0.294570,0.134274,1
0.961611,1.536723,1
1.440939,1.617320,1
0.961507,-0.324257,1
1.522952,2.306476,1
-0.062857,2.135656,1
0.583568,0.477627,1
1.621920,-1.497392,1
2.020724,1.841076,1
0.147092,0.555166,1
1.000817,1.791949,1
2.004456,3.643890,1
0.091443,0.558136,1
1.895470,2.168167,1
0.414657,-0.974213,1
-1.551096,-0.372847,1
-0.579470,-0.261906,1
-1.028607,0.872506,1
-0.009650,2.092960,1
-0.520916,1.951296,1
2.886329,-0.682689,1
2.799692,1.452607,1
0.657448,-0.137566,1
1.989156,-0.549744,1
0.645568,1.215400,1
0.168234,1.555508,1
0.820933,1.638415,1
1.181545,2.978672,1
-0.268179,1.342626,1
1.404195,0.375094,1
-0.152172,1.082971,1
1.486579,0.179619,1
0.864001,1.208835,1
0.663443,0.158539,1
1.510431,-0.410158,1
0.935383,1.485204,1
3.767152,1.761621,1
0.338591,1.603606,1
0.629421,1.113894,1
3.381812,1.465732,1
-0.497309,0.572239,1
1.211647,1.852524,1
0.941194,0.999534,1
0.497611,0.994652,1
1.270126,-1.401702,1
1.594545,1.432341,1
1.010993,1.452181,1
-0.550058,-0.594999,1
-0.184209,0.094041,1
0.052131,0.718464,1
1.031243,0.717017,1
0.111136,1.566215,1
1.603263,-0.037552,1
2.352987,0.111332,1
2.417854,1.361347,1
2.515362,2.316223,1
2.581060,1.964696,1
0.911226,0.598458,1
1.116638,0.754838,1
1.514827,1.673309,1
1.499486,1.999830,1
1.823344,0.315170,1
-0.173796,0.288789,1
0.429238,0.948817,1
1.801295,1.590036,1
2.110105,0.813556,1
1.689695,-0.067880,1
0.129202,0.519104,1
0.099349,2.578854,1
2.474290,1.401173,1
1.531248,1.874213,1
1.689693,1.497076,1
0.386149,2.220142,1
-0.154653,1.930236,1
1.573380,2.903243,1
0.395653,0.527142,1
1.327801,1.713778,1
5.685859,0.956231,1
0.487740,2.000616,1
1.095845,2.009340,1
1.489532,1.401750,1
0.318990,2.185775,1
2.174676,3.401947,1
2.886887,-0.173877,1
0.255292,0.906127,1
1.129099,1.332188,1
0.738416,0.965424,1
1.285180,0.787774,1
1.324096,1.465838,1
-0.418880,2.040469,1
1.854588,1.535293,1
-1.252642,1.910927,1
1.177903,1.219111,1
1.072793,-0.029960,1
0.355939,1.083740,1
1.649024,-0.791229,1
0.985435,-0.210264,1
2.145944,1.126402,1
2.217496,0.489870,1
1.479588,2.441941,1
-0.252310,-0.174410,1
1.819767,1.581479,1
1.990945,1.959135,1
0.824619,0.466047,1
0.702041,0.128877,1
1.201507,0.173646,1
0.261390,1.786244,1
0.439619,0.574518,1
2.664779,2.293497,1
0.099034,2.238335,1
-0.057408,0.900606,1
0.593146,2.476840,1
-1.485705,1.267770,1
1.398150,-0.162739,1
0.983163,1.825546,1
0.773234,2.825554,1
1.330763,1.451826,1
0.364599,1.705673,1
1.977854,1.856385,1
2.324049,-0.937397,1
0.134191,0.093499,1
-0.943682,0.469310,1
2.390968,2.502981,1
0.507258,1.203923,1
-0.564751,0.510895,1
1.162938,0.918690,1
0.396717,0.934571,1
-0.475626,1.568174,1
0.765189,-0.862178,1
1.372392,0.679370,1
1.124651,1.346906,1
3.240178,2.170837,1
2.368684,1.911758,1
2.240843,0.880292,1
2.482271,0.592858,1
1.765737,0.956561,1
1.602130,1.925055,1
-0.716791,1.636551,1
0.573628,1.409679,1
1.316640,2.785304,1
0.786349,2.562338,1
1.494655,2.269737,1
-0.733413,2.257525,1
0.819160,0.999933,1
0.628950,1.502664,1
0.575953,2.396807,1
0.436275,-1.369190,1
1.167884,0.323681,1
2.141718,2.466517,1
1.318239,1.261660,1
-0.156663,0.008219,1
1.932109,0.008998,1
1.251376,1.539895,1
0.597443,0.343640,1
0.090114,1.107588,1
1.292726,-1.647786,1
1.888375,0.811646,1
0.832900,1.457914,1
0.111764,0.023365,1
1.507019,-0.364925,1
1.661155,1.639898,1
0.808775,-0.068661,1
-0.551553,-0.984710,1
0.932067,1.315878,1
2.321787,0.775643,1
1.734049,0.464113,1
1.599728,0.901033,1
0.582520,2.401443,1
0.942206,0.866738,1
1.755264,0.138393,1
2.529720,-1.389613,1
3.424743,1.383075,1
2.409071,1.202783,1
0.197554,0.870771,1
-0.135623,2.260192,1
0.339351,-0.031011,1
1.262972,0.317601,1
1.045001,1.408910,1
1.912361,2.096146,1
1.764065,2.437523,1
0.891446,1.074470,1
0.616745,1.452078,1
-0.793387,0.353683,1
1.176673,1.627037,1
0.344181,-1.404646,1
1.657934,0.388224,1
2.294625,-0.484455,1
0.189563,1.610500,1
2.462143,0.753823,1
2.993100,0.415064,1
1.286103,0.780228,1
2.162291,0.791296,1
0.006409,1.474462,1
0.371300,1.244119,1
0.721962,0.203278,1
0.981222,1.981559,1
-0.091282,2.035185,1
1.725340,0.218985,1
1.606196,-1.492231,1
1.923266,1.381107,1
0.404039,1.780870,1
-0.191884,1.283084,1
-0.646713,0.741348,1
0.152416,0.008914,1
0.311475,2.691242,1
0.223986,1.678182,1
1.824192,2.426413,1
1.563888,1.329741,1
1.089936,-1.096014,1
0.827620,0.687222,1
1.682805,0.054051,1
-0.268983,1.708635,1
0.157931,0.894992,1
-0.522086,0.029882,1
0.771900,2.019738,1
1.400151,1.371453,1
1.107549,0.178199,1
0.928849,2.204212,1
1.460906,0.206437,1
0.474319,0.762176,1
1.822678,1.423136,1
0.517674,-0.159491,1
1.069660,2.869217,1
1.764044,1.702011,1
1.046986,1.938174,1
3.298599,1.492733,1
0.950623,0.316902,1
1.576911,0.025089,1
0.516686,1.106687,1
0.124480,1.453677,1
0.979173,2.852049,1
2.665004,2.529368,1
2.945640,2.164486,1
0.598439,0.293845,1
0.851021,1.484482,1
0.455881,0.479639,1
0.493602,1.726814,1
0.573944,0.550773,1
1.279895,0.759517,1
1.618397,-0.509343,1
1.295309,0.087281,1
0.868178,1.603737,1
1.095574,1.910292,1
1.510125,0.867278,1
-0.774481,0.053690,1
0.295124,0.344301,1
0.959536,1.844382,1
0.756639,2.536122,1
-1.038829,1.127225,1
1.719359,-0.119262,1
1.057744,-0.229112,1
3.340069,0.154447,1
2.823659,0.544130,1
0.947754,2.619329,1
1.077275,1.593225,1
-0.324201,0.808148,1
1.027553,0.054059,1
0.974361,-0.171253,1
1.054798,1.359667,1
1.638878,0.935499,1
-0.538910,2.638967,1
1.977173,0.015331,1
-0.816175,1.525625,1
-0.068234,1.000975,1
1.678148,0.032270,1
-0.517973,1.496999,1
2.043697,-0.483200,1
-1.306325,1.415096,1
2.377855,0.926575,1
0.997397,-0.733101,1
0.244599,0.388416,1
1.280947,2.227346,1
-0.175765,1.088443,1
2.190856,1.543593,1
-0.125878,1.173965,1
1.718608,3.415585,1
1.141688,1.330187,1
1.346160,1.897522,1
1.302630,-0.615256,1
0.560728,0.609785,1
0.581109,2.378325,1
0.709774,-0.587646,1
0.235830,-0.503318,1
0.644404,1.487640,1
0.414969,1.330266,1
2.302208,2.148393,1
0.428779,1.302996,1
-0.811254,2.978323,1
0.429559,1.479921,1
0.413119,-1.051295,1
3.379655,0.971311,1
-0.127456,-0.013407,1
3.395412,2.448490,1
2.392439,2.948394,1
1.942869,0.806834,1
1.269291,0.438273,1
1.439110,-1.081464,1
1.445565,3.602633,1
2.966203,-0.782026,1
-1.597832,0.263183,1
0.460865,0.727970,1
-1.053690,2.027029,1
1.769154,1.046051,1
0.065210,2.262838,1
2.245282,0.212834,1
0.128674,1.570009,1
-1.375879,1.490774,1
0.702502,0.177019,1
0.442275,0.592297,1
1.201346,-0.649710,1
1.734134,1.803500,1
1.135763,1.373473,1
1.428360,1.539097,1
2.776270,0.569073,1
1.020539,1.618708,1
1.670804,-0.160862,1
1.050682,0.708210,1
2.214918,1.034215,1
0.038585,-0.143094,1
-1.010111,-0.241174,1
2.298701,-0.015115,1
-2.365348,1.096593,1
0.390603,-1.205996,1
0.695574,0.063520,1
0.905619,0.706382,1
2.432036,1.610688,1
0.568542,1.370609,1
-0.083874,0.592204,1
1.219527,0.895600,1
0.904096,-0.781824,1
3.072190,-0.145885,1
1.386886,-0.287172,1
1.296250,0.610817,1
-0.159869,3.088349,1
0.265730,1.166661,1
0.825652,0.614958,1
3.179718,0.568723,1
0.582742,0.407434,1
1.996079,1.111553,1
1.856420,1.593155,1
1.286707,0.081129,1
0.223982,2.288965,1
0.149655,1.244555,1
3.236437,1.808155,1
1.032925,1.778510,1
-0.018961,2.783216,1
1.768896,1.446469,1
0.016140,2.021723,1
-0.523113,-0.110276,1
-0.607983,0.455644,1
0.510358,1.028269,1
1.441058,1.483753,1
-2.074677,1.012582,1
1.131051,0.097500,1
0.593375,0.982529,1
-0.865413,0.360548,1
1.266631,0.606510,1
2.027677,0.211846,1
1.547316,1.143255,1
0.332355,0.840074,1
-0.096467,-1.536904,1
0.440538,0.402557,1
0.921781,-1.596112,1
-0.082257,1.712106,1
1.985250,3.241620,1
1.009073,-0.143307,1
2.257115,1.706844,1
0.812536,2.241609,1
0.239664,0.934552,1
0.372564,0.761571,1
2.445861,1.714002,1
0.283284,2.223405,1
1.900862,-0.282964,1
2.169268,0.703378,1
-0.191664,1.643759,1
1.511439,1.082365,1
1.780079,2.116092,1
1.279176,2.287167,1
2.563525,1.044051,1
0.493118,0.875891,1
0.602765,1.264088,1
1.737210,1.139609,1
1.670760,1.502069,1
1.570352,1.941027,1
2.544795,1.542469,1
1.741992,0.840527,1
-0.618021,0.204514,1
0.889587,1.845600,1
-0.158331,0.274078,1
0.818968,1.553089,1
2.176381,0.894681,1
3.172956,1.673043,1
0.372934,-0.226350,1
-0.647645,1.156238,1
4.017757,2.629685,1
0.160482,-0.517314,1
1.806821,1.374770,1
1.346945,-0.226807,1
1.261296,1.299500,1
-0.812167,-1.039998,1
0.802708,0.128405,1
0.089703,1.737175,1
1.294684,0.893700,1
0.791655,1.043491,1
2.064973,0.450967,1
0.839639,0.205410,1
-2.007955,1.697084,1
1.916037,4.291349,1
0.966073,2.115626,1
0.152234,2.154966,1
0.665544,-0.560391,1
2.178971,0.706933,1
2.361524,2.590960,1
1.764141,0.286154,1
2.434872,1.558106,1
2.357318,2.136564,1
0.882553,-0.269410,1
1.079578,0.810091,1
0.996754,2.418147,1
2.512923,0.296974,1
-0.191928,0.943232,1
-0.318675,-0.495145,1
0.555728,0.899392,1
0.827966,1.966772,1
0.671491,0.086864,1
0.675614,0.765418,1
1.534023,-0.046581,1
0.709804,0.641888,1
1.085645,0.744396,1
0.307206,0.933037,1
1.288414,2.013315,1
1.158708,1.691775,1
2.020177,1.193743,1
2.253777,2.422569,1
0.467084,0.645954,1
0.914795,1.256862,1
1.588685,-0.295540,1
1.466101,-0.067593,1
0.468075,0.575734,1
-1.296576,0.503569,1
1.125810,1.075210,1
-0.571634,1.638132,1
-0.113998,0.737386,1
1.676201,1.635828,1
0.033466,1.508828,1
0.964209,0.156531,1
0.882672,0.691953,1
2.656065,2.311135,1
2.198034,-0.251052,1
1.259625,3.032141,1
-0.119245,-1.356124,1
-0.395746,5.749814,1
2.089916,3.536155,1
2.211213,0.467305,1
-0.880665,-0.557616,1
0.906825,1.235580,1
-0.878080,-0.342424,1
0.738156,-0.653260,1
0.366804,-0.470966,1
0.283344,1.030883,1
0.684946,1.088957,1
2.126662,1.363493,1
-0.089657,0.851550,1
-0.544746,0.255765,1
2.370365,1.558355,1
0.806839,-0.539083,1
2.195526,-0.880997,1
1.186333,1.252836,1
-1.368785,2.114234,1
-0.152455,1.916777,1
-1.358565,2.605404,1
0.775287,0.065373,1
0.441371,2.047380,1
1.198436,1.208903,1
-0.657574,2.209205,1
1.118694,0.949867,1
0.273115,0.741382,1
1.616733,-1.670893,1
1.140350,0.781297,1
1.836085,0.045116,1
0.741410,1.578407,1
1.652158,2.283852,1
0.472517,3.220577,1
1.326508,0.635260,1
1.280976,0.645336,1
0.084985,-0.526945,1
-0.972476,-0.519695,1
-0.005974,1.116519,1
1.388975,1.254420,1
0.188952,1.530548,1
-0.748074,-0.018269,1
1.669073,1.528337,1
2.396780,1.415368,1
1.000604,-0.653061,1
-0.739625,0.142653,1
0.657546,-0.650744,1
2.136124,1.559883,1
1.536773,1.782650,1
1.093394,2.859630,1
0.241913,2.812292,1
0.254178,1.763315,1
2.038721,1.524277,1
0.119720,0.313656,1
2.029627,0.424175,1
-0.054931,0.856454,1
1.036226,1.299867,1
0.214382,0.767674,1
-0.100868,3.874677,1
2.087549,1.011233,1
0.916613,0.328960,1
1.830401,0.282654,1
-0.626283,1.922753,1
2.161509,0.396105,1
2.882960,0.772956,1
1.061716,2.027105,1
-0.129418,0.539373,1
1.474820,3.260586,1
-0.061155,0.051871,1
0.923114,1.417241,1
0.599669,1.618273,1
1.086156,0.658651,1
-0.611672,0.853082,1
0.275280,2.157841,1
-1.174347,1.604379,1
-0.609325,-0.353270,1
2.037162,0.423837,1
4.283680,0.541379,1
1.777388,-0.808544,1
0.958990,3.143373,1
-0.904810,1.987230,1
1.253269,-0.074266,1
1.924720,3.811200,1
0.613395,0.318052,1
2.114445,1.860682,1
1.099411,-0.957311,1
0.784309,1.619488,1
-0.732876,0.001166,1
2.381753,1.426918,1
1.415979,0.577641,1
0.113560,1.500720,1
-0.023271,0.453876,1
2.052342,0.882359,1
0.560235,1.626252,1
0.536854,0.599485,1
1.155120,1.818260,1
0.111369,2.241077,1
0.944704,1.850314,1
0.117924,0.867565,1
1.082373,2.192851,1
1.681314,0.898227,1
0.666748,0.562688,1
0.410454,2.306401,1
0.528501,2.147459,1
-1.069665,1.718336,1
0.694044,0.210780,1
2.285076,0.341722,1
1.404824,1.040418,1
-2.201417,1.466202,1
0.326153,2.505867,1
2.978779,0.865370,1
0.462828,1.208108,1
2.897590,1.536715,1
0.768544,1.443810,1
0.296587,0.014773,1
3.639074,1.321462,1
0.668372,-1.173945,1
2.370625,-0.818651,1
0.851730,0.196840,1
1.931435,0.327406,1
3.076896,1.142305,1
1.564948,2.036820,1
-0.169759,1.844241,1
1.415886,-1.237715,1
0.622641,1.819852,1
1.275180,3.662171,1
0.413513,-0.262223,1
0.362783,0.043856,1
1.179438,2.557356,1
1.884130,1.019214,1
1.038952,0.687450,1
3.182463,0.259645,1
1.386536,0.298753,1
3.703449,2.374173,1
0.478296,1.238572,1
2.040855,0.489030,1
0.444387,0.632502,1
1.054032,-0.439785,1
1.976383,-0.431554,1
0.507312,1.236989,1
-0.516000,-0.176513,1
1.131985,0.663472,1
1.998229,0.340881,1
2.164123,2.380767,1
0.468965,0.749195,1
2.858274,2.585710,1
0.867270,2.392455,1
3.938467,1.382199,1
1.106064,2.046963,1
1.286673,2.388950,1
1.201234,2.053961,1
-1.061041,-1.128026,1
1.350408,0.840792,1
-0.740139,0.524628,1
1.761770,2.947012,1
0.865388,0.823014,1
-0.682399,0.146213,1
0.682594,0.888007,1
1.314989,2.799306,1
0.966891,0.212922,1
1.573410,2.381947,1
0.137821,2.517016,1
2.849613,1.192024,1
0.771668,1.200180,1
1.726910,0.828607,1
1.006440,2.269199,1
-0.498791,-0.056278,1
2.076061,0.017728,1
1.552059,1.241631,1
1.418943,-0.051522,1
0.544026,1.768171,1
2.754137,-0.519970,1
-0.099558,2.324291,1
-0.694827,0.312508,1
1.621449,3.111999,1
0.753897,1.290770,1
2.747501,2.820838,1
1.520446,-0.904774,1
0.332387,2.055027,1
0.262208,0.126277,1
2.689156,0.411664,1
-0.788984,1.833642,1
0.558515,2.130635,1
0.569115,1.445492,1
0.704750,1.060122,1
-0.634830,-0.344370,1
2.366245,0.599611,1
-0.300874,2.042473,1
0.355318,1.520970,1
2.161822,1.664777,1
-0.390686,3.626476,1
0.107089,2.041539,1
0.108720,1.221192,1
2.740874,1.261717,1
1.742559,1.027833,1
2.912355,1.460292,1
2.356407,-1.169763,1
1.953651,0.214316,1
2.420840,0.299710,1
-0.762965,-2.311665,1
1.004763,2.083334,1
1.533751,1.213567,1
0.562768,1.508492,1
2.517588,0.060839,1
0.419915,0.885362,1
0.009496,0.263227,1
1.586666,1.928199,1
0.957768,-0.422935,1
-0.752791,0.114247,1
0.397446,-0.668314,1
2.354903,-1.364578,1
-0.006647,1.483525,1
-0.014530,1.611902,1
3.056904,0.465324,1
1.477514,1.631477,1
1.895014,1.499006,1
0.887500,1.465219,1
1.419922,2.672182,1
2.259312,2.011085,1
1.757848,1.203056,1
1.960512,0.180273,1
1.986422,0.295994,1
1.420931,-0.841412,1
0.399372,2.706699,1
0.379845,1.329867,1
0.576245,2.548720,1
1.267615,2.426721,1
2.368466,1.473105,1
0.955597,0.400006,1
1.520965,0.559868,1
1.647159,2.382302,1
2.978669,3.246137,1
0.867156,-0.845000,1
0.997283,-0.267106,1
0.445609,0.360316,1
3.944792,-1.147531,1
0.455967,1.972878,1
2.108076,1.618581,1
2.478752,-0.927497,1
2.171353,0.688909,1
0.680912,1.325728,1
0.464919,-0.056086,1
2.699693,0.668886,1
-1.026363,-0.091857,1
0.492732,1.110190,1
-0.245234,1.993280,1
0.959101,0.794811,1
1.714868,2.001600,1
0.261591,3.038164,1
1.248420,1.023461,1
0.842164,1.663693,1
0.348327,1.549021,1
0.800727,0.865415,1
2.675415,1.470826,1
0.484702,0.998967,1
2.476014,0.116501,1
1.943335,1.086016,1
-0.754757,0.968882,1
1.316762,1.863833,1
0.803711,2.080812,1
0.810558,2.082503,1
1.601278,1.323530,1
2.048100,0.420982,1
1.685641,1.325779,1
0.781536,2.035143,1
0.434138,0.615771,1
1.980726,2.138104,1
2.543206,-0.459396,1
-0.979235,3.821465,1
-0.118490,2.630002,1
0.130299,-0.341090,1
0.314633,1.166015,1
1.623304,1.733375,1
0.679591,1.189375,1
0.879815,-0.378274,1
1.147649,0.219320,1
1.171620,-1.199379,1
1.249454,0.017490,1
0.637496,1.494181,1
0.489682,2.139060,1
0.695205,-0.613959,1
0.526078,-0.215616,1
0.603899,-0.763331,1
0.513966,-0.390882,1
-0.611526,2.231313,1
-0.514992,1.285456,1
2.185137,1.806514,1
-0.339469,1.206142,1
-0.059919,-0.420302,1
-0.137388,1.308476,1
1.248592,-0.755836,1
2.123425,0.587517,1
0.986844,-0.176930,1
-1.274699,-0.237886,1
2.169546,0.595249,1
-0.846180,1.688030,1
-0.660232,-0.115231,1
0.278614,1.174223,1
1.870390,2.916788,1
0.037816,2.455560,1
0.975384,0.456785,1
1.797680,1.502659,1
2.533597,1.756716,1
1.755042,2.346309,1
0.767512,0.034416,1
3.823985,-0.633232,1
2.780635,-0.414069,1
-1.701988,2.684829,1
0.346777,1.175829,1
1.337457,1.866751,1
1.119003,1.406191,1
-1.031080,1.443598,1
0.724942,-0.085795,1
1.746230,0.999318,1
1.098152,0.414209,1
0.788434,1.053443,1
1.702068,0.871628,1
3.792247,2.336931,1
-1.694867,0.503172,1
0.393132,1.894542,1
-0.117215,2.349051,1
-0.715000,0.955502,1
2.844686,3.518640,1
1.258028,1.353638,1
2.203064,0.396858,1
0.442505,0.256702,1
0.987692,0.015620,1
0.665958,1.910010,1
1.910824,1.716966,1
0.891073,-0.081681,1
1.370780,1.837230,1
1.975657,1.353497,1
0.346092,1.685559,1
1.229811,-1.069727,1
1.010917,0.416352,1
3.419703,1.758415,1
2.607916,0.713225,1
-0.563674,0.161100,1
1.019516,-1.502049,1
-0.648084,-0.715128,1
-0.331764,1.526603,1
1.318306,0.761783,1
-0.245061,3.214645,1
1.815964,0.102237,1
0.513158,2.722765,1
2.043440,2.166898,1
1.922731,1.385981,1
0.567352,-0.367586,1
1.691580,1.358769,1
-0.082627,1.951013,1
0.719803,0.441171,1
0.688002,1.498907,1
2.130630,1.213078,1
0.353505,-0.524931,1
2.068872,2.315662,1
0.670019,1.558529,1
0.350030,0.627668,1
0.960655,1.327124,1
0.324857,-0.260352,1
0.015095,-1.693758,1
1.062503,-0.295152,1
2.635748,0.104460,1
2.266543,1.401745,1
0.281692,2.646422,1
-1.524804,2.369515,1
2.231493,1.476612,1
0.912850,-0.120147,1
0.317419,0.447382,1
1.706645,1.359167,1
-0.501670,0.970926,1
0.161147,1.429127,1
0.736662,1.155576,1
2.456730,-1.319507,1
1.601624,1.368046,1
1.492490,1.035941,1
2.689811,0.352300,1
-1.346848,0.934454,1
3.285538,-0.602074,1
1.694599,2.381794,1
1.032886,1.081404,1
0.111049,0.006614,1
4.033695,-0.225171,1
0.149812,1.338034,1
1.082982,0.910659,1
1.368290,0.768982,1
1.178254,0.643038,1
0.015513,-0.079339,1
2.129185,0.787553,1
-0.339021,1.114943,1
-0.004094,-0.356686,1
2.111631,0.963152,1
-0.129557,1.856594,1
1.844668,-0.446176,1
-0.983006,1.032430,1
1.228502,2.215483,1
2.888108,1.494855,1
-0.630850,1.866013,1
1.516117,2.203090,1
2.759915,0.059497,1
0.398305,-0.191435,1
2.279765,0.682683,1
0.572979,2.038675,1
1.436687,1.302114,1
1.209875,1.766245,1
0.372651,-0.033998,1
3.447815,1.421499,1
1.694994,0.042268,1
4.021832,0.649335,1
-0.637067,1.880210,1
2.000115,2.687894,1
0.813844,2.559693,1
1.583678,-0.409896,1
2.133671,0.755036,1
1.360718,2.518837,1
0.702192,2.471451,1
2.757136,1.052257,1
0.270633,2.051427,1
0.959188,0.032771,1
1.249186,0.752590,1
1.375912,-1.209396,1
1.984871,0.405252,1
3.462491,2.035357,1
-0.443771,0.965147,1
0.453270,0.603224,1
-0.692487,-0.059267,1
1.681017,-0.139058,1
2.338024,1.075338,1
0.926204,0.714221,1
0.258715,1.278838,1
-0.787028,2.779315,1
2.824007,-1.479721,1
0.531468,2.463239,1
1.021368,0.957552,1
1.433769,0.090577,1
1.301756,0.428481,1
-0.032421,0.885198,1
2.257255,1.268629,1
2.401074,-0.234669,1
2.587831,2.551459,1
0.077432,1.242392,1
0.100298,1.904139,1
1.729529,-0.370383,1
0.942541,1.120781,1
1.199511,0.936024,1
1.343671,0.780246,1
3.742868,0.472352,1
0.696847,-1.449759,1
3.009281,0.163013,1
0.038065,0.939054,1
-0.222356,-0.341716,1
0.242344,-0.277591,1
0.860290,0.376211,1
1.399477,0.362662,1
1.302458,0.501575,1
0.067758,2.137669,1
0.860484,0.839854,1
1.007581,0.180623,1
0.301626,-0.783049,1
1.150706,-1.014596,1
1.432408,0.014109,1
0.744720,0.437591,1
1.222924,2.441545,1
-0.373359,2.238612,1
1.929367,1.812787,1
1.749498,-0.132976,1
1.216618,1.457626,1
-0.109457,0.389055,1
1.330485,-0.659172,1
0.724754,-1.472397,1
2.385803,-0.200841,1
1.261653,1.652515,1
0.248845,0.471451,1
0.599862,1.988525,1
2.184718,-1.694374,1
1.563589,1.876953,1
3.335824,0.312426,1
1.554129,1.919554,1
1.084906,2.864711,1
0.577688,-0.148566,1
-0.517411,1.276370,1
0.106719,-0.079828,1
2.491874,1.286686,1
-0.162706,0.727315,1
-0.510960,-0.395140,1
1.983511,1.341006,1
0.872052,2.214661,1
0.409185,1.564663,1
1.359564,1.141820,1
0.657598,1.248784,1
1.700721,1.578097,1
2.001462,0.285122,1
3.322143,1.396573,1
1.235838,1.657471,1
0.309159,-0.064446,1
1.605690,1.278946,1
1.701298,1.037853,1
-0.294574,-0.106532,1
-0.777810,1.095057,1
0.922747,0.227395,1
2.064141,1.718434,1
-1.102016,1.206355,1
1.655614,2.198899,1
1.237014,0.529359,1
0.698694,0.345616,1
0.346357,2.245149,1
2.184376,2.317018,1
0.082333,0.593549,1
1.819660,0.216765,1
1.042746,2.478570,1
2.789490,1.632396,1
0.765721,-0.269973,1
1.808196,1.216088,1
0.152833,0.078949,1
0.074199,0.700958,1
1.392131,-0.381091,1
1.123561,1.244242,1
1.188955,0.844113,1
-0.377293,2.089749,1
1.872528,0.618026,1
1.088101,1.022551,1
2.033955,-0.865312,1
-1.334641,1.850176,1
1.649680,0.438696,1
-0.248949,1.794747,1
1.001965,-1.013498,1
0.752771,1.779966,1
4.490538,0.049173,1
1.395877,0.806429,1
0.144502,0.993303,1
2.025691,2.144070,1
2.318787,-0.760202,1
0.719415,1.212130,1
-0.142909,3.815830,1
1.771824,0.425175,1
0.240409,1.844984,1
0.599732,0.370584,1
0.612722,1.356423,1
1.424603,1.579258,1
0.771944,2.343426,1
2.936348,1.687857,1
1.531854,-0.287246,1
0.882620,-0.799462,1
-0.866579,-1.067607,0
-0.610521,-1.447768,0
-1.805168,-0.157110,0
0.800833,-1.507160,0
-1.621347,-0.218675,0
-1.616234,-1.731515,0
-0.227124,-2.081404,0
-0.573684,-1.527662,0
-0.608544,-0.924671,0
-1.502131,-0.446275,0
2.025963,0.624633,0
-0.716460,-1.783456,0
-0.577848,-1.150846,0
-1.242861,-1.799519,0
-1.471997,-0.583193,0
-0.558713,-0.627844,0
-0.899282,-2.540146,0
-0.196391,-0.927960,0
-1.219890,-2.978864,0
-1.479125,-0.809343,0
0.787589,-0.157130,0
-1.846467,-0.220856,0
0.523461,-0.700395,0
0.068959,0.246181,0
-0.994221,-2.139433,0
-1.368845,-1.167938,0
-0.691574,-0.733972,0
-1.371953,-0.187142,0
0.330482,-1.587960,0
-2.455387,0.236325,0
-2.241313,-1.339463,0
1.362731,0.223115,0
0.712813,-1.327710,0
-0.819044,-1.747893,0
-0.699292,-1.968936,0
-1.555459,0.125998,0
-1.118544,0.116638,0
-0.453053,-0.692136,0
-2.458671,-2.782793,0
-2.585280,-1.985443,0
-0.778683,-0.632547,0
-3.572128,-1.893089,0
-0.867357,-0.117544,0
-0.733339,-1.408043,0
-0.384280,-1.270722,0
0.320809,-2.740537,0
1.769947,0.997133,0
-1.808123,-2.553320,0
-1.214250,-0.314047,0
-1.522997,-1.783195,0
-2.398788,-2.053447,0
0.480475,-2.054431,0
-1.659408,1.159437,0
-0.616059,-0.570255,0
-0.067665,0.529645,0
-0.127298,-0.468425,0
-0.251213,-1.516975,0
-0.088181,-0.293509,0
-0.106154,-3.244048,0
-0.868393,-0.170618,0
-1.495481,0.829745,0
-2.573626,-0.770246,0
-1.701287,-0.569390,0
-0.636679,-1.405999,0
-1.345136,-0.562296,0
-0.720947,-0.136408,0
0.572127,-0.465850,0
-1.586976,0.445264,0
-0.505002,-1.863661,0
-1.143519,-0.449346,0
-1.551141,0.079978,0
-0.855075,-0.655751,0
-2.224312,-0.332549,0
-0.063939,-0.686829,0
-2.043945,-0.820531,0
-1.585627,0.778136,0
0.236406,-1.283921,0
-0.996704,0.118721,0
-1.900031,-1.140779,0
-1.799382,-1.516066,0
0.513407,0.175696,0
-2.282518,-0.010676,0
-1.683084,-1.478016,0
-1.950728,0.149843,0
-0.726101,-1.015088,0
-1.684571,-1.199749,0
-1.360341,-0.421971,0
-2.256966,-0.961975,0
-0.306189,-1.857829,0
-2.009061,-1.036487,0
-1.244747,-1.284556,0
-2.198090,0.460813,0
-0.576356,-1.654540,0
-1.883933,-0.448941,0
-2.472710,-1.416523,0
2.289305,-1.994603,0
0.056297,-0.111088,0
-0.885456,-2.548563,0
-0.496145,-1.076694,0
-2.080975,-0.919960,0
0.053145,-1.317109,0
-0.743667,-1.652383,0
-0.166518,-1.311150,0
0.781176,-2.088650,0
-1.152257,-2.311498,0
-0.710978,-1.836946,0
-1.702927,-1.060388,0
-0.481515,-0.215778,0
-0.474885,-1.658011,0
0.609453,-1.876978,0
-1.504470,-2.723140,0
-0.800042,-1.429264,0
-0.512689,-1.704665,0
-0.965273,0.801141,0
1.056117,-1.590140,0
0.615692,-2.740120,0
-0.995898,-3.718652,0
0.166578,-0.090197,0
-1.278326,-3.254904,0
-0.667823,0.094735,0
-0.732500,-0.694455,0
-1.037226,-1.633929,0
-0.041169,-1.565520,0
-0.817007,-2.132013,0
-0.258004,-1.022452,0
1.483112,1.661228,0
-1.089877,0.924799,0
-0.856758,-1.031781,0
-0.577313,-1.187633,0
-1.861767,-0.918766,0
-0.789815,-1.641984,0
-2.776295,-2.483455,0
0.795484,-0.470306,0
0.733223,-2.699360,0
-2.015489,-0.927030,0
-0.244906,0.126680,0
0.082947,-1.621470,0
0.043156,-1.134632,0
-1.135674,-1.114330,0
-1.570402,-2.203510,0
-1.413902,-1.193341,0
-1.128313,-0.506964,0
-1.203551,-1.238998,0
0.646202,-0.292331,0
-1.647776,-1.437973,0
-0.675394,0.008909,0
0.415814,-1.684277,0
-1.017105,-2.842277,0
0.057894,-1.350173,0
-0.834102,-0.902552,0
-2.048899,-0.253449,0
-1.950960,-0.889903,0
1.435273,-0.710142,0
-0.287263,-0.481252,0
-2.190207,-2.576532,0
-1.248177,-0.556484,0
-1.311238,0.042736,0
-1.668787,-1.718468,0
-0.178067,-0.773772,0
-2.097980,-3.756640,0
-1.769965,-1.517576,0
0.111263,-1.552178,0
-0.722732,-1.718860,0
-2.755448,-1.534851,0
-0.275974,-2.884725,0
-0.617087,-1.098956,0
-0.780595,-0.960249,0
-0.403153,-2.648078,0
-2.366477,0.354037,0
-0.995487,0.344633,0
-1.925895,-0.018385,0
-0.537633,-1.311647,0
-0.657235,-1.606243,0
-0.489872,-2.008101,0
-3.258913,-2.143137,0
-1.221365,0.925432,0
-0.173691,-2.327637,0
-1.155958,-1.387532,0
-1.650077,-1.353716,0
-2.549618,-0.018697,0
-1.152144,-2.127181,0
-1.368652,-2.070434,0
-1.575551,-0.195495,0
-0.896103,-1.836645,0
-0.968183,-0.092719,0
-2.410661,0.527941,0
-1.197167,-0.098760,0
-1.470880,-1.066894,0
-0.132038,-0.411156,0
0.980271,-0.771976,0
0.468195,-0.996731,0
-0.522174,-1.735448,0
-1.144827,0.143399,0
0.189094,-1.042220,0
-1.032018,-0.573584,0
-0.972158,0.337842,0
-0.142049,0.224079,0
-0.222249,-0.849923,0
-2.123003,-0.337086,0
-2.601576,-2.431803,0
-1.418441,-1.047223,0
-3.053548,-0.939677,0
0.858590,-1.602204,0
-0.950350,0.063263,0
-1.876284,-1.735477,0
0.336614,1.030220,0
-2.365742,-2.401690,0
-1.536374,-3.895804,0
-2.123738,-1.875937,0
-0.600409,-2.071321,0
-1.047702,-1.574877,0
-0.516622,-1.641888,0
-0.768454,-2.622382,0
0.916349,0.104147,0
-1.187936,-0.653948,0
-0.947535,-1.162419,0
-1.476110,-3.714241,0
-1.021854,0.887212,0
-2.301729,-0.749413,0
-2.138897,-1.162646,0
-2.060906,0.103768,0
-1.464071,-1.274370,0
-2.795621,-1.277801,0
-2.457795,-0.807820,0
-2.398078,-0.563495,0
-0.516046,-1.360172,0
-1.118209,-2.826774,0
-0.037018,-2.245586,0
-1.017114,-0.704960,0
-2.237537,-1.204736,0
-3.956392,1.089346,0
-1.443437,-1.999570,0
0.429373,-1.917201,0
-2.202074,-2.012233,0
-1.816071,-3.479625,0
-1.654674,1.510142,0
2.696867,-1.519759,0
0.006502,-2.710357,0
-1.193584,1.066221,0
-4.000505,0.013048,0
-0.031960,0.073762,0
-1.447805,-2.289206,0
-1.306385,-3.275864,0
-2.645141,0.318796,0
-1.990881,-0.335387,0
0.761378,-0.888723,0
-0.784932,-1.636773,0
-3.847078,0.486895,0
-1.198245,0.569837,0
-0.486377,-1.067443,0
-1.600288,-1.004357,0
-2.525393,-1.016457,0
-0.909837,-1.417073,0
-1.347998,-1.647062,0
-2.112524,-2.053318,0
-0.984157,-2.789596,0
-2.888838,-0.688849,0
-2.067821,0.513183,0
-2.992455,1.932499,0
-0.379378,-0.695168,0
0.318497,0.069538,0
-2.780289,-0.380815,0
-0.370425,-1.022699,0
2.363868,-0.102339,0
-0.634255,-1.316232,0
0.690676,-0.602443,0
-3.088556,-1.500216,0
-0.426789,-1.180626,0
-0.194992,-0.127915,0
-0.490390,-1.307286,0
-0.245070,0.210587,0
-0.671264,-0.483258,0
-1.954224,-1.200937,0
-0.810409,0.381016,0
-1.160170,-1.714118,0
-1.958504,-0.278724,0
0.052036,-0.648476,0
-0.863201,-1.076414,0
-1.763310,-3.206640,0
-1.672346,0.358763,0
0.397176,-0.739933,0
-0.878354,-1.010256,0
-2.959251,-1.139340,0
0.080576,-1.247130,0
2.399828,-2.646193,0
-1.494548,-1.929567,0
1.293542,-0.813062,0
-1.150709,1.395842,0
-0.893428,-1.716309,0
-1.498606,-1.290823,0
-1.919204,-0.679927,0
-1.190404,-0.743789,0
-2.951733,-1.508217,0
-0.313030,-2.630452,0
-0.053614,-1.556066,0
-0.074345,-1.761787,0
-0.839681,1.229747,0
-0.671870,0.916245,0
0.000714,-1.327118,0
-0.260731,-3.165462,0
-0.326893,-0.448424,0
0.284118,-1.134054,0
-0.173572,-0.544301,0
-2.527975,-0.807555,0
0.606958,-0.994362,0
0.174670,-2.486562,0
1.647203,-0.019577,0
-1.777189,0.032152,0
-2.835612,-0.835144,0
-2.055053,-0.183517,0
-1.927870,-1.362433,0
-0.675651,-0.981764,0
-2.845127,0.458386,0
-0.397500,-1.128135,0
-2.019591,0.155952,0
-0.685729,-3.714891,0
-1.567120,-1.001312,0
-0.386895,-3.590000,0
-0.946427,-1.483367,0
-2.353971,-3.380986,0
-1.540131,0.639316,0
-2.716938,-1.423987,0
0.427229,0.746160,0
-2.954732,-1.600587,0
-0.987993,-1.807109,0
-0.290313,-2.146462,0
-1.062331,-1.970264,0
-2.180019,1.292588,0
-1.293865,-1.915510,0
-1.211084,-2.396364,0
-1.310288,0.451341,0
-0.166563,-1.733778,0
-1.149385,-1.375386,0
-1.508673,-0.406452,0
-1.207416,-1.460079,0
0.389744,-1.250693,0
-1.829293,-0.022722,0
-2.182855,-0.343206,0
-1.811670,-2.943276,0
-0.420584,-1.205706,0
1.359252,-0.395935,0
0.382672,-2.309738,0
-1.367178,-0.558641,0
-3.065070,0.802806,0
0.602984,-1.692319,0
-0.666277,-1.990423,0
0.773767,1.433192,0
1.271140,-0.587843,0
-1.397102,-0.221013,0
-3.106473,-1.748522,0
-1.088385,-2.403152,0
-1.739462,-2.083116,0
-0.602547,0.159232,0
0.434571,-2.822248,0
-0.499640,-2.611939,0
-0.874301,-1.535268,0
0.461312,-0.491037,0
-0.035128,-1.895841,0
0.841469,-0.401795,0
-0.242353,-0.498558,0
-1.806828,-0.644120,0
-1.791130,-0.825428,0
-0.977462,-2.119553,0
-2.214551,-1.654161,0
-0.636887,0.232874,0
0.552894,-1.751729,0
-2.479448,0.698217,0
-2.192558,-0.043818,0
-1.365423,-1.451394,0
-0.476616,-1.496440,0
-1.362560,-0.174886,0
-0.420330,-1.073934,0
-1.458871,-1.565901,0
-0.931970,-1.425236,0
-2.477295,-0.215569,0
-1.364607,-1.159406,0
-0.783302,-0.205476,0
-0.643901,-0.830969,0
-0.328294,-1.014586,0
-2.216149,-0.910194,0
-0.940477,-2.130242,0
-1.594735,0.494026,0
-1.390206,-0.297275,0
-1.897976,-0.600647,0
-0.033791,-1.289842,0
-0.322211,0.959980,0
-1.256369,-2.557553,0
-0.728390,-1.108200,0
-1.845191,-0.020749,0
-0.441189,-2.041953,0
-1.335711,-0.355950,0
-0.213705,-2.258650,0
-1.263018,-1.046282,0
-3.359056,-0.960167,0
-1.921208,-1.906258,0
-0.712468,-0.601756,0
-3.052443,0.166104,0
-1.254287,-1.624719,0
-1.952353,-1.220076,0
-1.684666,-0.350852,0
-1.785966,-1.062922,0
-3.653971,-1.109376,0
-1.858541,0.275706,0
-3.047748,-3.115240,0
-0.303541,-1.756133,0
0.999863,-1.354370,0
-3.084906,-2.044770,0
-1.230491,0.825200,0
-0.088785,-0.186503,0
-0.622473,-1.730442,0
-0.457284,-2.802033,0
0.286391,-1.483346,0
1.098691,-2.091571,0
-1.487020,-2.223890,0
0.139580,0.546171,0
-1.894468,-0.988511,0
-0.712312,0.630055,0
-3.217239,-3.043996,0
-1.107171,-0.470746,0
-0.436914,-2.220687,0
1.013885,-1.168737,0
-1.536245,-1.709724,0
-1.646367,-1.822351,0
-1.221996,-1.311504,0
-1.483842,-1.859685,0
-1.272732,-0.794495,0
-1.637507,1.104395,0
0.043938,-0.462930,0
-0.802812,-0.619108,0
-2.088300,-2.203717,0
1.141176,0.435161,0
-0.266330,-0.095506,0
-1.535691,-0.979126,0
-0.345369,-1.515258,0
-1.387659,-1.023308,0
-0.197118,-0.634664,0
-0.780603,0.173123,0
-1.490265,-0.941250,0
-1.273976,-1.504753,0
-2.302967,-2.203583,0
-0.565732,-1.896583,0
-1.674465,-1.145026,0
-2.116906,-0.562875,0
0.412740,1.456978,0
-2.568556,-0.681830,0
-0.467981,-1.010995,0
-2.141997,-1.357146,0
0.359396,-0.599748,0
-0.043526,-2.341985,0
-0.218358,-0.789771,0
-0.834187,0.027562,0
0.466589,-1.896222,0
-0.495720,-0.677372,0
0.253757,-0.999696,0
-1.799638,-0.948306,0
-1.993615,-1.402188,0
-1.028365,-2.665483,0
-1.527194,-0.899943,0
-0.782419,-2.985988,0
0.563133,-0.663697,0
-0.502403,-1.658574,0
-0.883477,-0.782753,0
-2.102054,-3.855364,0
-1.647928,-2.256950,0
1.152647,-0.509518,0
-0.339834,-1.699167,0
-2.824066,-0.615314,0
1.043995,-0.058978,0
-0.707732,-0.371657,0
-3.446966,-1.197793,0
-1.606861,-2.690136,0
-2.279517,-0.601286,0
-0.490050,-0.463998,0
-0.681873,0.016337,0
-0.048160,-2.007990,0
-1.818205,-2.373302,0
0.754545,1.093849,0
-0.060873,-0.765022,0
-1.390736,0.549437,0
-2.416973,-2.170659,0
-1.439025,0.351305,0
0.335475,-1.467367,0
-0.673352,-0.546924,0
-1.637115,-1.361091,0
-2.675637,-1.140871,0
-1.342897,-0.921018,0
-0.952576,-1.495787,0
-1.114027,-0.285539,0
-0.504631,-1.244117,0
1.036061,-1.430134,0
-0.388017,-3.062200,0
-2.112317,-0.408034,0
-3.198448,-1.115337,0
-0.808969,-3.022078,0
-1.160993,-2.034455,0
0.642151,-0.290742,0
-0.442971,-1.992704,0
-1.522775,0.083948,0
-1.547583,-1.697327,0
0.243207,-0.664238,0
-2.103553,-0.913984,0
-0.611049,0.446033,0
-0.124430,1.946163,0
0.442667,-0.948864,0
-0.539811,0.933061,0
0.007469,1.038107,0
-1.424057,1.353579,0
-0.567430,-0.445150,0
-0.247633,-1.233461,0
0.213509,1.163711,0
-1.703208,-1.357151,0
-0.618756,-2.765874,0
-0.253777,-0.898496,0
-0.504936,-1.337753,0
-1.209143,-0.792410,0
0.445592,-0.315658,0
-0.683460,-0.095679,0
-1.604460,-1.691092,0
-0.491259,1.091958,0
0.275291,-1.040461,0
0.142790,-0.654248,0
-0.490631,0.074558,0
-2.458723,-0.010921,0
-0.214349,-1.618783,0
-0.164069,-1.227544,0
1.308597,0.063370,0
-1.342979,-1.649004,0
-0.595634,-0.889626,0
-0.497816,-0.547888,0
-1.644403,-1.447800,0
0.352776,0.567941,0
-0.797418,-1.610307,0
-2.239052,-0.637982,0
-0.907932,1.740984,0
-2.624329,-1.181452,0
-1.206563,1.588729,0
-1.309630,0.179095,0
-1.087541,-1.446014,0
-3.429343,-0.953343,0
0.643431,-1.626314,0
-0.785388,-0.140657,0
-0.389458,-0.722364,0
-0.439451,-2.155113,0
0.110500,-0.522965,0
-1.109327,-1.070130,0
0.984068,1.197975,0
-1.087918,-0.937382,0
-0.425038,-1.870943,0
-2.927680,-0.163179,0
-0.751664,-4.070528,0
-0.250645,-1.258537,0
-2.085404,-1.578545,0
-2.112427,-0.953878,0
-1.192807,0.580310,0
-1.001434,0.838246,0
-1.140595,-1.075199,0
-1.560653,-1.730841,0
-2.644212,0.476167,0
-2.896769,0.196292,0
-0.309254,1.225009,0
-0.641564,-0.049078,0
-0.140296,-1.000975,0
-1.360640,-1.325685,0
-2.522174,-1.650341,0
-1.557426,0.346098,0
-0.434028,-2.307238,0
-0.497301,0.062410,0
-2.132296,-1.536804,0
-1.558771,-0.239752,0
-1.740088,-1.020275,0
-1.422613,-1.132189,0
0.224589,-0.781049,0
0.328849,-1.479525,0
-1.422282,0.703373,0
-0.685099,-1.006379,0
-0.793387,-0.962103,0
-0.694198,0.013036,0
0.718097,0.238296,0
-1.198944,-1.626635,0
-0.434638,-3.412787,0
0.543839,-1.295883,0
-0.543293,-0.062712,0
0.005555,0.624486,0
-2.168746,-0.079304,0
-0.974553,0.576196,0
-0.511308,-0.980958,0
-1.127261,-2.376248,0
-0.512206,-1.312933,0
-1.438000,-0.344016,0
-1.252641,-1.402398,0
0.234254,0.193992,0
-0.941706,-0.651746,0
-0.741026,1.120503,0
-0.530678,1.533869,0
-0.788833,-2.226797,0
-1.341210,0.996580,0
-1.406332,-1.119823,0
-2.354726,-2.110986,0
-1.231894,-1.051684,0
-0.757127,0.635059,0
-2.359819,0.154847,0
0.350583,-0.667638,0
-0.508905,0.136342,0
0.700593,-0.041891,0
-1.893666,-0.418460,0
-2.356156,-1.397335,0
-0.445856,0.592919,0
0.237447,-0.784035,0
-2.147831,-1.357599,0
-3.410577,-1.567292,0
-0.495028,0.150189,0
-0.475385,0.414512,0
-1.298530,2.264803,0
-1.056500,-0.505123,0
-1.145371,-0.155732,0
-1.836090,-1.266249,0
-1.868445,0.884192,0
-1.262230,-0.641574,0
0.442133,-2.200760,0
-3.005056,-0.470405,0
-0.931975,-2.933085,0
0.277439,0.019532,0
-1.761244,-1.237967,0
-0.678957,-2.084356,0
-0.679548,-0.332124,0
-0.231056,-1.318125,0
0.433932,-0.775678,0
0.167416,-0.908800,0
0.789628,-1.582584,0
-0.782247,-1.629959,0
0.827582,-0.270842,0
-0.985598,-0.499250,0
-1.851131,-1.426483,0
-0.476430,-0.131855,0
-0.971341,-1.303484,0
-1.374428,-2.635843,0
-0.590680,-2.495045,0
-0.597941,-0.419420,0
-1.476249,-0.338888,0
-0.832048,-1.431844,0
-1.553406,-2.894114,0
-2.109466,-1.879582,0
-0.600288,-0.908250,0
-0.000555,-3.158533,0
-0.608113,-0.395224,0
-0.500666,-1.283742,0
-0.284454,-1.865310,0
-0.596886,-1.421132,0
-0.584791,0.216619,0
-0.827519,-1.448351,0
-0.422509,-3.065456,0
-0.958940,0.250592,0
-1.893338,-2.375741,0
-1.208694,0.213656,0
-3.011757,-2.791732,0
0.167941,-1.375630,0
-0.014178,-0.218343,0
-2.091973,-0.298546,0
-0.936472,0.655313,0
-1.785685,-0.643768,0
-0.082023,-0.981723,0
-1.361496,-1.647807,0
-2.670230,-1.286721,0
-1.249210,0.172430,0
-1.829101,0.386890,0
-0.397075,-1.461442,0
-0.159884,-1.312194,0
-1.438079,-2.452459,0
-0.434978,-1.108950,0
-2.140179,-1.736140,0
1.353629,-0.524357,0
-1.356756,-0.121658,0
-0.852347,-1.752392,0
-0.855781,-2.496520,0
0.226771,0.498422,0
-3.488021,-1.248112,0
-2.664043,-1.198480,0
-1.799577,-2.818695,0
0.542303,0.240945,0
-0.247467,-0.115573,0
-0.197083,0.270812,0
-0.799582,-1.498043,0
-1.612934,-0.461584,0
-1.251365,-3.938136,0
-0.062595,-0.768066,0
-0.475926,-3.941949,0
-1.131863,-2.359684,0
-1.341741,1.066748,0
-0.499122,-0.865114,0
-0.163707,-2.049113,0
-0.399451,-0.257065,0
-2.097234,-1.842849,0
-2.713524,-0.303654,0
-0.523306,-1.754094,0
0.830267,0.311450,0
0.187695,-2.928828,0
-0.395269,-1.560092,0
-0.424226,-0.126339,0
-1.898439,-0.398282,0
-0.455249,-1.474525,0
-1.204719,-0.437321,0
0.693026,-1.782255,0
-1.190758,-0.325693,0
0.850062,-2.697897,0
-2.393049,-0.804096,0
-0.620722,-1.191683,0
-1.416871,-1.476023,0
0.450712,-0.133776,0
-0.839605,-2.051199,0
-0.002575,-1.459218,0
-0.239808,-0.617779,0
-2.370021,-2.491978,0
-1.627201,-0.837657,0
-0.392116,0.677154,0
-0.026907,-0.483576,0
0.904816,-1.793986,0
0.028249,-2.841081,0
0.101373,-2.294678,0
-2.537368,-0.164123,0
-0.446329,-0.366531,0
-2.205952,-2.407945,0
-1.662866,-0.959767,0
-1.164798,-0.297838,0
-1.885629,0.100182,0
0.955836,-0.346036,0
0.334504,-1.025787,0
-0.313767,-2.221034,0
-2.470341,-1.322935,0
-1.044559,-2.601899,0
-0.308072,-2.498742,0
-1.813712,-1.947971,0
-2.553354,-0.723068,0
-2.347599,-0.246656,0
-0.158987,0.615759,0
-1.130141,-0.264093,0
-1.290256,-1.784580,0
-1.031126,-0.249618,0
-0.077085,-1.852208,0
-4.381322,-1.806207,0
0.384305,-1.693646,0
-3.782754,-1.590910,0
-0.114234,-1.675331,0
-0.746321,-2.262309,0
-1.210124,-1.866204,0
-2.705191,-0.172339,0
-1.466127,0.414760,0
-0.581564,-0.631967,0
-0.934923,-0.651843,0
-0.414623,-0.089342,0
-1.341530,-1.016628,0
0.281491,0.770554,0
0.173697,-1.900033,0
-2.059510,-3.546024,0
1.074546,-1.051974,0
-1.052569,0.578901,0
0.617598,2.390992,0
-1.042250,-1.556894,0
-1.413771,0.481471,0
0.051870,0.878881,0
-1.160698,-1.783292,0
-1.885475,-0.007542,0
-1.590188,-2.716396,0
-0.125907,-1.003206,0
-0.671622,-2.101472,0
-2.500944,0.221782,0
-1.508355,-0.596664,0
-0.196576,-0.859865,0
-1.401915,0.469532,0
-1.742570,-2.575152,0
-0.608568,-1.104782,0
-1.774019,-1.814338,0
0.218473,-0.180168,0
-1.124959,-0.294644,0
-0.114610,-1.672979,0
-0.188726,2.048144,0
-2.675842,-0.146890,0
0.094300,-1.813330,0
-1.586980,-0.465018,0
-1.967833,-0.191484,0
1.669414,-0.365702,0
-0.168067,-1.778996,0
-1.931589,-1.636557,0
-0.036141,-0.376414,0
-4.051638,-0.064653,0
-0.703596,0.925074,0
-1.724695,0.075937,0
-0.776424,-0.559542,0
0.356188,0.158650,0
-0.683875,0.745075,0
0.889589,-0.327084,0
-0.324079,-1.227530,0
0.882094,-0.942942,0
1.361914,-0.680315,0
-2.458848,-1.176268,0
1.432662,-2.063709,0
-0.839804,-1.517288,0
-0.252882,-1.658861,0
-2.130149,-2.001417,0
-0.279115,-1.221791,0
0.099779,-1.050542,0
0.656714,-0.847031,0
-1.010008,0.163176,0
2.108458,0.207937,0
-0.431076,0.510190,0
-0.814813,-0.711260,0
-1.321515,-0.031789,0
-0.883227,-2.232023,0
-2.375680,-0.134335,0
-0.926663,-1.548946,0
-1.325426,-0.783437,0
-0.738467,0.985809,0
-0.187737,-2.559543,0
-0.169500,-0.085091,0
-2.166548,-1.393124,0
1.538539,0.843882,0
-0.743959,-1.393298,0
-0.085523,-2.671200,0
-2.297665,-1.121184,0
-1.951879,-0.949232,0
-0.147182,-1.344691,0
-1.029517,-0.941499,0
-1.201275,-0.238224,0
-0.781471,-1.405578,0
-0.339621,1.708128,0
0.194656,0.445257,0
-1.751898,-2.983677,0
-0.293385,-0.619414,0
-2.000343,-1.257864,0
-0.775781,-0.012282,0
-2.277582,2.724573,0
-1.436999,-0.986520,0
0.826393,0.070271,0
-1.565672,0.813514,0
-1.639923,-0.304553,0
-2.374083,-1.074090,0
0.353310,-0.730562,0
-0.271135,-1.572091,0
-2.474717,-1.120845,0
0.303094,-0.107275,0
-2.133259,-0.329374,0
-2.391509,-2.116942,0
-2.977544,0.187146,0
-0.607550,-0.817540,0
0.906611,0.375829,0
-2.083902,1.878654,0
-1.274695,-2.223787,0
-0.476211,-3.104056,0
-2.220323,0.220274,0
0.596312,0.342096,0
-2.133481,-3.197869,0
-0.876576,-1.897187,0
0.514636,-1.414050,0
-1.230051,-0.294118,0
0.601103,-0.638856,0
-0.967058,0.155366,0
-1.468376,0.349540,0
-1.919778,-0.100468,0
-0.756635,-0.383821,0
-0.084602,-0.626477,0
-0.848517,-0.741619,0
-0.257539,-0.332071,0
-1.333844,-0.722503,0
-0.006804,-0.651692,0
-0.040750,-0.968532,0
-1.424546,0.262949,0
-2.535861,0.607794,0
-1.731884,-0.984613,0
-0.839441,-2.058486,0
-0.705887,-2.539772,0
0.332475,-0.213310,0
-0.591309,-0.651715,0
-0.935787,-1.030953,0
-2.490115,-0.007511,0
-0.168448,-0.981813,0
-2.392324,-0.807325,0
1.345795,-1.564702,0
-0.084453,-1.432965,0
-1.538470,-0.183679,0
-1.133847,-1.329569,0
-2.420022,-0.626587,0
0.187880,-0.290706,0
-0.817559,-2.895857,0
-0.291553,0.293657,0
0.592679,-1.658466,0
-0.657497,0.827343,0
-0.394456,-1.677710,0
0.422849,-1.723184,0
-1.707704,-0.652400,0
-1.074624,-1.453839,0
0.622219,-0.604926,0
-1.866345,-1.742804,0
0.782615,-1.331826,0
-0.341897,-2.141188,0
-1.667566,0.306542,0
-0.156761,-1.781737,0
-1.019816,-2.722827,0
0.350180,-0.617324,0
-0.580414,-0.613327,0
0.459877,0.988099,0
-1.180106,-1.606613,0
-0.519885,-0.762135,0
-0.881239,0.180256,0
-0.237839,0.403579,0
-1.868033,-1.910203,0
-0.645678,-1.704526,0
-1.450520,-1.238338,0
-1.454973,-2.252871,0
-1.275574,1.306497,0
-1.598086,-2.508130,0
-2.640853,0.504953,0
-0.256614,1.378649,0
-0.390718,-1.071181,0
-0.085590,0.455366,0
-0.564413,-0.544144,0
-1.732004,-0.488158,0
-0.243295,-0.830440,0
-0.713199,-1.106719,0
-2.036806,-2.030212,0
0.658127,-2.585895,0
-3.132827,-0.211968,0
-0.523704,-1.060890,0
-2.113866,-1.967160,0
-1.405328,-0.908246,0
-1.925619,-1.384882,0
-1.662524,0.868759,0
-1.749166,-0.507457,0
-0.564338,-0.388706,0
-0.511089,-1.768597,0
-1.074220,0.477769,0
0.292008,2.323256,0
-2.845971,-0.899361,0
-1.072218,-0.982801,0
-1.361173,-1.513516,0
0.218786,0.237882,0
-0.182557,-1.295210,0
-1.558165,1.346766,0
-0.174908,-1.519381,0
-0.755813,0.062929,0
0.199027,-2.575684,0
-4.658357,-1.672357,0
-2.747026,0.121545,0
0.528964,-1.969000,0
-0.927065,0.475149,0
-1.393736,-0.817544,0
-0.549447,0.021820,0
-1.493764,0.410499,0
-0.201158,-1.018973,0
0.388283,-0.247712,0
-0.622658,-1.173921,0
-2.658502,-1.448224,0
-2.152865,-1.103898,0
-2.067624,-0.921796,0
-2.098812,-0.244124,0
-2.563924,0.128328,0
0.204732,-1.874269,0
-0.042023,0.294875,0
-2.012514,0.680638,0
-0.573638,-2.218397,0
-2.466683,0.139131,0
-1.037386,-1.331609,0
-1.841105,-2.027915,0
-1.707442,-1.408638,0
-1.665290,0.193449,0
0.024784,-0.626132,0
0.459445,-2.891565,0
-2.741349,-1.972190,0
-0.657209,-0.742087,0
-0.584434,-1.002501,0
-0.426031,-1.208661,0
-0.919026,-1.993528,0
-0.440383,0.216998,0
-1.959993,-0.673766,0
-0.630315,-1.811310,0
-1.413857,-0.202206,0
-1.842169,-1.350200,0
-0.279641,-1.450744,0
-2.202888,-1.445261,0
-0.182432,-0.351038,0
-2.205708,-2.046373,0
-1.429972,-0.891369,0
0.046078,-2.760392,0
-1.562384,0.611431,0
-2.177402,-0.563761,0
-1.009684,0.219213,0
-1.419562,0.157271,0
-0.600825,0.216933,0
-0.880505,-1.372092,0
-2.836390,-1.014273,0
-1.248776,-0.470032,0
-0.874391,0.836724,0
-1.475832,-1.877457,0
-0.781166,0.547387,0
-0.321944,-1.078241,0
-1.896253,0.287844,0
-1.600622,-0.934385,0
-0.931158,-2.064473,0
-0.787251,-0.334912,0
1.202046,-0.584493,0
-0.362343,-0.495873,0
-1.425119,-3.042718,0
