1.109300,2.228796,1
1.499910,2.340100,1
2.420679,-0.173453,1
3.100463,0.044984,1
0.293825,0.554526,1
0.184650,-0.902719,1
-0.247774,-0.078906,1
-0.378033,1.232114,1
1.468778,1.060385,1
0.544527,1.844858,1
1.927745,0.210763,1
0.904089,1.041968,1
-0.281510,1.506580,1
0.223351,0.489321,1
0.774941,0.212552,1
0.427616,1.176195,1
0.475010,-0.380260,1
1.611152,-0.109021,1
0.892311,2.336341,1
-0.289055,0.237482,1
-0.447525,0.397697,1
0.475372,0.378126,1
-1.084911,1.173906,1
2.475277,0.678926,1
0.783126,0.978690,1
-0.451565,2.022626,1
0.499597,-0.253743,1
-0.351651,-1.462613,1
2.610772,1.782346,1
2.611498,0.999620,1
-0.203933,0.925308,1
-0.452404,1.043674,1
3.076976,-1.644600,1
2.091487,1.849871,1
3.800836,2.194628,1
1.098685,-2.012274,1
1.295051,0.607262,1
-0.474962,0.514220,1
0.289568,3.457148,1
1.741968,0.112864,1
1.289744,1.914808,1
-0.640262,-0.637215,1
1.974545,0.640887,1
0.941054,1.114398,1
-0.566745,1.067768,1
-0.078763,0.475635,1
0.581787,0.151565,1
-0.786436,2.110159,1
1.936315,0.832798,1
0.196493,0.083600,1
1.361602,2.250919,1
1.436820,2.120999,1
0.767355,-0.350600,1
2.994483,0.023860,1
0.892756,1.561585,1
2.214341,0.447954,1
1.967866,2.750779,1
0.884311,1.761936,1
1.493315,1.223427,1
1.199539,1.178097,1
1.330199,0.690306,1
-0.954696,0.328929,1
0.865650,1.547243,1
-0.426040,0.243916,1
1.611814,1.837640,1
-0.438920,0.567236,1
2.071808,1.087470,1
1.110086,0.766482,1
0.981371,1.358149,1
1.699149,1.137420,1
0.239902,-0.861592,1
2.921178,1.740387,1
1.867370,1.627230,1
2.300111,1.001713,1
1.815577,1.213151,1
1.426224,-0.901118,1
0.805608,0.364502,1
2.735169,2.321345,1
1.220947,1.567082,1
0.220850,2.161268,1
0.357141,2.435658,1
2.277296,2.807891,1
2.796148,-0.183887,1
1.853705,1.653078,1
1.463915,1.420480,1
0.533630,0.893502,1
0.529752,0.785384,1
1.115307,1.410612,1
3.593662,2.780236,1
2.060802,1.454428,1
0.784333,1.951115,1
1.395468,-0.120925,1
0.808765,-1.628926,1
1.397486,0.032679,1
-0.101678,2.284419,1
0.050355,2.458170,1
0.093534,-0.125623,1
1.688299,0.687831,1
-1.363203,0.962655,1
2.509058,3.182594,1
-0.720681,1.189819,1
-0.490458,0.579901,1
0.837287,0.897905,1
-0.455495,2.043112,1
0.728206,1.462885,1
1.667279,0.198202,1
0.481501,0.438770,1
0.502757,0.914344,1
1.012608,0.855326,1
-0.195786,2.169357,1
3.803921,0.356157,1
2.182753,2.248178,1
1.503865,-0.278082,1
-0.143841,0.297569,1
-0.399453,0.258813,1
0.353880,0.089404,1
0.093384,0.529327,1
0.466684,0.549083,1
0.433320,-0.668648,1
1.644475,0.079676,1
-1.321959,1.371310,1
1.385741,1.364500,1
1.067153,1.507327,1
0.904552,1.270438,1
1.364331,0.035625,1
2.219979,-1.053310,1
1.068551,1.032176,1
2.810438,2.331404,1
1.633198,0.107837,1
0.465452,1.238190,1
2.189458,1.321795,1
3.038623,3.073217,1
-0.704634,-0.043779,1
0.213503,-0.292456,1
1.411492,-0.703335,1
1.810126,0.045883,1
2.567447,1.419904,1
1.941750,-0.126228,1
2.287786,-0.113937,1
0.860940,1.506387,1
-0.188393,0.281205,1
0.406072,2.116390,1
0.432662,2.488855,1
2.201336,2.460693,1
-1.047031,1.547799,1
1.443409,1.454573,1
1.498183,1.049350,1
-1.020919,0.980709,1
1.243847,-2.327495,1
-0.055308,1.656187,1
1.531592,-1.142790,1
2.796408,1.490925,1
1.385829,2.366319,1
0.622442,1.440545,1
0.976382,1.127658,1
1.981555,0.374839,1
0.693266,0.705159,1
-0.591854,1.818187,1
1.108466,0.645173,1
0.209055,0.116379,1
1.629978,1.188303,1
1.230688,0.985289,1
1.423991,0.522691,1
0.828875,-0.312562,1
2.553621,0.260020,1
0.473125,1.879032,1
-2.064262,-0.212469,1
1.745564,0.071669,1
1.667048,-0.654799,1
2.884786,-0.087350,1
0.855212,-0.131734,1
2.855411,1.840564,1
2.143442,1.973663,1
1.210502,0.954393,1
-0.394389,2.228353,1
0.798688,0.325077,1
2.126095,2.710584,1
-1.195530,1.539359,1
2.325232,2.146347,1
2.438193,4.235652,1
1.632127,0.528071,1
1.353174,2.508465,1
0.994387,1.413507,1
0.376430,2.129396,1
2.135397,2.135542,1
2.373081,1.395646,1
1.341548,3.157039,1
-0.528935,0.678873,1
2.242879,2.271764,1
3.386118,-0.548050,1
1.543643,2.152565,1
-0.510819,0.194394,1
2.385857,1.129554,1
1.406093,-0.532745,1
1.151326,1.755400,1
-0.704768,2.297544,1
0.815542,-0.236749,1
1.417955,0.731988,1
2.071340,-0.075972,1
2.300402,1.935386,1
2.575094,0.754439,1
0.232019,0.084179,1
-1.681574,-0.256581,1
0.233267,2.105903,1
2.781851,2.443533,1
0.784193,0.058481,1
-0.134610,2.567331,1
2.689124,-0.113983,1
-0.543206,-0.207679,1
-1.781731,0.843744,1
-1.652237,1.015312,1
1.386545,1.877614,1
0.154561,-1.232104,1
1.302339,-0.001462,1
1.414461,1.693202,1
0.774739,-0.130260,1
-0.852417,2.223957,1
0.735717,0.152639,1
2.104499,-0.148323,1
2.891495,-0.324561,1
1.278742,0.455392,1
1.548292,0.022378,1
0.963012,2.294158,1
2.910805,0.250218,1
1.584604,2.132421,1
-0.466555,1.043572,1
3.121262,2.978507,1
1.852353,0.351641,1
1.496451,0.059084,1
-0.095205,-0.649142,1
1.609634,-1.611999,1
0.842225,1.075807,1
-1.001611,1.233590,1
0.752569,0.668412,1
-0.632310,0.164408,1
0.806683,2.001109,1
-0.055644,1.316150,1
1.115319,0.924911,1
0.855760,2.897121,1
2.057672,0.073126,1
1.013974,0.526250,1
1.364976,1.910776,1
-0.782945,3.091155,1
2.028437,-0.211560,1
1.696679,2.580795,1
1.580748,0.885848,1
0.602265,-0.407529,1
0.849171,-0.953503,1
1.524148,1.923481,1
1.095053,1.331530,1
0.200777,2.148413,1
3.165867,3.248984,1
0.490602,3.539067,1
1.363151,2.542382,1
0.671407,1.314478,1
1.259405,1.934579,1
0.589656,1.336372,1
2.041515,1.129208,1
2.329233,-0.102899,1
0.985712,1.024380,1
0.203990,1.067096,1
-0.980812,2.726533,1
-0.191133,0.845399,1
-0.672142,1.728990,1
1.449218,0.814647,1
0.587377,2.563853,1
0.641648,1.817824,1
2.088131,0.925901,1
2.207839,0.706832,1
0.362854,0.571698,1
0.544481,1.810491,1
0.266594,1.533451,1
1.181729,1.324007,1
2.697464,1.666559,1
1.093331,-0.321484,1
2.756612,0.557817,1
-1.158792,1.074184,1
-0.056549,0.144169,1
-0.261143,1.033417,1
1.296683,1.023609,1
0.929644,1.836571,1
1.475131,0.318335,1
0.680583,3.031149,1
1.846066,1.701926,1
2.582289,1.481940,1
0.751408,1.362782,1
0.990047,2.307521,1
0.597415,2.187978,1
1.310812,3.341518,1
0.016273,2.454969,1
0.705107,1.571416,1
1.944551,1.720918,1
2.719661,2.548854,1
1.143144,0.690021,1
1.797701,-0.061114,1
2.499204,1.850080,1
1.370558,1.482115,1
0.387577,0.323356,1
1.315614,-1.771727,1
1.221188,2.537871,1
1.747657,2.376982,1
1.661932,0.922387,1
-0.487612,0.736556,1
1.793009,0.798217,1
1.785580,3.346937,1
1.841733,1.886703,1
0.145944,0.852446,1
1.509047,1.265950,1
0.651489,2.509233,1
2.703228,0.441232,1
1.530721,0.934672,1
0.495991,0.905023,1
-0.462339,2.216807,1
0.723336,0.752930,1
0.898209,-1.163363,1
-0.666098,1.122129,1
0.110823,-0.571812,1
1.876130,1.548931,1
1.560653,0.046655,1
-0.013146,1.555705,1
2.000547,2.818327,1
1.150304,-0.051021,1
-0.972750,0.421670,1
2.404584,1.193041,1
1.301143,1.396304,1
0.494569,1.935151,1
0.023495,0.209787,1
2.117412,1.368379,1
-0.506613,0.185881,1
0.471303,2.415572,1
0.844255,0.432871,1
1.970706,1.779926,1
1.383977,0.779396,1
1.207390,1.330167,1
0.510524,1.034656,1
0.638013,1.075335,1
2.056619,0.038158,1
1.231667,0.069990,1
0.198054,1.490984,1
-0.326827,-0.446755,1
0.246913,0.395614,1
0.105652,-1.495761,1
-0.010891,2.315552,1
-0.658863,0.364488,1
-0.436805,2.371269,1
0.811254,2.171628,1
-0.774344,0.473764,1
-0.502363,0.255834,1
1.346635,1.594278,1
0.580479,-0.351800,1
0.670956,-0.420174,1
-0.010651,2.310490,1
1.468157,1.551315,1
0.975847,0.098256,1
1.716342,-1.599110,1
0.484264,2.392694,1
0.826672,-0.571079,1
0.083684,0.163607,1
1.720630,1.789527,1
0.290954,1.985928,1
2.098759,1.613065,1
0.310499,1.494533,1
-0.701672,-0.049678,1
-0.537362,2.576568,1
1.458869,0.585096,1
0.702488,1.361134,1
-0.433118,-0.446819,1
1.670871,0.822586,1
0.431461,2.214884,1
0.545393,2.446980,1
2.248589,3.675732,1
1.695090,-0.270825,1
0.310741,1.102908,1
2.850271,0.958095,1
0.523386,0.336305,1
-0.512694,0.747281,1
-0.588445,1.923625,1
1.192951,1.828029,1
0.868612,0.785647,1
0.162280,0.664933,1
0.289623,3.106002,1
0.445586,2.842471,1
0.215222,0.159307,1
1.552370,1.337117,1
0.893825,0.993759,1
-0.287793,1.024821,1
1.377643,1.402613,1
0.869312,-0.432898,1
2.805647,0.137132,1
-0.651638,-0.860571,1
2.911005,1.706491,1
-0.248178,1.224774,1
3.276092,1.088785,1
1.444540,2.439122,1
1.812196,0.643932,1
2.139252,0.740417,1
2.576339,-0.381598,1
2.188673,2.583238,1
2.232103,1.039266,1
1.373161,2.020803,1
-1.011854,1.852927,1
0.588391,3.562148,1
-1.604317,0.234542,1
-0.609383,2.455678,1
0.630052,3.724585,1
1.972949,-1.906067,1
1.674204,-0.009968,1
1.372762,-0.458961,1
-0.273706,1.329450,1
2.905354,0.266081,1
0.160162,0.492863,1
2.133657,-1.345516,1
0.488081,1.176045,1
1.537476,0.652021,1
-0.275802,-0.591937,1
3.090901,0.718221,1
3.793862,0.977205,1
0.367122,1.554993,1
-0.001638,1.318211,1
1.768745,0.411608,1
0.352554,3.052255,1
1.810587,0.570146,1
1.112916,2.850612,1
0.992837,1.897629,1
1.766357,1.308086,1
-1.146369,0.714513,1
1.149292,0.310444,1
2.028651,1.330671,1
1.929494,1.146913,1
1.462468,3.726797,1
0.993096,1.452568,1
0.954025,2.276380,1
3.544407,0.065927,1
-0.769029,0.543853,1
0.582909,3.312781,1
-0.053826,1.056349,1
-0.236003,0.068740,1
2.590810,-0.266810,1
-0.534916,2.267509,1
1.121530,2.345674,1
1.358611,1.095013,1
0.397607,0.917431,1
0.388414,0.995704,1
1.591371,2.248149,1
0.007247,0.455352,1
0.550332,0.504629,1
2.445767,2.411871,1
0.069924,0.619474,1
0.864197,1.047809,1
0.728863,2.129990,1
1.137568,1.949314,1
1.367484,-0.699278,1
1.091108,-0.152887,1
1.644511,1.497960,1
-1.993980,1.564305,1
-0.139335,0.638461,1
1.904515,3.464075,1
0.602693,-0.100902,1
3.247238,0.352245,1
1.166363,3.280442,1
1.546501,1.488623,1
0.470832,2.455663,1
1.672792,2.067429,1
0.502926,2.977389,1
1.671162,-1.250203,1
1.805296,1.899842,1
1.266874,0.329334,1
-0.796420,1.181932,1
1.991087,2.088134,1
1.264209,1.018394,1
2.384026,1.795101,1
1.668502,2.061834,1
0.715399,-0.174196,1
0.283749,0.911236,1
1.151107,0.024393,1
0.544786,0.287416,1
1.329771,2.699192,1
1.232217,-0.169116,1
-1.385926,2.628350,1
1.072021,0.352410,1
0.114605,2.002143,1
0.139058,0.092830,1
2.931326,0.911603,1
1.120137,-0.533715,1
0.500240,2.766143,1
2.546456,0.542322,1
-1.830733,-0.309008,1
1.598126,1.505662,1
-0.108202,-1.007075,1
0.349526,1.131929,1
3.000833,2.169582,1
-0.658910,-0.373589,1
0.733639,1.449122,1
1.277286,1.930529,1
2.217535,0.065876,1
0.229636,1.588771,1
0.369925,1.220848,1
0.723985,-0.273038,1
-1.858927,0.627250,1
-0.594720,0.683056,1
0.533872,2.065495,1
1.770937,0.104842,1
0.817956,-1.219863,1
1.903463,-0.171675,1
0.669251,1.007727,1
0.531686,2.333963,1
0.184729,2.312233,1
1.221570,0.346139,1
0.803623,2.485063,1
0.617727,1.399459,1
-0.362811,1.443752,1
-1.285921,1.994061,1
-0.207107,0.669248,1
0.963442,-1.009841,1
-1.010572,1.667864,1
-0.502372,3.165676,1
2.297732,3.757424,1
1.426529,1.104184,1
1.156273,0.587904,1
1.758668,-1.245295,1
1.386738,1.398805,1
2.382967,-0.698411,1
0.499729,0.930793,1
0.853460,1.831773,1
1.200777,1.782874,1
-0.576068,-0.832934,1
0.362183,1.249074,1
1.276543,1.898461,1
-0.415378,1.648616,1
0.242985,-1.111551,1
1.997578,3.879904,1
2.515570,0.471262,1
0.512533,0.970699,1
0.644875,2.737650,1
0.473309,1.272540,1
0.541022,1.655484,1
1.027486,1.518665,1
1.267365,0.788235,1
2.150548,2.330282,1
1.506094,0.965056,1
0.873690,3.353821,1
1.505716,-0.630665,1
0.831837,1.539583,1
-0.357574,1.753858,1
2.889899,0.170833,1
1.757096,1.214559,1
-0.383345,1.066503,1
-0.100653,3.461574,1
0.834107,0.656466,1
1.166999,2.035718,1
1.234712,2.766368,1
1.876260,1.667800,1
2.316706,1.463404,1
2.625697,0.682271,1
1.757177,0.342278,1
-0.153797,0.643427,1
3.834642,0.688803,1
1.075344,1.386154,1
1.074100,-0.004148,1
1.711220,0.822528,1
0.351449,0.892246,1
1.610945,0.507688,1
0.616343,0.809874,1
3.055911,-0.686177,1
0.605993,1.891481,1
0.497147,2.334545,1
2.167527,2.674657,1
0.011402,1.613298,1
0.732220,0.628248,1
0.398944,1.665559,1
-0.313057,-0.353566,1
2.906183,-0.562875,1
2.034629,-0.378906,1
1.344998,1.437154,1
3.214310,0.483510,1
0.772230,1.640081,1
0.043070,-0.901430,1
0.574541,1.589330,1
2.763423,1.530649,1
-0.734621,1.375199,1
-1.111957,1.342765,1
1.777086,-0.201876,1
0.124832,2.114072,1
-0.949946,2.537903,1
0.365799,1.709198,1
1.963687,-0.670686,1
2.551412,-0.086307,1
1.799461,-0.485497,1
0.219547,-0.341212,1
0.578869,0.475391,1
0.765954,-2.065031,1
1.480201,0.344753,1
0.731225,0.288297,1
-1.000630,0.802382,1
0.614088,1.471910,1
1.619991,2.581884,1
0.342851,2.389713,1
0.993240,2.333126,1
2.014520,2.154250,1
0.782567,1.478104,1
0.282277,-1.391471,1
1.391496,-0.905841,1
2.640922,0.778763,1
1.245863,2.448779,1
2.586077,0.861257,1
2.023462,0.373524,1
-0.107748,2.072650,1
-0.589890,2.565228,1
0.748661,1.427177,1
0.809984,2.386677,1
0.839926,0.485344,1
-0.245101,-0.077511,1
0.466757,1.749799,1
1.902229,2.235638,1
0.733880,1.747502,1
1.339008,2.140610,1
1.544999,1.688393,1
1.372231,0.844493,1
1.161091,0.806525,1
1.043757,-0.747655,1
-1.401351,-1.319619,1
1.388337,0.448477,1
2.116055,2.277325,1
1.809317,0.094154,1
0.526432,0.810887,1
1.549010,1.853886,1
1.801976,1.557798,1
-0.774149,-0.963459,1
0.897273,1.214776,1
2.427551,2.604922,1
0.471965,-1.323694,1
1.511460,0.008616,1
0.839404,0.835443,1
1.614685,0.197238,1
1.181181,1.743142,1
1.975594,2.073526,1
0.124403,0.572617,1
1.214099,-0.198194,1
1.997457,-0.310406,1
0.691633,0.374821,1
2.894891,1.001712,1
0.450869,1.597391,1
2.163490,2.444701,1
0.455181,1.682522,1
0.977849,0.465291,1
1.464512,0.157234,1
0.553423,3.524087,1
0.500019,2.689823,1
0.930872,0.377656,1
0.680422,-0.781784,1
2.235906,0.085600,1
2.366028,1.905664,1
-1.601311,3.467612,1
1.926702,1.193994,1
2.650673,1.064616,1
1.896748,1.378895,1
2.757670,-0.074298,1
1.996392,-0.664042,1
1.182157,-0.436924,1
1.285615,1.646776,1
-0.761608,0.399525,1
3.223239,-0.320049,1
0.991181,1.513539,1
1.478493,2.747735,1
0.953983,1.316653,1
-0.833007,1.460050,1
1.312230,1.965351,1
0.480762,1.931175,1
1.930697,0.351951,1
1.745238,0.042702,1
1.864797,1.505633,1
1.654116,1.418725,1
0.867938,0.909194,1
1.531541,-0.433909,1
1.628286,0.842194,1
-0.468313,1.107571,1
1.637536,0.015172,1
0.366567,1.096950,1
2.454641,0.110841,1
1.183050,-1.003573,1
2.201948,2.275208,1
1.421135,1.897280,1
0.975748,1.070895,1
1.096144,0.965863,1
0.048402,0.617306,1
-0.879912,0.881772,1
2.016891,1.521383,1
0.789468,1.056070,1
1.055999,-0.821437,1
1.347269,0.980302,1
-0.579219,1.382851,1
0.449749,1.719591,1
1.262407,1.209244,1
0.789371,2.433522,1
1.485044,0.527569,1
1.370902,1.667431,1
0.188224,0.734944,1
0.371007,-0.735094,1
1.749951,0.675095,1
0.747643,0.862360,1
0.109711,0.178356,1
1.585778,1.111261,1
2.556946,0.637931,1
1.538252,1.646001,1
1.075620,0.334615,1
0.777254,-0.744526,1
2.729145,1.568213,1
1.390770,1.663511,1
-0.964221,2.327276,1
-0.229868,1.835889,1
2.063987,1.271389,1
1.169880,1.116928,1
1.954519,1.280739,1
0.696247,2.367813,1
0.394510,-0.373163,1
1.007155,1.044441,1
0.055862,0.162124,1
1.140772,1.542557,1
0.253048,0.471701,1
0.320017,0.109041,1
0.217217,0.881090,1
1.651942,3.408222,1
0.622440,0.916935,1
2.353942,1.292713,1
2.881463,0.508357,1
0.700151,1.932851,1
2.054002,1.317743,1
1.192383,0.597131,1
1.185497,-1.081201,1
1.939644,-0.449590,1
0.261328,-1.320410,1
0.936021,1.612515,1
-0.860802,-0.076849,1
1.365629,2.223820,1
2.815876,0.763684,1
1.487088,2.922997,1
1.319990,1.202590,1
1.832470,1.864564,1
-0.104374,0.753445,1
-1.066970,1.371814,1
-0.450918,2.005424,1
1.724619,2.473476,1
-0.466211,1.936838,1
1.314601,0.510739,1
1.424026,-1.192571,1
0.822957,-0.071483,1
0.804236,1.145063,1
1.103836,-0.785324,1
0.865914,1.792290,1
2.043676,0.771544,1
2.339462,0.954297,1
2.389514,0.107950,1
2.547425,1.365605,1
0.282704,-0.382752,1
-0.394764,0.254704,1
1.522752,0.657443,1
2.589045,1.670541,1
1.346633,0.297493,1
1.258489,-0.473895,1
0.944739,0.146389,1
0.794502,0.270741,1
-0.011029,-0.188471,1
1.432434,1.913346,1
0.379364,1.866279,1
0.222929,2.840730,1
2.059259,1.652449,1
1.843877,0.358952,1
-0.119613,0.664188,1
0.573267,2.237259,1
2.740141,0.308054,1
-0.643244,0.740089,1
1.499932,1.145964,1
-0.417965,1.004056,1
0.667781,-0.014888,1
1.341386,-0.192514,1
2.754912,-0.126291,1
2.346519,0.322891,1
1.412787,1.940745,1
0.001658,1.734055,1
0.206956,3.049817,1
2.177199,-1.182246,1
0.220141,2.702818,1
0.653778,2.241996,1
1.533687,0.503360,1
1.242165,1.970049,1
1.730266,0.306097,1
0.215617,1.140854,1
2.254320,1.580209,1
-1.297478,1.274146,1
1.184994,0.640014,1
0.358666,0.794030,1
2.551200,0.691544,1
-0.559327,2.176348,1
1.890684,2.256809,1
1.187357,0.745619,1
2.189209,2.240783,1
2.016604,-0.723006,1
0.137545,-1.596507,1
0.486986,1.198701,1
1.733055,1.159057,1
0.064168,1.527586,1
1.672652,0.972112,1
-2.210752,0.827384,1
-1.515662,1.300294,1
1.278484,0.866917,1
-0.452465,0.221131,1
-0.271733,0.588835,1
0.042278,-0.172911,1
-0.860847,1.072002,1
2.187620,1.961594,1
1.703511,-0.407724,1
-0.696685,0.619750,1
0.311832,1.014383,1
-1.479850,1.523355,1
1.852361,1.723415,1
2.721671,-0.284680,1
0.066982,0.598433,1
0.273099,1.196057,1
0.344046,2.295066,1
0.674088,-0.959581,1
1.248036,0.153772,1
2.547716,1.344567,1
0.279418,1.211139,1
1.106544,1.436731,1
-0.486009,1.818866,1
0.786519,3.281705,1
1.662657,3.055381,1
0.071961,-0.308966,1
-0.413709,3.129801,1
2.880839,0.757683,1
0.524370,0.750816,1
1.549503,1.516242,1
2.705854,2.454673,1
-0.845089,-1.549845,1
1.801371,2.294202,1
1.363251,3.158597,1
0.439379,1.426171,1
0.779896,0.118528,1
1.041890,1.988432,1
0.251552,-0.361047,1
1.422780,2.224364,1
0.674884,3.038904,1
-0.987861,-1.387575,1
1.149717,0.175368,1
1.885056,0.017914,1
0.808091,2.646364,1
0.442089,0.738038,1
-0.324180,-0.356618,1
0.750502,1.482931,1
1.543497,-0.610273,1
1.621272,0.566457,1
-1.835201,0.311726,1
-0.145327,0.847676,1
2.342179,0.896813,1
-0.275012,2.500646,1
1.886601,1.345114,1
2.805754,-1.158720,1
2.602746,1.918081,1
0.654519,0.538571,1
1.245762,0.334968,1
2.555102,1.908275,1
0.978966,1.827703,1
-1.460922,0.548289,1
0.910329,-0.522994,1
1.106105,-1.344911,1
1.228279,0.302379,1
1.032828,1.994475,1
1.022977,-1.025276,1
2.564371,1.603128,1
-0.079031,1.347799,1
-0.372718,1.938162,1
2.535290,2.220311,1
-0.320680,1.536990,1
-0.210857,1.856567,1
-0.103932,1.328754,1
0.180919,2.778984,1
0.523546,-0.648648,1
1.508233,1.167149,1
-0.283486,0.322390,1
2.205386,2.393979,1
1.283368,-0.230121,1
1.685739,0.673868,1
1.189039,-0.610497,1
1.055856,-0.848925,1
1.860137,1.633644,1
1.079702,0.309683,1
-0.590880,0.837354,1
1.924042,0.811686,1
-0.662393,2.574489,1
0.166563,0.202287,1
-0.039122,-0.002711,1
0.617654,0.454475,1
1.825499,3.767059,1
1.622115,1.302310,1
0.872897,1.915463,1
-0.925408,1.357330,1
-0.456224,1.959754,1
0.305066,1.053320,1
2.331892,1.852789,1
0.205045,1.820933,1
1.640183,-0.213306,1
1.330575,0.506962,1
0.263127,-0.244900,1
1.730873,0.893189,1
0.283099,-0.472911,1
1.795370,0.975324,1
2.063689,0.192856,1
-0.615890,1.227769,1
0.280587,0.770619,1
1.158849,-1.290760,1
-0.968682,0.596348,1
3.576371,0.491180,1
0.393964,0.831101,1
0.164954,-0.560593,1
0.111969,2.533959,1
2.306366,3.110943,1
-0.015914,1.009141,1
1.498017,1.464636,1
-0.715059,-0.921828,1
0.808655,0.453259,1
1.206200,-1.493982,1
0.594301,1.051586,1
-1.543243,1.927042,1
2.486114,2.180818,1
0.509512,1.142865,1
0.515861,-0.832904,1
1.790573,0.214242,1
2.169250,-0.099222,1
0.802186,-1.066120,1
1.567024,0.312422,1
1.941961,1.143705,1
1.423301,0.430274,1
0.496603,1.506486,1
0.507912,0.389163,1
1.823738,1.377856,1
1.180735,1.722222,1
2.264898,0.263806,1
0.998584,0.745570,1
0.120296,0.443086,1
-0.364145,1.336833,1
1.243933,-0.535264,1
0.682986,2.355523,1
0.604281,3.879927,1
0.494392,-0.073018,1
0.953976,-0.267035,1
1.071258,0.371132,1
2.977758,0.290077,1
0.947892,0.746785,1
1.633508,2.039167,1
2.848608,1.008176,1
-0.201515,1.587369,1
-0.833626,2.369897,1
1.565422,0.799149,1
1.225892,2.029679,1
0.736017,1.496253,1
2.085302,1.312282,1
1.031416,1.263513,1
2.541711,0.741044,1
-0.595629,-0.465926,1
1.642053,-0.967426,1
1.781295,2.714332,1
-0.919432,0.124356,1
1.232546,0.837723,1
1.465332,-0.037231,1
1.014877,1.299840,1
1.760240,0.891539,1
0.118873,1.835782,1
3.055554,0.058705,1
0.330310,1.478596,1
0.673024,0.616778,1
2.787460,1.147897,1
-1.165637,0.169752,1
0.320916,0.601463,1
2.083843,-0.565956,1
1.919040,-1.113161,1
-0.650106,1.422728,1
-0.683562,1.742878,1
1.376222,1.366388,1
0.859382,1.456760,1
1.242687,1.284233,1
1.079087,-0.043365,1
1.627093,0.048451,1
1.203707,1.708904,1
0.757796,1.288961,1
0.263384,0.936636,1
1.277720,1.332926,1
-0.777611,1.590289,1
0.091709,2.711324,1
1.831018,-1.087776,1
2.349651,-1.129850,1
3.348671,0.127734,1
3.247575,-1.782868,1
0.488548,1.981854,1
0.456185,2.647764,1
1.428150,1.725320,1
0.001402,0.537059,1
3.100761,3.460460,1
0.477031,1.611790,1
0.890635,1.754406,1
1.133703,2.547650,1
-0.690054,-0.596701,0
-0.637581,-0.409772,0
-2.835838,0.185552,0
-0.698073,-1.391546,0
0.782158,-1.179392,0
-1.318268,-1.668285,0
-2.055296,-0.102537,0
-0.886583,-1.574505,0
-1.052097,-0.525410,0
-1.240918,0.265525,0
-1.325275,-0.363947,0
-0.605247,-2.885162,0
0.143289,-0.269272,0
0.320426,0.066133,0
-1.904438,-1.818872,0
-2.035986,-0.473796,0
-0.658374,-1.002446,0
-1.491791,-0.178811,0
1.089866,0.247862,0
-0.396188,-1.505724,0
-1.206308,0.638038,0
-2.030980,-2.493046,0
0.358659,-1.514428,0
-0.696442,-1.192641,0
0.998157,-0.122074,0
-1.911867,-1.160158,0
-1.615790,-1.387684,0
-1.925610,-1.616286,0
-0.162090,-1.294119,0
-2.107473,-0.456501,0
-2.877580,-2.545978,0
0.677493,-1.700899,0
-1.033726,-0.945004,0
-1.373397,-0.503018,0
-1.881680,-1.875430,0
0.490573,-0.309601,0
0.152266,0.099281,0
-1.133067,-1.818203,0
-1.082082,-0.270948,0
0.200815,-2.146099,0
0.944108,-0.577104,0
0.055219,-0.546509,0
-0.334360,-3.083310,0
-2.534344,-0.139309,0
0.694965,-1.681176,0
-2.861922,-1.626797,0
1.045633,-0.154385,0
-2.248414,-0.904456,0
-0.070574,-1.501718,0
0.524522,-2.820566,0
-0.778666,-1.927144,0
-0.479268,-0.776739,0
-1.374329,0.578586,0
-0.997747,-4.150412,0
0.179505,-0.276826,0
-3.451170,-2.951927,0
-0.053203,-1.892441,0
-1.442226,-0.682218,0
-1.760611,-1.296804,0
0.845006,-2.758680,0
-1.686950,0.230421,0
-1.343718,-3.011539,0
-3.430318,0.493990,0
-0.866301,-0.910080,0
1.662996,-1.187077,0
-0.593622,0.258617,0
0.503583,-1.824700,0
-1.893152,-1.797771,0
-0.891890,0.410923,0
-0.090709,0.088729,0
-3.329787,-0.269348,0
-2.512161,0.407908,0
-0.264926,-2.526599,0
-1.899633,-0.585329,0
-1.590100,-0.423927,0
-0.162937,-2.248241,0
-1.534359,-1.628620,0
-0.215513,-1.244211,0
-1.262988,-0.268342,0
-3.589280,0.014942,0
-1.873882,-3.270106,0
-0.450217,-1.117881,0
-0.501988,-1.578546,0
-0.524904,1.347280,0
-2.713385,-1.531436,0
-3.300418,-1.072160,0
0.661957,-0.757314,0
-0.559511,-0.321109,0
-0.210502,-2.923419,0
-0.447054,-0.632835,0
0.646843,0.076848,0
1.179841,-0.280289,0
-0.811975,0.078716,0
-1.928844,-0.809372,0
-2.544055,-1.450692,0
-3.535766,-0.599219,0
-0.305144,-0.952087,0
-1.908814,-2.152477,0
-1.656597,-1.710700,0
-1.301266,0.402511,0
-2.044614,-2.817649,0
-1.103679,0.003787,0
-0.789256,-2.469845,0
-1.031974,-1.801547,0
0.017403,-0.308000,0
0.818231,-2.189223,0
-0.964078,1.700593,0
-0.234374,-3.375515,0
-3.589932,-0.324852,0
-0.161455,-2.169135,0
-1.484055,-1.137892,0
0.216626,0.157501,0
-1.308985,-0.923117,0
-1.502430,-1.556777,0
0.735154,-1.797788,0
-2.139950,-0.605907,0
-0.687473,-0.755277,0
-0.564385,-1.855768,0
-2.589169,0.386494,0
-2.462304,-2.398936,0
-1.067391,2.058056,0
-0.345484,-0.297271,0
-1.501022,-0.911840,0
-0.929839,-0.844908,0
0.044325,-0.933023,0
-1.275084,-2.576669,0
-2.173059,-2.173622,0
0.147546,1.517114,0
-2.941633,-3.150339,0
-0.441960,-1.088161,0
-0.509157,-1.397035,0
-1.697086,-0.375938,0
-0.353938,-1.436940,0
0.290256,-2.011835,0
0.338334,-1.872689,0
-0.915519,-2.664451,0
-1.032457,-0.764547,0
-2.061155,-1.218357,0
0.042614,-0.150596,0
-3.111078,-1.042559,0
-0.186138,-0.526943,0
-0.391830,-1.180096,0
1.646469,-2.209622,0
-0.294695,0.085752,0
-1.365027,-1.287449,0
-3.322754,-3.183609,0
-1.613826,-1.254492,0
-1.249050,-1.961349,0
-0.228340,-1.137378,0
0.431435,-0.611355,0
0.964847,-3.282513,0
-1.073001,-1.593973,0
-1.301070,-2.535174,0
-1.180817,-1.128529,0
0.083926,-0.555889,0
-1.205532,-1.098887,0
-0.798820,-2.475490,0
-2.025080,-0.549986,0
-2.549946,-4.116009,0
-0.595792,0.852675,0
-0.587381,-3.155107,0
-1.373899,0.672794,0
-0.987178,-1.107732,0
0.146517,-1.806933,0
-1.272360,-1.345405,0
-0.360013,-0.062605,0
0.675668,-2.766116,0
-0.184139,-2.598729,0
-0.059577,-0.964757,0
-0.246628,-0.169273,0
-0.169488,-0.624490,0
0.689418,-2.044420,0
-1.721178,0.505777,0
-0.025739,-0.662357,0
-1.612928,-0.411548,0
0.146768,-2.594117,0
-0.493992,-0.623350,0
0.429568,0.970605,0
-0.934520,1.955163,0
0.426430,-0.392703,0
-2.394011,-2.175412,0
-0.885617,-2.167862,0
-1.201834,-1.085554,0
0.153041,-1.330855,0
-2.487060,0.151648,0
-2.463064,0.192648,0
-0.878267,-2.685848,0
0.112970,-1.831414,0
-2.252921,-1.119901,0
-2.023522,-1.334033,0
-0.510067,-0.341017,0
-2.240943,-1.137215,0
-0.540122,-0.681071,0
-1.249155,-0.488837,0
-0.100430,-2.272468,0
-1.468801,-0.217029,0
-0.717642,-1.237848,0
0.897730,0.284208,0
-0.375506,0.349375,0
-0.103766,-1.377706,0
-1.153529,-0.951688,0
0.454525,-1.831437,0
-0.111470,-1.236515,0
-1.360154,-2.852979,0
-1.564948,-1.736467,0
-1.996060,-1.451922,0
-0.685062,-1.661065,0
-1.194844,-1.136230,0
-1.961755,-0.491243,0
-1.600429,-1.836944,0
-1.484480,0.807435,0
0.604286,-1.936995,0
-2.679084,-0.911418,0
-1.676493,-2.358046,0
-0.664055,-1.462456,0
-2.174708,-3.469415,0
-1.642965,-1.963429,0
-2.425266,-2.423719,0
-1.986357,-1.785857,0
-1.720786,-1.439782,0
-2.913058,-1.907261,0
-0.312049,0.237328,0
-1.363114,-0.744239,0
-2.130440,-1.066258,0
-0.366014,-1.227688,0
-1.004562,0.070551,0
1.274298,1.337287,0
-2.382906,-1.120614,0
-1.341632,-2.633107,0
-1.500923,-0.949828,0
0.101488,-0.819457,0
-0.650649,-2.130723,0
-2.767132,-2.039812,0
-0.231172,-0.209557,0
-0.784532,-1.272608,0
-0.719637,-1.673957,0
0.983257,-1.824147,0
-0.319801,0.630280,0
-0.063457,-0.134089,0
-0.475541,-2.090830,0
-0.879683,-2.041731,0
-1.187936,-0.641087,0
0.607691,1.144695,0
-2.001017,-0.343214,0
-2.054089,0.031234,0
-1.134817,-2.168040,0
-0.425447,-1.054074,0
-0.821401,-1.944256,0
-1.429228,-1.092035,0
-2.914325,-3.993448,0
-1.613363,-1.983690,0
0.213978,-0.119598,0
-0.223795,-1.990413,0
-2.127952,-1.265009,0
-0.845814,-0.512950,0
-2.310725,-2.135900,0
-2.334366,1.158345,0
-1.409734,0.136811,0
-0.398570,-2.972520,0
-2.117206,-0.437710,0
0.259374,-2.172173,0
1.383248,-0.806927,0
-1.882641,-0.264317,0
-0.701286,-1.590547,0
-0.915244,-2.150209,0
-1.789528,-1.341403,0
-0.439578,-0.911525,0
-1.503652,-0.181131,0
-0.656197,-1.582851,0
0.072816,-0.401810,0
3.047730,-2.286419,0
0.523918,-0.655609,0
-1.435798,-0.352849,0
-1.913776,-1.153193,0
-0.816847,-1.824447,0
-2.563172,-2.237027,0
-0.708045,-1.155076,0
-0.394314,-2.508523,0
-0.815956,0.593411,0
0.319834,-0.341990,0
-2.092330,0.353975,0
-1.545013,-2.269952,0
-1.302465,-1.784413,0
1.278641,0.689122,0
-0.648423,-1.257426,0
-0.886915,0.230146,0
-0.964331,-1.659338,0
0.115397,-0.698623,0
-2.254687,-2.682560,0
-0.265770,-0.318073,0
-1.822641,-0.531963,0
-0.333645,-0.679871,0
-0.840170,-0.486925,0
-2.472804,-1.676815,0
-0.895651,-2.065084,0
0.239136,-0.153469,0
0.404527,1.510218,0
0.333683,-1.116509,0
-0.137531,-1.777786,0
-0.850025,-1.537341,0
-0.113833,1.164422,0
-0.565686,0.815716,0
-0.605787,-2.057398,0
-0.241117,-1.279794,0
-0.716168,-0.712631,0
-0.581373,-1.162701,0
-1.698534,-1.434126,0
-2.214571,-0.872988,0
-1.147160,-0.896121,0
-1.386325,-0.381439,0
-0.322256,-2.388026,0
-1.139359,-2.643930,0
-0.808773,-0.324745,0
-2.370521,-1.701140,0
-1.164051,-0.198827,0
-0.054577,-0.149679,0
-0.106841,-2.116152,0
-0.418923,0.425847,0
-2.534754,-3.128787,0
0.660040,-1.294300,0
-1.349718,-1.760765,0
-2.456588,-0.157288,0
-1.831194,-0.589372,0
-1.131247,-1.442488,0
0.403533,-1.476748,0
0.113712,-2.226227,0
0.306505,0.508890,0
-1.485887,0.431333,0
-2.569761,-0.093568,0
-0.688301,-2.824483,0
-1.007882,-1.106722,0
-0.593383,-1.468748,0
-1.482329,-0.622866,0
-1.891828,-2.120549,0
0.216002,-2.824322,0
-0.362410,-2.048740,0
-0.864701,1.159645,0
-1.414548,-1.605725,0
-0.837504,-1.360802,0
-1.721288,-1.224002,0
0.303080,-2.443296,0
-0.842668,-1.484381,0
-0.808000,-0.869637,0
-0.217162,-1.083032,0
-1.310564,0.228020,0
-0.758619,-2.111853,0
-1.054247,-1.184095,0
-0.021228,0.811162,0
-1.440784,-2.487522,0
-1.643274,-1.261702,0
-2.811300,0.381092,0
-0.519434,-0.288640,0
-0.905809,-2.189349,0
-1.822848,-1.589361,0
-1.957086,-1.890588,0
-1.556273,-0.423640,0
-0.807939,1.707926,0
-0.702320,-1.433076,0
-0.993413,-1.032857,0
-0.740040,-0.088950,0
-1.588136,-1.255555,0
-2.119124,1.235696,0
0.654224,-1.463101,0
-0.379781,-0.189847,0
0.928826,-0.858980,0
-0.622379,-0.129640,0
0.183597,-0.804879,0
-1.453064,-0.236817,0
-0.808567,-2.667678,0
-3.440034,-0.750833,0
0.131489,0.544697,0
-0.081382,-2.247100,0
-2.310047,0.805357,0
-2.461227,-1.382576,0
-2.671293,-0.942793,0
0.337321,-1.099218,0
0.488596,-1.131518,0
-1.308604,-1.796050,0
-2.326615,-0.489797,0
-1.691053,-0.971181,0
-0.857305,0.901413,0
-0.711844,-1.927636,0
-0.600859,-0.938769,0
-0.545452,-0.177780,0
-1.088111,-0.195077,0
1.021756,1.189204,0
-2.417903,0.424518,0
-0.522976,-2.727602,0
-0.192625,-2.098716,0
-0.621395,-1.026360,0
-0.767150,-0.789926,0
-1.605490,-2.207812,0
-1.167137,-1.418837,0
-1.669962,-0.955844,0
-2.976177,0.820879,0
0.703033,-0.056017,0
-2.240095,-3.279776,0
-0.491476,-2.500351,0
-1.744792,-1.150035,0
-0.370419,1.034148,0
-1.809992,-0.379296,0
-0.826422,-1.111525,0
-0.036747,-1.695664,0
-0.741465,-0.523578,0
-3.121278,0.535617,0
-2.307115,-1.618735,0
-1.146589,-2.194830,0
-0.044929,-0.345383,0
0.205578,-0.074679,0
-0.878341,0.367044,0
-0.780610,0.356806,0
-1.047750,-0.809835,0
-0.364258,-1.970789,0
-0.582643,-0.747747,0
-2.492905,-0.526879,0
-0.639794,-1.827129,0
-0.519285,-1.721795,0
-0.230193,-1.278199,0
-0.897386,-2.421930,0
0.858411,-3.009939,0
-1.140639,0.342370,0
-1.100941,-1.229210,0
-0.137746,-1.041097,0
1.586628,-1.615906,0
-1.445149,-1.410613,0
-0.954173,-2.107938,0
-2.194423,0.414396,0
-0.370666,1.666307,0
-1.543321,1.100651,0
-2.955038,-3.746499,0
-2.081216,0.345007,0
-0.521256,-0.087197,0
-1.685201,-0.178803,0
-0.480121,-4.001689,0
-2.125126,-1.575434,0
-2.111154,-1.041007,0
-1.588682,-0.783520,0
0.471587,-1.664519,0
-1.807719,-2.724232,0
-1.484302,-3.709769,0
-1.470949,-0.110439,0
-0.950479,-1.416951,0
-0.812216,-2.277334,0
-0.284591,-1.422513,0
-0.871240,-0.613920,0
-2.131820,0.688950,0
-0.070544,-1.199312,0
-2.020887,-1.362495,0
-2.091469,0.939423,0
-1.798764,-1.885445,0
-3.179723,-2.536296,0
-2.330654,-0.962838,0
-2.387047,-2.618901,0
-1.128498,0.308813,0
-1.017256,1.521546,0
-1.279868,0.288551,0
-0.877981,-1.788791,0
0.633213,-1.333772,0
-1.367056,-1.397266,0
0.066224,-3.296777,0
-0.294171,-1.779794,0
-1.676094,-1.123059,0
-1.963216,-0.758651,0
0.046129,-0.815353,0
-1.012065,2.205026,0
-1.878003,0.718056,0
-1.769443,-0.435898,0
-1.521375,0.054436,0
-1.160556,-0.843730,0
-0.810748,-0.129878,0
-0.574809,0.643615,0
-0.591679,0.193854,0
-2.285468,1.167352,0
-1.129779,-1.446495,0
-0.363610,-0.890233,0
-2.041978,-1.879785,0
-1.890236,-1.606872,0
-0.383070,-0.557597,0
-0.634767,-1.083233,0
0.837772,-1.144744,0
-3.398778,0.673686,0
0.263761,-0.548982,0
-0.563463,-1.795001,0
-1.872704,-2.138580,0
-1.225436,0.009146,0
-1.628547,-2.172335,0
-0.816153,-0.056848,0
-0.689096,-1.942936,0
0.672132,-1.057234,0
-0.898102,-2.079186,0
-2.055862,0.581713,0
-0.429935,0.771800,0
-0.265385,-1.419874,0
-1.384521,-1.683983,0
-1.117911,-2.174603,0
0.131455,-1.571644,0
-0.145703,-0.156749,0
-0.433035,-1.705884,0
-0.243572,-1.875870,0
-2.568493,-1.837873,0
-1.405179,0.002764,0
-0.875712,-0.446107,0
-0.054026,-2.392750,0
-0.997332,-3.165488,0
-0.510128,-0.968644,0
-1.774649,-2.075178,0
2.082109,1.032431,0
-1.718883,-0.369250,0
-0.413943,-0.108139,0
-0.306080,-0.250791,0
-0.764731,-0.883083,0
-0.949836,0.090638,0
-0.720938,0.567148,0
-1.429066,-1.894679,0
-2.660230,-1.014540,0
-0.500342,-1.498948,0
-0.488702,-0.627069,0
-0.088775,-1.513507,0
-0.163828,-1.084793,0
-2.854936,-0.906452,0
-1.259943,-1.408502,0
-2.234451,-0.923228,0
0.403694,-2.393778,0
-1.243061,-0.001742,0
-0.775852,-1.040294,0
-1.069840,-0.579597,0
0.168660,-1.781949,0
0.065720,0.349780,0
-1.118322,0.163167,0
-0.106191,-1.590310,0
-2.640496,-1.863128,0
-1.842671,-2.213303,0
-1.236190,-1.574572,0
0.671292,0.251813,0
-1.141893,-1.142658,0
-2.166235,-1.083794,0
-1.183846,-0.172066,0
-1.037925,-2.452222,0
-2.470462,0.709811,0
-2.054823,1.493306,0
-2.698893,-2.874703,0
-0.242247,-0.328788,0
-1.227039,-1.299262,0
-2.988338,-1.836855,0
-1.728415,-0.647853,0
-0.527645,-0.288277,0
-3.390314,-2.323043,0
-0.758429,-1.305737,0
-2.082294,-0.179049,0
-1.977869,0.162156,0
-3.185425,0.795076,0
-1.982438,0.075016,0
-1.163235,-0.909186,0
-0.734675,-0.886202,0
-2.277874,-0.653669,0
-1.248336,-2.121402,0
-1.053863,-1.902699,0
-0.775771,0.577346,0
-0.514192,-0.229750,0
-0.997280,-0.216666,0
-0.852315,-1.002069,0
0.199564,0.131693,0
-2.774907,-2.102174,0
0.436961,-1.841316,0
0.001161,-1.240709,0
0.133479,-1.245313,0
-1.123559,-0.935741,0
-0.346176,-2.674131,0
-2.828201,-1.295593,0
1.163852,0.224292,0
0.388912,-1.703639,0
-0.869186,-0.419591,0
-0.089780,-0.638159,0
-0.483446,-2.137096,0
0.039766,-2.776203,0
-2.949422,1.120281,0
-0.959151,-1.443960,0
-1.709620,-0.030536,0
-1.806953,-0.009990,0
1.826046,-0.529869,0
-3.535902,-0.901698,0
-1.381518,-2.336462,0
-1.870400,-0.987503,0
-3.751767,-3.065829,0
-0.264797,-0.272531,0
-2.645147,-2.617405,0
-1.562314,-0.534900,0
-0.214489,-0.473130,0
-2.525731,-0.803606,0
1.599519,-0.577552,0
-1.530557,-0.085452,0
-2.930398,-0.408701,0
-0.591514,-2.082415,0
0.438009,-0.994034,0
-0.709454,0.685664,0
-1.247037,-1.971778,0
0.098532,-1.767243,0
-1.397675,-0.734608,0
-0.861661,-0.916247,0
-1.119835,-2.757080,0
0.379790,-0.267644,0
-0.721831,-0.248149,0
0.517962,-0.386955,0
-0.090461,-1.604406,0
-1.599341,-2.615213,0
-1.344140,0.741970,0
-3.580096,-0.337487,0
-1.049958,0.642690,0
-2.317226,-2.161145,0
-1.149748,-1.049058,0
-1.787396,-1.123772,0
-2.131619,-0.954603,0
-0.318848,-1.352700,0
0.509227,-1.215450,0
-0.500305,1.094639,0
0.911182,-2.328281,0
-1.838718,0.087729,0
0.795517,-0.836984,0
-0.759518,0.061772,0
-1.498959,-0.352697,0
-0.119085,-0.481456,0
-1.231354,-3.634583,0
-1.709520,-3.577221,0
0.718567,-1.795955,0
-2.188306,-0.800014,0
-0.512787,-1.472175,0
0.746617,-0.772115,0
0.491162,-1.706204,0
-2.493921,-2.391664,0
0.600868,-0.815427,0
-1.117380,-1.837838,0
1.029609,-1.276990,0
-1.733419,-1.451633,0
-2.308141,-0.841646,0
0.076141,-0.095100,0
-0.431918,0.161266,0
0.597394,-0.803330,0
-0.816863,-3.480415,0
-1.336835,-0.510880,0
0.153449,-0.914937,0
0.899765,-0.618260,0
-0.723769,0.227611,0
-0.234558,-1.450107,0
0.500180,-2.234303,0
-0.526889,-2.473876,0
-0.686948,-1.143393,0
-1.031843,0.924678,0
-0.952911,-2.557513,0
-1.309329,-1.594662,0
-0.759000,-1.151301,0
-0.918782,0.510074,0
-1.415748,-0.752863,0
-0.780139,-0.558171,0
-0.310303,0.387733,0
-0.386096,-2.208563,0
0.119199,-1.202180,0
-2.579501,-0.464327,0
0.268514,-2.818367,0
-0.415867,-2.517762,0
-1.420687,-0.307705,0
-1.651096,-1.950989,0
-1.243205,-0.792123,0
-3.124070,0.569758,0
-1.517506,-2.147423,0
-3.228128,-0.856672,0
0.576987,-1.320586,0
-1.101727,-2.517840,0
0.126790,1.268232,0
1.405690,-3.395776,0
0.512058,-0.165083,0
-1.019532,-2.153330,0
-1.241135,1.537265,0
-1.466654,-1.314486,0
-0.543272,-2.428333,0
0.520193,-2.644511,0
-1.860843,0.475833,0
-3.203049,-0.925586,0
-3.535837,-2.210962,0
-1.194136,-1.496417,0
-0.100228,-1.221942,0
-2.242600,-2.486515,0
-0.743055,-1.996306,0
-1.758480,0.289572,0
0.823369,-2.276837,0
-0.781964,-1.385836,0
0.823428,0.119313,0
-1.286371,-1.261683,0
-1.033011,-0.966807,0
-0.395874,-2.010862,0
-0.963454,-2.105497,0
-0.467916,2.948906,0
-0.761621,-1.014292,0
-0.995478,-3.116585,0
-0.877135,-0.629007,0
-0.595421,-1.216996,0
-1.159630,-0.696024,0
-2.495458,0.591520,0
0.814862,-0.656815,0
-1.030109,-3.936544,0
-1.510625,0.000621,0
-0.745393,-1.552667,0
0.278997,-0.327316,0
-1.760553,-3.509777,0
-1.045231,-1.277472,0
-2.752159,-1.052176,0
-2.199590,-1.084689,0
-0.229860,-1.568716,0
-1.678152,0.130066,0
-2.270544,-1.771510,0
-1.617948,0.394861,0
1.092792,-0.256843,0
2.147747,-1.100986,0
-0.215582,-1.500850,0
0.565408,-1.382425,0
-2.484606,-3.532274,0
-1.462029,-3.154991,0
-1.257606,-1.504954,0
-1.371987,-0.890735,0
-1.216860,-1.618942,0
-0.699931,-1.176383,0
-1.101592,-0.712936,0
-0.653504,-1.736801,0
-1.168652,-0.315291,0
-1.796460,0.336975,0
-2.391631,-1.055082,0
-0.167220,0.613865,0
-0.654662,-0.816476,0
-1.964602,-0.832790,0
0.386869,1.272130,0
-0.743815,-3.996020,0
0.421176,-0.397721,0
-1.819835,0.590200,0
0.029311,-3.151579,0
-0.925522,-0.463645,0
-0.344637,-0.919890,0
-1.945372,-1.163047,0
-2.376395,-1.191542,0
-0.339525,-2.087717,0
-1.301796,-1.447476,0
-0.686516,-0.556184,0
-0.602189,-0.452170,0
-1.608730,-2.374372,0
-0.182832,0.656776,0
0.348535,-1.525996,0
1.484732,0.210053,0
-2.974936,-1.511813,0
-2.136054,-0.151264,0
-2.039169,-0.605520,0
-0.429017,-1.678598,0
-4.109834,-0.395563,0
-1.204762,-1.331925,0
-2.105092,-2.270565,0
-1.060773,-1.299015,0
0.615352,-3.009649,0
-0.278847,-0.048774,0
-1.085487,-0.389895,0
0.097075,0.883996,0
-0.998724,0.584423,0
-0.540490,-0.810258,0
-2.247002,-3.049154,0
-1.856568,-0.796818,0
-0.790649,-1.153286,0
-2.482486,-1.843617,0
-1.000956,-0.306774,0
-1.172388,-1.693274,0
-1.178506,-2.724139,0
-0.847694,-0.949341,0
-0.717317,-0.949892,0
-1.212652,-1.740323,0
-0.463043,-0.494823,0
-1.450522,-0.865950,0
-0.522571,-0.749213,0
-0.333419,-1.184737,0
-0.785205,1.882126,0
0.385419,-2.197647,0
-2.616376,-0.565377,0
-0.631755,-1.094320,0
-0.264860,-1.718280,0
-0.314554,-1.594394,0
-2.727403,-1.572266,0
-1.223863,-0.596534,0
-1.259145,-1.916987,0
-1.663148,-0.593698,0
-1.908239,0.105820,0
-0.407059,-1.385770,0
-2.387756,-0.953992,0
-2.118369,-1.977015,0
-0.581432,-2.496614,0
-2.083664,-1.100322,0
-0.078562,-0.950624,0
-2.934790,-0.271310,0
-1.802618,0.876340,0
-0.111649,-0.961449,0
0.920883,-1.484158,0
-0.958210,-0.470159,0
-0.638943,-1.135503,0
-0.102575,0.223668,0
-1.640585,0.467890,0
-1.555940,-3.549217,0
-1.059483,-0.673503,0
-2.014327,-0.873847,0
-1.243031,-0.082078,0
-0.849814,-1.695490,0
-0.617170,0.311023,0
-0.654773,-2.589184,0
-1.023726,1.368192,0
-2.195952,-1.149749,0
0.476405,-1.446968,0
-1.280667,-0.934871,0
-1.951192,-1.291811,0
-2.715259,-1.767289,0
-0.330785,-2.077012,0
-2.090425,-2.020797,0
-0.042077,-2.064998,0
-0.664021,-1.524576,0
-1.297748,-0.799077,0
-3.053039,-0.987443,0
-2.235007,-0.004058,0
-0.796221,0.149807,0
1.078344,-0.102299,0
-1.257572,-1.050702,0
-1.899470,-0.465053,0
-1.459637,-0.035599,0
-0.242433,-1.431556,0
-2.856640,-0.833081,0
-0.752897,-1.364295,0
-1.094324,-1.534255,0
-1.056135,1.386869,0
-1.182591,-1.172295,0
-1.076447,-1.570807,0
0.264333,0.247313,0
-3.329173,-1.044237,0
-1.906517,-0.873424,0
-0.586085,0.188639,0
-2.511873,-1.751951,0
0.931269,-2.792482,0
-0.083866,-4.243521,0
-1.775064,-1.496536,0
-0.750724,-1.484523,0
-1.849426,-0.447043,0
-0.555482,-2.008385,0
-1.364437,0.612887,0
-1.449230,-1.250469,0
0.810605,-3.289711,0
0.408831,-1.679863,0
-1.179801,-1.437501,0
0.484439,-1.342626,0
-1.310181,0.612114,0
1.388824,-0.641035,0
0.559679,-2.330711,0
-1.488900,0.643755,0
1.904815,-1.576210,0
-0.778301,-1.005932,0
-0.765621,0.906755,0
-1.044067,-0.685443,0
-2.679612,-1.749066,0
-1.785073,0.335471,0
-2.725291,0.835631,0
-0.066075,-0.967500,0
-0.807329,-1.245083,0
-0.171725,-1.588248,0
-1.477438,-1.997328,0
-0.863967,-3.346637,0
-0.475690,-1.638681,0
-3.180471,-1.820066,0
0.039740,0.876196,0
-2.808620,-1.032178,0
-2.686619,-2.937715,0
-0.791788,-1.865908,0
-2.399409,-2.480741,0
-1.432286,0.441108,0
1.102236,-2.681266,0
-1.268663,-0.719834,0
-0.988500,0.580987,0
-0.360440,0.357814,0
-1.102896,-2.964301,0
-0.122511,-1.777816,0
-0.264255,1.243807,0
-0.201607,-2.174925,0
-0.207729,-1.375761,0
-1.561548,-0.271022,0
-0.819008,0.254249,0
-0.874165,-4.426490,0
-1.160599,0.114356,0
-0.035588,-1.220485,0
-2.275149,-0.884049,0
-1.213727,-0.024580,0
0.242231,-0.827099,0
-0.775539,-1.819211,0
0.038643,-0.872579,0
-1.501951,-0.527890,0
-0.481813,-1.201110,0
0.325053,0.251653,0
-0.025586,0.309168,0
-0.185786,-0.252424,0
-0.890612,-1.035625,0
-0.760034,-2.431083,0
0.355388,-3.230576,0
-0.403953,-1.364487,0
-3.024043,1.986458,0
-0.142031,-0.657699,0
-1.078898,-1.212362,0
-1.613931,-1.206841,0
0.967500,-0.052121,0
-1.144028,0.552368,0
-0.811950,-3.585300,0
0.671022,-1.833581,0
-1.183394,-0.055704,0
0.222430,-2.386085,0
-1.189367,-0.790425,0
0.858574,-1.285930,0
-1.750532,-0.695765,0
0.419869,-0.515872,0
-3.453399,-1.298250,0
0.651785,-0.488887,0
-0.816796,-1.447931,0
-0.586895,-0.763760,0
-1.407111,-1.415871,0
-0.876347,-1.458277,0
-1.846116,-1.859703,0
-1.052847,-0.357876,0
-0.583128,-0.172943,0
-2.136971,0.353214,0
-2.723830,-1.323469,0
-0.625358,-3.187306,0
0.251427,0.827814,0
-0.858792,-0.957279,0
-1.169962,-1.149576,0
-1.146446,-2.237542,0
-0.101987,-1.549732,0
-0.859618,-1.465359,0
-1.535272,-0.219958,0
0.758823,-1.224426,0
-0.200191,-0.174051,0
-2.218090,0.372500,0
-1.146514,-0.378706,0
1.646017,-0.811077,0
0.109374,-1.176797,0
3.037443,-1.719057,0
-0.424132,-0.915854,0
-2.102193,0.912476,0
-2.579311,-0.871769,0
0.764317,0.160750,0
-0.499260,-1.517523,0
-1.188997,0.761498,0
-1.712673,-0.153385,0
-0.488671,1.139825,0
-2.439635,-2.122920,0
-0.150774,-0.606624,0
-1.009747,-1.549968,0
-0.758534,-1.214002,0
-0.142334,0.822374,0
0.224093,1.005066,0
-0.357452,-0.879121,0
-2.140756,-2.841286,0
-0.585004,-0.957342,0
-0.404441,-0.994317,0
-2.519228,-1.719463,0
1.029207,-0.423688,0
-1.798044,-1.552553,0
-0.908993,-2.250898,0
-0.829888,-0.956134,0
-0.807505,-2.334244,0
-1.964280,-0.776688,0
-1.862563,-1.563671,0
-1.800849,-2.420205,0
-1.858210,-0.678931,0
-1.859847,-0.122669,0
-2.405756,-0.754377,0
-0.390655,-1.639252,0
-1.992858,-1.285914,0
1.050222,-0.499548,0
0.561873,-0.891004,0
-1.459335,-1.531849,0
0.450719,-1.489720,0
-1.573773,-0.780923,0
0.086255,0.039010,0
-1.058560,-2.348507,0
-1.372786,-1.253496,0
-1.578458,-0.534693,0
-0.310585,-0.325955,0
-0.574675,-2.154257,0
-0.181169,-1.677037,0
1.205730,-0.660978,0
-0.304437,-0.385167,0
-1.741600,-0.864249,0
-1.373789,0.014137,0
-1.025463,-1.155657,0
-0.371795,-0.619018,0
-1.186309,-2.523421,0
-1.008362,-0.520193,0
-1.114898,-1.402632,0
-0.848023,1.676820,0
0.726382,-0.521177,0
-1.230281,-0.757721,0
-1.917453,-1.387989,0
-1.204952,-1.561637,0
-0.343944,-1.114148,0
-1.655928,-2.702972,0
-1.165111,1.125509,0
