-1.731009,2.340952,1
1.972235,1.180415,1
-0.333115,1.619226,1
1.077126,0.408022,1
0.087941,-0.179291,1
0.778882,1.408952,1
-0.366245,-0.237487,1
0.616058,-1.525351,1
-0.016280,1.190607,1
2.095237,1.623427,1
1.094965,0.517644,1
1.654777,-2.007118,1
1.405798,1.117982,1
-0.646995,0.482904,1
0.695027,1.640985,1
0.728804,1.102620,1
2.881126,0.086577,1
2.974282,-1.717204,1
0.535260,2.093729,1
0.700330,-0.433081,1
1.245748,2.343956,1
3.236681,0.836273,1
1.062344,1.854366,1
1.629676,1.978106,1
0.776818,1.638745,1
2.022930,2.496289,1
1.536431,0.400096,1
-1.086490,0.013123,1
2.140218,0.853793,1
-0.449631,0.663616,1
3.045755,1.029652,1
-0.976165,0.729263,1
-0.751931,2.158068,1
0.295941,0.157895,1
0.440632,1.475667,1
0.966777,2.551848,1
0.300637,1.204446,1
1.139631,2.954877,1
0.230898,-0.631607,1
3.695696,1.575861,1
2.408321,0.297420,1
0.907269,0.977208,1
1.900080,0.854128,1
3.025836,1.134775,1
0.914142,-1.007260,1
-0.427871,-0.076804,1
2.864229,1.184287,1
0.532871,1.373161,1
0.983566,1.501332,1
0.434781,0.343758,1
2.961380,2.541441,1
0.339312,-1.521813,1
0.429984,1.445234,1
-0.607913,0.129886,1
3.068801,2.864558,1
0.107030,1.133200,1
1.037941,4.441383,1
-1.540514,1.718250,1
-0.056045,1.703523,1
0.809037,0.713749,1
3.335227,-0.596150,1
1.354780,0.949890,1
1.518678,1.879954,1
1.335745,3.504703,1
1.273292,0.323335,1
0.263028,2.102911,1
1.316630,2.860098,1
0.420232,0.994162,1
3.455719,1.361956,1
0.808643,0.948595,1
0.232689,1.679077,1
-0.171340,0.829597,1
0.819605,0.519200,1
0.936557,2.218995,1
0.975994,-0.076568,1
0.818104,2.593648,1
0.889284,2.457445,1
1.702914,0.353366,1
0.924035,0.243360,1
-0.181543,1.994744,1
2.370175,-0.014225,1
0.185713,0.796362,1
0.518791,0.779039,1
2.196029,3.718058,1
1.642340,-0.468228,1
0.800716,1.148677,1
2.115015,0.294438,1
0.117022,0.929038,1
3.497934,1.571135,1
0.802336,0.739051,1
2.592312,-0.334351,1
1.367905,0.393818,1
3.142993,1.747466,1
1.100963,0.900543,1
2.249133,2.076812,1
0.026463,0.728803,1
0.065226,1.106345,1
-1.270814,-0.721833,1
1.730258,1.858482,1
1.340172,1.345357,1
1.331635,1.307480,1
0.639921,-0.315536,1
2.254881,1.102884,1
1.969168,1.039910,1
1.948138,0.273646,1
0.912937,-0.838103,1
2.633428,0.870860,1
1.164754,-0.208190,1
0.515755,-0.499245,1
1.261265,2.251153,1
1.475418,1.956833,1
1.786715,-0.574461,1
0.796634,2.276054,1
1.099490,2.452239,1
-1.112880,1.660559,1
1.442031,1.855598,1
0.960617,1.325714,1
0.709015,1.108755,1
2.733782,0.971762,1
1.639666,-1.362373,1
0.178683,-0.227959,1
-0.870505,2.587461,1
0.370302,1.009956,1
0.191301,-1.241417,1
0.738614,1.678481,1
2.219765,2.606606,1
0.317204,0.332285,1
0.933707,0.090325,1
2.500856,1.514638,1
1.438602,1.470317,1
2.426060,-0.216378,1
3.030402,2.588222,1
2.268613,0.701915,1
-0.157918,0.892853,1
-0.181369,-0.175669,1
0.712645,-2.206592,1
1.232881,1.091624,1
0.543447,-1.117212,1
1.063429,0.759221,1
0.515475,1.420990,1
1.846290,3.118590,1
1.401162,0.998077,1
-0.474258,0.912583,1
-0.309954,-1.063794,1
1.129173,-0.216871,1
0.074762,1.627237,1
1.411054,1.338033,1
1.330414,3.084786,1
-1.548465,1.283603,1
2.572929,2.137558,1
-1.055504,0.938824,1
-0.731535,1.890718,1
2.634900,-0.769006,1
0.729015,0.192736,1
1.011840,0.346515,1
1.428727,1.933723,1
1.335436,1.162772,1
1.922389,0.784805,1
0.267254,-0.073443,1
-0.697979,-0.378836,1
2.582187,2.566612,1
1.417609,2.055891,1
0.121284,-1.414370,1
0.450015,3.166503,1
0.580069,-1.524108,1
0.359299,0.628921,1
1.733221,0.797254,1
0.881236,1.368649,1
-0.191107,1.584691,1
1.301990,2.099682,1
-1.206722,0.809370,1
0.373378,-1.771000,1
1.646732,1.236037,1
0.597421,-1.171371,1
1.179735,0.554928,1
0.741020,1.937261,1
-1.339669,1.021879,1
0.881134,-1.086779,1
-0.829485,0.645190,1
0.552373,1.636985,1
1.002489,0.121754,1
2.421283,1.689789,1
1.793658,0.194724,1
0.797859,0.898518,1
0.492336,1.264920,1
2.912941,1.935064,1
2.803497,3.065840,1
1.310724,0.065625,1
0.885772,-0.318523,1
0.471858,0.121743,1
0.455326,0.638007,1
2.028156,1.311143,1
-0.195451,1.467680,1
0.353455,2.432461,1
1.735934,0.662458,1
-0.264929,2.653770,1
0.297807,1.446353,1
2.928168,0.604301,1
-0.292938,0.688614,1
0.987158,-1.400798,1
1.489585,1.962829,1
0.011822,0.677941,1
2.000984,0.708190,1
0.010894,1.594736,1
0.249566,0.264834,1
0.456430,1.015867,1
1.873762,0.447055,1
1.366047,1.311124,1
0.140376,2.099921,1
3.060363,0.638439,1
2.024398,0.359333,1
1.563309,0.373473,1
1.028702,1.332007,1
2.343964,2.588542,1
1.149137,0.965238,1
1.589754,-1.568008,1
2.810284,0.973850,1
1.100289,0.450212,1
1.740988,0.269505,1
2.174691,-1.897635,1
-0.186886,1.733693,1
2.281734,1.184482,1
1.738189,1.663424,1
2.445417,3.127528,1
2.414916,-0.251557,1
0.447765,0.617050,1
0.745782,-0.471343,1
-1.403405,1.574949,1
0.791717,0.883350,1
0.766550,-0.122045,1
-0.743273,1.933934,1
0.287320,2.684790,1
0.036838,1.031726,1
-0.945638,-0.390828,1
1.547031,1.120700,1
2.320604,0.548803,1
1.184791,-0.664464,1
0.332625,1.582519,1
1.120350,3.744594,1
1.269965,0.886187,1
2.306534,1.877366,1
1.910659,0.481522,1
-0.481192,1.892861,1
1.965812,0.430478,1
0.962374,2.804341,1
-0.464348,2.528622,1
0.551942,-0.495247,1
0.170363,3.788369,1
0.321283,-0.236183,1
0.261437,1.676034,1
-0.184925,1.075277,1
1.576650,0.689627,1
0.594627,2.212577,1
2.326644,1.054938,1
-0.220380,-0.156455,1
2.119744,1.018833,1
1.654945,1.964992,1
2.792939,1.733677,1
0.602917,0.573876,1
1.252963,1.761486,1
1.234025,1.879569,1
-0.463115,2.053013,1
-0.080899,0.483389,1
1.077670,1.239847,1
2.094670,1.201510,1
0.739923,0.288394,1
1.996904,-0.400713,1
-0.032746,2.505978,1
-0.295767,0.471342,1
-0.106857,-0.423403,1
2.256695,0.742746,1
-0.674722,2.497755,1
0.566282,0.111469,1
1.630860,-1.712282,1
1.655973,3.066199,1
0.983099,1.729554,1
0.477104,0.923593,1
0.440500,0.703805,1
0.978964,1.273444,1
3.155032,3.288596,1
1.224381,-0.333550,1
0.011691,1.575691,1
0.643742,0.962186,1
1.447858,0.222900,1
-0.821280,1.135046,1
2.117968,1.894656,1
0.005827,2.803897,1
2.074106,1.670989,1
0.207964,1.104900,1
2.250088,1.319450,1
-0.184626,0.349168,1
0.778180,3.832160,1
2.888507,1.054357,1
0.636479,2.571047,1
0.786034,1.225804,1
0.586134,-0.550567,1
0.139730,0.601648,1
1.693887,0.655047,1
-0.144783,0.877430,1
0.598584,1.978301,1
0.350403,3.802992,1
-0.078088,1.781540,1
1.303458,0.713609,1
1.206544,-0.121382,1
0.122203,-0.806704,1
-0.101296,1.282000,1
1.131503,1.739388,1
0.996073,0.719566,1
0.326262,1.273928,1
2.636550,-0.243971,1
0.228567,2.870502,1
3.034205,1.042966,1
0.713867,2.044938,1
-0.213485,-1.676923,1
-0.527071,-0.632626,1
1.619001,2.578797,1
0.507493,1.646452,1
0.798360,2.104052,1
-0.458081,0.303498,1
0.680041,1.360518,1
1.780670,1.266087,1
1.552275,1.867200,1
2.741863,1.190662,1
0.161086,-0.294551,1
0.844209,1.104293,1
-0.971553,1.232685,1
0.683942,2.425656,1
0.149160,3.157018,1
0.097886,1.726277,1
-1.257042,-0.723704,1
1.160607,0.801466,1
1.415282,1.813307,1
1.499753,2.287395,1
0.856694,0.518275,1
1.195391,0.874825,1
-1.095764,1.190517,1
1.683517,2.191840,1
0.506165,1.323515,1
0.251720,3.049486,1
0.102956,1.405329,1
2.444636,1.380290,1
1.526469,1.014123,1
1.319050,-0.232557,1
1.400985,2.304014,1
-0.455042,-0.613592,1
1.110905,2.008987,1
1.389909,2.242243,1
2.349493,-0.701219,1
-0.305746,0.091704,1
0.942210,1.837818,1
3.027298,0.865376,1
0.408102,0.356057,1
1.271819,1.022235,1
1.478509,-0.094989,1
1.138846,0.168734,1
0.695172,1.114334,1
0.853618,-0.180725,1
-0.470871,1.541551,1
1.042731,0.065748,1
-0.856435,-0.157694,1
2.114602,3.641807,1
-0.787395,0.296485,1
2.453088,1.081056,1
1.253259,-0.551347,1
0.316430,0.494404,1
-2.307288,1.603275,1
2.367928,-0.600684,1
1.103521,-1.191414,1
2.203605,0.137100,1
2.404629,0.718659,1
1.719771,1.663351,1
0.209505,2.066750,1
1.156202,0.725915,1
-0.672310,2.128458,1
0.280069,1.006693,1
1.526260,0.963335,1
-0.387233,-0.496523,1
1.889783,0.883433,1
1.174206,-0.663228,1
1.063470,0.895075,1
2.005065,-0.475268,1
-0.728207,1.928440,1
1.305728,-0.136100,1
2.366620,-0.085454,1
-1.889797,1.241811,1
0.139597,1.462395,1
2.009190,-1.275167,1
1.152025,0.641779,1
1.322912,1.929029,1
1.777745,1.007706,1
0.686963,0.271062,1
1.378532,1.241764,1
3.281363,0.233444,1
0.065920,1.300017,1
0.993771,-1.849343,1
1.417042,-0.335843,1
1.696409,0.106793,1
1.432163,0.876255,1
2.716773,1.420022,1
1.372846,1.399196,1
0.225097,-0.172805,1
2.563688,1.572775,1
0.664172,1.259712,1
0.502885,1.081664,1
3.119932,1.309952,1
2.172755,0.294287,1
1.793187,1.321741,1
0.480205,0.035342,1
2.052231,1.329867,1
3.140695,0.691452,1
-0.465397,2.399925,1
1.750805,0.924887,1
2.428107,3.122607,1
1.266405,2.514938,1
1.272416,-0.083428,1
3.109400,0.852656,1
0.576548,-0.539476,1
-0.762573,1.239349,1
0.859260,1.898768,1
1.956037,1.586973,1
2.290587,1.540964,1
2.727674,0.947087,1
0.292561,1.203454,1
2.011785,-1.239769,1
1.360261,-0.457621,1
1.964992,1.921151,1
0.648607,2.057973,1
-0.599440,1.057033,1
2.237484,0.549412,1
-0.036638,-1.055270,1
1.049363,2.135572,1
-0.235937,-0.774720,1
2.486002,-0.526844,1
0.690315,2.199205,1
-0.756641,1.518860,1
1.643187,3.147601,1
3.997729,0.846208,1
0.611068,1.500371,1
1.631825,0.760814,1
1.648161,1.029494,1
0.672428,1.583398,1
-1.740167,0.154367,1
1.486781,0.837576,1
1.835489,-0.587335,1
1.244719,1.746235,1
0.887350,1.366326,1
2.367142,-1.332273,1
1.003073,-0.045388,1
0.633037,0.454992,1
-0.922881,1.110398,1
0.270612,-1.369891,1
1.283251,1.850377,1
-0.966634,0.378278,1
-0.291057,2.548649,1
0.835528,1.580714,1
0.358260,1.406688,1
0.483114,1.255441,1
1.188148,1.269389,1
2.721639,0.505524,1
-0.376074,1.829934,1
-0.513246,4.053063,1
1.821970,0.085060,1
2.020128,-0.130324,1
-0.397386,1.048306,1
2.351205,1.156555,1
-0.082037,1.239210,1
1.753584,1.118072,1
0.946218,1.686852,1
1.810245,-1.805164,1
1.103241,3.892581,1
2.096559,0.471865,1
2.128438,1.185781,1
1.413800,0.556119,1
1.470812,0.865284,1
1.656935,2.453735,1
0.852134,1.639706,1
0.410025,1.011057,1
-0.457136,0.470453,1
-1.252150,-1.189537,1
2.544120,1.201328,1
1.699168,1.073929,1
1.489336,1.375108,1
-1.244740,1.516101,1
1.184583,-0.015181,1
-0.398726,1.159098,1
-0.185896,2.324713,1
0.473448,1.983702,1
0.990005,1.133378,1
0.937434,-2.603826,1
2.406317,2.750757,1
1.217934,0.891713,1
0.626023,1.112033,1
0.414784,2.328556,1
2.606099,-0.893451,1
2.590666,1.912670,1
1.176353,0.635148,1
2.930914,0.648755,1
0.443631,1.398717,1
1.163799,0.978268,1
1.969091,0.999946,1
1.760658,2.387006,1
1.061698,-0.296379,1
3.125164,1.586544,1
0.888536,1.188075,1
1.279354,2.395798,1
-0.007038,0.901415,1
1.501611,1.242609,1
1.106228,0.828577,1
1.297155,4.871488,1
3.786529,1.501577,1
0.512550,0.696488,1
-0.242936,2.772002,1
-0.052044,-0.571864,1
1.398514,0.032929,1
-0.346493,0.904055,1
1.014223,1.039703,1
-0.865681,0.336886,1
0.914891,-0.177556,1
1.787356,1.095776,1
1.539365,1.990468,1
1.912464,-0.681624,1
2.290276,4.419366,1
0.755231,1.048563,1
-0.308148,1.382227,1
-0.008383,1.913151,1
0.965167,1.068562,1
2.525061,1.919006,1
1.380982,1.433785,1
-0.399015,3.197315,1
1.412952,-0.094718,1
0.764412,1.598390,1
1.197714,0.913527,1
-0.076104,0.307600,1
1.062360,0.767018,1
0.294380,1.915685,1
3.174427,1.094972,1
-0.056431,1.830482,1
2.121720,1.848065,1
-0.321745,1.520966,1
-0.290307,0.161832,1
0.245765,1.570720,1
0.057576,0.918225,1
0.813891,1.911629,1
0.627981,1.900872,1
1.602653,0.575513,1
0.771001,1.012090,1
1.309191,-0.899306,1
-0.029218,-0.841591,1
0.681243,1.075103,1
0.337339,-0.355431,1
3.100300,0.753575,1
2.179631,0.395439,1
0.297296,-0.580873,1
0.119817,0.881320,1
1.133495,1.192298,1
0.819883,-0.518818,1
-1.053194,1.975210,1
1.029430,0.530438,1
0.340117,2.232580,1
0.810082,1.105665,1
1.276501,-1.919589,1
1.406673,1.191509,1
2.328583,0.589652,1
2.322310,0.186748,1
1.416456,1.351855,1
0.867117,1.768645,1
1.764958,1.640851,1
2.931527,-1.503347,1
1.928828,2.078039,1
1.151988,0.800677,1
2.273129,0.980104,1
0.636635,1.336179,1
0.086105,1.170999,1
2.435178,1.698617,1
2.747751,-0.098631,1
1.859101,1.533968,1
2.959279,-0.482019,1
1.917675,1.115855,1
-0.234839,2.052958,1
0.320659,1.447573,1
-0.844624,1.866575,1
-1.277198,0.918501,1
0.629112,-0.295409,1
-1.020891,2.482712,1
-0.608173,2.086028,1
1.536215,-0.711657,1
0.019076,2.100016,1
0.514156,1.342653,1
0.661156,0.178822,1
0.893074,0.093496,1
1.889656,1.628444,1
0.640674,-0.451015,1
0.902928,2.378004,1
0.890603,-1.086854,1
1.477115,-0.111693,1
-0.357174,0.154823,1
0.116862,1.023789,1
-0.233968,3.359598,1
1.503671,2.348372,1
2.390130,0.673671,1
1.657757,2.008777,1
2.087760,-1.505179,1
-0.711578,1.144551,1
2.237286,0.374827,1
1.353427,1.877617,1
0.137723,-1.492350,1
-0.689012,0.566565,1
2.096446,1.200916,1
3.301747,-2.682897,1
0.855071,2.578741,1
-0.443934,1.961941,1
2.018859,1.822505,1
1.334856,1.418631,1
-0.228713,-0.629466,1
0.582143,-0.656833,1
1.120859,2.917238,1
1.872699,0.997742,1
-0.458908,2.018152,1
1.426747,1.844146,1
1.784990,1.055743,1
2.566757,0.657221,1
-0.696325,0.749558,1
-0.198231,0.145354,1
1.599737,2.726173,1
1.679496,2.092937,1
-0.390199,0.851566,1
1.996546,0.704715,1
-0.034754,1.482401,1
1.190064,1.227847,1
0.060700,1.056543,1
0.068000,1.618087,1
0.851014,1.142865,1
0.922158,-0.756959,1
2.688222,0.938510,1
0.150806,1.842597,1
0.933922,-0.770538,1
0.721651,0.129013,1
-0.871982,3.646200,1
-2.194532,1.093430,1
-0.809865,0.709969,1
-0.155804,-0.711466,1
3.195947,2.033245,1
-0.588606,0.137739,1
0.843992,-0.445089,1
0.951587,0.413265,1
2.078932,0.948753,1
-0.870292,0.559171,1
-0.847233,-0.866016,1
0.536778,-0.044627,1
1.978329,1.188610,1
0.908932,1.024263,1
1.175331,-0.983946,1
0.395315,-0.054606,1
0.434164,-0.079324,1
1.732543,-1.063056,1
-0.549734,1.812518,1
0.361345,0.103355,1
1.187051,0.256630,1
0.280301,0.969802,1
0.360625,-0.890187,1
0.161219,2.572581,1
-0.155174,0.157973,1
1.017548,0.758435,1
0.546233,1.830633,1
1.034823,1.318190,1
1.343443,0.249146,1
1.660748,1.244196,1
0.741470,1.765335,1
1.177823,-0.397470,1
0.126829,-0.408433,1
1.172974,2.970314,1
3.114090,0.405079,1
0.092127,0.900120,1
0.880890,1.429393,1
0.116552,2.938989,1
0.371752,-1.372701,1
2.108831,0.118013,1
3.186659,3.167069,1
2.765089,2.877732,1
-1.113745,0.699938,1
2.433352,2.434966,1
1.343271,0.037218,1
0.219611,0.717875,1
0.860724,-0.441645,1
1.130082,1.918882,1
0.866316,2.120751,1
0.803338,1.302162,1
1.562970,1.026851,1
2.510906,1.591049,1
1.425533,1.942703,1
-0.156377,2.081986,1
-0.931262,-0.337859,1
-0.194345,-0.644288,1
0.838385,1.926344,1
-0.317265,0.524426,1
1.132645,0.770022,1
-0.617692,2.281464,1
2.072675,-0.774268,1
2.525764,3.000323,1
0.032107,-0.520297,1
0.665643,0.847299,1
1.511745,2.459180,1
0.499679,0.981999,1
0.408072,1.110444,1
1.450804,0.783669,1
1.811818,2.129575,1
1.105679,0.214689,1
2.264643,1.125403,1
-1.512537,-1.124808,1
0.935007,0.673136,1
2.005212,1.078722,1
1.946761,0.650283,1
1.317287,0.805940,1
2.699200,-0.300490,1
0.750761,1.299787,1
1.097241,0.434127,1
1.423301,-1.347671,1
2.177008,1.634255,1
1.657238,1.373186,1
0.484491,0.566918,1
1.482619,0.921394,1
-1.926180,-0.039735,1
0.728057,0.527906,1
0.379468,2.902423,1
1.723952,-0.717835,1
-0.673536,3.206952,1
0.375413,0.293515,1
-1.160727,-0.803335,1
0.491041,1.321815,1
-0.816965,1.326899,1
0.981358,0.558529,1
0.984385,1.389652,1
2.945424,0.755389,1
-1.242992,2.133974,1
0.612325,2.215745,1
1.169836,2.326256,1
-0.162541,0.750645,1
1.561936,-0.826688,1
0.284927,2.959705,1
1.140970,0.417814,1
-0.185564,0.879274,1
-1.649964,-0.090580,1
2.548395,0.482076,1
0.737895,1.313208,1
0.429708,0.870251,1
0.296110,0.303054,1
1.636312,2.078598,1
0.863871,-0.121831,1
0.668619,1.217726,1
1.165031,1.994460,1
-1.102215,0.786201,1
1.099090,1.261177,1
2.390404,1.115697,1
1.814167,0.078489,1
-0.192615,0.349574,1
2.379721,0.420341,1
-0.488226,2.180077,1
0.879855,2.114879,1
0.949658,2.145450,1
3.030181,1.264625,1
0.511008,0.632236,1
1.225562,1.147889,1
2.680549,0.927045,1
1.073428,0.595421,1
1.862156,1.396676,1
3.814152,1.345910,1
-0.566093,0.634137,1
1.752932,1.055919,1
0.237878,2.297763,1
0.845265,1.204972,1
2.186090,0.646991,1
2.347176,-0.010627,1
2.881659,0.847169,1
1.513514,1.455331,1
2.680301,0.679324,1
1.441388,2.845343,1
-0.528087,-0.667243,1
-0.364517,3.798723,1
1.232592,1.709899,1
1.052756,0.183905,1
0.414437,0.852337,1
0.985955,0.957575,1
2.097025,0.849512,1
-0.179770,2.342283,1
-0.472002,-1.025295,1
1.770332,1.067367,1
-0.070377,1.611076,1
1.214102,-0.614585,1
0.846757,1.933787,1
0.669973,0.365975,1
2.454744,1.168757,1
3.115041,1.426222,1
0.939098,-1.386481,1
0.770426,1.401577,1
0.595194,1.661381,1
3.529699,2.237894,1
1.082176,2.138678,1
-0.512678,-0.439232,1
0.982120,-0.629278,1
1.432176,1.443355,1
1.553388,1.746092,1
-0.831013,0.999923,1
-0.417125,1.667916,1
2.875132,1.686949,1
0.998347,0.588037,1
2.250319,-2.552571,1
-0.232682,-0.706568,1
1.454316,1.555807,1
0.053043,1.498318,1
1.836799,0.130144,1
-1.447173,-0.163649,1
1.723141,0.712227,1
0.906741,2.299347,1
1.949280,0.875295,1
-0.082189,1.161555,1
0.359081,1.720876,1
0.832583,-0.331566,1
-1.864741,1.363832,1
0.845715,-0.146535,1
1.980000,0.280289,1
-0.010992,0.906369,1
0.259632,2.552987,1
0.308819,2.245027,1
3.108661,1.480424,1
-1.024376,1.700513,1
1.009538,1.857474,1
1.136528,2.465310,1
0.615564,1.657380,1
1.377415,2.063185,1
2.275445,0.471472,1
2.058902,0.222138,1
1.674370,1.639880,1
1.919487,-0.779864,1
2.277537,0.708032,1
1.086774,-0.400380,1
-0.419150,2.082050,1
-0.058301,-0.185339,1
0.707844,1.612433,1
2.506076,2.817680,1
0.953777,0.409845,1
2.065497,0.238523,1
0.219279,0.297673,1
0.050824,0.359736,1
-0.340652,-1.156018,1
0.575183,-1.018866,1
2.444654,-0.719153,1
-0.548732,0.656997,1
0.824082,3.430172,1
1.148487,1.744313,1
-1.158377,0.160096,1
0.606034,3.580434,1
1.266018,0.705642,1
1.075493,1.201678,1
1.732229,2.137713,1
-0.028145,-0.368164,1
0.217154,0.777568,1
1.025529,1.351517,1
1.182900,1.964486,1
0.234437,2.239319,1
1.810080,1.441256,1
0.003805,1.234823,1
1.687736,-1.690475,1
-0.524915,1.628809,1
2.165619,-0.360999,1
3.123362,1.955254,1
0.512614,1.746910,1
-0.481335,0.781206,1
-1.036307,1.360134,1
1.789297,0.692885,1
1.790200,0.487471,1
-1.348091,1.365797,1
-0.756669,0.731496,1
0.993380,1.190766,1
1.441767,2.108933,1
1.349310,2.106551,1
0.590502,0.265324,1
0.770381,0.632047,1
-0.380948,2.343234,1
-1.808569,0.902320,1
1.611670,1.558168,1
2.708949,1.326492,1
3.524339,2.499350,1
1.982665,1.611926,1
-0.782519,1.342417,1
0.948258,1.317163,1
1.637605,1.296409,1
3.142213,1.136384,1
0.551222,-1.128237,1
2.679906,0.950335,1
1.559388,0.162845,1
-0.418824,0.146654,1
1.898354,2.223135,1
1.206878,4.647377,1
2.174219,2.802702,1
3.074446,-0.850094,1
1.170090,3.769042,1
1.328337,1.098896,1
0.929497,1.109402,1
2.399653,0.385390,1
0.323428,2.177246,1
1.667105,2.887204,1
-0.615029,1.100216,1
0.500923,2.811611,1
1.592337,1.231202,1
0.985483,-0.013195,1
0.890746,-0.822240,1
1.865058,1.185516,1
-0.084751,1.256583,1
0.341551,2.447351,1
0.944236,1.421798,1
1.847592,0.778541,1
1.464255,0.501016,1
1.272960,0.090867,1
0.863347,0.550721,1
2.571211,0.653341,1
2.001407,0.534458,1
2.639211,1.604644,1
1.503169,2.010984,1
1.008815,0.491533,1
0.690159,2.117169,1
1.803128,2.710493,1
-0.499845,-0.552159,1
1.554625,-0.560988,1
1.496306,1.220157,1
-0.325617,0.466313,1
1.508541,0.547240,1
-0.807757,2.290296,1
2.287691,0.213588,1
-1.029770,1.725740,1
2.331779,0.357965,1
-0.586847,0.655993,1
0.731262,0.845856,1
0.809240,-0.224416,1
0.995681,1.265860,1
2.133535,-0.617675,1
1.028893,0.496242,1
3.419434,3.452455,1
0.770194,1.991283,1
2.779611,1.324427,1
-0.909384,-0.073082,1
-1.004338,0.613972,1
1.523875,2.357963,1
2.393297,2.863062,1
1.211182,1.468504,1
-0.570175,0.640032,1
-0.104162,0.130464,1
0.957675,1.661117,1
-0.243696,0.678701,1
0.204153,-0.008040,1
1.429917,1.806010,1
1.228281,1.061736,1
0.125979,1.380743,1
-0.261251,2.199821,1
0.808488,-0.004888,1
-0.254214,1.232497,1
1.134629,2.268736,1
-1.468498,2.356877,1
0.876284,1.399970,1
1.955319,0.589206,1
0.578654,0.158665,1
0.018921,1.405748,1
1.184658,0.370395,1
1.241627,0.708134,1
0.975435,2.324786,1
-0.142216,3.843128,1
1.444181,3.099274,1
0.423905,0.143468,1
0.337518,-0.133468,1
1.084902,2.202609,1
1.766778,0.817930,1
1.127214,1.659647,1
0.811399,-0.209594,1
0.409269,0.204354,1
-0.324255,1.410876,1
0.765656,1.519059,1
0.774219,-0.132093,1
-0.043198,-0.240534,1
1.447925,1.930016,1
1.890428,-0.621413,1
1.763230,1.042044,1
2.637035,1.000010,1
0.373084,1.677034,1
1.734574,3.407207,1
1.912260,0.800741,1
0.091753,4.136413,1
1.677464,-0.053126,1
-0.282731,0.431477,1
1.601332,1.448046,1
-0.406126,0.115110,1
0.909340,1.923450,1
-2.359671,-0.891141,1
1.040117,1.945384,1
0.986122,-0.244873,1
1.745452,-0.032740,1
0.811752,0.273265,1
0.833842,0.894471,1
1.532655,-0.586947,1
-1.035966,0.627087,1
0.824633,0.900153,1
2.585238,0.098988,1
-2.300845,-1.626575,0
-0.128687,-0.312085,0
-1.059703,-1.084712,0
-0.796874,1.013707,0
-1.955088,-2.124404,0
-0.100420,1.910260,0
-0.643947,0.078928,0
-1.032970,0.100285,0
-1.372870,0.351832,0
-0.818878,0.586402,0
0.633638,-0.645545,0
-1.408682,-1.051758,0
-1.074144,-2.825659,0
0.055248,0.152550,0
-1.830338,0.495778,0
-0.371663,-0.413010,0
-1.431572,0.133375,0
-1.789636,-1.166452,0
-2.639355,-1.117378,0
-0.702999,0.296137,0
-1.198123,-1.092803,0
-0.816167,-1.157050,0
-0.712840,-0.246745,0
-1.441150,0.134140,0
-1.624506,-1.888520,0
0.808155,-1.662475,0
-3.474938,-1.962313,0
0.314462,-1.794203,0
-0.356105,0.337404,0
-3.659640,-0.946478,0
-1.770856,-2.019705,0
0.368654,-0.985709,0
1.988355,-1.973899,0
0.598328,-1.498884,0
0.335539,1.724879,0
0.262463,0.236091,0
1.293922,-2.450826,0
-3.302450,-3.056704,0
-2.897451,-1.081841,0
-0.579719,-2.926627,0
0.095906,-1.901985,0
-0.898365,0.202309,0
0.345707,-1.071306,0
0.453724,-3.601182,0
-0.687088,-0.970298,0
-0.239133,-0.408609,0
0.067805,-2.324064,0
-0.970418,-1.763121,0
-1.517040,-0.627373,0
0.049773,-4.004056,0
-2.024496,-1.222508,0
-1.393385,-3.129653,0
-2.754548,-1.743872,0
-0.664755,-0.341886,0
-2.271572,-0.999048,0
-1.974166,0.897307,0
-0.842872,-2.043866,0
-0.544409,1.863722,0
-2.026428,-1.531941,0
-0.335080,-0.452897,0
-0.607814,-0.283007,0
0.673627,-1.258701,0
-1.047293,-1.258304,0
0.146794,-2.303276,0
1.016484,-1.240953,0
-1.705762,-1.025787,0
-1.304375,-0.656175,0
0.207940,-1.946465,0
-1.413505,-0.582633,0
-0.404367,-3.047758,0
-0.163765,1.013874,0
-1.076835,-1.477950,0
-0.495105,-3.118385,0
-0.069322,-0.175047,0
-0.172261,0.154772,0
-1.258274,-0.568676,0
-1.129697,-2.030522,0
-1.010772,0.439670,0
-1.082091,-2.196753,0
0.366090,-1.599426,0
-2.226842,0.011103,0
-3.167173,-0.524399,0
-0.344773,0.326620,0
-0.492874,-1.856135,0
-1.481254,1.247029,0
-2.342560,-0.864955,0
-1.222410,-1.696730,0
-0.300547,-0.624654,0
-0.043712,-1.722498,0
-0.923139,-0.455121,0
-2.232468,-0.407708,0
-1.164988,-1.178126,0
-0.754581,0.405402,0
-0.036610,-2.153960,0
-1.531541,-0.197237,0
-1.419981,-1.249056,0
-1.941450,-1.262129,0
-0.016813,-2.707559,0
-0.643244,-1.885252,0
-2.385928,0.493458,0
-0.459245,-4.359070,0
0.490437,-1.280796,0
0.088601,-0.242760,0
-0.112016,-2.469768,0
-1.216940,-1.481589,0
-1.660782,-1.378958,0
-0.686695,-0.628955,0
-2.244895,0.023278,0
0.280056,0.100838,0
-2.085457,-0.039632,0
-2.268411,-0.004428,0
-1.493129,-0.696096,0
-1.127626,-0.425460,0
-1.616006,-0.229083,0
-1.444340,-2.152575,0
-1.700752,-0.692439,0
-2.527781,-1.907896,0
-0.869675,0.667672,0
-0.862082,-0.323369,0
0.602743,-1.501057,0
-1.248847,-0.929317,0
-0.805074,-0.519498,0
1.951046,-3.554848,0
-0.719368,-1.943374,0
-0.854588,0.989557,0
-1.519134,0.725824,0
-2.782103,-3.089503,0
-2.499534,0.597440,0
-1.752228,1.030984,0
-0.539684,-2.723897,0
-1.015744,-1.591223,0
-2.059543,-0.376095,0
-3.748527,-1.546620,0
-0.116006,1.943337,0
0.485833,-2.181022,0
-1.225762,-2.236140,0
-1.557504,-0.455218,0
-1.497128,-2.210355,0
-1.218749,1.172275,0
-0.645725,0.208985,0
-2.317150,0.258987,0
-0.746521,-0.804683,0
-0.375070,-1.541361,0
-0.423372,-0.803527,0
-2.996130,-1.173611,0
-1.042338,-0.089301,0
-0.164510,-0.277417,0
-0.995632,-1.318025,0
0.584684,-1.753199,0
-2.749254,-1.561064,0
-1.908632,-0.731485,0
-1.182984,0.009495,0
-1.232544,-1.773110,0
-0.357333,0.078267,0
-1.099947,-2.020583,0
-1.266381,-0.967647,0
-0.763917,-3.024725,0
1.053763,-1.255996,0
1.559186,0.014497,0
-0.923051,-1.410535,0
-2.846884,-2.761007,0
-1.429976,-0.495324,0
0.243782,-2.713851,0
-0.996158,-1.555026,0
1.338983,0.723721,0
-1.127385,1.102251,0
-3.054876,-1.539551,0
-0.682722,-2.549634,0
-1.681176,0.578283,0
-1.177697,1.267890,0
-3.558548,1.250133,0
0.185502,-2.291823,0
-2.118482,-0.453867,0
0.270197,-0.234840,0
-0.836724,-0.247148,0
-0.580070,-0.490176,0
-1.272861,-0.893582,0
-2.087375,-1.005232,0
-2.259481,0.117237,0
-1.234750,-0.630172,0
-2.009456,-1.249384,0
-0.428150,-2.055764,0
-1.068753,-1.699520,0
-2.465906,-2.919002,0
-0.646552,-3.132460,0
-0.264506,-0.082394,0
-0.989532,-1.037184,0
0.308135,-1.791989,0
-0.815766,-0.086532,0
-2.422192,-1.734077,0
-1.825354,-2.253351,0
0.737157,0.328440,0
0.325012,-2.421533,0
-0.542660,-1.610780,0
-2.036964,-2.359201,0
-2.838101,0.272876,0
-2.539723,-0.714956,0
0.654013,-2.307484,0
0.173582,-1.475884,0
-2.520243,-0.635292,0
-0.499843,-5.041512,0
-2.448779,-2.173254,0
-0.219731,1.100287,0
-3.133792,-0.786606,0
0.474619,-2.085190,0
-2.060640,-2.099186,0
-0.814580,-0.662735,0
-1.335668,0.483664,0
-0.755358,0.407676,0
-3.576925,0.786073,0
-0.508517,-0.220255,0
0.575248,0.226075,0
-1.298466,-0.969534,0
-1.957977,-2.115139,0
-1.182381,-3.457567,0
-2.527623,-0.919198,0
0.650098,-1.388576,0
0.618251,0.668449,0
-0.544886,0.467060,0
1.359340,-0.887131,0
-1.136265,-1.880875,0
-0.583596,-2.748874,0
-3.332548,-1.629006,0
-2.119902,-0.085858,0
0.784312,0.316269,0
-0.286844,-0.951071,0
1.293523,-2.607869,0
-0.668470,-2.606183,0
0.433657,1.642141,0
-0.932828,1.190968,0
-1.724871,-0.950172,0
-1.798280,-0.308928,0
1.798176,-0.911691,0
-0.480809,-2.044509,0
-0.324863,-1.980502,0
-0.227136,-0.159150,0
0.797362,-0.065532,0
-0.437065,-2.451556,0
-2.724940,-1.041905,0
-1.144990,-0.713287,0
-0.808111,-0.588123,0
0.095851,-0.968138,0
-0.699637,-1.551310,0
-0.791541,-2.462572,0
-0.835572,-0.758773,0
-1.007622,-1.866479,0
-0.487534,-1.962659,0
-0.786465,-0.015703,0
-0.681028,-0.149115,0
-0.640657,-1.116088,0
-1.356890,0.244860,0
-2.024821,-0.778580,0
-1.929054,0.547243,0
-0.126776,-2.883251,0
-1.021097,-1.099846,0
-1.060292,0.513247,0
-1.677373,-0.051736,0
0.833848,-0.738241,0
0.783438,0.194649,0
0.784492,-1.379877,0
-2.739365,-0.405060,0
-0.198609,-0.466614,0
-1.776406,-2.610264,0
-0.697819,0.822113,0
-3.079620,-0.089260,0
-1.167477,-2.992692,0
-1.164149,-3.091974,0
0.162137,-2.153102,0
-0.839590,-1.056524,0
-0.790015,-2.553434,0
-0.885773,-0.977152,0
-1.211775,-0.704463,0
0.991378,-1.220464,0
-0.261084,-2.132514,0
-0.661867,-0.808104,0
0.434840,-2.883149,0
-0.735428,-0.711910,0
-1.694878,0.549853,0
-1.915987,-3.531377,0
-1.682935,0.580137,0
-1.365382,-0.743396,0
0.770443,-2.782784,0
-1.980422,-0.535373,0
-1.442026,-0.591079,0
-0.218969,0.843880,0
-1.589429,-3.722551,0
-1.093030,-1.420159,0
-0.178329,-0.170983,0
-1.663920,-1.682137,0
-1.758523,-1.360159,0
0.428702,-0.674806,0
-2.164407,-0.599486,0
-1.414957,-0.543237,0
0.327169,-1.823171,0
0.969724,-0.944480,0
-0.377040,-0.419151,0
-1.047415,-0.632701,0
-1.845068,0.184866,0
1.191106,-2.582314,0
-1.460642,-1.925054,0
-2.729577,-1.768595,0
-2.532142,-2.721451,0
-0.654092,-0.312184,0
-1.339086,-0.161227,0
0.660265,-2.186854,0
-2.041562,-2.009632,0
0.060105,0.376615,0
-3.279874,-2.424707,0
-0.819781,-3.208353,0
-1.974926,-2.319725,0
0.240364,1.251266,0
-0.715882,-2.032493,0
-1.881316,0.354049,0
-1.523375,-0.810003,0
-1.567736,-3.615102,0
-2.005316,-2.399690,0
-2.605282,-2.707160,0
-0.710757,-1.779913,0
-1.952423,-0.169451,0
0.991659,-0.472538,0
-1.925707,-0.560209,0
0.725176,-1.708203,0
-1.137202,-0.954030,0
-1.449861,-2.951174,0
-0.166850,0.341660,0
-0.468285,-1.408183,0
-0.817712,-1.268273,0
-1.489876,-1.677496,0
-2.318524,-2.192677,0
-2.284187,0.945949,0
-0.361449,-0.962966,0
0.039522,-0.191978,0
-0.677839,-0.872535,0
0.338035,-2.657666,0
-1.541490,-2.528794,0
-2.108044,-1.720908,0
-1.256177,-1.271089,0
-0.886598,0.899263,0
-2.368958,0.354581,0
-0.242199,-0.888866,0
-0.842078,0.982145,0
-1.253984,-0.123072,0
-2.145663,-0.035825,0
0.080086,0.745095,0
0.550479,-0.575842,0
-1.288083,0.870668,0
0.714233,0.549884,0
-2.548378,-1.050603,0
-1.127388,-2.129226,0
-0.476070,-0.550046,0
-0.824780,-0.809124,0
-0.979558,-0.750827,0
-0.085926,-2.578557,0
-1.612007,-0.547283,0
-0.712118,-0.891308,0
0.209388,0.394854,0
-0.313831,-0.158162,0
-0.717537,-0.967495,0
-1.764648,-1.129566,0
-2.105473,-0.041568,0
-2.164292,-0.751477,0
0.192503,-0.195478,0
-1.097488,0.353070,0
-1.599849,-0.191982,0
-0.036444,1.416093,0
-1.378354,-0.473671,0
0.447436,-2.511920,0
-1.915915,-0.020562,0
-0.925071,0.712975,0
0.125967,-2.581043,0
-2.253811,-2.624428,0
-1.996012,-0.241145,0
-0.847500,-1.734084,0
-0.908090,0.159530,0
-1.251447,-2.985428,0
-0.669101,-2.276879,0
-2.247101,-2.673381,0
-2.583827,-0.408895,0
-0.396104,-0.651389,0
-1.835548,-0.201792,0
-1.981970,-0.042460,0
-1.320146,0.980849,0
-0.181887,-0.334209,0
-1.360454,-3.236119,0
-2.991335,-1.262970,0
-2.955335,-1.251606,0
-0.614064,-0.272059,0
2.328410,-1.415624,0
-0.723127,0.017403,0
0.339314,-1.000909,0
-1.169911,-1.490024,0
-2.899969,1.058447,0
-1.329976,-1.358538,0
-2.053362,0.010745,0
-1.989982,0.944009,0
-1.085279,-0.459843,0
-2.447727,-0.458758,0
-1.943716,1.003489,0
-2.494746,-0.560123,0
-0.285994,-2.369227,0
-2.771559,-2.524202,0
-0.515868,0.617762,0
-3.326411,-1.917927,0
-1.257676,0.471590,0
-1.135847,1.055564,0
-0.208844,-0.478349,0
-1.717808,-1.420640,0
-0.500422,-0.800393,0
-3.041226,-1.842732,0
-1.955254,-0.540775,0
-2.210540,-2.153602,0
1.693439,-2.120876,0
-1.076220,-1.943567,0
-0.697262,-2.725555,0
-3.258474,-2.089161,0
-1.879962,-0.243947,0
0.468953,-1.709627,0
-0.408046,-1.416765,0
-1.106269,0.921069,0
-1.750879,-0.461004,0
1.576038,-2.099870,0
-2.685902,0.049929,0
-0.576986,-1.390191,0
0.049838,-1.490958,0
-0.988000,-2.068590,0
-1.419992,-0.987794,0
-0.146225,-1.573789,0
-1.289039,-0.760183,0
0.129851,-0.499474,0
0.237547,-2.573462,0
-2.157612,-2.426774,0
-0.684385,-1.224442,0
-1.146032,-1.628941,0
-1.847186,-0.434132,0
-1.280807,-0.606338,0
-2.291142,-1.805354,0
-0.949460,-0.102915,0
0.787487,-1.760497,0
-1.738599,0.248987,0
-1.680432,-1.962646,0
-1.286080,-0.866063,0
-0.645166,-1.531625,0
0.740498,-1.464171,0
-0.988668,-1.880412,0
-0.968277,-1.444818,0
-0.625646,0.037230,0
-0.526126,-0.169511,0
0.038239,-1.904185,0
0.026763,-0.944137,0
-0.538964,-1.930291,0
1.216102,-1.643052,0
0.060172,-1.920215,0
-1.039379,-1.230648,0
0.940530,-0.330359,0
-0.299539,-2.390177,0
0.457873,0.175635,0
-0.568995,-0.372547,0
1.803935,-0.474946,0
-1.460229,-1.694859,0
-1.564253,-0.104471,0
-1.272981,-0.893297,0
-0.435363,-0.171188,0
-1.011579,-1.021857,0
-1.802117,-3.557582,0
-2.666369,-0.116009,0
0.468690,-1.550118,0
-4.294717,-2.027449,0
-1.025919,-1.638590,0
-1.982911,0.106795,0
-4.205870,-0.257258,0
-0.886804,0.525157,0
-0.999736,0.505955,0
-2.023087,-0.905813,0
-0.441043,-0.485856,0
1.107022,-0.341277,0
-1.518053,-2.587887,0
-1.160386,-1.015467,0
-3.017651,-2.028232,0
0.558052,-1.835056,0
-3.477684,-1.912819,0
-0.453101,-1.441920,0
-1.664439,-1.332307,0
-0.893259,-3.086393,0
-2.573248,-0.702513,0
0.151538,0.167391,0
0.589755,-0.668203,0
0.570351,0.319353,0
-0.364527,-1.619460,0
0.808547,-0.291858,0
-3.068139,-1.266262,0
-2.067368,-0.833563,0
-1.326994,-1.286148,0
-1.338056,0.488046,0
-0.528785,-3.237033,0
-1.288736,-0.463056,0
-1.497802,-3.062697,0
-2.788012,0.152261,0
-2.475161,-0.619756,0
1.149641,-1.291470,0
0.884153,-0.438602,0
-1.333113,-0.938937,0
-0.837897,-0.992625,0
-0.861470,-1.201527,0
-2.744626,-1.803941,0
-2.228918,-1.798687,0
-1.003546,-1.539404,0
-1.153905,-0.114432,0
-1.652602,-3.271438,0
-0.598891,-0.682206,0
-1.647862,-2.333136,0
-0.572625,-1.689947,0
-0.380216,-2.372916,0
-0.260823,-0.984003,0
-2.996353,-0.043675,0
-0.078297,-2.847056,0
-1.284610,-0.463668,0
-2.094025,-1.723287,0
-1.519953,-0.527244,0
-3.169328,-1.378520,0
-0.969356,-0.381246,0
-1.716283,-1.893550,0
-1.864561,-4.298230,0
-1.050327,0.217854,0
-0.474419,-1.121415,0
-1.006006,-0.275924,0
-1.109203,-1.532404,0
-0.705160,-2.689042,0
-0.041633,-2.399307,0
-1.719600,-0.044903,0
-1.998697,-2.878233,0
-0.454160,0.338371,0
-1.246415,-1.489292,0
-1.441090,1.143023,0
-2.691305,-1.702221,0
-1.063630,-0.907458,0
-1.818580,-0.015128,0
-1.411316,-1.374614,0
-1.731652,0.028376,0
0.756427,-0.858110,0
1.799003,-1.407997,0
-1.392542,-1.139837,0
-0.029587,-0.678851,0
-0.412962,-0.649084,0
0.927878,-0.963575,0
1.996871,-2.472491,0
-2.629176,-1.494908,0
-1.424859,-0.668602,0
1.357029,-1.411613,0
-0.965873,-0.324401,0
-2.828117,-0.901078,0
-1.837728,-0.473445,0
-1.691632,0.061529,0
1.774358,-1.444238,0
-2.089365,-0.974433,0
-0.791528,-0.695257,0
-2.908819,-1.975877,0
-1.545455,-1.483576,0
0.005246,-1.025970,0
-1.010092,-0.541433,0
-0.079714,-1.054459,0
-3.317343,0.004404,0
0.426600,-0.895439,0
0.235567,0.008933,0
-0.148566,0.061835,0
-0.075867,-1.872719,0
-2.879175,0.761977,0
-2.347485,-1.724645,0
-0.550128,-2.629065,0
-0.111584,-0.229971,0
-2.120868,-0.164843,0
-1.361155,-1.626162,0
-0.203982,-1.116850,0
-1.630537,-1.189138,0
-1.977262,-0.969584,0
-0.634799,-3.794815,0
-1.305259,0.085330,0
-0.646710,-2.249839,0
-1.202001,-1.392404,0
-0.067695,-2.347158,0
-1.102571,-2.214667,0
-0.253615,-0.862143,0
-0.052663,-1.670720,0
-2.103747,-1.732911,0
-2.986475,-0.922991,0
-0.174995,-0.974202,0
-0.415220,-1.686340,0
0.127370,1.022880,0
-1.143270,-2.041294,0
-0.762107,-2.147285,0
-1.593899,-2.253608,0
-0.044935,-0.587759,0
-1.916863,-0.139745,0
-0.202036,-2.129658,0
-0.639166,-0.420416,0
-2.828362,-1.978272,0
-0.534454,-0.877068,0
-0.630609,-4.150470,0
-1.163368,-1.970777,0
-0.496507,-3.569985,0
-1.581624,0.046438,0
-1.229144,-2.180021,0
-0.122529,0.537475,0
-1.296503,-2.668736,0
0.881057,-0.577044,0
-0.273999,-2.470767,0
-3.370147,-0.570152,0
-1.691937,-0.995018,0
-1.275671,-0.243695,0
-0.250986,-1.958966,0
-0.856815,1.423803,0
-1.608318,0.166736,0
-0.802455,-0.400129,0
-0.578242,-0.824446,0
-2.606099,0.596251,0
-1.583243,-2.588552,0
-2.934500,-2.055129,0
-0.142369,-0.426311,0
-3.757527,-1.476289,0
-1.135277,-1.446534,0
-0.668701,-1.067033,0
1.144408,-2.611053,0
-1.214184,1.840438,0
-2.601746,-0.321824,0
-1.621412,-1.591449,0
-1.728200,-1.810940,0
-1.630721,0.147417,0
-2.144450,-3.682212,0
-2.181672,0.013065,0
-0.993258,-0.188871,0
-1.073965,-1.424086,0
-2.361093,-0.561497,0
-0.301851,-2.071191,0
-3.680139,-0.209404,0
-1.559328,-1.572549,0
-0.996031,-0.188495,0
-2.052919,-0.278862,0
1.047542,-2.406243,0
-2.464949,0.643531,0
-1.747220,-1.249813,0
-0.888792,-0.729131,0
-1.508723,0.653393,0
-0.426680,-1.747698,0
-2.291712,-0.668521,0
-0.923224,-2.306615,0
-0.811125,0.473356,0
-1.729991,-1.893583,0
-4.059120,-3.571410,0
-1.356384,-0.501950,0
-1.498865,-1.623881,0
-3.059931,-1.745150,0
0.508160,0.461453,0
-2.754610,-0.642384,0
-1.360337,-1.748727,0
-0.270114,-0.456976,0
-2.810698,-0.193300,0
-0.675717,-0.535328,0
-0.201424,-2.305228,0
0.419528,-1.419525,0
-1.752932,-1.989652,0
-3.159398,-1.355694,0
-1.017732,0.786827,0
-2.261547,-0.366609,0
1.085659,-0.198218,0
1.099544,-3.349483,0
-1.722309,-1.142495,0
-1.882433,-1.907819,0
0.116449,-1.032661,0
-1.295004,-0.202222,0
-1.224923,-0.639303,0
-0.092701,-0.378860,0
-2.540921,-2.035698,0
-2.330246,-0.107420,0
1.117803,-2.034102,0
-0.163988,-0.996971,0
-1.443939,0.470790,0
-0.211070,-2.904275,0
-1.765314,-0.914702,0
-2.077062,-0.636315,0
-2.418503,-2.283915,0
0.197489,-0.578693,0
0.472541,-1.544246,0
-0.685533,0.149962,0
-1.480495,-0.608329,0
-1.565035,-1.650131,0
-0.345568,-0.889152,0
2.124059,-0.040382,0
-1.639232,-0.884997,0
-1.881815,-1.208248,0
-1.174316,-1.991608,0
-0.672144,-0.549990,0
0.628529,-4.511730,0
-1.501967,-1.091027,0
0.394625,-1.812618,0
0.299829,-1.616821,0
-1.051737,-0.802299,0
-1.038513,-0.964955,0
0.187916,-2.082002,0
-2.188481,-2.008453,0
-0.245745,2.024788,0
-1.571800,-3.226596,0
0.600527,-0.182498,0
0.011148,-0.837145,0
-0.164551,-1.354267,0
0.630705,0.894670,0
-1.030242,0.374668,0
-0.678180,-1.995935,0
0.910710,-3.264657,0
-0.339102,-1.152102,0
-0.919431,-1.493890,0
-1.645769,0.206858,0
0.317908,-0.598243,0
-0.868503,-0.361750,0
-1.297066,-0.993785,0
-1.749596,0.170563,0
-0.712371,-1.284371,0
-2.843040,0.381916,0
0.969505,-2.411924,0
-1.230354,-1.111636,0
-1.883017,0.655318,0
-1.777403,0.830284,0
-1.642702,0.709622,0
-1.090905,-1.396547,0
-1.858125,-0.889067,0
-1.741816,-1.115888,0
-1.738407,0.301184,0
-0.401929,-1.930604,0
-2.263630,-0.360540,0
-3.524245,-1.738345,0
-0.357629,-1.034920,0
-1.371615,-0.984146,0
-2.603278,-1.506306,0
1.002320,0.044370,0
-1.183125,0.288332,0
-2.310250,0.540108,0
-1.716080,1.389711,0
-0.487128,-0.203720,0
0.206226,-1.444119,0
-3.014381,1.457646,0
-0.325153,-1.316489,0
0.302730,-3.875703,0
-1.078984,-2.210775,0
0.327535,-1.327231,0
-2.052495,-1.351670,0
-1.289377,0.681707,0
-2.417833,-0.081783,0
-1.409361,0.700704,0
-0.746934,-1.154895,0
1.727774,-1.485304,0
0.024593,-0.352960,0
-0.332257,-0.465733,0
0.038538,-0.527830,0
-0.941707,-1.500454,0
-1.704712,-1.453112,0
0.793865,-1.218272,0
-2.313846,-2.648482,0
-1.177909,0.194742,0
0.708553,0.002400,0
-0.624757,-0.385941,0
-2.581752,-0.649937,0
-0.764418,-1.864013,0
-2.335834,0.312358,0
-1.439156,-1.046708,0
-0.277203,-2.884770,0
-3.170331,-2.067558,0
-1.279145,-0.988559,0
-0.006294,-0.518976,0
-2.224281,-1.804028,0
-0.693255,-2.772968,0
-0.948429,-2.158171,0
0.257471,-1.610076,0
-1.168275,-2.004987,0
-2.137866,-2.063991,0
-0.052833,-0.399642,0
1.179947,-1.928370,0
-0.575252,-2.568957,0
-1.171547,-0.042291,0
0.343257,0.268549,0
0.059531,-2.231821,0
-1.736616,-2.100127,0
-2.469075,-0.904375,0
-0.420257,0.772852,0
-1.985440,1.688058,0
-0.885671,-1.428445,0
-0.890935,-2.242456,0
0.114186,-3.188114,0
-2.358331,-2.678579,0
-1.138602,-0.438949,0
-2.528529,-0.446255,0
-0.137362,-0.293600,0
-1.816985,-0.260127,0
-2.577960,-0.429095,0
-1.415119,-2.249085,0
-0.472168,-1.736296,0
1.068654,0.884739,0
-1.232421,-1.946873,0
-2.768411,-0.024712,0
-0.975656,-1.917934,0
-0.503569,-0.609470,0
-1.451607,-1.017988,0
-2.327735,-1.789758,0
-2.346123,-0.797824,0
-2.009935,-1.230081,0
-2.206580,-2.392337,0
-0.827089,-0.676237,0
-1.919713,-0.981221,0
-0.767328,-1.593282,0
-1.986113,-2.526664,0
-1.733749,-0.949014,0
-0.122012,-0.283632,0
-1.933087,-2.662629,0
-0.920811,1.194281,0
-2.397589,-0.439860,0
-1.553693,-0.975085,0
-4.126106,-2.138232,0
-0.774122,-0.046659,0
-0.984088,-1.385825,0
-1.145426,1.003277,0
-1.031557,-1.302537,0
1.171423,2.716506,0
-1.851932,-0.963831,0
1.068110,-0.323506,0
-1.409869,1.028742,0
-0.947750,-3.262210,0
-0.819665,-1.993020,0
-0.583304,-1.174428,0
-2.596144,-2.150939,0
-0.660447,-2.495898,0
-0.129623,-0.546979,0
-0.413348,-0.572946,0
-1.663380,-0.269270,0
-0.722967,-0.670555,0
-2.136293,-1.052036,0
0.299464,-1.515864,0
-1.226944,-1.041949,0
1.162848,-1.890020,0
-1.108229,0.268447,0
-1.147650,0.677178,0
-0.585391,-1.485823,0
-2.812147,-1.312785,0
-0.673483,-1.563612,0
-0.252510,-0.529013,0
-0.234310,-2.323731,0
-2.456641,0.260342,0
0.134781,1.654195,0
-0.132946,-1.121809,0
-1.244538,-0.489104,0
-0.348546,-0.162548,0
-1.805744,0.866131,0
-1.001838,-0.932550,0
-1.465895,0.338443,0
-3.312518,0.823413,0
-2.144494,-2.267434,0
-0.147724,-1.239867,0
-1.532573,-1.400900,0
-2.151162,-2.247001,0
0.384552,-1.282604,0
0.121470,-0.158349,0
-0.091179,0.132052,0
-2.007613,-0.351169,0
-3.785174,-1.044666,0
-2.444852,-0.804571,0
-2.055956,-3.132027,0
-1.277390,-0.644935,0
-1.083909,-0.768140,0
0.601925,-1.913238,0
0.389587,-2.938690,0
-0.112796,1.877219,0
-1.950691,-0.802789,0
0.725548,-2.526729,0
-1.213014,-2.064499,0
-1.131888,-1.557184,0
-0.775192,-0.225533,0
0.730053,-0.807309,0
-1.188175,-1.264393,0
-2.580785,0.398188,0
-1.559769,1.846588,0
-2.075385,-3.022483,0
-0.462210,-0.569973,0
-1.519133,-0.495895,0
-1.620889,0.250421,0
1.397871,-1.182474,0
-1.220140,-1.060267,0
-0.292659,0.873698,0
-0.691427,-1.635159,0
-0.644331,-2.246449,0
-1.785324,-0.825043,0
-0.661562,-1.027978,0
-0.607365,-2.208390,0
-1.773362,-1.557931,0
-0.102250,-0.638693,0
1.270431,-1.848288,0
-0.810648,-2.998371,0
1.790969,-1.467057,0
-0.905786,-1.308505,0
-0.535690,-1.499358,0
0.514338,-0.775061,0
0.540534,-1.599551,0
-1.666268,-1.395901,0
-1.037619,0.502426,0
-1.956069,-1.467173,0
-0.040909,-1.235672,0
0.111644,-0.582200,0
-0.693892,-1.224100,0
-0.562477,-0.640473,0
-1.373808,-0.466174,0
-1.170086,-1.002413,0
-1.864659,-0.310490,0
-0.610785,-0.752730,0
-1.245181,-0.366008,0
-0.817956,-0.012132,0
0.218250,-0.681675,0
-1.269204,-0.217533,0
-0.829575,-1.249922,0
0.292155,-1.239798,0
-2.231933,-1.451163,0
-1.201019,-1.962082,0
-1.229662,-1.167520,0
-2.576596,-1.949994,0
0.604636,-0.338944,0
-0.095766,-0.986194,0
-0.992548,-2.020441,0
-1.286515,-1.282220,0
-1.992823,-0.194294,0
-1.028547,0.626965,0
-4.097339,-1.125315,0
-1.153205,-0.589742,0
-1.857767,0.705628,0
-1.397874,-0.853684,0
1.225290,0.052163,0
0.330548,0.700451,0
-1.065210,-1.776087,0
-1.627616,-1.953600,0
-1.940332,-0.829822,0
-0.041048,-0.025605,0
-1.833944,0.114488,0
-0.005262,0.252425,0
-2.049369,-2.259970,0
-1.993748,-2.775857,0
0.902941,-0.336041,0
-1.243896,-0.477999,0
-0.513547,-0.925403,0
-1.568754,-0.759729,0
0.408976,-0.872629,0
-2.233204,-1.063029,0
-1.735223,-1.203922,0
-2.198449,-0.378357,0
-1.887352,-1.032259,0
-0.089308,-2.830267,0
-0.975613,-1.278950,0
-1.837689,-1.204975,0
-2.304356,0.328570,0
-2.554060,-2.734949,0
-1.276301,0.086048,0
-1.398155,-0.426865,0
-1.065565,-1.069069,0
-1.225375,-0.055719,0
-3.754093,-1.689347,0
0.907023,-2.694288,0
-0.666052,-0.846129,0
0.415628,-1.886831,0
0.306026,-0.591878,0
0.654530,-0.031479,0
-1.653652,-3.488154,0
0.739504,-0.059951,0
0.195637,-2.330135,0
-0.923994,1.867994,0
-3.003936,1.196977,0
-1.672815,-1.057389,0
-0.986998,-1.618585,0
-0.519020,-3.124911,0
-0.919125,0.037914,0
0.355857,-1.659050,0
0.282103,-0.402587,0
-1.044768,-1.885790,0
-1.214225,0.645252,0
-0.147085,-1.158036,0
-0.939756,-2.304477,0
-0.767335,-0.776720,0
-0.446686,-1.761099,0
0.767683,0.156572,0
-0.342027,-0.782273,0
-2.612676,-2.034219,0
-2.453932,-1.122595,0
-1.482894,-1.101956,0
-1.377844,-1.151068,0
-2.690888,-1.685814,0
-1.051817,-0.698866,0
-1.541855,-1.258150,0
-1.563992,-0.778028,0
-0.368358,-1.515489,0
-1.903103,-2.199563,0
-0.456989,-0.496135,0
-1.215494,-2.476337,0
-0.224943,-0.466678,0
-0.988003,-0.273390,0
-0.543988,-3.015806,0
-0.475448,-1.563472,0
-1.204503,0.729638,0
-1.462430,-2.691978,0
0.539341,-1.018688,0
