-0.863523,-0.262361,1
0.513974,-0.667602,1
2.765387,1.028396,1
2.160425,-0.183532,1
0.480817,2.692968,1
0.127576,2.276309,1
2.256097,2.375255,1
0.942304,1.788291,1
0.250963,1.228799,1
0.682000,0.711338,1
1.973856,2.013282,1
-1.044159,1.644698,1
0.685588,1.321331,1
0.363600,0.069678,1
1.503789,2.292455,1
-1.263593,0.551441,1
-0.912725,1.788226,1
1.791952,1.517304,1
0.071867,1.977693,1
1.200990,0.398986,1
1.547273,0.064908,1
0.833298,0.823815,1
3.250788,0.916969,1
3.969761,1.762506,1
2.593995,-0.521009,1
0.751392,3.018972,1
-0.329834,0.252336,1
0.145919,0.844513,1
1.282153,1.444950,1
-0.416818,1.196693,1
0.962377,0.932056,1
-0.059246,0.007446,1
-0.102349,0.843588,1
0.888227,-0.459438,1
0.991124,2.601802,1
0.460692,2.000808,1
1.873888,1.020264,1
2.460821,1.799435,1
1.739841,-1.994904,1
0.260994,1.529469,1
1.562581,1.668149,1
-0.701965,1.528077,1
2.786664,0.360599,1
-0.070027,-0.877536,1
-0.093483,1.020016,1
1.687491,1.674057,1
0.847217,0.658744,1
2.933263,0.275949,1
-0.373335,1.471780,1
1.720863,1.265812,1
0.343158,2.700991,1
1.869649,1.093331,1
1.246888,1.009136,1
-0.011920,1.773302,1
1.060244,-0.553189,1
3.073927,1.410753,1
-0.246179,0.248839,1
0.460314,0.558106,1
0.096651,0.399960,1
2.380302,3.061580,1
2.540202,4.494554,1
0.022067,-0.251089,1
-0.924403,2.406490,1
2.663023,-0.097197,1
0.958068,3.231287,1
1.816569,0.066581,1
0.671200,0.463401,1
1.355754,-1.356700,1
3.097807,0.266540,1
0.799053,3.160318,1
1.353653,1.677149,1
2.242949,3.607287,1
0.163101,1.758330,1
-0.692330,1.332342,1
0.818269,1.875459,1
1.763479,0.491256,1
0.793552,1.130489,1
0.406323,1.671548,1
2.065960,1.658606,1
-1.668680,1.298417,1
-1.572780,1.921244,1
1.674041,0.498722,1
1.599197,-0.609497,1
-0.411674,0.640724,1
1.430802,1.731271,1
2.212510,1.794835,1
1.317107,-0.997639,1
1.527006,0.706468,1
1.033561,2.731995,1
1.737816,0.140795,1
0.857288,0.892662,1
0.555746,0.992137,1
1.392674,1.694051,1
-0.114792,2.240808,1
1.594754,-0.256186,1
0.214371,1.355412,1
1.284783,0.912626,1
2.191553,0.975949,1
2.586288,0.361500,1
1.245370,0.420204,1
2.671178,0.794767,1
1.762734,-0.640134,1
2.069734,0.480385,1
1.462929,-0.914513,1
1.554820,1.802983,1
-1.722058,1.673144,1
1.752121,2.310483,1
0.644581,2.603930,1
0.909653,3.110431,1
1.692743,-1.426381,1
1.939754,1.519772,1
0.892503,2.452964,1
0.152301,-1.118913,1
1.083518,0.239318,1
0.259758,0.461104,1
-0.803932,2.030751,1
0.623132,1.160752,1
0.920880,2.183404,1
-0.214679,-0.184822,1
0.093676,1.195379,1
0.036717,1.640684,1
2.746543,1.574614,1
0.791534,1.653774,1
0.503721,3.165792,1
1.594745,1.134847,1
1.186794,-0.253828,1
1.522164,2.875940,1
0.898860,1.300099,1
-0.616693,0.275876,1
2.262800,-1.386179,1
1.643842,-0.745935,1
0.724513,-0.256297,1
-0.198263,1.008385,1
-0.460504,0.617110,1
0.967409,-0.558943,1
1.509916,0.527480,1
2.579928,0.745783,1
1.702390,1.010598,1
0.902591,0.043031,1
0.511448,0.862898,1
2.409788,-0.844064,1
0.108571,-0.233617,1
2.386914,1.688534,1
0.842799,2.353980,1
0.503169,0.150052,1
1.266318,-0.338277,1
1.160595,1.519590,1
1.557219,1.555447,1
1.957533,0.058895,1
2.327686,0.288412,1
0.519003,-0.157270,1
2.480923,2.376268,1
1.111516,1.767972,1
2.391699,1.474210,1
0.683483,0.664934,1
1.071181,1.320402,1
0.056629,-0.016204,1
1.006102,1.856821,1
1.604638,1.884234,1
-1.131366,2.248725,1
0.709120,-0.556170,1
-0.685269,0.594769,1
-0.795804,0.958923,1
-0.697769,2.740343,1
-0.092860,1.694800,1
1.098688,0.160624,1
2.111574,1.472344,1
0.153673,0.542022,1
1.230777,1.176646,1
2.229329,0.693340,1
3.147023,1.995885,1
0.737179,1.668819,1
1.474896,-0.101295,1
0.688278,0.543481,1
2.737844,1.294973,1
-0.122930,1.466175,1
3.336189,-0.599756,1
0.239616,-0.264291,1
2.644473,-1.037473,1
-0.438118,2.120407,1
0.437708,1.970558,1
1.261943,0.457363,1
1.696380,3.723702,1
0.366562,1.424140,1
0.244582,2.785035,1
1.370854,-0.008746,1
1.448766,1.060565,1
1.695347,1.083923,1
2.495565,1.644535,1
1.627436,-0.596883,1
0.866498,-1.865027,1
1.533041,1.791118,1
0.019345,3.167568,1
0.619115,0.778838,1
1.633254,0.587024,1
1.514235,1.865469,1
0.388346,2.973601,1
-0.379520,-0.982644,1
0.700030,1.191284,1
3.590411,0.226563,1
-0.203469,1.298581,1
1.259857,0.211537,1
2.815183,0.306846,1
0.864383,0.248240,1
1.787205,0.314349,1
1.056763,0.293174,1
2.523051,0.466820,1
2.859453,2.701248,1
1.819091,-0.276145,1
0.998779,1.362178,1
1.773928,1.509958,1
3.229732,2.552993,1
0.193593,1.515143,1
-0.787316,1.449472,1
2.645711,0.684744,1
1.334144,-0.837973,1
1.490650,1.075585,1
2.597060,1.159889,1
2.121047,3.398188,1
0.763530,1.978731,1
1.070924,0.554269,1
-0.290135,0.751317,1
0.860564,1.118635,1
2.529857,0.302191,1
2.128318,-0.844704,1
1.135687,0.623760,1
0.004011,1.520113,1
3.123986,-0.475717,1
2.864356,0.888808,1
0.631461,0.843992,1
0.768265,1.557222,1
2.562144,0.709624,1
1.690860,1.687403,1
0.813823,0.641970,1
2.203971,1.604692,1
2.832139,0.239704,1
-0.518420,2.001993,1
0.948840,3.094375,1
-0.262287,0.702920,1
1.718175,0.219790,1
2.761322,1.352818,1
-0.183961,1.772548,1
0.550652,-0.255708,1
1.909976,1.882442,1
1.436020,0.376569,1
0.668791,1.701398,1
1.867997,0.344508,1
1.694848,-0.113115,1
-0.093942,1.757047,1
1.637199,0.405840,1
1.252966,0.277771,1
1.385946,0.807097,1
1.989159,1.709370,1
0.192316,2.265616,1
1.689327,-0.492186,1
-0.128947,0.627651,1
2.725896,1.444775,1
1.417390,2.181359,1
0.876390,0.254938,1
1.172493,0.996411,1
0.436867,0.409317,1
-0.339150,0.796645,1
1.553917,0.227784,1
3.071599,1.937335,1
1.440176,0.969307,1
0.245100,-0.202442,1
1.809542,0.576351,1
0.843834,1.201793,1
2.211527,2.777564,1
0.787667,2.370591,1
0.964389,0.887752,1
0.329299,1.503270,1
1.315654,0.553678,1
2.111564,-0.031540,1
0.037416,-0.606198,1
2.186587,-1.099200,1
0.856003,1.922591,1
2.209252,-1.514416,1
1.174635,1.499308,1
3.230542,2.765631,1
1.270723,1.810094,1
2.010202,0.897420,1
0.241457,-0.667518,1
0.932771,1.937708,1
0.299102,1.644749,1
1.166609,-0.673040,1
2.968102,1.524796,1
3.136903,2.544674,1
1.439010,1.271484,1
-0.094353,1.588632,1
0.496518,3.305751,1
0.821937,1.984392,1
2.125726,0.166803,1
3.708373,1.103217,1
-1.210486,0.080359,1
1.465456,0.762651,1
2.005167,-0.201205,1
1.563837,-0.151483,1
1.933428,2.272769,1
-0.274241,2.806276,1
0.746204,2.673994,1
3.148928,0.637716,1
2.058703,1.944679,1
0.811901,2.478160,1
1.949029,0.518639,1
0.638238,0.371375,1
0.859384,0.413786,1
0.206643,0.549569,1
-0.512534,-1.131706,1
-0.791355,1.630050,1
0.507374,1.188507,1
1.595838,1.064539,1
0.140459,-0.329429,1
2.718437,0.295635,1
-1.768422,0.190410,1
2.045333,-0.293779,1
-0.831567,1.171562,1
2.382602,0.878780,1
1.741009,1.278146,1
0.702226,1.567077,1
0.670577,2.479024,1
0.040334,-0.632696,1
0.085638,1.598474,1
-1.432592,1.841051,1
1.233661,1.013974,1
2.422531,0.041734,1
-1.014820,1.955119,1
1.883198,2.008549,1
2.449153,1.887766,1
-0.974767,0.168638,1
0.839240,1.308252,1
0.371561,1.634165,1
1.034154,1.529879,1
0.849124,0.023172,1
-0.806150,0.156611,1
0.417763,0.952818,1
0.998248,-0.402940,1
0.742001,0.213377,1
0.466060,-0.163409,1
2.632621,2.602286,1
0.767611,-0.063330,1
1.269356,2.824776,1
0.437817,2.142329,1
0.418105,0.832439,1
0.214584,2.438882,1
1.849760,2.672774,1
0.054203,1.577864,1
2.067590,0.638223,1
2.135336,2.539151,1
-0.422236,-0.090619,1
1.539580,2.634686,1
1.148394,1.400952,1
0.218510,1.263878,1
0.130650,1.985287,1
-0.597589,0.930448,1
0.092142,0.062706,1
0.997895,-0.732124,1
1.947775,0.088057,1
1.909237,0.852670,1
-0.333572,0.139642,1
1.341407,1.972328,1
-1.254086,0.523016,1
0.353738,2.156389,1
0.953396,2.457213,1
1.807270,2.480108,1
0.350851,0.947278,1
-1.010895,2.999623,1
-0.401771,-0.510757,1
0.497285,1.353011,1
-0.049085,2.289749,1
-0.504055,1.616503,1
0.143081,0.789858,1
0.477547,-0.385042,1
1.941379,1.338815,1
-0.200802,1.178940,1
0.139953,0.686587,1
1.268844,-0.359681,1
1.301093,-0.989330,1
1.327165,1.216050,1
1.086508,1.147551,1
0.627891,1.429778,1
2.604947,0.885957,1
1.416866,0.834947,1
2.591484,-1.394255,1
0.760095,0.775086,1
1.052466,3.300702,1
2.875592,1.084205,1
1.062945,1.000537,1
-0.373077,2.541012,1
-1.375015,2.478828,1
0.997723,0.433605,1
2.031406,2.380953,1
1.603962,1.902799,1
1.410427,2.293865,1
1.966913,-0.354624,1
0.748046,0.861699,1
0.466597,-0.172470,1
1.211611,1.793317,1
0.765866,1.600790,1
0.264219,0.527517,1
-1.000726,2.589761,1
2.786605,2.005999,1
3.180609,0.074943,1
1.530343,-0.931568,1
1.587972,-0.903025,1
-0.099508,1.149371,1
0.862193,-0.502729,1
0.859468,1.202870,1
2.752352,0.887084,1
1.670636,2.817345,1
2.040725,2.424282,1
2.040738,0.570777,1
1.488499,0.859218,1
0.104016,1.636503,1
-1.329084,-0.605685,1
1.865258,1.650699,1
0.907290,-0.755015,1
1.235762,1.450054,1
1.724218,-1.268248,1
1.466256,-0.129335,1
-0.603521,2.100369,1
1.403748,3.562982,1
0.530484,2.072847,1
-0.482566,1.524275,1
1.560234,1.238466,1
1.904616,-0.545543,1
1.948562,2.515895,1
2.311177,-0.599063,1
-0.193222,3.329987,1
1.026641,0.048872,1
2.702479,-1.006358,1
1.133670,0.682020,1
0.064130,1.303278,1
-0.253467,0.417474,1
2.801082,-0.480240,1
1.239643,-0.779980,1
2.244001,1.110884,1
0.929097,1.437009,1
3.300436,0.169119,1
0.925078,-0.150812,1
3.061261,0.480840,1
-2.498961,0.421436,1
0.329267,2.576274,1
-0.265941,2.762289,1
1.986389,1.524133,1
3.290987,1.202736,1
-0.269464,1.716282,1
0.553215,0.787759,1
1.539321,1.681134,1
2.556192,0.865305,1
2.689328,0.035795,1
-1.062995,-0.630975,1
0.254139,0.380503,1
0.723325,-0.993821,1
-0.801678,0.339685,1
1.923196,0.340042,1
0.360091,2.130713,1
-1.058445,0.888044,1
0.131933,1.051031,1
0.704174,1.596558,1
2.486311,-0.277358,1
2.098777,1.450266,1
1.969132,1.799989,1
3.952050,1.397445,1
1.409100,-0.553611,1
-0.091521,0.509496,1
-0.966483,2.051552,1
1.189772,-0.379103,1
-0.490742,1.110701,1
2.196511,0.849706,1
-2.017765,0.996534,1
0.186293,1.842014,1
1.190280,1.168892,1
-1.173959,1.019861,1
1.053945,0.858048,1
2.286596,-1.210285,1
-0.476219,2.832726,1
0.323883,3.054029,1
-0.660453,0.547911,1
1.774870,-0.189683,1
2.217114,0.774362,1
1.495660,0.362508,1
1.789606,2.167582,1
1.243117,2.042293,1
0.471689,0.667069,1
1.064026,0.375266,1
1.827545,1.600125,1
-0.012890,1.145117,1
2.476051,1.050451,1
2.213319,0.032752,1
0.485444,1.404616,1
1.434456,-0.219062,1
-0.052509,0.513767,1
0.725139,-0.008263,1
1.461524,0.992571,1
0.358564,1.488914,1
1.689398,-0.043774,1
1.149082,1.234904,1
-1.428183,-0.198787,1
0.785676,3.751960,1
1.257160,0.288671,1
1.512407,0.697564,1
1.009671,1.380329,1
-0.351835,0.947195,1
0.916944,2.155381,1
0.108694,1.867518,1
-0.082479,1.078485,1
0.307038,2.458128,1
1.293006,2.327073,1
2.246069,0.855087,1
0.310840,2.330972,1
2.657678,0.770170,1
1.317113,0.529311,1
2.526218,2.603463,1
-0.235239,0.558155,1
0.817145,2.003368,1
0.961889,2.355166,1
2.366813,-1.017961,1
0.668507,2.377972,1
2.187012,1.564401,1
0.610137,-0.628773,1
2.783846,2.375205,1
0.541077,2.522724,1
1.258149,0.638027,1
0.599352,1.872974,1
0.489170,1.513827,1
0.883861,2.930499,1
1.866292,-0.212911,1
0.275555,1.941870,1
-0.038133,2.122516,1
0.488059,0.840943,1
-0.102615,1.094584,1
-0.496743,1.184774,1
1.610762,1.744588,1
1.757383,1.760830,1
3.592287,-0.483239,1
1.318733,1.621341,1
0.961776,0.943265,1
1.430646,1.186971,1
-0.017292,1.938525,1
2.778917,2.634345,1
0.168002,-1.153664,1
0.595002,1.116803,1
1.437861,0.072019,1
-1.269358,0.541952,1
1.592414,0.475645,1
3.957078,1.825275,1
0.566339,2.350899,1
0.873886,-0.995742,1
0.546390,-1.320924,1
1.282689,-0.578781,1
2.897436,-0.047403,1
1.507573,-0.235777,1
1.435813,2.513906,1
1.753034,0.120887,1
2.402008,2.001836,1
1.377710,1.198290,1
1.196607,0.831300,1
1.795305,0.095697,1
0.970416,1.664199,1
2.200583,1.462254,1
0.313532,1.465376,1
2.259338,-0.858753,1
0.984989,1.262001,1
0.363055,-0.090057,1
-0.078082,1.077786,1
1.018903,-1.299603,1
3.555922,1.454699,1
-0.483289,1.675359,1
1.469345,0.225108,1
2.748692,0.217170,1
0.398771,1.172859,1
-1.137028,1.254699,1
1.619960,1.733791,1
0.843695,0.683325,1
1.040838,0.484198,1
1.185052,1.033348,1
2.749253,0.983993,1
0.963553,1.128343,1
0.334597,1.868219,1
-0.370219,1.988666,1
1.370376,0.109423,1
1.892740,0.176354,1
0.699177,0.922726,1
0.091784,1.609602,1
1.169687,2.427605,1
1.798288,1.060809,1
-1.028798,0.949441,1
1.330191,-1.093896,1
1.350376,1.231906,1
0.870387,1.100279,1
0.545886,2.341818,1
0.851405,1.792046,1
-0.300474,-0.446782,1
1.879909,-0.554866,1
1.754352,1.524279,1
0.992864,-0.485285,1
2.697704,2.579848,1
2.078229,2.031858,1
-0.649311,-0.190876,1
1.879052,1.688889,1
2.681542,0.852496,1
-0.408382,-0.069930,1
1.946003,1.214220,1
0.030383,-0.979120,1
-0.767250,-0.853064,1
0.684883,2.994373,1
-0.014836,-0.084730,1
0.537161,0.567291,1
-0.297405,1.112524,1
0.056589,0.111891,1
1.931359,-0.027862,1
0.727568,1.718090,1
2.603355,0.589619,1
1.495803,0.161489,1
2.647351,-0.528107,1
1.277125,0.393250,1
1.330955,1.804077,1
-0.882738,-0.665295,1
0.939961,0.409127,1
3.633989,1.116159,1
0.936526,-0.158993,1
1.331979,2.232908,1
1.756219,1.363022,1
0.498140,1.677098,1
3.319434,2.244077,1
-2.105572,-0.237141,1
1.003870,-0.465722,1
-1.612965,0.069994,1
2.758132,2.133175,1
1.463885,1.392471,1
0.712527,-0.741163,1
1.314245,-0.430334,1
-0.515418,-0.715359,1
2.017608,1.464103,1
-0.013876,1.296075,1
1.614570,1.238156,1
0.870835,1.483268,1
1.422995,1.411162,1
-0.574455,1.108155,1
2.740067,-0.024264,1
1.109979,0.440976,1
3.820851,-0.084155,1
4.122139,1.140115,1
1.611764,1.910064,1
2.990228,1.410279,1
-0.158630,0.191306,1
0.833887,1.497194,1
0.976727,-0.112472,1
-0.349192,1.345103,1
0.073610,1.391711,1
1.901578,1.781770,1
0.729542,-0.737424,1
-1.348775,3.832875,1
1.902981,0.774694,1
1.983052,0.355278,1
1.470871,1.027757,1
-0.808974,2.197691,1
0.323613,1.051583,1
-1.531997,-1.411693,1
1.768747,-0.891785,1
0.402953,1.760037,1
0.566590,-0.272509,1
0.675237,0.971513,1
-0.343036,0.477085,1
0.895656,1.484456,1
-0.215360,0.602386,1
1.309683,1.778610,1
0.933986,1.523493,1
0.394610,0.372859,1
0.970210,-0.409837,1
1.254695,-0.942482,1
1.707179,0.951142,1
0.577221,-0.116862,1
-0.377888,1.847645,1
2.092816,0.021343,1
1.066746,1.831946,1
1.938294,-1.830146,1
0.470582,0.536807,1
0.778340,1.041814,1
2.135521,1.073701,1
0.938576,0.715643,1
1.093761,0.611977,1
0.389435,0.373557,1
1.510024,0.612145,1
0.884264,0.671255,1
2.223621,0.757942,1
-1.063744,1.735576,1
1.819064,-0.821237,1
1.283267,1.072398,1
0.967963,2.080913,1
3.740990,0.371626,1
0.233184,1.818887,1
1.571503,2.239986,1
2.173674,3.080912,1
0.265560,1.675576,1
2.044339,-0.322262,1
1.046145,-1.820321,1
2.824841,1.060602,1
0.500404,1.594123,1
-0.521044,1.785937,1
0.598973,2.442845,1
-0.459315,-0.798495,1
2.301873,1.771235,1
1.912821,1.910666,1
2.106476,0.886408,1
1.972639,1.181482,1
3.048942,0.248925,1
0.979001,-0.403956,1
-0.538465,0.601736,1
0.347579,1.062622,1
1.112084,0.737838,1
0.376349,1.504911,1
0.059880,0.206022,1
3.359355,1.633878,1
1.305504,1.381018,1
0.014236,-0.626615,1
1.118226,1.501004,1
0.036951,0.784683,1
1.694395,1.887648,1
2.679591,2.356438,1
1.286199,0.165424,1
0.525436,0.447963,1
1.041040,-0.426435,1
2.554786,0.016682,1
2.488674,0.789895,1
3.226197,1.814116,1
0.853997,-0.545068,1
0.396835,-0.405255,1
3.790161,0.020144,1
0.430959,0.333554,1
2.161412,2.543154,1
1.232811,1.805010,1
-1.038112,2.057111,1
2.577663,2.270419,1
1.585388,2.244517,1
0.261565,0.585183,1
0.530119,2.885572,1
0.313998,0.575703,1
0.608755,1.212783,1
1.942221,0.688808,1
1.989529,1.360805,1
-0.359503,2.563624,1
-0.347845,0.432106,1
-0.277788,1.012204,1
2.239044,-0.004449,1
0.087897,1.194684,1
1.315931,2.696670,1
-0.292201,0.654504,1
0.578629,0.766189,1
0.742556,0.547005,1
1.386169,1.649953,1
-0.143752,-0.228333,1
-0.034849,1.459786,1
0.850586,-0.402404,1
-0.028793,1.415200,1
0.976776,0.960350,1
1.288029,0.647193,1
3.077677,0.500166,1
1.236613,1.002444,1
0.506861,-0.369524,1
1.954818,-0.053420,1
2.800184,1.897541,1
0.496792,1.528074,1
0.285188,0.195298,1
2.863109,-0.455796,1
1.881600,-0.419007,1
0.632822,1.882925,1
0.487107,0.471327,1
2.777078,2.543435,1
1.102441,-1.489826,1
0.893615,1.556161,1
2.844093,2.208374,1
2.324670,0.072173,1
3.127753,2.769052,1
1.350552,-1.545360,1
0.555867,1.192133,1
-0.103370,1.919117,1
1.750599,0.722767,1
-0.213032,2.577459,1
1.675731,1.359911,1
3.619197,1.339732,1
0.926557,0.293830,1
-0.461234,-1.227103,1
1.132103,2.706116,1
1.329929,1.623392,1
-0.018702,0.898753,1
0.130696,1.288216,1
1.042784,-1.445277,1
0.253492,2.876032,1
1.983949,1.030833,1
0.222432,1.751027,1
2.761619,1.892029,1
0.052988,0.625652,1
0.431108,0.120988,1
0.202829,2.619046,1
3.032693,1.517992,1
1.472514,0.846562,1
2.054919,-0.369631,1
1.411214,1.591129,1
0.320270,0.688798,1
0.502730,-0.234548,1
0.965093,0.318199,1
-0.113682,-1.790848,1
2.511005,2.429061,1
1.414898,0.455524,1
1.427088,0.527184,1
1.044913,2.267203,1
2.039258,2.746056,1
1.669257,1.981757,1
-0.115188,0.799922,1
-1.644048,0.962066,1
1.518708,0.444907,1
0.840174,-0.456936,1
0.841074,1.326715,1
1.141803,0.518863,1
1.859478,0.385022,1
-0.197973,1.227222,1
0.499335,0.972671,1
-0.885765,1.430375,1
0.246242,0.467344,1
0.374208,0.598297,1
-0.588586,-0.987480,1
0.107243,0.418893,1
1.248810,0.927128,1
0.854836,1.055422,1
0.144482,0.672018,1
2.631395,-0.492872,1
1.420471,0.057120,1
1.942354,3.385365,1
0.385703,2.068638,1
-0.129288,0.418616,1
3.246853,-0.215008,1
1.340496,2.090942,1
-1.746942,1.729425,1
-0.931870,0.383490,1
-0.190651,3.323070,1
0.718462,2.223771,1
1.824008,-1.650233,1
1.497874,2.143245,1
1.059365,0.476672,1
1.637449,0.126528,1
-0.328369,1.064217,1
0.743759,1.913580,1
1.221829,1.231410,1
-0.314265,1.647646,1
1.072518,1.592302,1
1.366783,1.293008,1
1.982454,0.426780,1
0.574244,-0.199852,1
2.090281,0.549599,1
1.887480,2.143123,1
1.974044,0.178143,1
0.817794,2.021467,1
1.400458,2.425961,1
2.084121,2.717638,1
1.404320,1.451507,1
-0.629926,-0.873751,1
2.967085,1.413594,1
2.426281,0.145083,1
1.908725,1.068701,1
0.825285,0.908741,1
0.739262,-0.943498,1
0.530090,1.998230,1
-0.002915,0.132908,1
3.188572,-0.000252,1
0.954858,-0.343044,1
0.786882,0.293152,1
2.369650,-0.200295,1
-0.156240,-0.473581,1
0.123164,0.132127,1
-0.578102,3.606865,1
2.350182,0.282365,1
-1.443247,0.853166,1
1.631687,0.403163,1
-0.440998,-0.218690,1
1.105696,0.406283,1
0.553332,1.405235,1
-0.760444,-0.187796,1
2.505496,0.151617,1
1.497873,1.491740,1
2.310842,2.372797,1
1.317030,2.095919,1
1.824843,2.048396,1
1.357684,2.298529,1
3.761752,2.500106,1
1.557899,-0.312566,1
1.028661,0.914231,1
2.692171,2.275145,1
0.547816,1.275175,1
1.462343,0.656437,1
0.866162,0.481094,1
-0.335060,2.627579,1
-0.537570,0.187924,1
0.462212,2.440805,1
1.348948,0.308198,1
0.616523,1.488685,1
0.603707,2.046010,1
1.812796,1.562315,1
-0.366809,1.369461,1
-0.306499,0.395856,1
1.326653,0.791941,1
-0.634718,1.990279,1
1.004290,-0.470185,1
1.866214,0.682593,1
0.352753,1.886193,1
-0.461394,1.059804,1
0.272589,2.019465,1
1.518016,2.832891,1
1.726372,-0.352458,1
-1.144428,1.615386,1
3.302431,2.591309,1
-0.377218,0.324411,1
0.138463,0.500639,1
2.076610,0.255989,1
-0.147460,1.788129,1
1.641708,2.021511,1
1.649654,1.559758,1
-0.462555,1.109625,1
1.359954,-0.152910,1
2.846808,0.540997,1
-0.173875,-1.474803,1
1.565108,2.270172,1
-1.459380,-0.382591,1
3.039742,0.101584,1
-0.092721,1.374863,1
0.542546,0.814492,1
0.178820,-0.133937,1
-0.367859,0.297900,1
1.485481,1.475478,1
2.070625,1.081209,1
1.184532,1.637017,1
0.495384,-0.452557,1
-0.191177,1.539637,1
3.020747,1.521714,1
0.578312,-0.855176,1
2.329180,-0.260348,1
1.689515,4.210583,1
1.817189,0.018088,1
0.609304,2.059110,1
0.626299,0.767858,1
-0.028303,1.836316,1
0.684455,0.571031,1
0.928688,0.667340,1
-0.612907,2.146452,1
1.672885,0.028179,1
0.963709,1.621288,1
1.050758,1.007687,1
0.741819,0.852322,1
1.440330,0.879522,1
-0.016430,0.583755,1
0.876049,0.019674,1
0.127298,0.776546,1
0.137480,0.240230,1
0.399586,0.820502,1
1.625247,1.480613,1
1.366061,1.255771,1
2.251153,1.507233,1
-0.548151,3.163548,1
0.009174,0.281237,1
1.890089,1.252532,1
-0.065448,1.562291,1
0.328845,4.154110,1
-0.801337,2.246692,1
0.451552,2.690452,1
2.033522,0.844635,1
1.084119,-0.686894,1
1.315584,0.998547,1
-0.269364,-0.181846,1
2.403776,2.179223,1
3.383117,-1.259573,1
0.582937,1.104583,1
0.056338,0.765125,1
2.051809,-0.240861,1
-0.794475,2.539136,1
2.235412,1.731217,1
1.119788,2.234191,1
2.822882,1.155940,1
0.246227,1.289742,1
0.550796,0.320156,1
-0.548789,1.326849,1
-0.002469,2.602503,1
3.541655,-0.445591,1
2.262637,3.353182,1
1.142353,-0.267503,1
1.323424,2.039255,1
1.522407,1.164435,1
0.534273,1.484326,1
-0.921101,-0.228084,1
1.785492,-0.793605,1
-0.575453,1.234032,1
2.267499,0.814830,1
2.050929,1.480461,1
0.960033,0.559881,1
-0.050622,1.852909,1
1.299883,2.781933,1
2.720416,3.113961,1
1.595433,0.813063,1
-0.886463,-0.713072,1
0.405641,2.016259,1
-1.248999,-1.588838,0
-1.108468,-1.972827,0
-0.128514,-0.964479,0
0.297434,-1.624107,0
-2.167719,-0.968514,0
-1.352408,-1.126572,0
-0.906241,-0.954756,0
-0.989410,-2.758206,0
0.427159,-1.788153,0
-0.927711,-0.171216,0
-1.435267,-0.233564,0
-2.103326,-1.923018,0
0.126472,-1.929365,0
-3.096993,-0.452579,0
-1.213387,-2.862307,0
-0.438769,-0.966095,0
-1.694192,-0.196643,0
-1.262730,-2.083911,0
-1.797067,1.151318,0
-0.993944,-1.981191,0
1.057034,-2.451770,0
-0.877412,0.354856,0
0.431956,-0.431790,0
-3.153413,-0.797602,0
-1.212634,-1.296911,0
-1.231421,-2.563470,0
-0.356729,-2.079943,0
0.096188,-1.442771,0
-1.191606,-1.829791,0
-0.903935,-0.624227,0
-1.601047,-0.397385,0
0.128970,0.440805,0
-1.073178,-2.009580,0
-1.087726,-0.881568,0
-2.371183,-0.324850,0
0.166497,0.410527,0
0.699615,-0.185517,0
-1.351948,-1.794515,0
-1.069749,-1.147721,0
-0.970380,-2.574606,0
1.507045,0.090935,0
-0.642648,-2.817369,0
-1.687678,-1.663476,0
-1.827395,-1.636858,0
-3.465966,-1.792520,0
-0.908182,-2.929600,0
1.470822,-2.411082,0
0.032993,0.784492,0
2.788951,-0.854586,0
-1.645444,-0.709546,0
-1.081228,-1.189960,0
-1.274754,-1.381672,0
0.121079,-1.153584,0
0.620298,-1.043988,0
-2.032518,-3.627345,0
-0.266532,-1.709409,0
2.017478,-2.622289,0
-1.333965,-2.430239,0
-0.601971,-0.457828,0
-1.745529,-1.504895,0
-1.993930,-1.645209,0
-1.903664,-0.979489,0
-1.578603,0.304748,0
-0.395442,-0.987640,0
-1.740392,-0.753551,0
-1.073554,0.132150,0
-1.618733,-0.229454,0
0.958121,-0.551801,0
-2.340982,-1.042782,0
-1.401736,-1.475526,0
-0.795262,-0.922934,0
-0.030882,0.085799,0
-3.622898,-0.093814,0
-2.303126,0.450914,0
-1.007831,-0.096310,0
-1.566495,-0.424402,0
-1.208210,-0.837363,0
0.548385,0.612147,0
0.350875,-2.016546,0
-0.814557,-0.635358,0
2.130605,0.260077,0
-2.118882,-1.121259,0
-0.851298,-1.596094,0
0.981231,-0.178014,0
-1.791122,-0.679761,0
-0.843751,-1.025673,0
-1.343349,-2.014811,0
-1.122632,-1.471727,0
-1.954900,0.497204,0
-1.615640,-0.538033,0
0.126359,0.347469,0
-1.862159,-0.535461,0
-0.800404,-2.091237,0
-0.702870,-2.555768,0
-0.783048,-1.147989,0
-1.111604,-4.129223,0
-0.041073,0.354532,0
-0.339754,-0.351187,0
0.468791,-0.823422,0
-2.223084,-0.471074,0
-2.461740,-1.100552,0
-0.684337,-1.165054,0
-1.537448,-0.266471,0
-0.129331,-0.247244,0
-1.427500,0.436520,0
-2.179756,0.733989,0
0.233107,-1.230333,0
-1.194697,-0.800996,0
0.006392,-2.417065,0
-1.723998,-2.377005,0
-0.101778,-0.959865,0
0.368708,-0.368614,0
0.271132,-1.298176,0
-2.137606,-1.010224,0
-1.265012,-2.193412,0
1.167786,-0.304949,0
-0.507437,-0.996459,0
-0.519084,-0.776345,0
-0.272873,-2.341439,0
-2.374906,-2.141612,0
-0.365459,-1.503052,0
-1.226621,-0.922299,0
-2.050142,-0.343881,0
-2.660629,-0.571364,0
-1.240965,-1.723457,0
-0.270999,-0.548730,0
-2.422174,-1.075157,0
-1.686332,-0.457760,0
-0.880181,-2.232256,0
-0.019176,-0.512346,0
2.289408,0.703154,0
-0.497102,-0.386560,0
-1.096778,0.131787,0
-0.330024,-0.556658,0
-0.856725,-2.018173,0
-1.477158,-1.311373,0
0.041821,0.083363,0
-0.051463,-0.073635,0
-1.140359,-0.132892,0
-1.638975,0.237472,0
-2.805546,0.255401,0
-0.489867,1.920376,0
-0.404298,-2.408033,0
-1.898719,0.040082,0
-1.554953,-0.931490,0
-2.212029,-2.161435,0
-0.431782,-1.593164,0
-2.073848,0.309577,0
-0.299513,-0.491510,0
0.015753,1.299912,0
-1.721988,-0.752582,0
-2.822179,-0.167750,0
-0.705455,-2.706168,0
0.496082,-2.565569,0
-1.556138,0.380291,0
-1.093968,-1.552631,0
-1.264917,-0.868264,0
-1.148579,-3.494535,0
-0.750179,-0.549606,0
-1.957009,-3.592421,0
-1.940974,0.269363,0
-1.145054,-0.845334,0
-1.670952,-1.313891,0
-1.287187,-3.504442,0
-0.449996,-1.701900,0
-0.895610,0.212863,0
-1.278112,-1.585314,0
-0.568366,-0.613754,0
-0.240370,0.464852,0
-2.382309,-2.453716,0
0.228902,-1.312864,0
-2.130684,-1.269213,0
-0.614152,-0.944782,0
-2.063990,2.525644,0
-1.650743,0.493490,0
0.341535,-2.031182,0
0.099441,-1.887515,0
-0.080686,0.434263,0
-1.977798,-1.453591,0
-2.256719,-1.556121,0
-2.062447,-0.462834,0
-0.830512,-0.119999,0
0.914967,1.935027,0
-1.230817,-0.966391,0
-2.562996,-0.879867,0
-1.838170,-0.429485,0
-0.627069,-0.489674,0
-3.286261,-0.950601,0
-0.542051,0.216190,0
-0.828344,-0.896765,0
-3.015064,-1.116555,0
-0.611454,0.673304,0
0.035186,-1.832982,0
-0.599771,-1.631138,0
0.831533,-2.037078,0
-1.498895,-1.239964,0
-2.645029,-1.997729,0
-0.474303,-1.059056,0
-1.249291,-2.182310,0
-0.824999,-0.719506,0
0.890921,-0.804613,0
-0.079743,-2.178744,0
-2.463775,0.275117,0
-0.211444,1.489756,0
-0.389979,-2.143624,0
-0.550260,-0.802603,0
-1.226000,-2.096648,0
-0.238366,-0.730281,0
-1.507561,-2.375784,0
-0.052956,-1.473913,0
-2.645645,0.806937,0
-0.968819,-1.370391,0
-0.010107,-2.153547,0
0.192702,-0.691401,0
-0.220135,1.895262,0
0.637131,0.521317,0
-0.634906,0.416292,0
-1.920743,0.652897,0
0.122493,0.021618,0
-0.875802,-0.569035,0
-0.622396,-1.858745,0
-3.244688,-1.439277,0
-2.964191,-1.179111,0
-2.263226,-1.629712,0
-0.259921,-2.689478,0
0.512137,-0.584680,0
-1.782767,1.141561,0
-0.343680,-2.600360,0
0.589714,-1.979929,0
-1.508122,-1.689904,0
-2.477820,-1.976219,0
-2.249017,-1.189835,0
1.126647,1.566654,0
-0.534644,-1.029236,0
0.005319,-1.841167,0
0.143414,-0.277207,0
-0.498130,-2.020110,0
-0.863935,1.324558,0
-2.264105,-1.699183,0
0.878292,-1.955133,0
-0.213218,0.260714,0
-1.032066,-1.322205,0
-0.380448,1.620829,0
-0.251195,-1.488277,0
-3.946795,-1.597985,0
-1.877428,-0.531923,0
2.031105,0.211893,0
-2.269333,-0.627427,0
-3.383109,-0.940845,0
-1.440073,-1.485465,0
-1.760070,-0.758162,0
-0.375126,-1.216517,0
-1.290325,-1.941406,0
-2.301430,0.144236,0
-0.704335,-0.430765,0
-1.019727,-1.290257,0
-2.697691,-0.785492,0
-0.440815,-1.090765,0
-2.644002,-2.462626,0
-0.455175,-0.881830,0
-0.654389,-1.767915,0
0.470846,-1.942592,0
-1.954377,-1.909853,0
-0.948601,0.258576,0
0.515051,-1.869425,0
-0.028745,-0.955460,0
-1.426171,-3.493944,0
-0.030576,-1.368638,0
-2.134498,-2.157379,0
-2.617753,0.119430,0
-1.161103,-0.877820,0
-2.027514,-1.534124,0
-2.086268,-2.547957,0
-0.988580,-0.187807,0
-0.787077,0.171403,0
-2.114952,-0.507430,0
-1.501217,0.481620,0
-2.743727,-0.564344,0
-1.487302,-0.327279,0
-0.027029,0.629670,0
-1.950890,-1.341476,0
-1.932684,1.599933,0
-1.516697,0.809706,0
0.243233,-1.768721,0
-2.628614,-1.295616,0
-0.006094,-0.071875,0
-1.260133,-1.015551,0
-0.220967,-2.581787,0
0.291878,0.795829,0
0.605267,-0.525968,0
-0.038334,0.369443,0
-2.553560,1.096282,0
-0.504657,-0.210794,0
-1.049955,-1.550490,0
-1.656238,-1.262828,0
-1.410424,0.465407,0
0.716174,-4.008444,0
0.725112,-1.979915,0
-1.846852,-1.671049,0
-0.737578,0.396386,0
1.289171,-0.308295,0
-0.974890,0.306320,0
-3.387901,-0.721049,0
0.523389,-1.982140,0
-0.982312,-3.322756,0
-1.532694,-1.487824,0
-1.405347,-0.122578,0
-0.126053,0.082766,0
0.348793,-3.009161,0
-2.976078,-1.250258,0
-2.568545,-2.189827,0
-1.055093,-2.101867,0
-0.431068,-1.351619,0
0.587035,-0.747182,0
-1.396485,-0.886544,0
-1.512792,-0.195811,0
-0.793068,-3.281783,0
-0.122223,-1.259328,0
-0.044083,-2.459969,0
-0.269998,-1.635699,0
-1.880744,-1.469109,0
-1.608618,-1.764686,0
-0.533904,-0.053951,0
-2.003813,-1.985761,0
-1.308098,-0.265861,0
-2.195106,-2.141921,0
-1.590225,-1.435845,0
-0.209539,-0.475276,0
-2.876811,-0.238972,0
-0.878869,-1.668166,0
-1.173501,-0.256930,0
0.311857,-0.563488,0
0.032711,-2.514522,0
-0.879189,-0.626936,0
-2.607774,-0.907480,0
-2.742392,-1.089610,0
-0.708986,-3.080686,0
-2.718810,-0.806877,0
-1.505682,-2.253708,0
-0.572879,-0.336695,0
-2.478961,-3.110272,0
-1.705805,-0.865857,0
-1.575027,-1.556813,0
-0.458492,-1.124694,0
0.577584,-2.475573,0
-2.173200,-1.648323,0
-0.274929,-0.885673,0
-1.153825,-0.932227,0
-1.454543,-1.117176,0
1.290987,-1.381435,0
-2.132623,-2.433428,0
-2.238038,-1.884400,0
0.499513,-2.060575,0
1.657071,-3.181251,0
-2.057320,-1.078027,0
-1.742696,-0.979498,0
-0.447249,-1.024782,0
0.236026,-1.328620,0
-2.557272,-2.494147,0
-0.824078,-3.401991,0
-0.355225,1.640475,0
-1.335459,-0.119767,0
-1.488107,-1.499806,0
2.582373,1.353074,0
-1.050855,-0.058233,0
-2.810695,-1.108820,0
-0.077815,-1.378087,0
-0.306726,-0.443019,0
-2.735147,-0.723002,0
-1.074458,-1.380997,0
-1.312448,-2.359309,0
-0.950786,0.488005,0
-2.476366,-0.299276,0
-2.170486,1.120783,0
-0.982950,-0.530001,0
0.364577,-1.776880,0
-2.406024,-1.915508,0
0.175042,-1.526016,0
-0.403740,0.020931,0
-1.742392,-1.915239,0
-1.764009,-2.937214,0
0.136922,-0.152098,0
-0.297255,-0.168547,0
0.450847,-0.151785,0
-1.124437,0.095776,0
-1.362175,-0.321389,0
-1.533942,-0.236264,0
-2.139911,-1.290486,0
-1.104146,0.758120,0
-2.373704,-1.824179,0
-0.462659,-0.995665,0
-1.034693,-1.681455,0
-2.246910,-1.873536,0
-0.948930,-1.249709,0
-1.671995,-3.126816,0
-2.365640,0.173553,0
-2.651960,-1.508900,0
-1.485932,0.238336,0
-1.532187,-0.775836,0
-0.764201,-0.060691,0
-2.423526,0.992288,0
-0.321752,0.096298,0
-2.046030,1.162213,0
-1.160897,-0.509220,0
-0.205396,-2.089224,0
-0.547765,-3.056872,0
-2.149270,-0.592667,0
-1.709052,-1.700369,0
-3.568090,-0.529181,0
0.183558,-3.201957,0
-0.053715,-1.319386,0
-0.814966,-0.806046,0
-1.695295,-1.006621,0
-0.256360,-1.705971,0
-1.203596,-3.478089,0
-2.139057,-2.068288,0
-1.601528,-0.174872,0
0.424168,-1.720473,0
-0.347530,-2.935753,0
-2.117275,-3.193955,0
-0.132380,-0.216985,0
-0.837091,-4.612283,0
-2.417842,-1.175184,0
-2.459262,-2.212412,0
-2.280004,0.876999,0
-0.425054,-0.583838,0
-0.367826,-3.110669,0
-2.065840,-0.959515,0
-0.969443,-2.179970,0
-0.623802,0.022861,0
-3.230422,-0.267736,0
-1.767762,-0.394921,0
-1.269752,-3.054719,0
-2.097511,-1.763343,0
-0.187025,0.932285,0
0.684614,0.172416,0
-1.158007,-0.379213,0
-1.810687,-1.932756,0
-3.872281,-3.113692,0
-0.251864,-1.162998,0
-2.068250,0.655157,0
-2.148091,-0.791738,0
-2.102600,-1.341176,0
-0.821538,1.188052,0
-0.048399,-1.235728,0
0.557918,-2.366648,0
0.646339,-0.835054,0
-2.097237,-0.200877,0
-0.801514,-1.757963,0
0.672434,-1.462663,0
-0.355504,0.171871,0
-2.755018,-1.046468,0
-1.393827,-1.748306,0
-1.957021,-2.588054,0
-0.250748,-1.259717,0
-0.430224,-3.279780,0
-2.785835,-0.747459,0
-0.984666,-2.925651,0
0.399209,-3.118006,0
-0.778551,-3.216421,0
-0.641119,-3.140007,0
-0.778979,-1.883092,0
-1.686705,0.731616,0
0.268809,-0.757425,0
-1.048907,-1.102983,0
-0.591120,-2.280273,0
-0.446990,-0.719416,0
-0.760153,-1.499822,0
-0.058665,0.128705,0
-1.060018,-0.774416,0
-0.448672,-0.840347,0
0.441739,-0.430392,0
-1.848654,0.252419,0
-2.946133,-0.144848,0
0.179498,-2.089831,0
0.968387,-0.466587,0
-2.154042,-1.264068,0
-0.304823,0.245087,0
-0.955771,-1.095034,0
-0.863528,-0.433133,0
-1.699973,-1.482230,0
-0.824698,1.625408,0
-0.582521,-1.022273,0
-1.901757,-1.439257,0
0.193657,-1.426774,0
-1.571659,-2.171406,0
-2.536328,-1.001420,0
-0.582823,1.113241,0
-0.053450,0.074686,0
-1.622603,-1.222105,0
-2.229380,-0.176742,0
0.384929,-1.148605,0
-2.330927,-1.662436,0
-1.228129,-1.363927,0
0.558860,0.530421,0
0.411966,-0.617955,0
-2.523617,-0.599161,0
0.554677,-1.827542,0
-1.490530,-2.088856,0
-0.211813,-0.647083,0
0.915014,-0.502675,0
-2.390830,-1.009471,0
0.388880,-1.264507,0
-3.944259,-0.290057,0
-2.973871,-2.492208,0
1.359608,-0.620816,0
-0.355338,-2.549274,0
-0.953918,-1.266783,0
-0.490541,-0.146008,0
-1.712163,-1.968076,0
-0.064250,-0.831152,0
0.415873,2.561061,0
-0.595844,-1.223359,0
-0.715779,-2.608225,0
-2.655730,-0.035893,0
1.307263,0.195046,0
-1.127719,-1.226706,0
-2.124211,-1.523211,0
-0.509975,-0.875516,0
0.102779,-1.673709,0
-1.601047,-2.375906,0
-0.000661,-1.619095,0
0.008784,-3.258961,0
1.316339,-0.482247,0
-1.755619,-0.838452,0
-0.840025,-0.160737,0
-2.548928,-2.483282,0
0.153027,-0.813998,0
-1.398102,1.202518,0
-2.904112,0.168855,0
-1.180963,-1.285718,0
-1.783135,-0.997282,0
-0.229689,-1.323922,0
-1.164214,-3.512539,0
-0.173266,-1.263157,0
-2.615862,-1.262524,0
0.219235,0.150241,0
-2.779844,0.198077,0
-0.833037,-1.406760,0
0.509259,-0.224562,0
-2.768767,-0.632202,0
-2.190120,-1.341071,0
-1.983040,0.843769,0
-0.149510,-0.846611,0
1.208129,-0.755228,0
-2.009884,-2.567598,0
-2.625701,-1.929158,0
-2.651640,-2.388739,0
2.059738,-1.040838,0
-1.264040,-1.452682,0
-2.171051,-0.754054,0
-2.060056,-0.610602,0
-1.513889,-0.152471,0
0.166195,-1.425872,0
-0.970553,-2.403092,0
-1.347465,0.067639,0
-0.252859,-1.286567,0
-1.529388,-0.540558,0
-3.146836,-2.003677,0
-0.080494,-0.976116,0
-2.493955,-0.912141,0
0.176308,-0.300469,0
-2.874746,-0.171783,0
-0.595970,-2.174881,0
0.208295,-0.883941,0
-2.020292,-1.387687,0
-1.303834,-1.171915,0
-1.442692,0.006864,0
-1.937507,-1.196290,0
0.534548,-2.737832,0
-2.359446,-0.200455,0
-1.906303,-3.210821,0
-2.258985,-0.073297,0
-1.096811,-0.415100,0
-1.061095,-0.825405,0
-1.779455,-1.664303,0
-0.695770,-0.795690,0
0.552787,-0.611098,0
-1.438350,-1.728640,0
0.590541,-0.564354,0
0.944583,-0.829941,0
-0.061560,-1.063692,0
0.739051,-1.097250,0
0.192984,-1.466020,0
-0.368978,0.409798,0
-0.199909,-0.692049,0
-1.062895,-1.052377,0
-0.358904,-0.454310,0
1.487332,-0.801821,0
-1.697243,-2.409525,0
0.752981,-1.328195,0
1.132307,-0.951740,0
-0.767863,1.596641,0
-1.242846,-0.332273,0
-0.936209,-2.736010,0
-2.206853,-1.404884,0
0.512357,-1.144898,0
-3.507660,-1.087359,0
0.096457,0.791715,0
-1.492298,-1.614098,0
-1.490250,-2.592372,0
-2.236180,-1.326244,0
0.372496,0.527449,0
-1.781031,-1.276727,0
-0.016836,1.268017,0
0.908390,-1.927068,0
-2.056369,-1.521020,0
-1.160002,-0.397618,0
-2.081785,-1.399244,0
-0.098030,-0.064722,0
-2.978715,0.218141,0
-0.185122,-2.934091,0
-0.499506,-2.602008,0
0.260499,-0.864482,0
0.404601,-2.468441,0
0.840085,-2.628140,0
-1.805445,-2.126857,0
-1.678848,-1.917925,0
-3.382057,-0.820414,0
-0.435758,0.715973,0
-1.589331,-1.504060,0
-0.675418,-0.439489,0
-1.747034,-1.515798,0
-2.394420,-1.402256,0
-1.086664,-2.310511,0
-0.255158,-0.433140,0
0.222304,-1.691389,0
-0.932158,0.277084,0
-0.656795,-1.308845,0
0.050655,-0.190451,0
0.254468,-0.695547,0
-1.198420,-0.930725,0
-0.888409,-0.986932,0
-1.761218,0.482718,0
0.110098,-0.014177,0
0.898327,-0.080277,0
-1.011843,-1.759595,0
-3.796128,-2.108982,0
-0.748535,-2.129390,0
-1.271574,-1.568289,0
0.549668,-1.429649,0
-1.286685,-0.733638,0
-1.335292,0.042315,0
-0.273112,-2.293302,0
0.928407,-1.003260,0
0.061881,-1.068391,0
-0.698727,-0.929606,0
-0.890915,-1.570551,0
-2.009460,-0.671092,0
-2.533705,-1.942526,0
0.398673,-2.346529,0
-1.586228,-4.247730,0
-0.937351,-1.041241,0
-0.230426,-2.784644,0
-1.072984,0.293375,0
-0.942647,1.171364,0
-1.079126,-3.235846,0
-0.362368,-1.519101,0
-1.847896,0.893364,0
-0.556971,0.056719,0
-0.669113,-2.284168,0
-1.366366,-0.266389,0
-1.640477,-0.980090,0
-0.800563,-1.408265,0
-1.623126,1.420437,0
-1.778070,0.904784,0
-0.791409,0.155455,0
-2.909919,0.272279,0
-1.791541,-1.666624,0
-0.342778,-0.732020,0
-1.032642,-0.479523,0
-0.937318,-1.397515,0
0.201204,-1.356277,0
-1.064148,-0.797265,0
-0.283890,-0.138190,0
-1.275237,-1.524701,0
0.112285,-0.055903,0
-1.055583,-1.100507,0
-0.809200,-0.473637,0
0.274671,-1.091119,0
-3.088861,0.040278,0
-0.003911,-1.311376,0
-0.197147,-0.615159,0
-2.480001,-1.447720,0
-0.017435,-0.630496,0
-0.340558,-0.062142,0
-2.021790,-1.163213,0
-2.617674,-4.031829,0
-1.122269,0.128508,0
0.257443,-1.066638,0
-1.018031,-3.350467,0
-1.430929,-2.367684,0
-0.908113,0.032550,0
-0.917171,-1.757995,0
-1.797836,-0.640029,0
-0.284280,0.135210,0
0.463994,-0.030932,0
-1.227309,-0.632303,0
-1.017566,0.845880,0
-2.904124,0.343427,0
-2.600512,1.114544,0
-1.508090,1.234735,0
0.043924,-1.881730,0
-1.556670,-0.656669,0
0.233775,-1.738046,0
0.106334,0.291349,0
-1.852540,0.043590,0
-0.489837,-0.530432,0
-2.505132,-1.632725,0
-2.288268,-3.004394,0
-1.826937,-0.013508,0
-1.219279,-0.486193,0
-0.756043,-1.875146,0
-0.803316,-3.022139,0
-1.704255,-2.025341,0
-1.294153,-1.175416,0
-3.465366,0.014702,0
-2.037410,0.144801,0
-1.835489,-0.146995,0
1.163027,-1.401149,0
-2.384256,-1.689611,0
-0.586042,-0.730367,0
-0.230813,0.454454,0
1.077826,-1.876076,0
-0.567554,0.452096,0
0.039650,-1.052214,0
-1.449869,1.212437,0
-0.316127,1.260395,0
-1.755572,-1.443606,0
-1.854789,-0.878413,0
-2.564495,-0.534604,0
-1.454648,-2.312097,0
-2.362789,-0.921039,0
-0.317471,-1.409462,0
-0.243754,-2.025720,0
-0.502233,-2.236627,0
-0.030768,-0.183849,0
-1.158865,-0.891387,0
-1.865473,0.185272,0
-0.918510,-3.474855,0
-0.770090,-1.022716,0
-2.219990,-2.005955,0
-0.647144,-1.081407,0
-0.581329,-0.864082,0
1.038065,-1.210880,0
-1.163290,-0.057462,0
-0.507175,-0.127272,0
0.236214,-0.328490,0
-2.040226,-0.709950,0
-1.372273,-0.126121,0
-0.468191,-0.895596,0
-1.906826,-2.863019,0
-1.171586,0.365910,0
-0.937450,0.005310,0
-2.719115,0.321138,0
-1.351094,-0.770769,0
-0.820813,-1.529941,0
-0.249971,0.198114,0
0.049310,-1.016442,0
-0.447803,-0.173708,0
-1.137707,0.872504,0
-0.718894,-1.455664,0
-0.152138,-1.031952,0
0.303499,-0.639276,0
-1.187690,-0.920091,0
-1.702081,-0.162352,0
-2.709230,0.273114,0
-0.926311,0.801303,0
-3.630715,-0.890951,0
0.782039,-0.495797,0
-0.658962,-1.304775,0
-1.900779,-0.491125,0
-1.545596,0.880543,0
-1.974801,-0.938495,0
-0.216996,-1.350758,0
-1.754094,-1.561217,0
-0.438584,-1.610301,0
-1.722085,0.486707,0
-3.283388,-1.862719,0
-1.152075,-1.311978,0
-1.477945,-3.445472,0
-0.355074,-1.726386,0
-1.214910,-3.067138,0
-3.640189,-1.905154,0
-0.902573,-2.494189,0
-2.011213,-1.798363,0
-0.485025,-1.433221,0
-1.549385,-0.173418,0
-1.444497,-1.364522,0
0.200914,-0.416031,0
1.255209,-0.616733,0
0.314177,-3.133409,0
-1.460779,-1.722880,0
0.466363,-0.854815,0
-0.924619,-0.923117,0
0.152390,-0.910294,0
0.368360,-1.582361,0
-1.428219,-0.091415,0
-1.167602,-2.071057,0
-2.055008,-2.117000,0
2.265342,-0.825940,0
-2.626019,-1.534940,0
-0.277100,-1.701996,0
-0.515989,-1.740426,0
-1.104114,-1.730355,0
-1.290964,-1.052414,0
-0.570527,-1.061924,0
-2.727944,2.341558,0
-1.103070,-1.446616,0
-1.725384,-0.698912,0
0.900434,-0.247393,0
-0.104384,-1.324606,0
-1.398450,-1.033972,0
-2.562942,-0.089013,0
0.320491,-0.154612,0
-1.473015,-1.409435,0
0.492474,-1.906759,0
-0.802459,-0.662700,0
0.394234,-3.153721,0
-2.582924,-1.071027,0
-0.349891,-1.473900,0
-0.203824,-0.733954,0
0.859799,0.667667,0
-1.768850,-1.343621,0
-2.031749,-1.748539,0
-2.418092,-1.177524,0
-0.610450,-0.566704,0
-1.148977,-1.576924,0
-1.351553,-0.293599,0
-1.334650,-0.473598,0
-2.594767,-1.383788,0
-1.110858,-1.840830,0
0.545857,0.039975,0
-2.083558,-2.623738,0
-0.255890,-2.228802,0
0.790653,-0.851647,0
-0.898592,-0.309519,0
-1.641306,-3.588618,0
-2.146995,-2.516798,0
1.748869,-1.367151,0
-1.266597,-1.410335,0
-1.881735,-0.113609,0
-0.128785,-3.175999,0
-1.759907,-1.170323,0
-0.111688,-0.142718,0
-0.683819,-0.300659,0
-0.989280,-1.913542,0
-1.204417,-0.267627,0
-0.964786,0.066951,0
-0.812228,-1.042898,0
-0.434465,0.390690,0
-1.325699,-1.685530,0
0.746110,-0.915611,0
-1.148932,0.624026,0
-1.238611,0.337682,0
-0.958304,-2.440202,0
-1.089560,0.269499,0
-0.009951,-0.102068,0
-1.491239,-0.483148,0
-2.558327,-0.064807,0
-1.120657,-1.568468,0
-0.770778,0.438911,0
-0.504648,0.373753,0
0.781718,-2.065769,0
-1.414175,-0.755880,0
-1.667351,-2.085499,0
-3.083244,-0.709155,0
1.208697,0.469249,0
2.592909,-3.273764,0
-1.120045,-1.239151,0
-1.711232,-2.325436,0
-1.455279,-0.053250,0
0.317205,-1.260643,0
-0.204382,-1.550553,0
-1.245966,-0.129626,0
-1.340973,-0.711667,0
-1.732747,-1.237164,0
-1.973175,-1.272704,0
-1.616559,0.939379,0
-0.488134,-1.964276,0
-2.001281,-2.335796,0
0.264951,0.544144,0
0.045427,-2.444904,0
-2.843497,-1.216856,0
-2.994290,-0.734088,0
-0.405020,-1.987203,0
-0.611782,-2.168831,0
-1.246386,-0.483407,0
-1.568570,-1.984692,0
-2.627264,-0.696322,0
0.043329,0.608816,0
-1.739930,-1.348724,0
-1.627707,-1.481989,0
-2.910199,0.511833,0
-0.158366,0.531091,0
-0.858729,0.089052,0
-1.683626,-0.675828,0
-2.710916,-1.219350,0
-2.757558,-0.114091,0
-1.472818,0.128771,0
1.297798,-1.554153,0
-1.628064,-1.663471,0
-2.137766,-1.539672,0
-1.664293,-2.849296,0
-0.661422,-2.169392,0
-0.608883,-4.050919,0
-1.909919,-1.076343,0
-0.342101,1.350177,0
-0.021102,-0.399316,0
-0.575993,-0.761899,0
0.080386,-3.649725,0
-1.885083,-0.775898,0
-1.576918,-0.158491,0
-0.838604,-1.902432,0
-0.645196,0.468296,0
-0.774767,-2.311717,0
1.153732,-0.580632,0
-0.922909,-2.229089,0
-0.012517,-0.987988,0
-1.290047,-0.676311,0
-1.355677,0.329824,0
0.380843,-0.972694,0
-1.073095,-0.960913,0
-0.938129,-1.772736,0
-0.811994,-2.314306,0
-0.449952,-2.281982,0
-0.972646,-1.700326,0
-2.070271,0.486427,0
1.130155,-2.314299,0
-1.485893,-0.421458,0
-0.985974,-1.566400,0
-1.386235,-1.447162,0
-0.504697,-1.359487,0
-0.424771,1.483030,0
-0.952349,-1.427052,0
-1.175240,0.409876,0
-0.795346,-1.076194,0
-3.110515,-1.596213,0
-2.401566,-0.820508,0
-2.216487,-0.743384,0
-0.179642,-2.703932,0
0.250157,0.166895,0
0.657208,-1.433541,0
-1.567114,-0.086788,0
-0.884277,0.337474,0
-0.213407,-1.207375,0
-1.549958,-3.155488,0
-1.330397,-0.378173,0
-1.654903,-1.244003,0
-0.853647,-2.471390,0
-1.754230,-0.192998,0
-0.567991,-2.666709,0
0.269937,-0.766827,0
-1.223616,-1.513284,0
-1.985170,-0.802929,0
-0.913389,-0.937547,0
-2.365047,-1.355659,0
-1.935266,-3.138422,0
-1.427966,-2.839713,0
-1.545366,-1.087934,0
-2.040462,-2.362322,0
-1.134236,-1.215616,0
-1.094895,0.998399,0
-1.984275,-1.676064,0
0.065645,-2.319402,0
-1.497758,-0.465967,0
-1.338923,-2.179742,0
-0.441232,-0.454233,0
-2.428632,-0.977108,0
0.005344,0.047314,0
-1.494952,2.771902,0
-0.800769,-1.218646,0
-3.087031,-1.399914,0
-1.197161,-0.495414,0
-0.505946,-1.863516,0
-0.749943,0.314890,0
-0.282331,0.675874,0
-3.379752,-0.711986,0
-0.138207,-0.417121,0
0.568333,-2.012471,0
-2.653422,-1.107798,0
0.307024,-0.898384,0
-0.109054,-1.827155,0
-2.017109,-0.974834,0
-2.258149,0.325001,0
-2.671420,-0.800843,0
-0.560443,0.254326,0
-3.014762,-0.665385,0
0.349455,-1.534194,0
-2.604093,0.175928,0
-2.710903,-0.689346,0
1.249062,-2.347077,0
-1.467813,-1.032603,0
-3.044906,-2.126936,0
-1.921176,-2.502537,0
-1.161611,-2.186761,0
-0.407221,-1.979278,0
-1.536285,-0.634402,0
-2.731987,-0.579842,0
-1.144390,-2.183145,0
