0.718341,1.094927,1
1.646271,-2.338446,1
1.972810,0.410553,1
0.558380,1.607395,1
2.035003,-0.986804,1
2.544529,2.053703,1
1.264512,-0.678846,1
2.459429,0.026727,1
0.515438,-0.760005,1
1.711127,-0.158939,1
3.104458,1.471997,1
-0.106744,0.869908,1
1.937062,1.581751,1
0.632803,1.315522,1
0.454516,0.141920,1
1.061235,0.676753,1
0.653519,1.466401,1
0.805500,0.985331,1
1.959929,1.370936,1
1.917184,2.316727,1
0.096864,0.152729,1
2.604315,0.474221,1
0.747143,3.418764,1
2.296080,0.600036,1
-0.428588,0.090912,1
0.435321,0.728476,1
1.524056,-0.540724,1
2.217154,1.692666,1
-0.014513,0.843191,1
1.077845,2.576058,1
0.670386,1.878395,1
1.085588,0.580328,1
2.446043,0.427982,1
0.377554,0.135379,1
1.456060,1.521782,1
-0.611194,1.056119,1
1.303611,2.691641,1
1.207060,1.528403,1
-0.469896,0.137485,1
-0.247210,3.008273,1
-1.412460,-0.207597,1
1.590375,1.025346,1
1.114270,3.416038,1
1.920953,4.569519,1
0.843511,0.215520,1
2.185042,0.751191,1
-0.997154,1.318505,1
0.893412,1.180912,1
-0.835681,1.503525,1
1.669625,2.242958,1
1.602410,0.758410,1
0.216815,-0.095421,1
2.267804,0.674345,1
0.904692,0.516714,1
0.500062,-0.428035,1
1.675272,0.913117,1
-0.353265,1.437518,1
1.745425,-1.511752,1
1.032915,1.318035,1
1.884432,2.597792,1
2.677476,0.037749,1
0.267932,2.110162,1
-0.362115,-0.146984,1
1.622357,1.227174,1
3.066694,1.552623,1
0.821761,0.305100,1
2.012287,-0.421743,1
3.030424,1.350682,1
2.145256,0.424044,1
1.235565,0.725912,1
1.638750,1.786407,1
1.656716,1.713432,1
0.629929,1.369920,1
1.186754,0.448188,1
-0.086489,0.921149,1
1.870140,0.312460,1
-0.224596,2.345696,1
3.692408,0.789238,1
1.725989,2.572259,1
-0.174016,2.086151,1
-1.186640,2.158536,1
0.973695,1.825820,1
-0.397142,1.937273,1
1.758898,0.522158,1
-0.399830,0.460412,1
-1.565813,0.760199,1
3.056810,2.424134,1
1.138270,-0.335293,1
2.078344,-1.133737,1
1.144198,1.176728,1
0.245036,1.248676,1
1.738908,1.246651,1
1.243474,2.392723,1
1.127689,1.705885,1
0.445974,1.038749,1
0.827842,-1.023034,1
1.424578,0.920441,1
1.874486,2.592695,1
1.677534,1.074900,1
1.914796,-0.683562,1
1.770729,3.355006,1
0.903297,1.805021,1
0.931459,2.970469,1
-1.215174,-1.102915,1
0.373473,0.483077,1
-0.008100,1.183413,1
1.602718,1.756115,1
-0.170030,0.478996,1
2.205563,1.461621,1
0.603593,0.756495,1
2.438907,0.236052,1
0.253481,1.242861,1
-0.097159,0.291330,1
0.931374,1.737647,1
1.766205,3.215350,1
0.537582,-0.565375,1
-0.383199,4.350078,1
0.419575,0.946691,1
0.848730,0.830240,1
2.060531,0.662057,1
-0.654050,0.415405,1
1.986881,1.314284,1
1.056113,1.047719,1
1.195528,-0.159215,1
3.259899,-0.816677,1
-0.229457,1.800736,1
0.732922,0.703648,1
0.724577,-0.094120,1
1.830282,1.863385,1
1.289876,3.379371,1
1.657706,2.029091,1
1.159465,2.328189,1
-0.171641,1.573886,1
1.003564,1.547330,1
0.720338,1.387920,1
1.463452,0.255676,1
1.659339,-0.116361,1
0.282339,0.625125,1
1.277028,1.201749,1
-0.618776,1.006161,1
0.596757,0.940537,1
-0.120704,0.163010,1
1.558223,-1.003604,1
1.118766,2.698077,1
0.428514,1.504612,1
-0.645049,0.479342,1
2.095683,0.868935,1
1.545666,0.361091,1
2.490633,0.357418,1
-0.494881,2.384218,1
0.712866,1.846253,1
-0.676205,0.075243,1
1.374528,1.171850,1
0.508507,1.032766,1
1.599239,2.779505,1
1.328775,3.055266,1
2.653479,-0.001617,1
-2.175215,2.159917,1
2.509854,1.045783,1
1.694391,0.371306,1
1.125028,1.649757,1
-1.487402,0.732190,1
0.137971,-0.093192,1
-0.067985,1.606516,1
0.904312,1.052308,1
2.292597,1.789805,1
1.612768,2.380291,1
0.191684,0.556985,1
-0.496415,1.939309,1
2.418216,1.002964,1
1.027038,0.167098,1
1.963656,0.466667,1
1.757302,1.244999,1
1.096677,1.689102,1
2.082835,1.260381,1
1.068034,0.460188,1
0.983660,0.653914,1
-1.427371,-0.831223,1
0.560005,3.046140,1
0.418204,-1.297765,1
0.824355,2.200144,1
-0.981184,1.454131,1
-1.083989,0.516637,1
4.193591,0.564085,1
0.067644,0.075462,1
2.311340,1.660066,1
2.499025,1.559760,1
-0.341580,0.041714,1
0.137042,1.761246,1
0.607310,0.002998,1
0.744078,0.158505,1
1.770089,-1.238564,1
-0.234031,0.807113,1
0.880418,-0.715216,1
-0.178341,0.092861,1
1.339100,0.630093,1
0.516129,2.965284,1
0.155948,-0.071030,1
-1.605318,2.269845,1
-1.194080,0.530896,1
2.693395,1.496752,1
1.154238,1.333655,1
1.665631,0.070680,1
-0.043470,2.231619,1
1.747518,1.105389,1
2.655381,0.746819,1
1.617921,0.586449,1
1.372291,0.900536,1
-0.094878,1.155886,1
1.410725,-0.653979,1
2.756516,1.366948,1
1.807531,1.177069,1
2.042066,3.013956,1
-1.105759,-0.106821,1
1.030421,1.232180,1
1.727530,0.495317,1
1.916812,-0.172004,1
0.818604,0.458042,1
0.366642,1.883219,1
1.244918,1.288484,1
0.872022,-0.125954,1
0.952339,1.622377,1
0.117151,1.186099,1
-0.559734,1.444011,1
-0.039411,-0.048540,1
1.974297,1.156827,1
0.561956,0.521809,1
-0.714581,1.590948,1
0.580784,-0.492209,1
1.316796,1.888716,1
1.525990,1.407566,1
0.280344,1.210678,1
-0.701767,2.915734,1
0.260612,0.582810,1
1.384817,2.440137,1
1.939568,0.488166,1
0.298647,-0.467188,1
1.454300,1.259536,1
0.393043,1.784292,1
1.447198,-1.627810,1
0.993336,0.156842,1
1.922084,0.901972,1
0.216349,1.975418,1
3.172899,2.503957,1
0.723805,0.548471,1
0.302553,0.441009,1
0.329455,0.580921,1
2.246023,1.871814,1
2.865663,0.563525,1
1.205793,0.008146,1
0.111619,0.858663,1
1.315937,-1.150230,1
-0.191099,1.172942,1
3.375797,0.621739,1
1.838673,0.991736,1
1.659934,0.452675,1
-0.242755,0.217655,1
0.710817,0.462182,1
0.105946,0.801329,1
-0.073589,1.186250,1
-0.003497,3.142742,1
1.978005,2.158851,1
1.025725,-0.435730,1
1.339650,1.694964,1
0.777852,0.461534,1
0.836330,0.291092,1
2.360081,0.635940,1
-0.066499,1.757061,1
-0.996556,1.119204,1
0.827470,2.830844,1
1.159111,1.642189,1
1.156911,2.597035,1
0.920502,2.562712,1
-0.142246,2.609209,1
1.574014,1.380833,1
-0.050680,2.603767,1
0.868834,0.870753,1
1.907862,0.412481,1
1.575853,0.052515,1
1.002480,1.279736,1
2.270012,1.323919,1
0.787489,0.762836,1
-0.898491,1.253878,1
0.833241,0.371428,1
1.179395,1.580322,1
1.890020,1.063429,1
0.802965,1.409222,1
1.617437,3.124599,1
1.244197,1.244115,1
-0.218684,0.877118,1
0.796941,2.746321,1
3.179522,0.166088,1
2.205325,0.076348,1
0.870588,-1.118006,1
0.883289,-0.130603,1
2.216799,1.009700,1
-1.921328,3.329572,1
2.378833,1.047106,1
2.709724,1.891389,1
0.138095,2.437440,1
2.531552,0.945056,1
-0.382657,-0.214133,1
2.258487,1.020597,1
0.331320,3.371108,1
0.144416,1.728458,1
1.407354,3.790622,1
-1.143981,0.981912,1
-1.568105,3.077428,1
2.006561,-1.797599,1
1.409803,-0.204760,1
3.219342,2.337613,1
0.118364,2.578193,1
0.262263,0.368514,1
-0.202081,1.943809,1
0.276140,-2.254677,1
0.890209,2.551295,1
0.300908,2.787988,1
1.138487,2.013203,1
-1.674497,0.590776,1
-0.403438,1.843231,1
2.750750,1.524237,1
2.223452,1.902808,1
1.680819,-0.780702,1
3.748896,1.558126,1
1.712724,0.242934,1
0.416726,1.136512,1
1.605291,1.065996,1
2.764250,0.972090,1
1.512652,-0.859911,1
0.912116,2.661742,1
0.362525,1.634366,1
0.305067,1.745613,1
2.150327,0.123610,1
2.350169,1.018323,1
0.138169,1.524004,1
0.634604,1.866669,1
-0.778683,0.308921,1
0.807608,0.666254,1
1.831717,1.492166,1
0.907567,2.084109,1
0.891366,1.910224,1
0.552449,0.337214,1
2.084150,-1.148944,1
2.316437,2.138673,1
0.932195,1.753657,1
0.038394,0.601968,1
-0.488555,3.358060,1
0.059621,-0.682684,1
1.315203,0.528396,1
0.644842,0.325908,1
1.229619,0.684918,1
2.395881,2.931141,1
3.050585,2.433442,1
0.796939,0.563593,1
0.205164,0.510316,1
2.476499,0.883847,1
0.457654,0.058357,1
-0.194116,0.197160,1
0.410711,-0.211567,1
-0.052111,3.301002,1
1.764179,-0.301610,1
1.870175,1.408805,1
1.772627,1.535070,1
1.862013,0.259818,1
2.286440,1.974258,1
0.860989,3.796850,1
1.827401,0.561725,1
1.424578,-0.884280,1
0.252968,1.557729,1
-0.101505,-2.180005,1
1.627806,0.342790,1
2.912670,1.750087,1
0.782886,-0.429987,1
1.287275,1.855469,1
0.321465,1.310551,1
1.503950,-0.469008,1
1.136902,-1.320857,1
1.642314,-0.676720,1
0.929459,0.343757,1
-0.862887,0.518720,1
2.013694,0.192683,1
0.446603,-0.579829,1
0.859451,-0.466849,1
2.650345,-0.250862,1
-0.831199,-0.471750,1
0.097929,0.694482,1
1.507123,0.204480,1
2.474520,1.323531,1
1.737999,0.471572,1
-2.265766,0.624107,1
1.251899,0.440768,1
2.296786,2.193196,1
2.883939,0.022770,1
1.527250,2.201189,1
1.194600,1.846508,1
2.105783,0.793872,1
0.897365,2.045375,1
0.176967,1.221999,1
2.066288,0.051784,1
-0.009148,0.621564,1
0.521617,3.021191,1
1.829312,0.262523,1
0.449876,2.291343,1
3.199939,-0.658587,1
0.619745,1.594854,1
2.332426,0.213593,1
0.537119,0.418606,1
2.520327,-1.041790,1
0.909001,0.940241,1
1.109276,0.122798,1
-0.646187,1.214430,1
-0.530783,-0.297203,1
-0.068143,1.845166,1
0.510919,0.485310,1
2.014919,0.572941,1
-0.330147,0.165996,1
0.808622,1.818723,1
0.660487,0.772481,1
0.860688,0.964624,1
1.264731,1.289018,1
-0.356686,0.967972,1
1.357368,0.247036,1
-1.287688,-0.188667,1
-1.248225,0.856608,1
1.774567,-1.134103,1
1.821604,0.050390,1
1.929657,-0.278707,1
1.251831,-0.236451,1
2.772584,1.126046,1
-0.219630,0.612275,1
0.225963,0.008379,1
2.769909,-0.258802,1
0.808300,0.540443,1
2.767406,0.671735,1
1.111180,1.095595,1
1.366637,1.732122,1
1.140196,0.501317,1
1.114644,1.216871,1
1.981247,1.763867,1
0.338013,0.120886,1
1.928142,0.238385,1
-1.315836,1.696321,1
0.705599,0.294524,1
0.567099,-1.263824,1
2.108710,2.328023,1
0.791336,1.983306,1
0.609930,0.846285,1
0.815949,2.025025,1
1.843590,2.838989,1
1.166849,1.889126,1
0.407240,2.984346,1
2.501320,0.463014,1
1.145220,1.553743,1
1.120490,1.730282,1
1.098549,0.265079,1
1.548270,0.034860,1
1.055972,0.205146,1
0.817194,0.292484,1
2.064375,0.672980,1
0.117255,1.443031,1
2.136105,-0.578943,1
1.741019,2.155963,1
0.792905,-0.958788,1
-1.590333,2.174035,1
0.283629,1.609667,1
1.228046,1.185364,1
0.533603,0.977781,1
3.307619,0.590479,1
1.193103,2.218991,1
-0.858659,1.623984,1
1.486143,-0.047427,1
0.947323,0.311994,1
0.239936,-0.778930,1
2.733514,-0.286254,1
1.026909,3.329073,1
1.219932,1.699970,1
0.057908,0.489612,1
2.098532,0.117798,1
-0.570177,-0.936358,1
2.803984,2.464965,1
0.408257,2.464118,1
2.625287,0.537509,1
0.545835,1.035469,1
1.284329,0.331454,1
1.450251,1.515135,1
-0.891232,2.136096,1
1.056299,3.777313,1
0.814479,0.596713,1
1.228771,1.044535,1
-1.422537,-0.112472,1
1.948644,1.191611,1
2.238508,-0.689447,1
1.489452,0.499665,1
0.237980,0.423885,1
2.961066,0.777588,1
2.464511,1.808378,1
1.588408,0.711114,1
-0.414245,1.212570,1
0.845694,0.599079,1
1.904045,2.967895,1
2.249912,1.067445,1
0.802980,3.402460,1
1.606085,1.154324,1
1.922442,-0.147190,1
-0.586317,1.850029,1
1.733479,1.969094,1
1.704536,0.486963,1
1.430073,1.759864,1
-0.691979,3.078404,1
0.880865,-0.833967,1
0.913294,1.020184,1
0.793010,0.382259,1
0.336191,0.178069,1
1.050643,3.624771,1
1.309175,0.466021,1
2.566896,0.979750,1
0.548561,1.566834,1
-0.502421,1.238245,1
-1.489303,2.818453,1
1.363095,2.237800,1
0.906311,0.402872,1
-0.599031,2.576226,1
2.152129,0.137979,1
0.544417,0.117025,1
2.384109,-1.292782,1
-1.597260,2.958378,1
-0.016306,-1.074352,1
2.811408,1.237339,1
0.678476,0.697403,1
3.004572,0.861914,1
0.791745,-0.695138,1
1.459917,-1.320429,1
1.122627,1.335341,1
2.481625,0.247264,1
0.238391,1.808037,1
0.196316,-0.284452,1
2.833804,0.248855,1
-0.734737,0.506446,1
0.773030,2.008304,1
0.725715,1.369535,1
2.114046,-0.147571,1
2.224484,2.496507,1
1.451181,1.454738,1
-0.179388,0.062358,1
1.511145,0.761527,1
0.138838,-0.171939,1
-0.543639,2.824758,1
1.500272,2.291216,1
1.058701,2.531841,1
-0.972133,1.678035,1
1.870490,1.691219,1
2.423979,1.353352,1
-1.334202,0.168071,1
2.843955,-0.262326,1
-0.717348,2.578171,1
1.661649,1.432753,1
0.538168,0.166048,1
-0.736749,0.765976,1
0.446318,0.907647,1
-0.396825,1.203901,1
0.408573,1.007409,1
1.279920,2.832778,1
1.061909,1.775840,1
0.098130,-0.246779,1
1.599546,1.391037,1
0.008542,1.571027,1
0.728215,0.858614,1
1.402293,2.193164,1
0.803703,1.177011,1
0.526594,-0.978313,1
1.173750,2.123029,1
1.675441,-2.331355,1
1.278297,-1.314268,1
2.216555,2.500530,1
0.373397,-1.569517,1
1.626234,0.964433,1
1.436019,1.832781,1
1.437483,-0.596179,1
0.873858,0.754836,1
0.322003,0.646258,1
1.671055,0.980285,1
1.228917,1.269976,1
1.069815,-1.163644,1
1.843334,0.794661,1
0.105590,2.151962,1
-1.148153,0.115753,1
-0.979605,-0.639875,1
1.046975,0.082854,1
1.758713,0.129678,1
0.125380,1.019490,1
1.613651,2.635131,1
0.641167,1.449547,1
0.683082,0.037020,1
-0.233523,1.221466,1
-0.330554,0.299987,1
1.570532,1.767591,1
1.686462,-0.572650,1
0.907253,1.959471,1
1.942123,0.923915,1
2.613126,0.215593,1
1.687064,-0.279070,1
0.623358,1.273816,1
-0.717797,0.942344,1
0.958649,1.656111,1
-0.936732,0.303965,1
-0.831522,2.346276,1
2.331775,1.411831,1
0.243371,-0.047239,1
-1.248404,0.172070,1
1.751940,1.586082,1
0.969809,1.295522,1
1.008794,2.399903,1
1.173396,2.822833,1
1.004923,0.163180,1
1.052608,1.053977,1
-0.462234,2.303216,1
0.775341,0.757382,1
1.562958,0.187485,1
1.244651,0.671213,1
2.526210,0.271419,1
1.104752,3.429239,1
1.018656,0.833296,1
1.742319,-0.257431,1
1.077974,0.339578,1
1.544604,0.352843,1
3.082797,2.770988,1
0.137153,-0.275091,1
1.176543,-0.572093,1
2.144436,0.793681,1
-1.000590,0.063457,1
0.855593,1.697424,1
0.956660,-0.731168,1
1.948789,1.295492,1
0.662200,1.571484,1
-0.243329,1.411561,1
1.580010,0.747198,1
1.298492,3.395283,1
1.163405,-0.293027,1
3.174314,-0.210903,1
-1.829084,-0.846967,1
2.481597,0.624715,1
-0.945623,0.806403,1
0.917698,0.728798,1
-0.416428,1.167291,1
1.328209,1.353020,1
-1.793942,1.977627,1
-0.774691,0.266690,1
1.211750,-1.791927,1
2.529315,0.378141,1
0.985979,1.821214,1
-0.641550,0.513278,1
1.572465,1.246945,1
2.458305,0.107810,1
1.583438,0.763305,1
1.088690,-0.121500,1
2.244487,1.355503,1
3.281314,1.185016,1
0.954048,0.516220,1
0.099391,1.819596,1
0.718850,0.696337,1
1.631160,0.067967,1
0.653786,-0.877016,1
2.462015,0.876925,1
0.245216,0.279077,1
1.439486,0.596100,1
-0.704634,1.114285,1
-0.780542,0.180965,1
1.603624,1.051995,1
1.228471,0.796634,1
1.435473,1.519190,1
1.378268,2.228671,1
0.680066,1.271002,1
1.785602,0.598967,1
-0.352771,-0.809947,1
-1.776846,2.082848,1
1.412692,-1.388274,1
0.665881,2.506563,1
-0.403567,1.160561,1
2.941139,0.334664,1
1.315949,2.686751,1
-1.631942,2.245935,1
-1.134289,-1.246420,1
1.354504,1.381376,1
0.647058,0.702324,1
1.944707,0.482124,1
0.706755,2.675033,1
0.212114,1.082897,1
1.834682,0.410031,1
2.842151,1.517751,1
0.644534,0.691447,1
0.337316,0.518390,1
0.520155,1.753590,1
0.726234,-0.128878,1
-1.031510,0.894709,1
0.742931,-1.397301,1
0.524424,-0.392987,1
0.556421,0.763614,1
0.488534,-0.990045,1
0.437907,0.217122,1
1.737782,0.922960,1
2.557501,0.547983,1
0.143449,0.740890,1
2.687041,2.823041,1
2.067299,-1.932527,1
1.312923,-0.062622,1
2.289730,1.730485,1
4.385965,0.975302,1
2.282953,3.672793,1
0.628861,1.268904,1
0.690708,2.605003,1
1.344457,0.850097,1
2.238381,3.283132,1
-0.753805,0.987961,1
-0.717226,0.413217,1
0.880643,-0.036795,1
0.821739,1.213191,1
0.877148,0.269190,1
0.814723,1.778613,1
-0.444731,0.786133,1
0.880603,-1.267012,1
0.165380,2.992310,1
0.749024,0.863772,1
-0.388564,0.278721,1
0.027411,2.020347,1
-0.406321,1.307573,1
2.317578,0.566919,1
1.794115,-0.378542,1
0.240755,1.693869,1
-0.118823,1.993519,1
2.819540,1.686525,1
3.298063,0.921651,1
2.696188,1.256517,1
1.422303,0.836975,1
1.209596,0.568965,1
1.819099,0.755899,1
1.880878,0.991846,1
2.362584,1.899520,1
0.633427,2.694399,1
0.741370,1.764161,1
1.706695,-0.601137,1
1.400662,2.791825,1
1.690106,0.769863,1
2.261447,2.862276,1
1.446659,2.915494,1
0.169231,-1.518952,1
0.339870,-0.987142,1
1.377886,0.638346,1
1.643673,1.034764,1
-0.180531,0.767801,1
0.963764,1.381065,1
2.828853,1.197635,1
-0.409000,1.050543,1
1.238281,2.388188,1
-0.491010,0.430011,1
1.793316,-1.104724,1
0.421489,1.153177,1
0.250227,1.951889,1
1.096723,0.631392,1
-0.839365,1.747350,1
2.500316,-1.140870,1
1.699973,0.603680,1
1.629716,0.645244,1
1.014431,2.164887,1
1.183951,2.396356,1
1.080547,0.177120,1
2.056459,1.399526,1
3.286310,2.385145,1
0.511002,0.713490,1
-0.834016,1.939844,1
1.242773,1.377912,1
0.287546,0.989372,1
-0.101576,0.931746,1
1.063098,0.805184,1
2.194680,0.249805,1
1.356365,1.325962,1
-0.810463,1.402886,1
0.457445,1.116449,1
0.913194,2.121030,1
0.551033,2.065169,1
1.017320,3.868222,1
1.568201,1.720236,1
0.901965,-0.358669,1
-0.366900,-0.345580,1
2.223465,2.381137,1
2.761010,1.268058,1
3.012528,0.456762,1
1.231939,0.103627,1
1.995598,-0.422660,1
2.130378,0.697677,1
1.032639,0.678467,1
-0.824236,1.177475,1
1.333107,0.059954,1
2.047905,1.150561,1
2.740635,0.637613,1
-0.453785,2.632472,1
3.360773,0.278866,1
1.370616,-0.514729,1
1.787381,1.859095,1
1.081147,0.446677,1
0.113303,0.143941,1
-0.030090,1.317375,1
1.357639,-0.521033,1
0.066875,2.962244,1
1.330586,1.802009,1
2.858797,-0.755294,1
-0.822076,1.442824,1
2.269899,-0.654537,1
0.134455,0.098826,1
0.747000,-0.042071,1
0.819845,1.089159,1
1.153641,-0.209798,1
-0.033728,3.070524,1
1.854586,0.379711,1
1.038126,1.235250,1
1.440325,0.105083,1
0.977528,0.161621,1
-1.628772,2.492347,1
0.502984,3.068451,1
-0.366450,0.380823,1
0.666579,-0.055198,1
-0.866777,-0.529953,1
0.177317,-0.100567,1
1.557318,-0.600153,1
2.781345,1.122901,1
1.725340,1.587040,1
1.742025,-0.442386,1
2.478840,1.666284,1
-0.622095,0.323718,1
0.005257,0.028120,1
0.804105,0.489924,1
0.717447,3.385005,1
0.394751,0.443691,1
-0.205450,0.240016,1
0.262588,-1.204203,1
1.733776,1.637642,1
0.486998,1.940650,1
1.652825,0.528206,1
-0.737224,0.953800,1
-0.041498,-0.213132,1
0.517975,0.620445,1
0.810795,0.474439,1
1.523933,1.073057,1
0.647501,2.167881,1
0.307464,1.049372,1
1.965331,2.926109,1
0.240827,0.205163,1
0.703959,1.362784,1
-0.538924,0.471446,1
-0.027649,3.136581,1
-0.613864,1.603680,1
1.004009,2.910587,1
2.935550,1.409817,1
-0.782158,1.370888,1
-0.108656,2.449765,1
1.877616,3.032376,1
0.672791,2.312133,1
1.161072,1.957211,1
0.034621,1.246133,1
0.218697,1.063190,1
-0.355245,3.927683,1
-0.663132,1.258898,1
1.058799,-0.560232,1
1.715779,0.510412,1
0.242419,2.969208,1
1.288780,2.085256,1
1.868373,-0.891067,1
0.430762,2.138887,1
1.719222,-1.167799,1
1.999970,-0.960782,1
0.822681,1.356881,1
-0.059659,-0.767376,1
-1.174184,-0.472327,1
0.234886,0.676067,1
0.696803,0.257698,1
0.033331,0.526076,1
0.471436,-0.252325,1
2.698457,0.091968,1
0.510325,1.670946,1
1.869297,2.806607,1
0.712545,3.412404,1
-1.057586,1.695935,1
1.294238,1.283818,1
2.388508,2.232291,1
0.945219,1.502277,1
1.513362,1.537825,1
0.188003,0.006281,1
3.139774,2.422418,1
2.268407,1.586678,1
0.202113,0.567720,1
1.146086,2.304552,1
-0.074656,0.374012,1
1.701165,0.314407,1
0.705926,1.732369,1
1.986257,4.004513,1
2.060656,0.273924,1
0.875769,1.633712,1
1.479925,0.630535,1
-0.132189,0.037968,1
-0.669228,-0.269558,1
1.441593,3.395967,1
-1.275088,0.411192,1
1.843784,1.361454,1
-0.474360,1.619396,1
1.663116,1.688875,1
2.643198,1.593506,1
1.347353,0.503910,1
1.825331,-0.850158,1
0.531321,0.012931,1
0.166247,1.195297,1
0.827042,2.740067,1
-0.647888,0.473865,1
4.742484,1.685049,1
1.989865,2.253349,1
0.343058,1.042728,1
1.225010,0.280970,1
0.775006,2.756807,1
0.844122,0.781890,1
-1.068078,0.652916,1
0.252151,2.315442,1
0.133280,1.753061,1
-0.463566,1.430820,1
0.337973,1.400530,1
1.548968,-1.232034,1
1.437900,0.654945,1
1.987146,-0.655789,1
1.193857,1.543829,1
0.991546,0.250343,1
2.515272,2.001577,1
3.268147,0.575932,1
1.291314,-0.032181,1
1.093377,0.228291,1
2.834895,1.194381,1
0.739006,0.171887,1
0.602874,1.037660,1
1.172838,1.140233,1
0.312141,1.433077,1
0.850728,0.239538,1
0.032955,0.053067,1
0.517575,0.363936,1
1.742231,0.397279,1
1.571139,1.864444,1
1.802288,-1.091371,1
1.134619,0.360963,1
1.359495,-0.251347,1
2.318345,0.597986,1
1.023910,0.413511,1
0.930240,-1.250703,1
0.495329,1.273443,1
0.871586,0.122085,1
2.378011,1.012053,1
-1.108661,0.005440,1
-0.801394,-1.240223,1
-0.507298,2.738314,1
1.310773,0.517897,1
0.246802,1.123442,1
0.027879,-0.194164,1
-0.018420,-1.139425,1
1.239733,-0.525179,1
0.008435,-0.886913,1
2.383876,1.686640,1
0.569458,0.080738,1
-0.752260,2.491592,1
1.314929,0.223704,1
1.649436,3.110037,1
2.304442,-0.401093,1
2.149329,2.939448,1
-0.349534,0.519303,1
-0.099397,-0.238568,1
3.018314,1.382921,1
-0.014403,0.120130,1
2.143447,1.516242,1
2.460752,2.500165,1
-0.406378,-0.224602,1
2.181074,2.358595,1
0.688320,1.625286,1
0.740302,1.868762,1
0.762464,0.103626,1
1.717448,0.172115,1
2.687604,0.125875,1
2.699693,0.547687,1
0.947597,2.636683,1
2.420287,2.078153,1
2.135760,0.236246,1
-0.216743,-0.369124,1
0.371295,0.604395,1
0.805057,-0.456649,1
1.024717,2.017887,1
-1.210843,1.773424,1
2.125769,2.366083,1
0.597159,1.086840,1
2.419575,1.370507,1
0.172993,1.604520,1
1.898731,1.684094,1
1.991119,-0.916363,1
0.710867,2.535001,1
0.138461,1.210310,1
3.020561,0.346802,1
2.477069,1.015815,1
-0.288853,1.882712,1
1.102925,0.606156,1
-0.836437,-0.237828,0
-1.717654,-2.965428,0
-2.067195,-0.859643,0
-0.199979,-1.779598,0
-0.461199,-0.876827,0
-2.263353,-2.062622,0
-1.369054,-0.685080,0
-0.932282,0.112005,0
-0.558299,-1.801349,0
-1.750886,-2.571646,0
-1.230151,-0.366350,0
-0.817442,-2.822907,0
0.960547,0.197210,0
-1.236306,-1.046431,0
-0.753102,1.306511,0
-0.811570,-0.723295,0
1.195587,0.440708,0
0.843693,-1.117771,0
-2.150808,-1.382447,0
1.060257,-0.760929,0
-1.557123,-0.783151,0
-1.230376,-1.261745,0
-2.324590,-1.530732,0
-2.508973,-0.077251,0
-0.074070,-1.269463,0
-2.304536,-0.901580,0
-2.227670,1.038705,0
-1.270643,-2.116523,0
-1.127237,-1.121853,0
-1.359487,-2.445103,0
-2.623714,-1.453000,0
-2.973662,0.161178,0
-0.093232,-1.098836,0
-2.409097,-0.258638,0
-0.667870,-0.963089,0
-0.380570,1.005775,0
-1.086264,-1.948082,0
0.806929,-1.016442,0
1.338097,-1.962221,0
1.267287,-0.821247,0
-0.753027,-0.632589,0
-0.807672,0.370874,0
-1.106012,0.108567,0
-0.844654,0.053393,0
-2.329492,-0.763676,0
-1.395174,-0.693795,0
-2.071163,-1.205216,0
0.170663,-2.584340,0
-0.803191,-1.639648,0
0.251377,-3.514316,0
-0.812141,-1.207034,0
0.102942,-1.857833,0
-0.106771,1.579742,0
-1.714356,-1.271115,0
-0.352873,-2.913035,0
0.056943,-1.332941,0
-1.237207,-0.394169,0
-1.763984,-2.700732,0
0.398234,0.391966,0
-1.746009,1.895885,0
0.488789,-1.075452,0
-1.960095,-2.346247,0
2.080285,-2.500508,0
0.146308,-0.906295,0
-0.181692,-0.234844,0
-2.163436,1.027791,0
0.167677,-1.055842,0
0.570977,-1.964602,0
-0.563513,-1.049972,0
-0.668012,-1.621003,0
-1.088574,-1.352919,0
-2.632064,-0.171213,0
-0.335550,-0.491889,0
-1.695819,-0.495240,0
-1.736785,-0.898575,0
-1.965651,1.939048,0
-1.466085,-0.940193,0
-1.092947,-0.213736,0
-0.827921,-0.329109,0
-3.347668,-0.965237,0
-0.910987,-1.130974,0
0.597290,1.191617,0
-0.479105,-1.877175,0
-1.264016,0.187860,0
-2.415714,0.578608,0
-2.599549,-2.210810,0
0.381821,-1.847624,0
-1.256002,1.831822,0
-2.229214,-0.544647,0
-1.574056,-0.579490,0
0.344346,-1.200072,0
-0.510240,-0.401447,0
-1.567488,-1.113343,0
-0.214947,-1.073007,0
-1.290168,0.252543,0
-1.370832,0.399859,0
-2.476142,1.298756,0
-1.139958,-2.031591,0
1.366405,0.152860,0
-0.057342,0.162401,0
-1.199856,-2.165349,0
-1.086184,-0.389822,0
-1.013584,-2.593394,0
-2.387811,-2.596892,0
-1.038258,-1.859453,0
-1.476187,0.779131,0
0.396184,-0.235840,0
-0.898907,-2.523416,0
-1.047507,0.289859,0
0.115056,-0.581000,0
-0.822508,-0.915431,0
-0.261535,-0.417766,0
-2.377472,0.130164,0
-1.357370,-0.936980,0
-0.325226,-0.838115,0
-0.973558,-1.057038,0
-2.066195,-0.259973,0
-2.447868,-2.000508,0
-2.475554,1.030939,0
-3.604237,-0.376865,0
0.051849,0.465546,0
-1.839802,-1.851733,0
-2.200285,0.847917,0
-0.910008,-1.779563,0
-1.710283,0.037189,0
0.046670,-0.080693,0
-0.086738,0.878279,0
-3.147423,-2.344715,0
-1.957106,-1.688022,0
-1.468293,-0.750846,0
-1.181581,-3.899502,0
-0.564453,-2.330345,0
-1.454271,-0.842492,0
-1.070137,0.416857,0
-1.004199,0.324474,0
-0.669001,-1.979378,0
-1.723517,-3.006091,0
-0.445119,0.306053,0
-1.215766,-1.921883,0
-1.739270,-0.161393,0
0.354152,-1.421484,0
-3.010530,-2.134784,0
-0.149671,-1.631128,0
-1.943191,-1.493256,0
0.408142,-0.119597,0
-0.108981,0.093598,0
-2.352835,0.483218,0
-0.638637,0.389959,0
-1.225371,-1.201012,0
0.640982,-3.017713,0
-2.672470,-2.767658,0
-0.163794,-1.849954,0
0.020080,-0.631475,0
-1.197162,-0.335786,0
-1.568934,-0.131198,0
-2.236313,-1.421789,0
0.160315,0.481328,0
-0.669161,-1.968924,0
-0.722977,-2.376431,0
1.011259,-1.727752,0
-1.031409,0.323203,0
0.255841,-0.539149,0
-1.980484,0.639380,0
-1.198379,-1.004826,0
-1.163258,-1.507322,0
-2.133350,0.770611,0
-0.460368,-3.595846,0
-1.646759,-0.966595,0
-1.028575,0.793100,0
0.220267,-0.520539,0
-1.085686,-0.073988,0
-1.137485,-0.105414,0
-2.281569,-3.010775,0
-2.340185,-2.519365,0
-1.764493,1.918680,0
-0.776139,-0.769293,0
-2.060127,-0.184695,0
-1.118699,-1.649623,0
-2.967649,1.064489,0
-0.673281,-0.753457,0
-0.735228,-1.633563,0
-3.261864,-0.185556,0
-1.869617,-2.842307,0
-0.064572,-0.316370,0
0.731382,-0.720583,0
-0.563285,-1.019225,0
-1.648920,-0.294085,0
-1.939137,-1.040213,0
-0.170810,-0.501508,0
-0.561230,0.500109,0
-0.996952,-0.944285,0
1.519500,1.210266,0
-1.002385,-3.445887,0
0.498587,-1.387747,0
-1.783726,-1.376921,0
-1.915307,-2.302183,0
-2.419280,-0.908794,0
0.130985,-0.374028,0
-0.134916,0.083603,0
-0.846140,-1.116716,0
-2.241075,-2.687223,0
-0.361208,-3.101338,0
-2.544251,-1.087978,0
0.500373,-0.733781,0
-1.299344,-0.853407,0
-0.066948,0.185100,0
-0.535897,-0.378299,0
-0.639423,-2.529990,0
-2.776794,-1.393778,0
-0.272245,-2.387126,0
-1.399006,-0.121382,0
-1.357761,1.125071,0
-1.396295,-0.613459,0
-1.321943,-1.070051,0
-0.611340,-0.082913,0
-0.044300,-2.486570,0
-1.370446,-0.909623,0
-1.051013,-1.614341,0
-0.325129,-0.092701,0
-0.270254,-1.671329,0
-2.532216,-1.690389,0
-0.860978,-1.513404,0
-1.646882,-1.451620,0
-1.614053,-0.985677,0
-1.100353,-0.120864,0
-1.589159,-1.890855,0
-0.058202,-0.790570,0
0.115850,-1.469058,0
-1.653355,-1.474625,0
-0.064387,-0.465613,0
-2.543821,-0.609338,0
-1.002499,-1.540857,0
-1.598884,-1.674237,0
-3.352008,1.231285,0
-1.999850,0.440663,0
-1.179815,-2.752344,0
-0.955813,-0.812695,0
-0.537642,-2.179213,0
0.939065,-0.797997,0
0.372761,-0.078914,0
1.423343,0.038915,0
-1.627921,-1.116565,0
-0.470736,-0.378027,0
-2.149427,-0.637921,0
-2.690221,-2.935544,0
0.291945,-1.627875,0
-1.618176,-1.562194,0
-1.726937,-0.528138,0
-1.811578,0.277379,0
-0.671353,-0.533993,0
-0.836226,-2.946848,0
-1.568641,-1.524780,0
-1.629042,-0.758855,0
-0.298211,0.376693,0
-1.677479,-2.176488,0
-0.446466,-0.440731,0
0.268253,0.448482,0
-1.618406,-0.848266,0
-3.061230,-0.562074,0
-2.776811,0.732881,0
-0.199430,-1.223378,0
-0.977680,-0.324284,0
-0.693246,-1.283983,0
-0.637216,-0.571113,0
-0.626988,-0.362012,0
-1.466598,-0.493923,0
-1.471992,-0.342311,0
-0.757052,-2.543100,0
-2.645041,-1.696992,0
0.771059,-1.471780,0
1.613389,-0.382895,0
-0.534374,-2.367471,0
-0.773730,-3.875675,0
1.519716,-1.368894,0
-0.269670,0.551914,0
-1.886186,-1.662882,0
0.039644,-2.235759,0
0.164097,0.774299,0
-1.057055,0.408090,0
-1.583922,-0.037872,0
-1.721302,-2.026263,0
-1.176511,-0.620185,0
0.542754,-2.017527,0
-1.792507,1.449399,0
-0.088384,-0.725810,0
-0.154370,1.204135,0
-1.246227,-0.928817,0
-1.491945,-1.564886,0
-0.593343,-2.642092,0
-2.758205,-1.505944,0
-0.730964,-1.644076,0
-1.793079,-0.520634,0
-0.561154,-1.832511,0
-0.899614,-1.633003,0
-2.149151,-1.568487,0
-0.821524,-1.510113,0
-1.080233,-2.253874,0
-2.054265,-0.084168,0
-0.170656,-0.664667,0
-0.726944,-1.499468,0
-0.582222,-0.763791,0
-0.653126,2.119083,0
-2.423605,-1.343725,0
0.144501,-1.560017,0
-2.421594,-1.424952,0
-2.863356,-0.651836,0
-0.410210,-0.591318,0
-2.628506,-2.231438,0
-0.242092,0.515741,0
-0.470890,-1.344478,0
-2.920904,-0.997977,0
-0.829391,-0.452069,0
-0.627984,0.009104,0
0.883820,-0.042392,0
-3.042802,-0.359723,0
-1.832996,-1.852091,0
-1.890590,-0.865900,0
0.799323,-0.122574,0
-1.969080,-1.548019,0
-0.854750,-0.986936,0
-0.328041,-0.187680,0
-0.891698,-0.225397,0
0.022551,-1.823098,0
-0.790836,-2.196072,0
-1.107224,-0.946178,0
-2.866317,-2.494587,0
-0.658237,-1.884564,0
-0.946963,-1.906719,0
-0.841202,-0.313859,0
-3.014417,-0.422960,0
-2.118462,0.082525,0
-0.723730,-1.118364,0
0.700925,-2.239566,0
-1.321115,-1.573356,0
-1.505009,-0.327925,0
-0.245567,-3.667577,0
-1.839931,-0.090946,0
-1.119700,-0.725952,0
-1.915130,-3.878401,0
-2.494787,-1.335480,0
-2.963750,-0.140445,0
-1.193634,-0.464817,0
-1.712985,-0.431645,0
-0.689224,-0.384356,0
-0.545966,-3.021279,0
-0.411588,1.256525,0
-0.464294,-1.039644,0
0.299618,-1.288210,0
-1.742733,-1.498306,0
-1.997383,-1.603254,0
-0.170477,-0.857812,0
0.513793,-1.697419,0
-0.374281,1.967724,0
-2.290112,0.911957,0
-1.601478,-1.531091,0
-1.237847,-2.051047,0
-1.825699,-0.173592,0
-0.580638,0.850807,0
-0.837186,-2.795984,0
-2.610273,-1.868457,0
0.230396,-2.329877,0
-3.418755,0.037218,0
-2.099784,-2.132482,0
-0.107159,-0.803201,0
-0.463051,0.052298,0
-0.759461,0.792438,0
-1.101525,-2.212117,0
-1.634457,-2.256140,0
0.232720,0.317280,0
-0.339543,-0.695495,0
-1.104033,-3.611671,0
-0.980548,-2.047704,0
0.363113,-1.355281,0
-1.640790,-1.793218,0
-1.866741,-0.031741,0
-1.864179,-2.385699,0
-0.860104,-1.604514,0
1.018421,-0.188324,0
-0.303425,-0.860892,0
-1.675248,-1.239657,0
-0.901230,-0.701569,0
-1.142453,-1.399804,0
-0.307386,0.651392,0
-1.373335,-3.059508,0
-2.628005,-2.445357,0
-1.868959,-0.164017,0
-0.134900,-1.967577,0
0.057587,-2.795337,0
-0.988624,-2.981542,0
-1.816479,-1.777837,0
1.296041,-1.055296,0
-1.614597,0.123071,0
-0.156307,-0.096124,0
-1.318560,-2.204592,0
-2.291195,-0.264615,0
-2.726409,-0.452836,0
1.201372,0.519052,0
-1.550401,-1.330357,0
-0.997911,-1.700623,0
-2.962580,-1.198904,0
0.330972,0.429998,0
-0.181943,-1.789826,0
-1.037538,-2.338111,0
-0.456388,0.797752,0
-0.524642,-2.743489,0
-1.483875,-3.124876,0
-0.172212,-1.810527,0
-0.438326,-1.952272,0
-0.701673,-2.017463,0
0.476821,3.595820,0
1.190059,-0.599797,0
-1.009920,-1.982298,0
-0.389465,-1.323165,0
-0.635231,-3.197339,0
-0.977774,0.026636,0
-0.564589,0.859411,0
-1.168928,-0.059560,0
-2.003500,-1.319444,0
0.290490,-0.762964,0
0.591006,-0.559368,0
-2.361884,-1.557797,0
-0.957160,-1.710443,0
-1.650663,-1.719172,0
-1.236967,0.331749,0
-1.584554,-1.347948,0
-1.025649,-1.504599,0
-1.311833,-0.909221,0
-0.416690,-1.555365,0
0.640511,-1.756221,0
0.176303,-1.838571,0
-1.931622,-1.612023,0
-1.966254,-0.414627,0
-1.716240,-1.253004,0
-2.361863,-2.375162,0
-0.886211,0.380906,0
-1.378439,-0.215774,0
-1.726563,-0.925788,0
-0.397064,0.427230,0
-1.699228,-2.178521,0
-1.518641,-1.298796,0
-0.689370,-2.161288,0
-1.275898,-3.009099,0
0.195579,-0.953981,0
-1.464781,-0.214429,0
-1.960490,-0.785215,0
-2.518399,-0.332716,0
-1.381273,-2.309982,0
-0.933931,-1.356826,0
-0.989220,-1.575147,0
-1.797357,-1.104007,0
0.067902,-0.968821,0
-1.648853,-2.043392,0
-1.734244,-2.542733,0
-1.590774,-1.088814,0
-3.018802,-0.745301,0
-0.653046,0.164874,0
-2.162242,-1.096560,0
0.001335,-2.676653,0
-1.747673,-1.187851,0
-1.729734,-2.510741,0
-2.191519,-1.567439,0
0.384827,-0.158340,0
-1.321805,-1.242748,0
-1.652161,-1.092271,0
-1.333303,-2.407379,0
0.275752,-2.285560,0
-0.408701,-1.439394,0
-1.966591,-0.526546,0
-1.223786,0.649726,0
0.182430,-0.877562,0
-2.253524,-2.456407,0
-2.572823,0.915109,0
-0.877915,-0.047061,0
-1.714699,-2.211920,0
-1.575607,0.089097,0
-2.818280,-0.133849,0
-2.350952,0.806121,0
-2.120317,-1.157402,0
-2.028430,-1.855025,0
-0.717275,0.139396,0
-0.834327,-2.147530,0
-1.407862,-1.911941,0
-3.088533,-1.758427,0
-1.646422,-0.047336,0
0.293402,-1.862925,0
0.220876,0.313579,0
-1.789564,-0.134118,0
-0.528941,0.618635,0
1.566117,-0.969294,0
-1.518950,-1.183419,0
-0.827216,-1.445501,0
1.360493,-0.369410,0
-0.705483,-2.537892,0
-1.270381,-1.753697,0
-2.111290,-1.937027,0
-2.206434,0.417452,0
-1.950991,-0.232606,0
0.065780,-1.442370,0
-1.412440,-1.569176,0
-0.109414,-0.581606,0
-0.333053,-1.405470,0
1.242236,0.434934,0
-1.000415,-1.079344,0
-2.647930,0.558907,0
-1.912542,-1.219446,0
-0.070419,-2.986166,0
-0.234471,-0.899370,0
-0.875177,0.113659,0
-1.807812,-0.596011,0
-0.799478,-0.677134,0
0.244620,-1.601042,0
0.321757,-1.696635,0
-1.504405,-2.604487,0
-1.500202,-2.762594,0
-2.188441,0.444534,0
-2.470605,-1.135184,0
0.176656,-3.541379,0
-0.600154,-0.007520,0
-2.745929,-0.752333,0
-0.369718,-1.516149,0
-1.029387,-2.302783,0
-1.074525,-3.343210,0
-0.716351,0.150730,0
-1.375589,-2.641527,0
-1.205475,-1.755408,0
-0.550677,-1.468585,0
-1.132484,-1.657153,0
-1.819379,-1.827999,0
0.090365,-2.819273,0
-2.907467,-1.551756,0
-1.892326,-1.798957,0
-0.377813,-1.225538,0
-1.287005,-0.624183,0
-0.238496,-1.197852,0
-0.442203,-0.262586,0
-1.342542,-0.995362,0
-0.534752,-1.191103,0
-2.610592,-2.337702,0
-0.589393,0.707453,0
-1.372980,-1.155021,0
-0.756845,-5.067623,0
-1.905595,-3.082006,0
-0.705952,-0.290704,0
-1.134488,-0.026224,0
-0.306269,-1.109176,0
-1.007092,-2.730737,0
-3.647800,-0.326928,0
-0.059299,2.317815,0
-2.442965,0.821559,0
-0.095226,-1.431880,0
-0.229596,0.576845,0
1.101949,-2.918843,0
-2.209154,-2.222638,0
-0.291240,-1.368800,0
-0.788281,-2.650754,0
-0.512978,0.315553,0
-0.611275,0.189833,0
-0.368086,0.377033,0
-2.016014,-1.967242,0
-0.419393,-1.550527,0
-2.492818,-2.015796,0
-0.179809,-1.152648,0
-0.075616,1.191587,0
-1.209942,-1.199823,0
-1.413644,-1.371414,0
-1.209819,-2.101833,0
0.149273,-2.161154,0
-1.237142,-0.646804,0
0.499974,-3.773282,0
-0.135074,0.384891,0
-2.380419,0.222687,0
-0.402960,-0.940414,0
-1.475196,-0.846657,0
-1.147385,1.265747,0
-0.801558,-0.708329,0
-1.310256,-0.679105,0
-0.553065,-1.279478,0
0.301092,-0.351497,0
-2.576302,-1.643908,0
-1.779801,-2.286336,0
0.003140,-1.042696,0
-1.051288,0.234729,0
-3.418117,-0.425357,0
-2.502052,-1.876332,0
0.314660,0.976792,0
-1.683578,-1.177623,0
-2.274174,0.974457,0
-2.449384,-0.197134,0
-1.503840,-1.129410,0
-1.761335,-1.263382,0
-0.623208,-1.362509,0
-1.229210,-1.216941,0
-2.904708,-0.477630,0
-0.909020,-0.863914,0
-0.986236,-1.397734,0
-1.436455,-2.747974,0
-1.475716,-0.083294,0
-2.778538,-1.434553,0
-1.215571,-1.493994,0
-0.015865,-1.280656,0
-0.410530,-1.418589,0
-0.696711,0.318824,0
0.531455,-1.823825,0
-1.752710,-1.615356,0
-1.260740,-1.046018,0
0.366321,-2.552781,0
-3.075017,-0.424802,0
-2.130560,-0.160035,0
-0.388280,-1.769923,0
-1.882709,-2.660751,0
-0.652391,-1.458761,0
0.130336,-3.021374,0
-1.878373,-1.632242,0
-0.878404,-0.800693,0
0.333588,-2.230097,0
-1.890483,-0.671734,0
-0.256291,-1.190113,0
0.257215,-1.906687,0
-1.776846,-1.256955,0
-1.619818,-0.783070,0
0.684313,-0.394599,0
-1.569408,-0.263943,0
-1.347159,-0.853970,0
-1.210908,-1.301170,0
-0.197647,-0.441316,0
0.179726,-3.602329,0
-1.380464,-1.064846,0
-1.105146,-3.168330,0
-1.224399,-1.093134,0
-1.748995,-2.672472,0
-0.432410,-1.922230,0
0.133877,-0.708479,0
0.035314,-1.718080,0
-0.654503,-2.922210,0
-0.089341,-0.323858,0
-1.558906,-1.158885,0
-1.595013,-2.340223,0
0.287977,-0.877145,0
-0.632368,0.464418,0
-1.042740,-0.758121,0
-2.146459,-0.564521,0
-1.012666,-3.107933,0
-1.107470,-0.246208,0
-0.420612,-1.676677,0
1.137241,-2.987941,0
-1.995859,-0.171960,0
-2.424669,-0.532856,0
-1.312530,-0.002254,0
-1.975979,0.310440,0
-1.412275,-1.818801,0
-2.265172,-1.696456,0
-1.264684,-2.328893,0
-0.946484,-1.188750,0
0.526776,-2.228652,0
-3.021331,-1.002130,0
-1.907934,-1.306701,0
-0.898999,-1.592030,0
-1.344974,-2.250669,0
-1.403862,-0.212962,0
-0.236320,0.269586,0
0.219290,-0.975670,0
0.112227,-1.827995,0
-0.098691,-3.369282,0
-0.936562,-1.338744,0
-2.697626,0.141454,0
-1.100624,-1.468711,0
-1.512029,-2.367032,0
-1.600215,-2.645878,0
-2.686012,0.878596,0
0.009619,-1.961328,0
-3.510169,0.192118,0
-1.336426,-0.902078,0
-2.151839,0.429020,0
0.345985,-1.629718,0
-1.554568,-0.385829,0
0.060313,-2.191001,0
-0.253507,-1.586239,0
-0.871221,-1.508107,0
-3.137259,-1.896454,0
-0.541963,-2.414463,0
-2.732479,-0.536798,0
0.195600,-1.660280,0
-3.124237,0.726123,0
-0.894267,-1.465827,0
0.150637,-2.019150,0
-1.070096,-1.916938,0
0.223081,-0.485787,0
-2.089103,0.351058,0
0.832289,-0.990219,0
-2.295470,-0.332969,0
-0.578061,-1.974004,0
0.575786,-1.396625,0
-2.244131,-3.215025,0
-2.446965,-2.463519,0
-1.506957,-0.350847,0
-3.134477,0.329065,0
-1.395470,-0.949751,0
-0.808004,-2.112987,0
-1.173619,-1.630843,0
-1.037194,0.425341,0
-1.378427,-1.386857,0
0.451933,-0.702175,0
-2.146516,-0.631968,0
-0.325016,-0.817313,0
-0.817016,-1.398881,0
-0.750922,-2.751816,0
-2.358390,-2.553186,0
-0.815482,-3.620541,0
-1.611513,0.520121,0
-0.024146,-0.197276,0
-1.295314,-0.318461,0
-1.322183,-0.834710,0
-0.441907,-0.889942,0
0.320283,-1.959780,0
0.161756,-0.739546,0
-1.895679,-2.736722,0
-1.414886,0.291300,0
-2.061216,-1.194157,0
-2.141344,-0.438307,0
-0.408177,0.124542,0
-2.748556,-1.033277,0
-2.129525,1.011387,0
-1.877886,-1.139455,0
0.821031,-2.417163,0
-0.742559,-2.316136,0
-1.812473,-2.449915,0
0.338200,-1.077760,0
-3.308738,-1.462003,0
2.025555,-0.716593,0
-1.123777,-1.646216,0
-0.480034,-0.290754,0
-1.684286,-0.715093,0
-0.363945,-0.134558,0
-1.975246,-2.764621,0
-0.488469,-2.483965,0
-1.143566,-1.235767,0
-0.355384,-1.375697,0
-2.309239,-1.763133,0
-1.726313,0.021578,0
-0.391908,1.164456,0
-2.357397,-0.786664,0
-1.590693,-1.683722,0
-2.223739,-0.354258,0
-1.611110,-0.908948,0
-2.567240,-1.898847,0
-1.231135,-1.534373,0
-0.400128,-0.402259,0
-0.401946,-1.586741,0
-1.850770,-2.546839,0
-1.603140,0.327967,0
-3.622934,0.744794,0
-0.970435,-3.092253,0
0.454212,-0.191781,0
-0.344619,-1.105742,0
-0.108799,-1.469546,0
-0.990559,-2.579769,0
-1.926784,-2.281139,0
0.697824,-1.560854,0
-0.255427,0.338381,0
1.879282,-0.783319,0
-2.087250,-1.785076,0
-2.863497,-1.822285,0
-1.078383,-0.326390,0
-0.985624,-0.419115,0
-0.382184,0.016759,0
0.572471,-0.648079,0
-3.579832,1.514321,0
-1.141198,-1.663225,0
-0.859180,-0.353336,0
-1.667819,0.543824,0
0.238175,-0.356579,0
0.300830,-3.393938,0
-0.349365,-1.679440,0
-1.671575,-0.166207,0
0.296794,0.146410,0
-2.101709,-0.461524,0
-2.130075,-1.487978,0
-2.350386,-1.596561,0
-2.124961,-1.153992,0
-0.402709,-1.271557,0
-2.302293,-1.577732,0
-0.464053,0.102313,0
-2.466134,-1.146438,0
-1.866769,-0.912979,0
-2.633030,0.765569,0
-1.005643,-2.607722,0
-0.822584,-0.649530,0
-0.720380,1.194059,0
-1.596190,-0.227030,0
-1.696150,-1.241876,0
-1.763567,-2.200402,0
-1.441835,-0.963769,0
-1.669600,1.083135,0
-0.910626,-1.954042,0
-1.148852,-0.951243,0
-0.285862,-0.789082,0
-1.018016,-1.014424,0
1.905691,-0.557659,0
-1.312103,-1.670733,0
-0.472819,-0.872176,0
-2.332544,-1.235764,0
-1.329797,1.696602,0
1.540745,-0.670257,0
-0.885951,-2.545983,0
-0.803045,-0.168422,0
-2.856800,-0.061018,0
-0.603231,-0.735793,0
0.342306,0.493101,0
-4.775503,-1.026184,0
-2.145472,-2.821285,0
0.765768,-0.611576,0
-1.518090,-2.015234,0
-1.586490,-1.376237,0
0.768430,-2.735236,0
-0.084029,-0.299226,0
-0.429772,-1.556277,0
-0.366770,-2.057737,0
-0.880365,-1.879013,0
-0.276177,-1.413559,0
0.316146,1.223163,0
-0.198655,-1.337109,0
-0.923222,-0.509916,0
-2.090595,-0.709843,0
-1.004254,-1.293423,0
-1.761600,-2.861259,0
-1.572782,0.395489,0
-2.003179,-1.774874,0
0.550148,-0.099349,0
0.605930,-0.537229,0
-0.330380,-2.168605,0
0.990494,-2.105715,0
-4.112336,0.046761,0
-2.069842,-1.307587,0
-0.962293,-0.850655,0
-0.555492,-0.071628,0
0.074345,-1.990939,0
-0.779898,-2.632186,0
-1.181964,-0.984486,0
-1.244448,1.758179,0
0.508504,-0.823202,0
-0.064715,-2.014058,0
-1.179360,-1.338768,0
0.634415,-2.353257,0
-1.217349,-1.065717,0
-0.919616,-1.632183,0
-3.108647,-1.563960,0
-1.925589,-1.520470,0
-1.379945,-1.008615,0
1.371734,-2.635641,0
0.707365,0.643634,0
-3.321389,-1.979299,0
-0.785194,-0.561055,0
-2.977062,-0.971984,0
-1.526357,0.348117,0
-0.474924,-0.325885,0
-0.980686,-2.710475,0
0.400946,1.424634,0
-0.131682,-1.829889,0
-1.748758,0.353154,0
0.100373,0.381219,0
-1.478140,-0.126383,0
-2.190414,0.585926,0
-1.766991,-0.216448,0
-2.240702,-0.874226,0
-1.680593,-2.653731,0
-2.505523,-4.170495,0
0.027176,-0.887823,0
-3.423457,-1.160116,0
0.677708,-1.044445,0
-2.527879,-0.833762,0
-0.623932,-1.415791,0
-1.709477,0.054312,0
-1.556904,-2.639933,0
-2.123670,-1.305320,0
-1.917126,-0.113353,0
-0.507924,-0.810858,0
-0.371179,-0.140423,0
-1.584718,-1.485992,0
0.473894,-1.087602,0
-1.890153,-0.407312,0
0.378160,-1.751757,0
-0.314874,-1.188233,0
-0.916876,-0.803838,0
-1.283264,-0.540782,0
-1.095612,-2.977135,0
1.695349,-1.612189,0
-1.114071,-2.365413,0
-2.544697,-0.910924,0
0.003102,-0.966604,0
-1.525948,-1.189059,0
1.101445,-3.016267,0
-2.621816,-0.369770,0
-0.828452,-2.964791,0
-1.428178,-0.761803,0
-1.719057,-1.692689,0
-1.021508,-0.109713,0
-1.548241,-1.084608,0
-0.481025,0.548276,0
-1.895177,0.593826,0
-2.706169,0.372481,0
-1.287382,-0.829613,0
-1.100598,-0.278263,0
-2.671304,0.302169,0
-0.258264,-0.276151,0
-2.299349,-0.553286,0
-0.114391,-0.017942,0
-1.042742,-1.994753,0
-1.877175,-2.098517,0
-0.211920,-0.195684,0
-1.884620,-0.482211,0
-1.287195,-0.711343,0
1.271768,-1.991105,0
0.327371,0.656080,0
-0.668278,-3.599907,0
-1.920896,0.570969,0
-0.877142,-1.867341,0
-1.094175,-1.562435,0
-0.366934,0.483651,0
-0.879357,-0.606578,0
-1.527103,-2.149547,0
-0.860606,-0.539566,0
-0.961218,-2.298294,0
0.144141,-1.468804,0
-1.837640,-2.586564,0
-1.975989,-1.860648,0
0.063409,-0.838237,0
-0.465688,-3.474829,0
-2.242286,-1.188611,0
-0.316317,-3.492792,0
-1.176072,-1.324291,0
-1.091916,-0.767647,0
-1.434956,-0.918898,0
-0.731768,-0.484900,0
-2.673546,0.164553,0
1.217487,-1.224310,0
0.350969,-0.338044,0
-2.702313,-0.075306,0
0.638016,-1.470061,0
-0.710911,-0.844606,0
-0.666777,-1.690513,0
1.928080,0.443720,0
-0.254530,-3.781960,0
-1.152007,-1.499465,0
-1.802933,-2.399242,0
-0.045949,-1.187549,0
-2.533009,-0.325633,0
-1.821233,-0.929636,0
-0.943515,-3.027865,0
-1.250768,1.058957,0
1.203879,-1.545330,0
-0.660706,-1.761111,0
-1.721894,-0.546531,0
-0.777200,0.079258,0
-0.398877,-0.591154,0
-0.858917,0.742411,0
-2.834743,-2.928354,0
-0.447151,-0.791450,0
0.037152,0.710313,0
-0.476651,0.086909,0
-0.990711,-1.454049,0
-2.263168,-0.194227,0
-1.665055,-0.229688,0
-0.892667,-1.805462,0
-0.014918,-1.281582,0
-1.233268,-0.881099,0
-2.164905,0.095117,0
-2.518203,-1.362762,0
-0.352875,-0.714030,0
-0.174477,-1.597122,0
-1.213716,-2.523114,0
-2.337780,-2.679518,0
0.690659,-1.169837,0
-0.972538,-2.117391,0
-0.654600,-1.116216,0
-0.813376,-0.661970,0
-2.285115,-0.894643,0
-1.086021,-2.238084,0
-1.615324,-0.856434,0
-0.781059,-0.393311,0
-1.850924,-0.561127,0
-0.718014,-1.180069,0
-1.439426,-2.424703,0
-1.875082,-0.845048,0
-0.298307,-0.807814,0
-1.091514,-1.581885,0
-0.522337,-0.463202,0
-3.985712,-1.689789,0
-2.563172,-1.220980,0
0.991232,-1.280163,0
-0.529256,-2.410409,0
-0.310508,-1.015536,0
-3.161564,-1.733847,0
-1.650001,-1.959853,0
-1.431803,-0.930990,0
0.514966,-1.855553,0
-1.846801,-1.200656,0
-2.808801,-0.639179,0
-1.682757,0.178341,0
-0.654357,-0.798508,0
-1.810935,-1.044611,0
