2.004889,1.500259,1
1.500740,0.147516,1
3.666421,-0.340835,1
0.915246,-0.137129,1
1.043014,3.537442,1
0.695965,-0.664748,1
0.695282,1.301221,1
-0.955312,0.751032,1
0.218486,1.192078,1
-0.551195,-1.667642,1
1.085387,1.519621,1
-0.031870,2.044147,1
0.516027,1.897875,1
2.005908,2.123471,1
-0.030518,1.883813,1
1.131103,-1.485039,1
1.655508,-0.330537,1
1.713667,-0.181452,1
1.186443,1.213387,1
-0.895043,-0.228888,1
1.821549,-0.471540,1
0.817185,1.773972,1
1.800983,0.132857,1
2.832693,0.898707,1
-1.077400,-0.229390,1
1.260096,0.062491,1
0.711707,1.364259,1
-0.057148,1.148420,1
0.826033,0.792963,1
0.271318,1.645911,1
2.499063,2.373557,1
0.286277,0.186903,1
0.932578,-2.451474,1
2.844258,0.542693,1
-0.267801,1.509903,1
-1.270975,-1.364088,1
1.198479,-0.284434,1
1.259148,1.197503,1
0.140168,0.509218,1
0.802708,0.350872,1
-1.386882,1.196882,1
-0.167343,1.390140,1
1.053281,1.568914,1
1.826572,-0.913010,1
0.870125,0.850729,1
2.252072,2.368335,1
1.763012,-0.931886,1
-1.723232,1.251239,1
0.933206,0.855505,1
1.549112,0.890484,1
2.172599,-0.541612,1
-1.193706,1.742925,1
0.061116,1.463367,1
1.606360,0.542066,1
2.506500,0.278569,1
2.126306,-0.397583,1
2.163042,1.735885,1
1.974812,0.321372,1
0.171985,1.398411,1
0.881953,1.396212,1
0.770410,1.041932,1
1.237840,-0.974117,1
1.201097,3.588896,1
1.253343,2.224402,1
0.459594,-1.159592,1
1.257937,1.615710,1
0.301800,0.980259,1
-0.875035,-0.570759,1
0.761285,0.011929,1
0.208481,-0.374992,1
0.969747,0.960539,1
0.129239,1.490650,1
0.589620,1.364382,1
0.444986,0.632985,1
0.421935,1.529353,1
0.383714,0.659614,1
2.346928,1.048152,1
1.569582,-0.001059,1
1.042175,-0.392039,1
-0.860941,-0.783100,1
0.343665,1.403938,1
1.637902,2.631762,1
1.395328,0.545103,1
2.140930,2.742472,1
0.956407,0.384795,1
0.967519,-1.374490,1
-0.173732,-0.858205,1
2.511407,0.635024,1
3.651565,-0.087345,1
0.070228,0.484327,1
0.887982,0.167504,1
1.909635,0.530397,1
2.962878,-0.697234,1
1.283499,1.550305,1
-0.029491,1.065974,1
5.274766,1.327278,1
1.585922,2.051967,1
1.547830,2.425421,1
1.228016,2.323307,1
0.041857,1.797346,1
0.679351,1.213497,1
-0.531227,1.912360,1
-0.658963,0.926366,1
1.005823,1.209344,1
0.973335,1.727994,1
0.785586,-0.207190,1
0.206506,2.410154,1
1.917394,1.256997,1
2.204475,1.088867,1
-1.487766,0.808857,1
3.144030,1.258110,1
1.248967,1.680422,1
1.920090,2.172401,1
1.087866,0.541645,1
-0.235627,1.235955,1
0.281739,1.830757,1
-0.278457,0.409265,1
2.570921,-1.661177,1
0.728776,1.017678,1
0.287621,0.074531,1
2.678898,2.263266,1
1.560870,2.417602,1
-0.970543,0.939337,1
3.792624,0.173017,1
1.064513,1.066952,1
1.514672,2.494147,1
4.079408,-0.694801,1
2.601778,1.744055,1
0.328360,-0.151382,1
0.794705,0.856921,1
-0.079158,0.882525,1
2.770738,2.281391,1
-0.254511,3.183000,1
2.600861,2.627094,1
0.056106,2.160283,1
-0.293332,1.425242,1
1.516316,0.441752,1
3.524552,1.800310,1
1.128477,-0.392240,1
2.232085,3.194641,1
-1.522160,1.876777,1
0.519234,1.673631,1
2.262933,2.533431,1
0.271545,2.097111,1
0.042878,3.132100,1
0.512695,1.460455,1
-1.094737,1.797536,1
1.769373,0.422714,1
-0.395328,0.817648,1
0.937064,1.512291,1
1.737296,-0.063716,1
1.992603,2.251745,1
1.245385,0.855271,1
-0.037603,1.321993,1
0.580904,0.836740,1
0.658896,1.361476,1
1.578280,0.435772,1
-0.452349,0.471996,1
2.699850,0.538509,1
2.488353,0.814194,1
2.334134,1.557737,1
-1.317662,1.890793,1
1.401881,0.763838,1
1.071866,-1.388217,1
2.366622,1.994714,1
0.654786,1.551782,1
1.480315,1.716364,1
1.664586,2.920703,1
0.959060,1.164489,1
0.423329,0.320977,1
0.932170,1.644994,1
-0.297825,1.137068,1
0.609303,0.330426,1
-0.952036,1.835889,1
1.180112,-0.070661,1
-0.005873,0.351470,1
0.454656,0.908465,1
1.689205,2.167147,1
1.060282,2.245933,1
1.667658,1.654967,1
1.033291,1.702776,1
1.741368,0.379890,1
-0.006045,1.487850,1
1.178641,0.900285,1
0.562184,-0.166266,1
1.317472,0.815270,1
0.005187,2.294706,1
0.045326,2.441264,1
0.081975,-1.259374,1
-0.028900,3.604791,1
0.589157,0.327144,1
0.990574,1.517159,1
0.510660,0.867056,1
0.459208,-0.587016,1
1.901491,1.843668,1
0.132842,-0.524920,1
0.595067,0.305191,1
0.912840,-2.475029,1
2.109336,0.949834,1
0.609569,-0.045651,1
0.309007,1.706796,1
2.564677,-0.572360,1
0.641542,0.930361,1
0.237292,2.235186,1
0.059467,-0.177603,1
2.101479,-1.044102,1
-0.113211,-0.246652,1
0.779141,1.491289,1
-0.096493,1.597232,1
1.330648,0.066767,1
1.262701,1.595559,1
-1.793205,0.861951,1
1.849423,0.449530,1
-0.485805,2.371302,1
-0.392945,0.615455,1
-1.445947,-0.656622,1
0.146621,1.125137,1
1.651550,2.535396,1
-0.377181,-0.436271,1
-0.475773,1.942305,1
1.456294,2.161349,1
2.324333,1.712840,1
1.414211,0.646169,1
1.685384,1.292226,1
-0.449864,1.601276,1
2.117831,-0.402246,1
0.352244,0.916081,1
1.198797,1.894609,1
0.239738,0.946267,1
-0.152997,2.427299,1
2.480509,-0.403273,1
1.021142,1.514535,1
1.220110,2.089209,1
1.035496,-0.289527,1
1.314542,-1.483772,1
1.435840,-0.526413,1
1.709675,0.424692,1
2.593692,1.423567,1
0.846945,-0.123310,1
0.106418,0.477611,1
2.062221,-0.951231,1
2.937151,0.787829,1
-0.128929,-0.178295,1
-0.260546,2.025374,1
1.873396,0.756922,1
0.996136,-0.822838,1
1.419016,1.965838,1
2.089620,0.217930,1
2.366279,0.431766,1
-0.605130,1.442146,1
0.756002,2.179931,1
0.074727,1.287483,1
1.730533,-1.011974,1
0.193713,1.959748,1
0.859476,1.042124,1
1.606576,0.933667,1
1.644830,0.803123,1
0.778396,1.518366,1
0.158965,1.648235,1
0.990709,1.459840,1
1.762815,2.598878,1
-0.826306,0.373387,1
3.337051,-0.176302,1
1.949402,-0.062266,1
1.359063,2.619228,1
1.230225,0.827589,1
1.065241,-0.722456,1
1.660580,0.504683,1
0.193716,1.038628,1
0.328898,1.257293,1
1.374388,-0.916469,1
1.048633,0.846800,1
0.778168,1.609315,1
1.455451,2.415789,1
0.929534,3.149172,1
1.330984,0.078558,1
0.565281,4.012194,1
1.817830,0.202164,1
-0.430898,-0.064069,1
0.711660,1.250595,1
-0.281086,1.463207,1
1.116464,1.250830,1
1.281300,1.522747,1
1.030897,-1.015990,1
0.959742,0.937744,1
-0.883776,2.224029,1
0.409474,1.070522,1
1.068419,0.810288,1
0.399874,4.021148,1
0.335948,-1.036077,1
2.362501,1.174168,1
1.399726,3.356367,1
0.932902,0.208503,1
2.029238,0.956348,1
-0.063179,0.383909,1
-0.043563,0.360412,1
-0.235550,-0.809911,1
2.421940,1.461383,1
0.323611,-0.923695,1
1.958053,1.843299,1
3.153899,1.907853,1
0.489832,0.748019,1
-0.966656,0.322034,1
0.912172,1.602629,1
0.991530,1.851600,1
2.241732,0.573115,1
-0.378679,2.054648,1
1.119758,1.890845,1
1.457650,0.751293,1
1.235040,1.803149,1
-0.043013,1.228048,1
2.927194,-1.319643,1
1.058630,1.944971,1
-0.100143,-0.036793,1
0.218647,0.129725,1
0.320106,0.776606,1
1.449799,1.247925,1
1.697692,0.895810,1
0.686996,0.135783,1
1.301096,1.365221,1
2.037439,0.248557,1
0.622987,0.930797,1
-1.340749,1.823235,1
0.403271,-1.854075,1
1.373714,-0.690442,1
1.629139,-0.798056,1
2.757773,0.159993,1
1.201187,1.556935,1
-0.084059,1.453888,1
-0.547748,-0.176563,1
1.038952,0.008596,1
0.944452,-1.278065,1
-0.316445,0.876764,1
0.827612,0.616697,1
0.153893,-0.331668,1
-0.135209,0.180825,1
2.869248,1.855610,1
0.732298,1.418668,1
2.757078,-0.796885,1
1.423042,2.162624,1
0.764475,1.775942,1
2.621793,-1.028051,1
2.601977,1.947632,1
0.398815,2.801095,1
1.973436,-0.245321,1
1.879553,1.693151,1
0.623502,0.957425,1
1.631858,0.744767,1
2.463070,-0.176178,1
1.657662,0.010669,1
0.241794,2.336568,1
0.899889,2.454796,1
1.174695,0.930392,1
1.377514,1.528066,1
1.381565,0.371937,1
-0.474378,1.747324,1
0.311177,1.023144,1
-0.106833,1.420455,1
-0.265243,1.278497,1
0.676257,3.396199,1
0.646100,2.243178,1
0.347124,1.211135,1
-0.008279,-0.150008,1
-0.338641,0.092094,1
-3.174515,-0.102323,1
0.050497,1.298576,1
-1.219216,2.518384,1
0.706746,-1.102247,1
0.647983,0.389681,1
2.106521,0.480833,1
1.149540,1.958469,1
0.929343,2.915930,1
-1.286925,-0.482590,1
1.076148,0.512453,1
2.024677,0.240597,1
-0.030358,2.261005,1
1.002126,0.350696,1
1.883847,2.239933,1
2.910382,-0.342395,1
0.732793,0.872070,1
1.408577,-2.665353,1
2.013818,1.109035,1
0.571435,-0.840961,1
1.746529,1.004007,1
2.221216,-2.136504,1
0.105612,1.992224,1
0.527656,-1.328565,1
-0.287454,-1.147386,1
-0.180532,2.555295,1
0.838797,4.430510,1
-0.673357,0.986963,1
0.611494,0.647389,1
0.607298,0.608543,1
1.156793,1.523124,1
0.744020,-0.003384,1
0.156017,3.075338,1
1.215232,0.394948,1
-0.528457,-0.366612,1
1.145763,2.691443,1
2.546773,1.493352,1
-0.000265,1.804181,1
-0.525429,0.737971,1
0.510715,1.419918,1
3.049427,-0.034970,1
0.856715,1.045050,1
-0.106838,0.211161,1
2.516045,1.259613,1
1.282957,1.229010,1
0.176685,0.167017,1
1.269240,0.791876,1
1.371911,0.449989,1
0.476125,1.751694,1
0.781440,0.774323,1
1.237851,-1.110749,1
1.411519,1.163310,1
1.410575,1.036235,1
1.039245,1.330768,1
0.322741,1.904108,1
1.637297,1.966884,1
4.058252,0.417501,1
1.572034,0.214204,1
2.072612,3.119842,1
-1.785739,2.881580,1
1.927286,0.167115,1
1.773130,2.247191,1
1.357785,0.516766,1
-0.696288,1.656625,1
3.158095,-0.340468,1
1.580091,0.866318,1
-0.890358,1.954462,1
1.066079,1.736270,1
0.911229,0.525081,1
2.186829,-1.074834,1
0.262758,1.166870,1
0.854937,-1.063194,1
3.470752,1.297057,1
1.727253,0.402698,1
2.428402,3.211424,1
3.138969,-1.041722,1
0.994087,2.682866,1
0.183139,-1.474276,1
-1.154943,3.467138,1
1.702045,1.152299,1
1.849557,3.274817,1
-1.037618,0.787904,1
-1.817304,0.476983,1
0.930761,2.263550,1
3.409014,1.168278,1
2.349348,1.125393,1
1.956330,1.386303,1
2.414560,0.208081,1
0.222529,0.041159,1
1.150065,2.285510,1
0.713853,0.857045,1
1.940729,-0.979581,1
1.784764,2.942674,1
1.677944,0.840171,1
2.362177,0.713920,1
1.340075,0.052238,1
0.933730,-1.622787,1
1.078573,1.182808,1
-0.531793,1.002985,1
1.368152,1.333680,1
2.920265,2.059522,1
-0.478420,2.557405,1
0.922919,1.194226,1
0.537126,1.180708,1
0.999977,-1.973609,1
1.830184,2.653025,1
0.674846,1.905301,1
2.386100,1.164892,1
1.844462,1.566097,1
1.962636,1.122761,1
2.006695,1.505863,1
0.027619,0.921741,1
0.199129,0.312395,1
1.249701,1.450850,1
1.794505,1.471618,1
0.922686,0.028025,1
1.641974,2.424733,1
0.904545,0.358599,1
1.717489,-0.490289,1
0.549065,1.451085,1
2.515263,-0.390966,1
0.367679,1.919678,1
1.955330,-0.030914,1
0.628191,1.226709,1
2.606040,1.686609,1
2.731568,1.547174,1
3.299018,1.070134,1
1.345995,-0.368189,1
0.925804,2.816499,1
0.063056,2.536196,1
2.138880,1.371819,1
1.272896,1.610400,1
1.296906,3.804104,1
-0.989237,-0.922228,1
0.072682,0.009700,1
1.306504,0.630062,1
2.236976,0.943832,1
1.126279,1.513466,1
-0.715473,1.779633,1
-0.327991,2.246135,1
1.540698,0.299240,1
1.031175,0.058824,1
0.762603,0.894445,1
1.298218,0.681784,1
2.102363,2.102294,1
0.720800,0.947180,1
1.076030,1.662152,1
-1.043814,0.521378,1
0.449077,1.879201,1
3.027630,4.217374,1
1.207004,1.247975,1
1.401943,1.803717,1
2.745344,1.837140,1
0.105156,0.817741,1
2.287752,1.562835,1
-0.943252,0.103053,1
0.917644,1.431944,1
1.236098,2.269594,1
2.219624,3.406088,1
-0.360067,-0.169075,1
0.749320,0.567277,1
-0.016678,1.785708,1
2.098609,1.989237,1
1.665246,1.882098,1
2.980710,1.496011,1
-0.804995,1.251454,1
1.288720,1.780501,1
-0.116237,0.383559,1
3.156782,-0.275330,1
0.828707,2.472306,1
1.023703,2.033672,1
-1.230551,-0.092081,1
-0.056082,2.507329,1
-0.179772,0.240195,1
-0.045648,0.419885,1
1.295061,0.105986,1
-0.400344,1.053629,1
0.482826,0.011618,1
1.157910,2.692817,1
-1.391958,-1.493838,1
2.209030,2.317350,1
0.641342,0.984504,1
0.527636,-0.353205,1
1.199358,1.457416,1
2.639250,0.308711,1
0.014539,3.058538,1
-0.075311,2.149792,1
1.379336,-1.327537,1
0.632162,1.095199,1
0.823476,-0.182005,1
1.227062,2.894698,1
-0.813526,0.967914,1
0.329705,1.925071,1
2.834834,2.260750,1
1.993248,1.556200,1
0.590580,0.921413,1
1.467635,0.643922,1
0.181125,-0.575491,1
-0.423503,1.632055,1
1.524881,1.790985,1
1.746060,3.394866,1
2.287442,-1.445423,1
2.881755,2.071024,1
0.050023,0.657832,1
1.629620,1.734046,1
-0.566434,0.239488,1
2.554105,2.764963,1
0.041679,0.510699,1
-1.102735,-2.011061,1
0.843087,0.395037,1
0.892236,0.097998,1
1.115096,0.782360,1
2.688082,2.140116,1
1.848848,0.796834,1
2.601974,0.808401,1
-0.268365,0.278731,1
2.032242,-0.264549,1
2.039946,0.405893,1
1.230558,0.819263,1
1.343323,0.939504,1
-1.006648,1.345820,1
0.820282,1.036410,1
0.962483,1.458352,1
0.038943,0.336459,1
2.622824,-0.546745,1
0.225130,-0.337416,1
1.962070,0.159377,1
2.638445,1.484369,1
1.475500,1.324416,1
1.546707,2.536452,1
1.529805,1.328646,1
0.981431,0.071904,1
3.270879,1.069011,1
2.271795,0.804908,1
2.300973,0.720436,1
0.650136,2.383127,1
0.606395,-0.003261,1
0.708331,-0.500382,1
1.966776,1.915733,1
1.242110,1.269279,1
0.839420,1.874393,1
0.073912,1.038691,1
1.245860,0.331049,1
0.914791,2.351884,1
0.356013,1.287272,1
0.637269,1.020527,1
1.136374,-0.819644,1
2.215970,2.849117,1
2.671199,2.628882,1
1.625828,1.001763,1
0.567253,0.691053,1
-0.799571,1.641722,1
-0.813022,1.537902,1
2.611990,-0.868461,1
0.474955,1.514632,1
-0.160834,0.378768,1
-0.214716,0.332087,1
1.992374,2.766475,1
1.565207,0.713497,1
2.483449,1.234765,1
1.490229,2.185400,1
2.696858,-0.777572,1
2.146306,1.979041,1
3.103184,0.125962,1
1.216798,2.414860,1
-0.759179,0.434754,1
0.691225,0.186981,1
0.952174,2.193250,1
-0.498162,2.309764,1
0.108851,1.706037,1
-0.802208,0.401110,1
1.039382,0.487077,1
1.589558,0.440665,1
1.529208,2.012402,1
1.132712,0.050711,1
1.302029,1.866407,1
-0.907313,0.620397,1
-1.068512,2.796788,1
-1.372462,0.240365,1
-1.859422,0.427467,1
1.966598,2.585900,1
0.624172,0.780166,1
1.065883,0.785662,1
0.728095,1.566724,1
1.875740,2.338987,1
0.022309,0.416748,1
0.565589,-0.995696,1
-0.109692,1.472770,1
0.001100,1.841356,1
0.458002,0.400419,1
1.456490,1.531541,1
1.661280,1.368038,1
0.444668,0.631567,1
0.722560,1.659244,1
-1.303939,1.079639,1
0.647176,0.529782,1
1.688897,-0.596755,1
1.757779,2.524271,1
3.092731,1.188239,1
-0.087792,1.595862,1
-1.182067,2.833823,1
0.384031,0.217884,1
1.646106,0.620810,1
-0.662502,1.388778,1
-1.072690,0.586443,1
1.763029,-0.305266,1
0.744115,1.405904,1
2.971659,1.903313,1
2.157412,1.347033,1
-0.980697,-0.006321,1
3.181936,0.637281,1
-0.510756,2.410012,1
1.460905,2.418296,1
0.000299,1.811153,1
0.805053,3.571240,1
1.340493,1.465272,1
1.909759,0.394886,1
1.483695,-0.376131,1
1.217355,1.133723,1
3.431090,2.460071,1
-0.697936,0.225264,1
0.620818,2.770678,1
-0.103754,-1.637457,1
-1.572223,0.935966,1
0.729119,0.640669,1
0.074463,1.739973,1
0.025748,0.127706,1
0.770316,0.644828,1
-0.091262,0.094121,1
1.824023,1.082346,1
1.070164,2.599498,1
1.196035,1.459394,1
1.703641,-0.593715,1
1.293921,1.649413,1
-2.233378,1.303339,1
2.677485,-0.494457,1
0.689703,-0.104995,1
1.317398,-0.813591,1
1.763021,1.854700,1
1.532442,-0.175131,1
0.982272,1.482869,1
3.088776,1.470439,1
0.358674,2.526940,1
0.547002,2.384781,1
-0.100603,0.670744,1
1.029028,0.996215,1
0.692205,0.069922,1
-1.208508,0.497289,1
1.032967,1.852374,1
0.213443,0.145388,1
0.801627,3.098105,1
-1.381136,0.993680,1
0.099166,0.381931,1
1.723249,0.814900,1
0.571816,0.897778,1
0.890758,1.239066,1
2.429779,-0.223077,1
0.734112,0.852497,1
-1.441156,0.272036,1
2.164383,1.192803,1
0.001088,-0.352554,1
0.563908,0.685635,1
1.655646,1.913087,1
2.262771,1.870099,1
2.154437,-1.446224,1
2.325060,0.822420,1
-1.628310,0.692920,1
0.354292,1.162468,1
1.019586,0.946674,1
0.785781,0.867458,1
0.274733,0.485357,1
2.309560,0.313331,1
-1.536676,2.655487,1
0.410125,0.813391,1
1.789133,1.376530,1
2.688322,0.521524,1
0.568126,1.325022,1
1.286250,2.331507,1
-1.290022,-0.414325,1
0.844188,1.225321,1
0.724649,1.490124,1
2.121827,-1.042882,1
2.229879,0.901203,1
0.549097,1.629731,1
-0.172296,-0.342983,1
0.530568,-0.296576,1
1.409457,0.362022,1
2.231175,0.135875,1
0.708354,2.566960,1
0.754010,-0.052582,1
1.450497,-0.239364,1
-0.478760,1.043573,1
1.288787,-0.504604,1
0.648861,0.730026,1
2.534560,0.784314,1
-1.076224,0.251148,1
0.456758,0.802673,1
2.764592,1.362293,1
1.531721,1.288116,1
1.726867,2.308661,1
-0.853387,1.367428,1
-0.759382,-0.936337,1
-0.633323,0.496584,1
0.734940,1.514552,1
-0.356820,0.932748,1
2.469657,3.037539,1
-1.072003,0.764778,1
0.498509,0.420101,1
1.193596,3.355976,1
1.586276,1.643699,1
-0.242536,1.308926,1
1.948981,1.513771,1
1.983885,1.436059,1
1.096657,1.960724,1
3.121637,1.117751,1
0.494063,0.714644,1
1.020395,0.019149,1
-0.292896,1.123671,1
2.725093,2.025041,1
0.956246,-0.132729,1
1.537124,-0.613027,1
1.415967,-0.084842,1
1.308194,2.091598,1
0.289740,1.014878,1
-0.556010,2.835794,1
1.907369,2.472586,1
0.325790,0.366843,1
-0.930140,2.796141,1
-0.613653,-0.538070,1
-0.404192,-0.738660,1
0.064311,1.935692,1
-0.565991,0.577886,1
1.607634,1.155659,1
-0.679169,3.042818,1
-0.950822,0.699332,1
0.454443,2.569134,1
1.046325,1.569046,1
1.702397,-0.679450,1
2.026005,-0.861798,1
3.861080,1.451804,1
0.719206,-0.871645,1
1.016685,1.836307,1
3.098970,2.279037,1
1.867795,0.944572,1
1.658105,-0.625345,1
0.611477,2.493591,1
0.951112,0.061533,1
0.792273,2.284971,1
1.976243,2.143564,1
2.047757,0.540586,1
-0.771779,0.846325,1
0.580203,2.698936,1
1.059801,1.865393,1
0.759276,1.342978,1
0.095769,-0.186106,1
2.702776,0.453603,1
-0.939990,0.531456,1
1.288861,1.661726,1
0.305671,0.547563,1
0.144154,0.343320,1
1.790764,1.940235,1
2.117301,0.760310,1
3.154144,-0.721417,1
2.246094,1.021928,1
-0.073085,3.160312,1
0.206925,0.978748,1
-0.265045,1.349054,1
2.342448,0.965588,1
3.622707,2.152473,1
0.397247,1.807268,1
2.985451,0.677220,1
2.574098,0.814866,1
1.381140,-0.179749,1
1.343096,0.897783,1
2.017612,-0.371543,1
0.206971,1.492044,1
3.323593,1.075624,1
1.750923,-0.917275,1
-0.305194,1.230908,1
0.349344,0.920770,1
1.345587,1.377036,1
0.923122,0.092638,1
2.901122,1.603913,1
0.109750,0.402639,1
-0.604070,0.925009,1
0.030533,0.046367,1
0.789806,0.940925,1
0.579895,2.043455,1
1.779764,1.332438,1
-0.028088,2.563798,1
0.233447,1.399681,1
0.551601,1.271433,1
1.112593,2.828751,1
2.414792,1.839152,1
-0.838623,3.117773,1
0.797507,1.266183,1
-0.026743,0.711054,1
1.883388,-0.044163,1
2.092566,0.680598,1
3.161811,1.301997,1
0.953980,1.028727,1
0.895521,2.130568,1
0.556731,2.252483,1
0.661304,0.845055,1
0.987329,-0.340942,1
0.791617,1.002927,1
1.446205,-1.151101,1
0.828077,0.698836,1
0.016062,0.556948,1
2.179757,1.159352,1
0.556483,1.784902,1
-0.603093,1.384483,1
0.669929,-0.003381,1
1.107343,0.434798,1
2.200838,1.796862,1
1.233067,1.141232,1
-0.451614,0.907356,1
-0.530447,3.046170,1
0.018542,-0.365408,1
0.269226,2.729589,1
2.644593,2.024235,1
2.336589,2.089379,1
3.336923,0.416836,1
0.808713,0.687964,1
0.990828,0.203681,1
1.240166,0.245108,1
3.129244,0.077824,1
-1.180212,0.409906,1
1.725173,1.029348,1
0.775584,2.688129,1
1.029869,2.076418,1
1.307265,0.934062,1
1.667026,1.239648,1
0.810966,3.180643,1
1.272516,2.386962,1
-0.301539,2.189519,1
0.748262,0.870469,1
-0.950989,0.506371,1
-1.075105,0.659743,1
1.093307,0.522908,1
0.963214,1.402449,1
1.691599,-0.592746,1
0.788640,0.180818,1
1.076483,0.523847,1
1.446261,0.210568,1
-0.397100,0.319697,1
1.996853,0.961139,1
-0.906582,1.819152,1
-0.159075,0.256060,1
-0.361917,-0.227953,1
1.815784,-0.070022,1
-0.308254,2.040307,1
0.513778,0.646363,1
0.964450,2.327924,1
-0.301446,1.251493,1
-0.668550,1.620503,1
2.080051,1.261760,1
0.330422,-0.033662,1
2.841644,2.941380,1
1.751246,1.693502,1
1.690662,2.332308,1
3.046984,-1.180626,1
-0.624878,1.772710,1
1.757335,0.036170,1
0.290969,1.684436,1
1.168517,-0.292813,1
2.853391,-1.052393,1
1.084046,0.871338,1
2.063202,0.737156,1
3.553826,0.986417,1
0.105062,1.395637,1
1.651623,2.350951,1
0.784865,0.304730,1
2.811121,-0.173745,1
-0.180458,1.537451,1
-0.294817,1.777887,1
-0.417278,0.843072,1
1.439220,0.141952,1
2.034538,2.264687,1
0.471639,1.279481,1
3.371737,1.462419,1
0.861454,1.508284,1
-0.027827,0.770062,1
-0.383373,-0.168649,1
0.618751,1.354722,1
2.811941,0.366825,1
-0.394735,2.057687,1
0.997978,-2.436908,1
-0.627595,0.621886,1
2.389676,1.996194,1
1.311671,2.361270,1
0.267740,1.360660,1
2.259247,1.821559,1
1.278643,3.194288,1
0.877805,-0.226324,1
-0.471804,0.871539,1
2.676652,2.120027,1
2.204121,1.150023,1
0.314091,0.524166,1
0.815247,-0.620417,1
0.719941,0.526192,1
1.318207,1.687137,1
1.621074,-1.194345,1
0.308644,-0.518281,1
0.906394,1.273181,1
-0.023718,-0.183736,1
-0.947162,1.099806,1
0.020277,0.900575,1
0.139670,1.950362,1
2.209276,0.259739,1
2.129490,2.712468,1
0.200488,0.490920,1
1.649447,0.446098,1
-1.704699,2.700178,1
2.459995,-0.888782,1
3.317147,2.029662,1
0.378858,1.669306,1
1.084473,0.007237,1
1.032028,-0.186287,1
1.675594,-0.173548,1
0.711561,0.427499,1
1.156455,1.646727,1
1.257699,0.562090,1
-0.118921,0.343299,1
0.851140,-1.500014,1
3.833240,0.067177,1
1.473506,2.780564,1
0.157652,2.015863,1
0.326153,0.751886,1
0.496608,-0.385517,1
1.883629,1.287493,1
2.536700,1.714670,1
1.724093,1.254552,1
0.763021,3.597597,1
1.915778,0.652824,1
1.447117,-1.920731,1
0.913698,0.606964,1
-0.606901,0.634379,0
-2.368666,0.200091,0
1.914229,-0.164398,0
-1.913847,-0.861922,0
1.040618,-1.005383,0
0.789541,-0.898005,0
-1.574685,-0.570908,0
-2.405822,-0.535846,0
-0.721092,-0.340557,0
-2.321980,-0.439451,0
-0.657775,0.816228,0
-0.534579,-0.924490,0
-1.409968,-1.274824,0
-0.142938,-1.100579,0
-0.112253,-2.027685,0
0.039348,-2.146136,0
-1.673016,-1.778945,0
-0.203053,-0.718800,0
-2.187262,1.373594,0
-0.393355,0.165420,0
-1.216502,-1.715117,0
-0.308709,-1.779410,0
-0.920143,-1.501973,0
-0.888866,-1.467420,0
-2.682456,-2.673206,0
-1.234806,-2.543204,0
-2.702173,-0.405168,0
-2.713963,-1.767485,0
-1.551136,-3.327551,0
-0.363517,-1.273742,0
-1.800657,-1.735845,0
-2.153441,-0.420303,0
0.498704,-1.124508,0
-2.676776,-1.738879,0
-3.349495,-1.372928,0
-1.471619,-1.050468,0
-2.538710,0.806744,0
-1.858425,-0.255538,0
-1.251463,-0.985743,0
-0.753770,-3.123790,0
0.672104,-0.947024,0
-1.560088,-0.925379,0
-1.495525,-1.031938,0
-1.946359,-0.013537,0
-1.383729,-0.637471,0
-1.973990,0.363370,0
-1.592972,-2.524429,0
-1.269520,1.001959,0
1.412258,-3.251952,0
0.664156,-1.127940,0
0.026713,-1.924239,0
-0.428212,0.076321,0
-2.090637,-0.976217,0
-1.772207,0.643347,0
0.445274,-0.530130,0
-0.733858,-1.306804,0
-2.496813,-0.267678,0
0.790326,-3.440996,0
-0.448015,-0.402518,0
0.437762,0.414652,0
-1.675937,-1.815243,0
0.242752,-0.695768,0
-0.875743,-0.214656,0
0.439069,-1.309284,0
-1.419255,1.175434,0
-1.653656,-1.226353,0
-1.143389,-0.490112,0
-2.490812,-0.741090,0
0.616892,-1.885416,0
-2.514688,-2.359513,0
1.391670,-1.886185,0
0.505024,-1.286214,0
-0.468933,-1.523450,0
-0.402554,-2.361002,0
-0.900278,-0.615253,0
-1.131341,-2.886906,0
-1.607948,-3.280677,0
0.049402,1.005571,0
-2.925012,0.338444,0
-1.179005,-2.268087,0
-1.206770,0.300871,0
0.036657,-0.606168,0
-0.623578,-0.763861,0
0.637537,-0.058730,0
-3.215492,-2.437737,0
-1.452892,-1.298672,0
-0.517307,-1.694457,0
-0.870540,-1.293818,0
-0.280309,1.079299,0
-0.483779,-1.583671,0
-1.211079,-1.377826,0
-1.163024,-1.477602,0
1.744773,-2.489999,0
-0.467735,-0.821371,0
-2.790065,-1.340197,0
-1.198676,-1.982415,0
0.030334,-0.721907,0
-3.390991,-2.395281,0
-0.657199,-1.375267,0
-2.545541,-1.180175,0
-1.015527,-0.514090,0
-3.891174,-0.368716,0
-1.391580,-3.096223,0
-0.374353,-0.040008,0
-0.884872,-1.628349,0
-1.293054,-1.827349,0
-0.943283,-0.550647,0
0.790869,-0.037561,0
-0.658829,-1.420335,0
-0.668786,-1.453792,0
-0.696636,-1.223701,0
-1.471155,-0.294710,0
-3.309223,-0.907214,0
-0.190366,-1.462291,0
-0.508455,0.388852,0
-1.634520,-1.506642,0
-0.663108,1.020107,0
-0.336572,-0.050422,0
-2.057735,0.146850,0
-0.822281,0.714884,0
1.160079,-3.202630,0
-2.352847,-1.733666,0
-0.775656,-1.417934,0
-0.364757,-0.414665,0
-0.808791,1.505105,0
0.701783,-0.502601,0
-1.979833,-1.179368,0
-1.750187,-2.456029,0
-0.754539,-0.045113,0
-0.442368,-1.123959,0
0.302912,-1.482308,0
0.009048,-0.278025,0
0.169408,0.849991,0
-1.744478,-1.865076,0
-1.762071,0.015738,0
0.311505,-1.618104,0
-0.825153,0.081679,0
-0.719117,1.039821,0
1.155533,-1.942002,0
-1.597473,-1.432539,0
1.638173,0.482983,0
1.073844,0.805483,0
-0.688369,0.436396,0
-1.940999,-1.895676,0
-0.244256,-1.139879,0
-2.747318,-0.860489,0
-0.389979,-1.154481,0
-0.097781,-1.337098,0
-0.213929,-0.569914,0
-1.730141,-0.867390,0
-0.325980,-2.665644,0
0.054500,0.921424,0
-0.853036,-0.570202,0
-1.306243,-1.745622,0
-1.315926,0.709345,0
-0.651098,-1.823972,0
-0.659803,-0.106925,0
-1.748767,-0.877681,0
-1.037453,1.879101,0
-1.675255,-0.933303,0
-1.644938,0.190197,0
1.932284,-1.578582,0
-1.363396,-1.767921,0
-0.789497,0.385618,0
-0.053888,-0.601399,0
-2.665593,-0.097804,0
0.113208,-2.512411,0
0.420768,0.645553,0
-0.217190,0.160839,0
-1.737163,-0.951905,0
-2.389347,-1.366558,0
-1.298721,-0.556035,0
-2.273892,-0.678912,0
-1.315722,-1.225879,0
-1.446655,-1.483157,0
-2.285182,-0.794412,0
-0.705262,1.041342,0
-2.184184,-1.259058,0
-0.298289,-2.009885,0
-1.532631,-2.430813,0
-0.419549,-0.083352,0
-1.553501,-0.810405,0
-0.989705,0.804774,0
-1.677759,0.924814,0
-0.355386,-2.458358,0
-2.313405,-0.955048,0
-2.470271,0.216600,0
-3.467246,-3.003686,0
-3.102775,-0.989071,0
-0.355491,-1.040745,0
-1.835498,-1.425419,0
-1.008013,-1.582915,0
-2.037488,0.493536,0
-1.369462,-1.696266,0
0.646913,-0.959330,0
0.327449,-1.602391,0
-0.155687,0.705315,0
-0.930806,0.044014,0
-1.723997,-0.457917,0
-1.549004,-0.844855,0
-0.585447,0.027440,0
-2.355092,-0.798256,0
0.498049,-3.567706,0
-0.367037,-2.886371,0
-1.156801,-0.297232,0
-2.369080,-0.718616,0
-0.328639,-0.912426,0
0.239889,0.358839,0
0.711480,-0.484572,0
-1.937246,-0.946415,0
0.338018,-1.805740,0
-0.689081,-1.158286,0
-0.130210,-0.156084,0
-2.264622,-1.362818,0
-0.477141,-2.215614,0
-0.682910,-0.664328,0
-0.151866,-1.421289,0
-0.711083,-0.717139,0
-0.166759,0.115818,0
-1.206712,-2.842435,0
-1.184584,-1.469257,0
-1.033221,-2.466333,0
-0.926767,-1.594205,0
-2.826184,-2.839480,0
-1.556169,-1.954064,0
0.082263,-2.267324,0
-2.649794,-0.631386,0
-0.996115,-3.057067,0
-0.660378,0.923876,0
-1.397957,0.096415,0
-1.579698,-1.262768,0
-2.571692,-2.827723,0
-1.857357,-1.827025,0
-1.995046,-0.805623,0
0.186878,-1.349690,0
1.203488,-0.988892,0
-2.735886,0.028290,0
-3.101451,-0.605241,0
-1.484586,-1.393370,0
-0.493869,0.429992,0
-1.631439,-1.089620,0
0.224145,-1.416409,0
-1.252778,-2.585419,0
-1.627628,-0.827593,0
-0.115544,-3.106259,0
-0.240462,-0.215018,0
0.603919,-3.424016,0
-0.566341,-1.180525,0
-2.148271,-0.492219,0
-1.549396,-0.992708,0
-2.595856,-2.339590,0
-1.108223,-1.517477,0
-1.161978,-1.823848,0
0.524935,0.040732,0
0.371488,-1.124218,0
-0.980009,-0.738179,0
-1.217405,0.730771,0
-0.752687,-2.253591,0
-1.409535,-0.349936,0
-0.239201,-2.925220,0
-0.865212,-1.767576,0
0.209561,-0.102221,0
0.940510,-1.042011,0
-2.685255,-1.135504,0
-2.728015,-2.441483,0
-1.697068,-1.160858,0
-2.577780,-3.008614,0
-2.146543,-0.487363,0
0.024743,-2.136164,0
-1.038002,-2.973696,0
-1.986716,-0.652740,0
-2.435106,-0.892006,0
-0.466252,-1.938387,0
-0.290147,-2.371834,0
-1.091022,-0.175933,0
0.237548,-3.005603,0
-1.914806,-0.708725,0
0.043277,-1.030736,0
-1.881568,-0.407951,0
-2.724797,-1.147408,0
-2.651235,-0.706906,0
0.040922,-4.077141,0
-2.440681,-1.015695,0
0.667109,-2.339152,0
-1.581689,-0.366273,0
-0.860422,-2.685851,0
-0.003221,0.861131,0
-2.010156,-1.557982,0
-1.836787,-2.211527,0
-2.643103,-0.441177,0
-1.079256,-0.774359,0
-1.080597,-0.462767,0
-0.551523,-2.205089,0
0.828281,-1.773212,0
-1.533504,-1.154877,0
-0.873368,2.056518,0
-1.889827,0.002376,0
-0.422212,-1.765963,0
0.353280,0.081537,0
-2.564945,-0.651213,0
-0.457517,0.623797,0
-1.412564,-1.031335,0
0.981260,-2.570077,0
-0.660333,-2.590501,0
-1.792631,-1.189194,0
-2.472594,0.885912,0
-0.794512,0.655562,0
-1.539914,-0.570681,0
0.201077,0.086485,0
-1.523329,-1.326200,0
-2.136904,-3.081535,0
0.019991,-2.677965,0
0.145676,-1.292497,0
-1.071247,1.112386,0
0.316241,-2.094791,0
-0.746369,-1.570555,0
-1.864865,-2.262988,0
-2.989688,-1.718834,0
1.159192,-2.219236,0
-0.837623,1.404811,0
0.881760,0.039244,0
-1.062823,-3.224723,0
-1.362263,0.222202,0
-1.695267,-0.159669,0
-1.205560,-1.031154,0
-1.406502,1.272080,0
-0.699358,-1.206088,0
-0.186319,-3.451749,0
0.287073,-1.603008,0
-0.119920,-1.157453,0
-1.790515,-1.485680,0
-2.564783,-1.823283,0
-1.076393,-1.578749,0
-0.493842,-0.851275,0
-1.182782,-1.131489,0
0.354449,-1.801886,0
-0.844710,-1.460840,0
-2.582149,-1.626546,0
-0.119258,-0.452559,0
0.162334,0.698488,0
-0.947694,-1.581493,0
-3.022311,-1.460670,0
-2.028063,-2.640592,0
1.308747,-1.225782,0
-1.275175,-1.998923,0
-0.305305,-1.535102,0
-1.620209,-0.592874,0
-2.351703,-0.844379,0
-2.358454,-2.076665,0
-2.794366,-1.412181,0
0.467440,-1.245272,0
-2.769913,1.242916,0
-2.356707,-3.191182,0
-2.022069,-0.176729,0
-0.240966,0.257158,0
0.519427,-2.785921,0
-1.023131,-0.553565,0
0.444466,-1.349459,0
-0.363588,-0.993659,0
-0.036837,-1.724812,0
-2.775068,-1.221045,0
-3.145872,-1.734551,0
-1.360091,-3.276331,0
-0.879193,-2.949002,0
-1.634467,-1.761255,0
-1.689294,-1.896457,0
-0.992116,0.291571,0
-0.330328,-1.368847,0
0.084998,-2.971172,0
-1.354707,0.243591,0
-0.335927,-1.194365,0
-0.626688,0.388576,0
-1.410482,0.973635,0
-1.963100,-0.735700,0
0.701313,0.014075,0
-3.423897,-0.968422,0
-0.898428,-0.538612,0
-0.866668,-2.613269,0
0.202165,-3.046321,0
-2.554414,-2.816588,0
-1.879363,-2.151752,0
-0.210120,-1.068408,0
-2.138967,-0.995286,0
-1.748428,-1.332227,0
-0.078581,-0.252179,0
-0.062593,-2.698021,0
-0.512111,-1.559685,0
-2.982263,-0.366181,0
1.349806,0.479916,0
-1.890792,-0.495169,0
0.403776,-1.342992,0
-0.627044,0.464464,0
1.368455,-1.131765,0
-0.374776,-0.648921,0
-0.928058,1.496534,0
-0.805444,0.576107,0
-0.617261,-0.561758,0
-2.799604,0.306054,0
-2.611170,-2.237573,0
-0.351107,-0.415714,0
-0.104982,-0.875406,0
-0.034564,-0.704563,0
0.317153,-0.578821,0
-2.429194,-1.040129,0
-2.824677,-1.305371,0
0.523133,0.314608,0
-0.442317,-1.445654,0
-0.237737,-0.696465,0
-1.368304,-1.116123,0
-1.786802,-2.080634,0
-1.639154,0.659329,0
0.943032,-0.407239,0
0.486611,-0.945514,0
-1.465954,-0.166642,0
1.328371,-1.638985,0
-1.066564,-1.580233,0
-1.154071,-0.415249,0
-1.065746,-0.714351,0
-0.971911,-0.146282,0
-1.941238,-2.417995,0
0.421585,-0.758741,0
-0.736858,-3.635120,0
-1.580757,-0.918331,0
0.998073,-0.330129,0
-0.453035,-0.284197,0
-0.330934,0.496739,0
-3.033185,-1.382151,0
1.441597,0.281065,0
1.003972,-1.521193,0
-1.679863,-1.131130,0
-1.169130,-1.339026,0
-1.964077,-1.957756,0
0.627244,-1.967009,0
-1.122864,-1.872058,0
-0.051445,-0.344781,0
-0.270989,-1.564838,0
-3.231489,-0.058445,0
-1.131865,0.218731,0
-0.401335,-0.128356,0
-1.673560,-0.351486,0
-1.698568,-2.461112,0
-2.563449,-1.203405,0
0.679766,-1.702310,0
-1.695595,-3.116484,0
-2.738844,-1.659275,0
-1.024084,-1.654852,0
-0.085717,-2.721706,0
-0.399157,-0.242194,0
-0.878179,-2.146410,0
-1.193516,-1.401795,0
-0.796842,-0.441443,0
0.005100,-0.407131,0
-1.620024,-3.043449,0
-1.707558,-2.129085,0
-0.595946,-1.871562,0
0.374345,-1.216174,0
-1.557089,-3.773505,0
-0.032919,-1.245470,0
0.385370,-1.023882,0
-0.625800,-1.061022,0
-0.941041,-1.640449,0
-1.310254,0.056863,0
-0.333400,-0.001851,0
-2.514391,0.074866,0
-0.089996,-1.017597,0
-2.276432,0.142180,0
-2.113869,-0.175065,0
-0.279607,0.403232,0
-0.177460,-1.138243,0
-0.351792,0.158994,0
-1.383957,1.708812,0
0.304751,-1.644806,0
-2.068846,0.032082,0
-1.737523,-0.477293,0
0.091440,-0.674708,0
-1.191953,-1.808034,0
-0.313890,-0.547549,0
-0.184266,-1.863785,0
-1.860233,-0.282676,0
-1.828739,-0.790862,0
-0.456810,-0.612565,0
-0.225851,-0.709707,0
0.241228,-0.119491,0
-1.933637,-0.868984,0
-0.568946,-0.765825,0
-2.077246,-0.956499,0
0.043824,-2.499486,0
-0.205616,1.174904,0
0.721494,-1.537892,0
-1.217949,0.319580,0
0.253621,0.597803,0
-1.850540,-0.298973,0
-2.253563,-2.699744,0
-2.057794,-0.773540,0
0.166678,-0.551519,0
-0.231964,-1.495462,0
-1.228951,-1.218606,0
0.054711,-0.606262,0
-0.124685,-0.098214,0
-1.759483,-0.362219,0
-0.311374,-0.418668,0
-2.088897,0.304843,0
-2.273843,-2.159436,0
1.135003,-2.502580,0
-0.390682,0.435028,0
-1.305040,-1.433456,0
-2.226327,-0.402352,0
-1.000508,-1.087517,0
-0.003364,-2.630057,0
-0.603328,-2.756126,0
0.343559,0.301810,0
-0.337406,-0.601251,0
-1.722202,-2.147290,0
-1.434551,-0.909147,0
0.536846,-2.006410,0
-1.184816,-1.345459,0
-1.730176,0.316185,0
0.516360,-0.045378,0
-1.410269,0.515739,0
-2.837834,-0.326921,0
-0.977966,-0.711024,0
-1.945654,-0.186155,0
1.239906,-1.282948,0
-1.728617,0.194640,0
-0.043262,-0.141964,0
-1.769418,-1.517951,0
-2.107763,-1.200186,0
-0.250590,0.049824,0
-0.591319,-1.009572,0
1.076544,-0.496535,0
-0.390224,-1.665641,0
0.420988,-0.957167,0
-1.034115,0.179784,0
-0.733351,-0.758798,0
0.698060,-0.431735,0
-1.851360,-2.329832,0
1.551571,0.935375,0
-1.456045,-0.868076,0
-0.981977,-0.683763,0
-1.760586,0.611176,0
-0.662507,0.783531,0
-2.159237,-1.295726,0
-0.138270,-0.053125,0
-2.032966,-1.446690,0
-1.578834,-0.366240,0
-2.349645,-0.525267,0
-0.259521,-0.100663,0
-1.771374,-3.319760,0
-1.369363,-1.230108,0
-2.611448,-0.489883,0
-1.578884,-1.289072,0
-2.207518,-1.064821,0
-1.989717,0.112098,0
-2.283184,-2.478258,0
-0.906016,-0.083020,0
-1.207120,-0.580428,0
-1.854862,-2.759223,0
-1.416444,0.222851,0
0.008575,-0.297140,0
-1.703981,-2.152699,0
-0.332427,-0.104096,0
-0.461954,-0.420168,0
-0.281428,0.069384,0
-1.381496,-0.865225,0
-0.131688,-2.421722,0
0.008672,-2.027253,0
-1.207152,-0.146946,0
-1.574475,-1.771211,0
0.914070,-2.489515,0
-0.329973,-0.794850,0
-0.807710,0.191539,0
0.299532,-2.420553,0
-1.179091,-2.729208,0
-0.607311,-1.111184,0
1.574013,-1.302379,0
-1.906234,-2.665512,0
0.460655,-1.923519,0
-1.040206,-0.338891,0
-0.479161,-1.879619,0
-1.275489,-2.161609,0
-1.689002,-2.434450,0
0.605482,-0.465932,0
-1.560260,-1.907611,0
-1.049868,-1.768734,0
0.915351,-1.041628,0
0.094112,1.877044,0
-1.075012,-0.111846,0
-1.769181,0.865736,0
-1.610209,-1.305073,0
-1.138697,-2.884744,0
-1.212462,-1.973803,0
-0.059122,0.371066,0
-0.959343,-1.316120,0
-4.114496,-0.746014,0
-0.747729,-2.447498,0
-0.464260,-0.978991,0
-2.009771,0.034290,0
0.178373,-0.402011,0
1.027031,0.233107,0
-1.538157,-0.993678,0
-1.222284,-1.750976,0
-0.434344,-2.021568,0
-1.632616,-0.742291,0
-1.891590,-2.149791,0
-2.022842,-1.571876,0
-2.763332,-0.795542,0
-0.527813,-0.643469,0
-1.136097,-0.332422,0
-1.058685,-0.042493,0
0.205518,-2.076426,0
2.002810,-1.839221,0
-0.814924,-1.647366,0
-0.459404,0.148280,0
-0.553889,0.677260,0
-1.527695,-1.652875,0
0.146820,-0.350651,0
-0.219757,-0.952850,0
-0.772341,-1.097530,0
0.028656,1.076338,0
-1.736490,1.542192,0
-0.528110,-3.829128,0
0.108109,-2.081811,0
-0.964395,-1.313003,0
-0.249964,-1.129859,0
-2.037161,-0.349724,0
-0.965219,-1.087346,0
0.170490,-1.624996,0
-2.423369,0.583922,0
-2.963652,0.055480,0
-0.799613,-0.962558,0
-0.741430,-0.361552,0
0.021083,-2.603880,0
-1.603956,-1.814384,0
-0.682713,-2.260376,0
-1.983965,-1.453366,0
-1.831385,-1.553624,0
-0.781984,-2.173429,0
-2.398336,-2.718892,0
0.459572,-2.407583,0
0.447097,-1.956857,0
-0.041866,-1.201609,0
-0.261744,-3.471217,0
-0.960415,-0.570450,0
-1.892876,-1.574869,0
-3.130961,-2.673901,0
-0.371014,0.079393,0
-2.370267,1.842393,0
-0.314033,-1.344760,0
-2.880812,-0.792145,0
0.391311,-2.357403,0
-1.572567,-1.816505,0
-0.366558,-2.657073,0
-0.947739,1.160691,0
-1.585078,-0.706791,0
-0.722587,-1.972470,0
-1.713458,-0.763132,0
-0.235827,-1.306783,0
-1.130474,-0.106013,0
-1.315670,-0.792503,0
-0.405315,-1.690344,0
0.523565,0.602148,0
-0.076331,-1.480166,0
-1.791473,-1.504468,0
-2.511272,-2.466416,0
-0.087405,-2.035749,0
-0.908144,-0.572406,0
-1.032123,-1.784450,0
-0.043956,-1.194350,0
0.367157,-1.201120,0
0.129551,-1.280852,0
-2.047095,-0.336462,0
-2.471108,-1.113053,0
-0.164457,-1.341027,0
-1.638794,0.294385,0
-0.313839,-0.606407,0
-2.300805,-1.052813,0
-0.377429,-1.620803,0
-2.281326,-1.134413,0
-0.348467,-0.620347,0
-2.601308,1.136210,0
0.482000,-2.663016,0
-1.695923,-3.139880,0
-0.502411,0.713764,0
-1.046836,-2.002793,0
0.081315,-2.107178,0
-1.547011,-2.214309,0
-2.526790,-0.931489,0
-1.125549,-1.482544,0
0.431408,-1.370148,0
-1.575864,-1.619407,0
1.010729,-1.660291,0
-2.765914,0.026610,0
-0.120267,0.704138,0
0.820349,-1.878240,0
-0.503359,-1.207412,0
-0.041696,-1.493533,0
-1.845595,-0.792168,0
-1.954464,0.519860,0
-1.593555,-0.654539,0
0.452784,0.029408,0
-1.360008,-1.115890,0
-0.781088,0.574805,0
-1.140747,-0.590889,0
-1.098143,-1.298011,0
-1.348300,-1.692638,0
-0.429581,-1.192535,0
-1.774969,-0.069068,0
-0.548495,-1.765397,0
-2.254625,-0.757787,0
-2.584991,-1.485204,0
-0.723928,-2.130013,0
-0.282996,0.903120,0
-0.998640,-0.640496,0
-1.252218,-0.381589,0
-0.520200,-1.979146,0
0.262838,-0.812057,0
0.938168,0.606371,0
-0.443193,-1.291993,0
-0.937766,-0.193895,0
-0.360926,-0.276394,0
-0.569473,-0.461283,0
-0.945909,-2.177988,0
-0.694448,-0.821253,0
-1.630412,-1.557301,0
-0.927347,0.906931,0
0.331627,-2.098604,0
0.575514,0.479967,0
-2.143947,0.182465,0
0.467809,-0.750815,0
-2.289022,-1.851992,0
-1.561770,0.202949,0
-0.863310,-1.249827,0
-2.869703,-0.406093,0
-1.709721,-2.061777,0
-1.617992,-0.640459,0
-1.821398,-0.797375,0
-0.143271,-3.106840,0
-2.536629,0.308780,0
-1.610316,-0.190561,0
-1.303786,0.893268,0
0.075437,-0.720668,0
-1.570959,-4.908915,0
-1.198433,-1.668574,0
0.057050,-0.711789,0
-2.382338,0.690886,0
-1.439426,-1.259616,0
-1.432204,-1.930710,0
-1.873733,1.484409,0
0.306842,-0.430975,0
-1.268709,-1.249482,0
-1.231312,-1.531141,0
-1.660850,0.105419,0
-1.193796,-2.000531,0
-0.959164,-1.380047,0
-2.701712,-1.106285,0
-1.251409,-1.513349,0
-0.700863,-1.711763,0
-1.814660,-1.585225,0
-0.197892,-1.551122,0
1.080712,-0.545678,0
-2.291680,0.398885,0
-0.550933,-0.342645,0
-2.401552,-1.965880,0
0.410783,-0.169055,0
-2.859119,-0.551176,0
-2.520598,-1.189364,0
0.997284,-1.204970,0
-1.103697,-2.464608,0
-2.416916,0.264949,0
-1.247555,-1.384092,0
-1.203878,-2.061729,0
-3.030666,-0.939890,0
-1.176439,-1.575442,0
0.283853,-1.749220,0
-1.099626,0.085197,0
-0.269524,-1.058023,0
-0.973057,-1.650286,0
-0.761803,-1.082240,0
-1.298455,0.217224,0
0.931525,-0.320474,0
-3.267863,-1.768942,0
-3.238663,-0.699541,0
0.929721,-0.431166,0
-0.955830,-0.433445,0
0.327706,0.198274,0
-2.671164,-1.087502,0
-0.376523,-0.393495,0
-2.296855,-1.475167,0
-0.129291,-2.115553,0
-2.498954,-2.300252,0
-0.700652,-0.543614,0
1.596177,-1.140984,0
-1.787746,-2.156420,0
-1.095579,-1.007257,0
-1.595839,-3.034974,0
-0.789688,-0.536855,0
-1.008202,-0.881078,0
-2.463469,-1.705458,0
-2.936975,-1.950540,0
-1.664674,-2.122934,0
-1.533934,-1.118751,0
0.391476,-1.152099,0
0.079200,-1.860355,0
-1.096986,-1.074944,0
-0.775542,-0.245680,0
0.282349,0.409529,0
-0.574130,-0.452614,0
-0.547690,2.367636,0
0.226158,-1.129247,0
-1.422697,0.239528,0
-1.032356,-1.153840,0
-0.984226,0.100115,0
-2.961855,-0.302929,0
-2.491187,0.647654,0
-1.256718,-0.484203,0
-1.895488,-0.659118,0
-0.752065,0.918890,0
-0.410704,-2.486069,0
-0.215928,-0.153675,0
-1.640068,1.160576,0
0.889195,-1.982922,0
-0.255523,-0.068312,0
-2.126808,-0.468833,0
-2.228132,-1.600739,0
-1.600105,-2.010824,0
-0.217861,-0.812296,0
-0.956090,-0.814157,0
0.021146,-0.960296,0
-1.795559,-1.458211,0
-3.539671,-0.268814,0
-3.043813,-3.435927,0
-1.492638,-1.838384,0
-0.476619,-1.702697,0
-2.442630,-1.609597,0
-1.288407,-1.956274,0
0.121154,-2.173584,0
-0.632868,-0.681311,0
0.269204,-1.256004,0
-1.261700,-0.689863,0
-0.998233,0.697186,0
-2.072838,0.983337,0
-1.307412,-1.152977,0
0.235195,-1.328468,0
1.697656,-2.129436,0
-1.185732,-1.989217,0
-1.869550,0.093044,0
-0.366513,-1.523479,0
-2.648628,-1.024194,0
0.615758,-2.662143,0
-2.375628,-1.016378,0
-1.553279,-2.044278,0
-0.063735,-1.772791,0
-1.038363,-1.271957,0
-0.960889,-1.885099,0
-2.290845,-1.216618,0
-1.331868,1.233622,0
-2.570975,-0.671215,0
-1.019578,-0.159754,0
-1.847744,0.041854,0
1.170518,-3.075385,0
-1.192299,-0.624478,0
-1.961030,-2.025896,0
-2.460125,-2.881572,0
-0.224390,0.469277,0
-1.098988,-0.250438,0
-1.051663,-0.451474,0
-1.228363,0.694098,0
-0.810635,-1.089458,0
-0.942363,-2.079028,0
-1.393767,-1.038873,0
-2.130934,-0.659426,0
-3.180031,-3.771145,0
-0.053342,-2.191362,0
1.051774,-1.837568,0
-0.543607,-0.588225,0
-2.857684,-1.035899,0
-1.425093,-1.258819,0
0.130498,-1.515549,0
-1.678399,-0.924052,0
-1.936244,0.784277,0
-0.034563,-3.342608,0
2.178752,-0.785394,0
-1.318844,-0.217528,0
-0.478616,-1.116769,0
-0.241752,-2.606202,0
0.413033,-0.048350,0
-1.744388,-0.688491,0
0.813092,0.050372,0
-0.150413,-1.384432,0
-2.332555,-1.985537,0
0.000279,0.121651,0
-0.094956,-0.027055,0
-2.449263,-0.097888,0
0.405863,0.279397,0
-1.439231,-1.863260,0
-0.668213,-2.377185,0
0.605031,-1.062227,0
-1.655182,-0.252375,0
-2.517533,-1.190810,0
-1.135192,-2.924554,0
-1.014261,-1.605650,0
-2.808386,-2.007937,0
-0.114778,0.113871,0
-1.173045,-0.577953,0
-1.308821,-1.497956,0
-0.630273,0.363082,0
-0.863306,-0.278147,0
-1.229366,-0.645294,0
-3.462417,0.000326,0
-1.893864,-0.523635,0
-0.100556,-2.145885,0
-0.898200,-0.545547,0
0.376951,-0.841351,0
-1.868838,-0.592661,0
-0.771876,0.240925,0
-1.228048,-2.200632,0
0.299730,-3.793065,0
-0.258851,-1.398653,0
-0.439247,-0.793735,0
-2.387965,-3.165280,0
-0.858461,-3.564400,0
-0.355100,-0.272956,0
-1.333679,-1.666747,0
-0.824310,-1.517735,0
-1.919274,-0.173765,0
-1.521275,-0.039883,0
-1.932968,-1.756615,0
1.805713,-0.843340,0
-1.410655,-0.164202,0
-1.916301,-0.070960,0
-3.482848,0.969305,0
0.329985,-1.341787,0
-0.765084,-1.995868,0
-1.481203,-0.414850,0
-0.794807,-2.305081,0
-0.566013,-0.454400,0
-0.545831,0.936448,0
-2.035887,-0.893518,0
-0.975637,0.170639,0
0.071698,-1.795592,0
-2.077193,0.118975,0
-1.303961,-1.476382,0
-1.602211,-0.699014,0
0.309710,-1.941101,0
-1.341595,-2.640427,0
-1.415928,-1.818050,0
-2.644587,-0.197095,0
0.216598,0.045860,0
-2.334531,-0.056974,0
-0.031901,-1.696310,0
-0.010281,-1.325527,0
-2.046794,-2.285617,0
-1.739791,-0.468194,0
-1.667337,0.071236,0
-0.513799,-1.604635,0
-2.927578,-0.328805,0
-0.593033,-1.735710,0
-0.496241,-1.333167,0
2.095179,-2.233702,0
0.446840,-2.868515,0
-2.387646,-0.303161,0
-1.092880,-2.457193,0
0.287971,-0.827885,0
-1.634743,0.313646,0
-0.293321,-0.285607,0
-0.792244,-1.572987,0
-0.814810,-1.102132,0
-4.013465,0.452058,0
-1.297970,-1.268565,0
0.029030,-1.170468,0
-1.145344,-1.118389,0
-1.410228,-2.144239,0
0.926711,-0.414532,0
-1.188131,-0.908160,0
0.622086,-2.345907,0
-2.727296,-0.909011,0
-1.837323,-0.180813,0
0.394982,-2.515706,0
-1.630469,-2.034404,0
-1.611509,-0.417294,0
-0.491484,-1.476451,0
-1.345772,-0.919861,0
0.348706,-2.262225,0
-1.996017,-2.353766,0
-1.217504,0.963252,0
-0.532693,-1.930327,0
-2.227189,-2.873195,0
0.493856,-1.028320,0
-2.391745,-1.655775,0
0.248063,-1.575394,0
-1.237191,-0.410130,0
-2.618724,-0.562269,0
-1.595890,-1.765187,0
-0.556014,-1.440227,0
-0.650520,-0.516295,0
-0.348076,-2.381399,0
0.225453,0.102353,0
-1.882931,-2.160479,0
-0.660799,-1.757152,0
-1.895364,-0.306396,0
