-0.087722,-0.406941,1
2.546872,1.964602,1
1.958166,1.766341,1
0.418908,-0.816414,1
3.756833,0.844121,1
0.430244,1.669118,1
0.879611,0.322820,1
0.726706,-1.044945,1
1.544629,0.117934,1
-0.154900,0.950084,1
2.171029,0.224234,1
1.222239,-0.010030,1
-0.018253,1.507326,1
-0.300807,2.816518,1
3.011529,-0.609140,1
1.049612,0.454184,1
0.262842,3.496261,1
2.045869,-0.003422,1
0.661527,-0.214955,1
0.153209,-0.052748,1
0.688572,1.102481,1
-0.045429,3.276749,1
0.009636,2.207228,1
0.331171,0.487959,1
0.994903,1.556290,1
1.665988,-0.308989,1
1.029278,-1.362153,1
0.546097,0.733937,1
1.381204,2.368364,1
0.332914,-0.334861,1
1.522420,-0.012636,1
0.203276,1.179661,1
0.957578,2.104156,1
0.634596,0.130460,1
1.422792,-0.140066,1
1.814118,1.673456,1
1.386994,-0.975607,1
0.744810,2.103475,1
0.129345,0.627907,1
2.796311,0.891716,1
1.443404,0.702049,1
2.219714,2.171237,1
2.057182,0.233417,1
0.571333,0.904842,1
-1.001618,3.574333,1
0.950404,1.504391,1
-0.762959,0.412739,1
1.310457,2.049945,1
1.002078,0.575015,1
1.032869,2.319263,1
-0.531469,2.332452,1
1.432502,0.625858,1
-0.360979,2.009525,1
1.617068,1.721935,1
1.741126,0.027580,1
1.436459,0.802500,1
-0.556139,-0.626757,1
0.695615,0.845903,1
1.516236,1.099721,1
0.890312,2.132877,1
0.534811,1.544012,1
1.097131,1.814721,1
2.853413,1.499955,1
-0.316085,1.501706,1
-0.439170,1.348991,1
-1.068104,2.747932,1
0.772589,-0.768443,1
1.896035,0.032147,1
0.911580,-0.273014,1
1.563774,2.005117,1
0.298279,0.882490,1
0.910798,1.458720,1
0.592711,1.804791,1
0.749623,-0.791719,1
2.473151,1.086530,1
3.371002,4.075310,1
0.105837,0.830335,1
1.611871,2.925871,1
0.040782,0.867266,1
0.950925,1.392341,1
1.973018,1.809288,1
0.808118,1.486598,1
-0.087044,0.190854,1
2.772057,1.027498,1
0.408710,0.963385,1
1.085964,1.171021,1
2.262272,1.467425,1
1.841604,-1.263307,1
1.265974,0.777325,1
0.238722,-0.535456,1
-1.114628,1.675750,1
2.220431,0.311469,1
2.508560,0.078914,1
0.793567,2.179564,1
2.282040,1.548949,1
-2.296986,1.347406,1
2.735504,-0.865871,1
2.684745,2.326157,1
0.255675,2.052778,1
1.078213,0.625276,1
1.927009,-1.492718,1
-0.563964,1.725924,1
0.608310,2.712799,1
1.352681,1.574503,1
-0.746327,-0.170650,1
1.406018,1.830490,1
1.022256,3.902198,1
-0.751594,1.568179,1
0.481150,-1.456648,1
2.820668,1.094785,1
1.322500,1.764622,1
-0.009781,0.028014,1
1.996989,1.055044,1
-0.252756,1.110247,1
-0.128380,-0.998073,1
1.508437,0.114841,1
2.131906,-1.240179,1
3.162996,-0.174959,1
1.143430,1.930002,1
0.862841,-0.525336,1
0.698777,0.758153,1
1.429031,2.496349,1
0.896834,0.884664,1
3.171958,0.253306,1
-0.303385,-0.111551,1
0.432507,0.333146,1
1.161073,3.548253,1
1.674410,1.339791,1
1.951158,-0.436282,1
1.316716,1.022344,1
1.718958,1.441044,1
-0.957956,2.889928,1
0.440249,0.291374,1
1.456658,1.434807,1
2.257267,1.207149,1
2.640025,1.351301,1
0.134911,-0.682463,1
-0.778494,1.814938,1
-1.063692,0.812459,1
0.003681,-0.050714,1
0.923789,1.653711,1
-0.023739,-0.166981,1
-0.914105,1.218586,1
0.019133,2.119240,1
0.018215,0.863216,1
0.649306,1.741313,1
0.499870,0.101302,1
-0.105069,0.865536,1
2.089982,0.492871,1
2.107665,1.237435,1
1.672126,1.765348,1
-0.110013,2.775083,1
2.616236,2.596605,1
-0.003659,1.924281,1
2.116572,1.337498,1
0.449787,-0.034059,1
2.116468,-0.132414,1
-0.799601,0.997648,1
1.102375,1.705328,1
0.269966,-0.432892,1
0.308303,1.476613,1
-0.076927,0.679289,1
1.155608,1.543452,1
2.968190,0.314504,1
1.152689,1.885056,1
1.999111,-1.004707,1
2.101451,1.532521,1
0.964668,1.218313,1
0.377049,-0.829388,1
-0.951154,0.825220,1
0.978671,1.302349,1
0.644422,0.707820,1
-0.474954,0.918492,1
1.916007,2.482595,1
3.130877,0.008412,1
1.021553,0.244523,1
1.936362,2.579998,1
0.471219,3.050110,1
0.965889,0.416174,1
1.700908,1.924131,1
2.183673,0.139304,1
1.914975,0.085231,1
-0.263413,0.404310,1
0.850720,-0.679976,1
2.538293,0.407208,1
1.001067,1.793094,1
2.589569,1.498769,1
1.039916,-0.128231,1
0.997762,2.089485,1
1.982330,-0.398719,1
0.170250,2.489379,1
1.118206,0.933245,1
1.911523,1.083615,1
3.579348,1.477980,1
2.868260,0.092721,1
1.112319,0.288077,1
1.432856,0.684437,1
3.039519,-0.484996,1
1.497769,0.540199,1
0.737345,-0.818227,1
1.743086,0.974349,1
0.433192,1.040622,1
-0.538582,0.996865,1
-0.537126,1.566173,1
0.390333,1.666327,1
0.312669,-1.445173,1
2.330382,1.849689,1
2.191595,-0.750900,1
1.764333,0.200224,1
1.034784,2.038566,1
0.088585,2.861833,1
2.086296,0.124719,1
-0.480530,3.508830,1
1.092806,1.208434,1
1.766967,0.696839,1
-0.401209,2.603964,1
1.484674,-0.247084,1
-1.074362,2.990396,1
0.261332,0.786010,1
1.583360,0.386241,1
2.942465,-0.195928,1
0.899895,1.117797,1
-0.573510,-0.097553,1
0.761246,1.165198,1
-0.652863,1.009090,1
-0.005412,1.669140,1
1.126506,1.644997,1
0.938647,0.388379,1
0.168483,1.572941,1
0.655097,2.726041,1
0.706960,-0.138547,1
2.591352,1.303227,1
1.430254,-0.168480,1
0.697774,-0.443294,1
-0.712912,-0.066592,1
-0.138128,0.807688,1
0.470001,-1.275048,1
0.652492,0.444176,1
0.006088,1.011540,1
-0.213920,1.004501,1
1.984068,1.940639,1
0.532534,1.646518,1
0.502793,0.493304,1
1.641234,0.681876,1
-1.314918,1.211908,1
0.974088,-0.312881,1
-0.451738,3.652943,1
2.897770,1.324793,1
0.709486,-0.886607,1
3.435416,1.399758,1
1.876217,0.176985,1
1.595198,2.057151,1
1.956218,2.515987,1
-0.042918,0.151850,1
-0.686951,2.611414,1
3.478493,0.972281,1
1.543513,0.381723,1
1.756792,2.054017,1
-0.039340,1.056607,1
0.501888,0.056409,1
-0.518708,1.005548,1
-0.974006,0.351044,1
2.998470,1.095854,1
1.436322,1.152793,1
1.149921,2.792603,1
2.024258,-0.526022,1
2.177155,0.055118,1
0.433906,0.640184,1
0.250604,0.203482,1
0.264049,0.770939,1
3.968951,0.824500,1
0.657052,2.043531,1
1.925646,2.019845,1
1.270753,3.192554,1
1.628306,1.351211,1
1.270308,-0.945374,1
-1.072050,0.727866,1
1.396736,1.279014,1
3.694231,0.985355,1
1.527242,1.949848,1
-0.267800,1.954566,1
1.290974,1.366012,1
0.986859,1.239408,1
1.770263,2.027870,1
1.118753,1.812130,1
1.890915,0.208541,1
-0.553922,0.253332,1
1.163996,2.187583,1
1.580044,0.566259,1
2.648514,1.434012,1
1.315981,1.348810,1
-0.172369,1.738009,1
-0.285100,1.192301,1
2.795911,0.799752,1
2.205080,-0.896524,1
2.433036,0.333263,1
2.400204,-2.046048,1
0.372549,1.679393,1
1.713491,0.894237,1
0.504827,-0.030934,1
3.476261,0.615616,1
0.277390,1.130015,1
1.366653,0.568968,1
2.711630,-0.314896,1
0.889345,3.076353,1
0.698792,-0.476354,1
1.946731,-0.839705,1
-0.279137,3.190318,1
1.846822,1.392780,1
0.805073,2.372717,1
2.989828,1.822553,1
0.981268,1.741615,1
1.615687,1.452810,1
2.492497,0.748028,1
0.095886,2.383549,1
1.637823,1.149988,1
-0.868371,1.531725,1
0.646382,1.034288,1
1.994472,1.563088,1
1.541073,1.202917,1
2.452443,-1.329070,1
3.277870,0.990934,1
1.109818,0.780337,1
1.981718,2.769106,1
2.661944,1.138916,1
1.444505,-0.323806,1
3.481265,3.177590,1
1.581011,-1.384111,1
2.687668,1.105838,1
0.345718,-0.040949,1
-1.148906,-1.391004,1
1.640044,2.303137,1
-0.955042,0.138308,1
1.253491,-0.285395,1
0.210176,0.789805,1
1.759094,2.449100,1
0.872477,1.405933,1
0.839248,0.622585,1
0.096469,0.224707,1
2.683890,0.026152,1
1.138561,-0.396533,1
0.530911,-0.300538,1
1.784684,2.371939,1
1.772601,0.846827,1
2.056799,1.441058,1
1.929403,0.073315,1
-0.975720,0.870145,1
2.346905,0.972347,1
0.648085,1.451934,1
1.070107,0.179957,1
1.180382,0.793810,1
2.739412,1.173207,1
-1.026750,0.922395,1
2.048932,1.694912,1
0.990575,0.550546,1
1.041526,0.780633,1
0.830813,1.794678,1
2.130989,1.651968,1
1.700515,0.829164,1
0.254388,2.459898,1
1.809288,1.540837,1
1.816994,0.116987,1
1.744485,0.778761,1
0.699379,-0.853528,1
0.112611,0.236669,1
-0.551682,-1.439405,1
0.644378,0.319888,1
2.027927,-0.180574,1
-0.187404,1.192794,1
0.555270,2.110312,1
1.526795,2.297703,1
1.364391,1.169410,1
-0.832589,1.262568,1
1.332616,1.491336,1
1.330909,3.544276,1
-0.422495,1.615536,1
1.560955,0.582914,1
0.259679,0.579028,1
2.331095,1.201685,1
1.768385,1.672302,1
1.187250,1.179408,1
2.707789,1.620742,1
-0.224887,-0.428079,1
1.416730,-0.261219,1
2.292512,2.365019,1
0.025447,1.412823,1
1.805375,0.933124,1
2.082148,1.678764,1
0.427667,1.858912,1
-0.010640,-0.229354,1
1.194143,-2.201856,1
0.411895,1.109247,1
1.796327,1.733911,1
0.646221,1.762217,1
0.627827,1.215135,1
0.503545,0.700826,1
1.802001,-0.040752,1
2.346007,-0.033431,1
2.075580,0.189164,1
1.806966,0.933290,1
3.237444,1.735790,1
-0.638128,1.378047,1
0.146273,2.060414,1
1.814018,0.870745,1
1.197907,2.894884,1
0.726120,1.124944,1
0.531798,2.549819,1
3.610106,0.013883,1
-0.180101,-0.318136,1
0.948548,0.814941,1
3.126448,1.986886,1
0.247177,0.078879,1
-0.408563,1.219722,1
1.536528,2.569034,1
1.559175,2.060888,1
0.918558,0.511978,1
1.292116,0.310675,1
0.924873,-1.029405,1
-0.853682,1.046548,1
1.151370,1.019503,1
2.058278,0.316748,1
3.019299,2.601421,1
1.518220,1.390082,1
0.129845,-0.154295,1
2.804310,0.874926,1
0.956281,0.825137,1
0.738235,0.125554,1
0.594686,0.683632,1
1.812974,0.640104,1
-0.252629,1.489172,1
-0.104319,1.128678,1
0.102561,0.862551,1
2.680363,2.373923,1
2.977565,-0.548100,1
2.549409,1.313853,1
1.488001,-0.271102,1
0.020936,-1.287480,1
2.673234,1.658780,1
0.025007,-0.168998,1
0.426125,1.491912,1
1.534806,-0.906031,1
0.580297,0.821321,1
1.425563,2.303001,1
0.668756,0.104096,1
2.040050,0.921660,1
1.230290,1.180634,1
2.601644,-2.125244,1
3.028674,-0.979694,1
1.885133,0.099081,1
0.495600,0.365786,1
0.742122,-0.114162,1
1.296423,1.571790,1
-0.639486,2.206624,1
0.941826,0.754932,1
0.588162,0.174825,1
1.071228,1.958695,1
0.719678,2.093457,1
1.248183,0.891892,1
2.041676,0.543545,1
2.095981,1.108905,1
2.399692,0.516870,1
0.581029,1.339111,1
-0.233435,0.995092,1
0.929395,3.390091,1
-0.970232,1.436211,1
1.763761,-0.722237,1
1.521937,1.245234,1
0.650349,2.585905,1
1.563329,-0.191630,1
0.037631,-1.118292,1
1.255812,2.541015,1
0.256846,2.194802,1
0.860193,-0.331873,1
0.707265,0.670236,1
0.981962,0.173403,1
0.805238,0.311686,1
0.038799,0.054440,1
2.131539,1.284371,1
1.555415,-1.227463,1
1.531766,1.587935,1
-0.169267,2.164850,1
1.898847,0.795835,1
0.284947,1.956200,1
0.085962,0.859989,1
-0.164251,2.119198,1
-0.274494,1.420948,1
0.283061,1.802505,1
1.511110,2.664774,1
0.531613,0.067299,1
2.076719,-1.325639,1
1.980028,0.794451,1
0.725118,0.850344,1
-0.396553,2.110331,1
0.182198,1.380312,1
3.158159,1.726393,1
0.727842,2.028335,1
2.603691,0.704279,1
0.202201,1.983300,1
1.985429,2.709601,1
1.515254,0.565403,1
0.028161,-0.560900,1
0.495345,1.830522,1
-0.741499,1.720351,1
1.483970,1.524694,1
0.448800,0.542132,1
2.959220,0.853601,1
1.566691,-0.897204,1
1.674031,1.889373,1
0.694976,2.039214,1
0.849050,2.017795,1
1.391942,-0.879207,1
0.731488,1.561210,1
1.034978,0.118084,1
0.763077,-1.515615,1
0.225380,1.273341,1
3.310562,1.166547,1
-0.848061,1.820327,1
1.555463,0.580485,1
1.507827,1.253780,1
1.588106,0.593162,1
1.129010,1.756054,1
1.178755,0.526173,1
2.102439,1.679318,1
-0.872886,0.266674,1
-0.422102,1.705732,1
2.154900,2.046371,1
0.927957,0.798174,1
-0.339337,-0.526657,1
-1.398672,0.339873,1
1.491948,0.567938,1
0.348949,0.805337,1
1.348055,0.153141,1
-1.896381,0.438761,1
1.570111,2.119030,1
-0.807223,0.625764,1
1.641630,1.633475,1
1.494288,2.443233,1
1.256944,1.323837,1
0.450992,1.380499,1
3.178344,-0.328237,1
0.441393,0.966994,1
0.528569,1.202591,1
2.506505,1.640673,1
0.899333,-0.368478,1
1.696564,0.831434,1
1.573844,2.570873,1
1.818780,0.698387,1
0.925147,0.800393,1
-0.591383,0.680561,1
0.512494,1.612851,1
1.111455,1.262802,1
1.789204,2.595923,1
-2.052594,1.092495,1
0.241269,0.360477,1
1.338538,2.895191,1
2.157260,2.419421,1
-0.458436,0.206034,1
4.636205,3.209374,1
-0.661733,2.236970,1
0.593118,2.187917,1
0.800586,2.386303,1
0.689954,1.243639,1
0.794422,0.981342,1
3.290135,1.850709,1
0.742723,1.790400,1
2.840648,2.563885,1
2.749084,1.308089,1
1.769476,1.907980,1
0.992102,-0.168554,1
0.821130,1.953122,1
0.109430,1.372424,1
2.865711,1.347270,1
1.393342,-1.005798,1
2.006306,1.606032,1
1.364136,0.558303,1
1.639204,0.991701,1
-0.418786,0.999040,1
0.916260,0.563169,1
-0.908844,1.714786,1
0.788053,1.861915,1
0.431858,0.804136,1
0.663305,0.808222,1
0.631576,0.006348,1
0.041969,0.290210,1
1.565702,0.676762,1
0.855887,0.209523,1
1.847719,2.012956,1
0.684818,0.051057,1
0.313767,1.054115,1
1.692009,2.275052,1
1.028620,0.999237,1
1.473078,0.390457,1
-0.081765,0.435362,1
-0.225746,1.915828,1
0.900652,0.053306,1
1.363305,2.244764,1
0.430627,-1.187107,1
1.342668,-0.217701,1
1.477343,0.176337,1
2.122989,1.428761,1
1.348664,1.714661,1
1.108413,-0.437574,1
-0.801419,0.181207,1
1.128337,1.010640,1
1.961380,1.223652,1
1.185216,2.246828,1
1.078437,1.437975,1
2.558598,1.552127,1
0.704586,1.863592,1
-0.557454,0.852758,1
1.327020,1.897268,1
-0.450413,0.265988,1
1.494977,-0.260198,1
-0.189365,0.244035,1
1.482004,1.370565,1
2.899863,1.785784,1
0.875228,1.363444,1
0.822049,1.257963,1
0.071568,2.299054,1
1.514151,-0.526001,1
-0.067200,2.033968,1
1.849409,1.176550,1
0.268334,1.121460,1
2.392240,-1.137105,1
-0.100293,1.217918,1
1.270161,1.433625,1
0.970414,1.185674,1
1.013949,0.141734,1
-0.100708,2.861664,1
1.402044,1.163573,1
2.465522,1.663335,1
-0.480608,2.678012,1
-0.129753,1.074392,1
1.933308,0.886304,1
0.755462,0.701981,1
1.524554,2.612664,1
1.952655,4.240740,1
1.175473,0.995211,1
0.138780,0.503523,1
3.172805,-0.414474,1
-0.796683,0.981872,1
1.016747,0.747436,1
0.799940,0.194075,1
-1.084164,0.911935,1
-0.104922,0.826209,1
0.887146,2.012601,1
1.552301,1.390100,1
1.500650,1.051446,1
-1.000918,1.596219,1
2.150681,2.287284,1
-0.150390,-0.203252,1
0.510678,1.371064,1
1.928542,3.742086,1
0.200649,1.261343,1
1.523869,-0.755318,1
2.094163,0.318272,1
2.048085,2.948278,1
-1.407622,0.202725,1
-1.097061,1.820708,1
2.424215,-0.522022,1
3.959937,-0.003576,1
-0.203264,1.435449,1
0.341019,2.065596,1
1.285610,1.873442,1
0.933583,1.146303,1
-0.386857,-0.701581,1
0.267417,0.084237,1
1.383556,1.451599,1
0.887918,1.607711,1
1.001750,2.278735,1
-0.168555,2.639481,1
1.245194,2.462729,1
0.452732,0.945863,1
-0.959939,1.520164,1
1.560813,2.083997,1
1.409049,1.004714,1
0.578510,1.898050,1
-0.973391,0.452183,1
1.244829,0.900977,1
1.179924,1.949277,1
0.752218,0.041168,1
0.163454,-0.447340,1
3.480983,-0.098144,1
2.425692,-1.856845,1
1.125069,2.082518,1
0.255905,2.614476,1
0.937797,-0.451335,1
2.151748,1.206166,1
1.824910,-0.396278,1
1.064862,2.127027,1
0.035317,-0.988556,1
0.646091,-0.250270,1
2.814022,1.979891,1
1.461682,0.577464,1
1.574153,0.485258,1
0.764019,-0.992426,1
0.394500,1.762071,1
0.991489,1.706387,1
0.166384,0.664582,1
-0.684149,1.422168,1
0.905369,1.254653,1
-1.493335,1.101650,1
-0.718003,2.332861,1
2.438647,2.138033,1
0.544508,2.640637,1
1.190858,-1.023683,1
-0.312759,2.822961,1
0.334986,1.976852,1
1.739857,0.422864,1
0.249269,2.121650,1
0.648461,1.798543,1
2.127748,1.576778,1
0.450583,-0.539197,1
1.704600,0.237048,1
0.607393,1.101641,1
2.454445,2.685216,1
1.502163,0.381149,1
2.278553,-0.054533,1
1.030983,2.270899,1
3.101045,1.139137,1
0.455265,1.525424,1
1.388932,0.022702,1
1.696180,1.422126,1
1.648223,1.325307,1
0.273826,1.740819,1
1.675110,0.688164,1
-0.561144,0.765070,1
1.005826,0.461623,1
-0.252414,1.286751,1
1.968532,1.049644,1
1.077984,1.257375,1
1.977875,0.811454,1
0.842883,1.828412,1
0.706422,1.184578,1
0.086409,2.521471,1
-0.179573,1.068730,1
2.525822,0.798587,1
0.592082,0.356146,1
-0.765960,1.516310,1
1.385949,0.235566,1
1.167236,0.293212,1
1.322623,0.336825,1
0.739968,2.053858,1
1.315212,2.046066,1
1.055865,2.193337,1
2.366610,-0.018319,1
1.207402,1.955168,1
0.356314,3.052287,1
-0.074550,1.077583,1
2.540525,-0.528347,1
1.714148,-0.710073,1
2.081598,1.867259,1
0.866831,3.500487,1
1.732246,2.682367,1
0.011690,0.135199,1
1.365107,1.679629,1
-0.146227,-0.351631,1
1.392533,0.575304,1
0.314500,0.189462,1
0.884412,1.697169,1
2.170421,2.672412,1
1.568457,1.523849,1
0.052704,1.646939,1
3.590169,-0.007437,1
0.794525,0.298567,1
0.319771,1.383989,1
-0.013558,0.139789,1
1.170044,1.090659,1
-0.066044,0.052015,1
-0.224015,2.624676,1
1.510454,0.894542,1
-0.914727,3.195140,1
0.721500,2.121551,1
0.427539,1.272384,1
2.746115,1.114190,1
0.734574,1.588406,1
-0.484258,0.840687,1
-0.070013,-1.377903,1
0.388885,2.672464,1
1.063216,0.585251,1
3.102950,0.281757,1
2.468062,0.939152,1
0.817724,1.272373,1
0.446942,2.463964,1
0.610297,-0.022269,1
1.159791,0.263330,1
0.458245,1.516998,1
0.707558,1.036297,1
0.061987,0.640349,1
0.512843,2.171471,1
0.325782,0.352303,1
0.510098,0.714286,1
-0.053031,0.202468,1
2.462932,1.397086,1
-0.209200,1.686411,1
2.912862,0.404259,1
2.763982,0.349366,1
0.798734,-0.396183,1
1.163859,1.621605,1
1.094520,1.308332,1
1.733954,2.598884,1
0.587975,0.508992,1
0.580338,0.124555,1
1.239009,-0.856740,1
2.556661,1.998584,1
3.087890,0.215681,1
1.318355,-0.448580,1
-0.879164,-0.019040,1
0.990548,0.499646,1
3.046043,0.534779,1
-0.132022,0.913126,1
1.073544,1.287838,1
1.320194,0.921401,1
0.593619,-0.520186,1
2.230064,0.935887,1
0.965283,-0.494838,1
0.289893,1.587334,1
2.065626,1.468449,1
2.403352,1.804807,1
-0.900118,1.912523,1
1.886359,0.763782,1
1.047964,0.122744,1
-0.166433,0.120378,1
1.525111,1.245103,1
-0.190109,1.580812,1
1.730789,2.408639,1
2.029406,0.431128,1
3.606694,3.421732,1
0.278153,1.738911,1
2.314762,1.203651,1
2.341269,2.448742,1
1.470152,0.474655,1
1.036358,-0.958120,1
1.083779,1.261252,1
0.942660,2.304229,1
0.723966,1.451178,1
1.409674,1.816344,1
-0.646538,0.117112,1
-0.378659,1.748970,1
0.010078,2.451548,1
0.247781,0.230812,1
1.797897,0.820872,1
0.714078,2.402119,1
2.227997,-0.489106,1
1.506304,0.174243,1
-1.109772,2.192741,1
0.996386,0.369580,1
0.834489,1.815567,1
2.774006,1.360199,1
0.630896,0.148993,1
0.634746,0.987763,1
2.909404,1.006789,1
0.618109,2.600398,1
2.863917,1.825749,1
-0.329544,0.052292,1
0.571033,1.655265,1
-0.025680,1.107384,1
0.999945,1.158584,1
-0.666925,1.738615,1
0.183022,0.618358,1
1.743468,1.091692,1
0.258296,2.134307,1
1.924880,2.135241,1
1.228189,-0.249447,1
-1.604107,-1.139460,1
2.128891,0.249978,1
0.972522,2.735096,1
0.839384,2.597299,1
1.914507,1.180355,1
0.421495,1.894153,1
0.590135,-1.003712,1
2.131235,3.133972,1
2.707899,0.151081,1
1.767999,0.870674,1
-0.094484,0.566977,1
1.642672,3.636058,1
1.311627,-0.235367,1
0.928977,0.415474,1
1.080871,1.037634,1
-0.547525,1.019767,1
0.190009,1.051984,1
-0.686158,2.471344,1
0.433052,-0.645580,1
-0.170786,1.388741,1
1.036983,0.499880,1
0.884726,0.316571,1
-0.842926,1.962645,1
1.734440,3.327179,1
-0.665164,1.094937,1
1.306145,2.255083,1
3.835131,2.641247,1
2.277394,2.475299,1
0.917654,2.370163,1
2.022063,1.804055,1
3.111809,1.080122,1
2.684219,0.755341,1
0.689369,0.184908,1
-0.583307,1.399505,1
1.772832,1.151987,1
-0.391701,1.268506,1
0.068120,1.605128,1
1.564893,1.281486,1
0.916272,1.945839,1
-0.413947,0.401193,1
2.350188,1.501214,1
0.667077,-0.137817,1
1.529842,1.404480,1
1.934634,2.918090,1
1.179929,2.000925,1
1.018937,2.572713,1
-0.315083,0.303915,1
2.266299,2.355948,1
-0.590087,-1.064195,1
0.434676,-1.462066,1
-0.072083,0.137864,1
0.756450,0.302337,1
1.873312,1.272484,1
0.196906,1.591605,1
0.569757,-0.997228,1
-0.419266,1.739602,1
-0.099820,2.697558,1
1.144831,0.265082,1
0.543265,3.399932,1
0.755316,2.231767,1
0.970508,0.648096,1
1.303456,0.814449,1
1.156181,0.785380,1
-0.105199,3.370371,1
0.894104,3.177220,1
0.566582,0.794372,1
-0.475517,0.252650,1
1.001757,-1.166955,1
1.696924,-0.601752,1
1.855392,0.381140,1
2.367206,2.023049,1
0.240985,-0.720152,1
2.595438,2.037286,1
0.507598,-0.223488,1
-0.209498,1.701297,1
0.437944,1.012482,1
1.104236,1.809131,1
2.594166,0.177010,1
0.690340,1.190402,1
1.771562,0.396388,1
-0.208051,2.944094,1
1.597376,-0.118898,1
0.139991,0.331973,1
2.138767,0.879038,1
1.383938,1.678106,1
3.048974,3.249785,1
-0.177403,2.537663,1
2.192162,1.353407,1
-1.022089,2.939781,1
1.949356,1.113225,1
1.452585,0.984685,1
-0.026709,0.902145,1
-0.968676,0.101982,1
0.966426,2.284073,1
2.589061,1.804635,1
0.036247,2.196178,1
-0.015841,1.971600,1
0.123244,0.393370,1
0.552711,-1.511862,1
0.891105,2.986035,1
2.277916,1.396164,1
0.835324,-1.153702,1
0.487545,1.973765,1
2.018947,1.667854,1
-0.181211,1.131385,1
0.170911,3.086942,1
2.383982,0.002168,1
1.739044,0.870488,1
-1.038096,-0.255628,1
1.350488,-0.265834,1
2.435528,-0.021153,1
0.271252,0.887882,1
0.459813,2.158777,1
1.766938,3.405775,1
-0.883225,2.137621,1
0.725195,0.518533,1
2.468133,1.784530,1
-0.071594,1.150873,1
2.660223,2.587992,1
2.100499,1.409130,1
-0.571928,0.607429,1
1.321219,-0.473145,1
1.578225,2.828945,1
1.246163,2.998400,1
-0.354124,0.141588,1
2.179385,1.310096,1
1.079646,0.415790,1
0.138083,-0.500283,1
2.472235,-0.201062,1
0.511819,1.782823,1
1.334526,1.152262,1
0.539606,1.992620,1
0.806195,1.311653,1
2.214041,2.033152,1
0.195921,1.665200,1
0.048931,1.407002,1
0.440599,0.377808,0
0.074613,-1.672412,0
-0.260935,0.211447,0
1.282472,-0.890431,0
-1.230121,-2.731528,0
0.706933,-0.895808,0
-0.862529,-1.987823,0
1.156969,-0.356188,0
-1.158999,-0.138682,0
-1.395285,0.696064,0
-2.636405,-0.218412,0
0.987530,-1.289104,0
-0.185575,-1.889307,0
-1.759878,-3.091976,0
-0.892831,-1.023397,0
0.652993,-1.284281,0
-1.103012,-0.340714,0
0.881481,-1.229067,0
-2.160772,1.533730,0
-0.857767,1.855984,0
-0.600029,-0.733754,0
-0.616006,-1.661750,0
-0.490741,-0.951713,0
0.601155,-1.297260,0
-1.549594,-2.574994,0
-0.095947,-0.955852,0
0.371809,-1.162375,0
-2.213342,-3.211528,0
-2.302313,-1.433549,0
-1.358163,0.143879,0
-0.694990,-1.282473,0
-0.179814,-1.568059,0
-1.705381,-2.219574,0
-1.551159,-2.394002,0
-2.603883,0.205404,0
-0.557916,-2.728613,0
-0.261552,-0.581117,0
-0.134146,-2.425801,0
-2.316324,-0.349117,0
-0.307220,0.349683,0
-0.930887,0.237367,0
-1.415445,-1.921688,0
0.822082,-0.255016,0
-2.809560,-1.342604,0
-1.201291,-1.511651,0
-0.208126,-0.642478,0
-0.122676,-0.452884,0
-0.734697,-0.093634,0
-1.257890,0.674446,0
-1.406241,0.074932,0
-1.778798,0.187423,0
-3.345078,-0.195250,0
0.337267,-0.724364,0
-0.593064,-0.262566,0
-0.055603,-0.462455,0
-2.616359,-2.423434,0
-3.412302,-1.729774,0
1.884389,-2.554544,0
0.024027,-1.803779,0
-0.760967,0.624663,0
-2.341476,0.671205,0
-2.463228,-1.281706,0
-1.588117,0.189072,0
-0.425387,0.365564,0
-0.140002,-1.470132,0
-0.177702,-0.656573,0
0.260668,0.254288,0
-2.277993,-3.297203,0
-1.302972,-3.203630,0
-2.159658,-1.272637,0
-0.188708,-1.455764,0
0.214725,-1.887687,0
-0.674540,-2.082022,0
-1.956726,-0.943659,0
0.213591,-1.413874,0
-1.994518,0.436289,0
-0.248833,-1.652692,0
-0.997301,-0.859137,0
0.464423,0.893179,0
-1.333221,1.394045,0
-1.568459,-0.014190,0
-0.933060,-2.434650,0
-0.912079,0.077394,0
-0.892603,0.127793,0
-1.528699,-0.068102,0
0.580010,-0.805186,0
-1.532234,-3.658189,0
-0.578902,-1.430078,0
-1.749200,-3.110512,0
0.756443,-1.595509,0
-0.814433,0.130738,0
0.613589,-1.597771,0
-0.409700,-2.889771,0
-1.927310,-1.295929,0
0.010148,-1.442458,0
-1.151202,0.533129,0
0.255499,0.236227,0
-1.539498,-1.639374,0
-1.191833,-1.318055,0
-1.820631,-2.110300,0
-0.616344,-1.417304,0
0.109096,0.541783,0
-3.771225,-0.882533,0
-1.751622,-0.493672,0
0.999623,0.850826,0
-3.678279,-1.874657,0
-1.446543,-0.647397,0
-1.051580,-0.331395,0
-0.679269,-1.309279,0
-1.183248,-2.898590,0
-1.157457,-2.561924,0
0.190819,-1.400200,0
-1.061812,-1.380422,0
-0.784661,-0.714210,0
-0.320806,-0.548089,0
0.252606,-1.736820,0
-0.103542,0.920602,0
-3.284344,-0.472583,0
-0.407868,-0.128956,0
-1.039696,-0.995670,0
-0.252923,-2.223418,0
-0.695675,-1.855320,0
0.830879,-3.004457,0
-2.144976,-1.535128,0
-1.444782,-0.968270,0
-2.716116,-0.679143,0
0.336952,-2.223877,0
-0.971166,0.219987,0
-1.524850,-2.096256,0
-1.330496,-3.146461,0
-0.617474,-2.002193,0
0.338910,-1.538378,0
-2.266664,-1.636969,0
0.260720,-3.556759,0
-1.537304,-0.065496,0
-1.698302,-2.155255,0
-0.098594,-2.065087,0
-0.793647,-3.407885,0
-1.470794,-2.086195,0
-1.206740,0.849853,0
-0.703492,-3.251772,0
-1.069194,-1.075657,0
0.378924,0.994797,0
-1.068175,-1.258718,0
-1.149904,-1.512050,0
0.415628,-2.650264,0
-2.709386,0.286081,0
-0.646772,-1.005321,0
-1.472692,0.458804,0
-1.905888,-0.636697,0
0.086126,0.001944,0
-0.349473,-0.652239,0
-1.486441,-1.044002,0
-2.308758,-1.935943,0
-1.664784,-1.153760,0
-0.510048,-1.022411,0
-2.202018,-2.624696,0
-2.239471,-0.010335,0
-1.292459,1.242607,0
0.238629,-1.241467,0
-0.446443,-0.372164,0
-2.138728,-0.954554,0
-0.774799,-1.152359,0
-3.148845,-0.576630,0
-1.791314,-1.697835,0
0.286331,-1.358248,0
-1.727846,0.497410,0
-2.641795,-0.602532,0
-1.198980,-2.099918,0
-0.767804,-1.175808,0
-1.183863,-0.895614,0
0.937086,-1.878116,0
-0.281846,-1.730131,0
0.452076,-0.460727,0
-1.676863,-0.273141,0
-1.871593,-0.641028,0
-0.245920,-1.895392,0
-0.453944,-0.114330,0
0.243347,0.537663,0
-1.579167,-2.006797,0
0.393203,-2.035339,0
0.526189,1.031273,0
-2.759760,-2.289603,0
1.248658,-2.132473,0
-1.023035,-3.136021,0
-1.200340,0.356316,0
1.348631,-0.921781,0
-0.381762,-0.669240,0
-1.209358,-1.446374,0
-0.247352,-2.074734,0
-1.046326,-1.278441,0
-0.974884,-0.860568,0
0.203905,-0.989087,0
-1.959376,-0.173867,0
-1.448128,-2.220740,0
-0.474648,-0.588606,0
-1.960280,-0.309557,0
-3.727746,-0.750093,0
-0.087767,-0.522480,0
-0.633360,-3.138182,0
-4.653972,-1.290142,0
-1.440518,-2.135140,0
-1.662909,-1.370602,0
-1.386724,-1.180182,0
-1.495765,-2.112549,0
-2.092652,-1.578096,0
-0.834732,-1.001495,0
0.475725,-0.512116,0
-0.666107,-1.220465,0
-2.484110,-1.570928,0
-2.606344,-3.238635,0
-3.281355,-0.069331,0
-0.144040,-1.268418,0
-0.659578,-1.035797,0
1.562742,-1.658808,0
-0.586877,-0.778152,0
-0.343216,0.284870,0
-0.290393,-0.706429,0
-1.913865,-3.052318,0
-0.291140,-1.504818,0
1.544680,-1.460724,0
-0.158604,-1.409369,0
-2.454284,-0.896058,0
-2.379606,0.296280,0
-1.331872,-0.814777,0
-1.363472,-0.915565,0
-1.027152,-1.857174,0
-1.090527,-4.078955,0
0.279102,0.347925,0
-2.600975,0.621039,0
-1.404350,-1.189753,0
-1.111230,-0.065564,0
0.949137,-1.424900,0
0.616115,-1.888971,0
0.288109,-3.076738,0
-2.041238,-1.141268,0
-0.410739,-2.216714,0
0.367886,0.278401,0
-1.212956,-2.844110,0
0.041113,-0.977915,0
-1.161367,-1.099757,0
-1.357831,-0.741754,0
0.671785,0.847096,0
-0.904150,-1.880566,0
-0.479100,-0.145590,0
-0.420189,-1.294787,0
-4.066198,-2.323759,0
0.007958,-0.894600,0
1.455878,-1.148392,0
-2.133957,0.078855,0
-0.142695,-0.554462,0
0.313474,-0.780364,0
-3.237083,-0.134925,0
-0.134735,-0.758453,0
-2.195871,-1.322365,0
-0.417905,-1.408045,0
-0.978520,-0.711730,0
-1.903473,-0.792249,0
-2.038873,-1.112647,0
-0.708068,-0.873588,0
0.881831,-0.809146,0
0.536957,-0.901864,0
-0.578874,-1.968678,0
-1.064355,-2.537327,0
-0.394852,-0.724030,0
-2.509489,-2.397307,0
0.594659,-2.964470,0
1.184460,-3.326797,0
-1.994804,-1.730130,0
-3.082971,-1.119071,0
-1.149303,-2.188677,0
-1.593422,-1.688794,0
0.882566,-1.084211,0
-0.310675,-0.692583,0
-0.870695,0.828571,0
-1.171496,0.032331,0
-1.390654,-1.288139,0
-1.841920,0.402366,0
0.419155,-1.040914,0
-1.127848,0.662857,0
-1.562497,-1.502053,0
0.002382,-0.335764,0
-0.821675,-2.253694,0
-0.332712,-0.842919,0
-1.745805,0.895669,0
-0.623391,-1.648294,0
-2.043618,-0.654741,0
1.205471,-0.919231,0
-0.633210,-2.162927,0
-2.510167,-0.498088,0
-1.512960,-0.754928,0
-1.063607,-1.513056,0
0.682922,-1.205273,0
-2.871160,-1.699619,0
-1.102490,-1.903706,0
-2.326511,-1.193376,0
-0.860326,-0.775275,0
0.084290,-0.355902,0
-0.359529,-1.301336,0
-1.110524,-0.611899,0
0.181659,-1.155084,0
0.371148,-1.619986,0
0.123378,-0.406457,0
-1.239875,-1.338115,0
-0.169389,-2.397416,0
0.559791,-2.896078,0
-2.101224,-2.028962,0
-1.686159,0.019258,0
-2.937138,-0.403306,0
0.081603,-1.041378,0
-1.214846,-1.023317,0
-0.308575,-1.656609,0
-0.243607,-0.316122,0
-2.910403,-3.237447,0
0.646848,-0.292700,0
-1.068890,-0.120810,0
-0.582162,0.234829,0
0.454605,1.345522,0
-3.723892,-2.756073,0
0.396477,-0.738609,0
-1.510266,-0.244055,0
-0.351555,-0.909905,0
-0.380439,-2.518738,0
-2.730391,-1.676791,0
-0.818111,-1.830663,0
-0.826744,-0.221987,0
-0.630580,-0.173011,0
1.048118,-0.512869,0
-0.054648,-3.040450,0
-1.376731,-1.074108,0
-2.009237,-2.665264,0
-2.722161,-1.050741,0
-2.975002,-1.588078,0
-2.210471,-3.126727,0
-2.325266,0.192697,0
-1.821527,0.340559,0
1.599867,-1.014187,0
-1.055122,-0.809508,0
-0.345634,-0.157754,0
0.564377,-1.724259,0
-0.400529,-0.721342,0
-2.165073,-0.575142,0
-0.352701,-0.211112,0
-0.591507,-0.737446,0
-1.871891,-0.145561,0
-0.578882,-2.913994,0
1.829026,-1.898606,0
1.867601,-0.697261,0
-1.107760,0.069087,0
-1.489367,0.280356,0
-1.655531,-0.247500,0
0.462402,-2.269563,0
-2.120012,-0.668128,0
-2.076827,-1.640432,0
-0.356670,-0.873104,0
-2.773433,-3.488918,0
0.568904,-0.699372,0
-0.151211,-0.873185,0
0.339746,-0.517989,0
-0.750718,-1.973670,0
-1.989177,-0.408838,0
0.617519,0.643332,0
-1.085017,0.576004,0
-0.098409,-1.823381,0
-2.167218,-1.804126,0
-2.168691,-0.220770,0
-2.088257,-2.927288,0
-1.231028,-1.674418,0
0.870855,0.337118,0
-1.905284,-1.475453,0
-0.128622,0.337294,0
-1.946401,-0.904497,0
0.362230,-0.847068,0
-1.767217,0.572991,0
-1.067635,-0.422711,0
-0.296024,-2.789405,0
-0.883666,-0.689131,0
-2.080680,0.524960,0
-0.438492,1.296099,0
-1.176980,-2.426076,0
-0.085302,-1.921505,0
-1.304432,0.034382,0
-0.574270,-0.891030,0
-1.557556,-1.159411,0
-0.137304,-1.984558,0
-0.440129,-2.113045,0
-2.097374,-0.816353,0
-0.328424,-0.222982,0
1.456635,-1.629872,0
2.643507,-1.364897,0
-1.676430,0.030620,0
-0.593332,-0.632209,0
-1.687798,-1.747044,0
0.263605,-0.627749,0
0.458696,-0.600495,0
-3.007325,-1.080872,0
-0.788995,-0.778816,0
0.299246,-0.239808,0
0.646756,-0.031556,0
-1.181080,-0.465372,0
0.604397,-0.850043,0
1.007663,-1.233048,0
-1.238722,-1.841253,0
-1.923138,-0.651975,0
-2.791999,-1.230449,0
-1.135535,-1.449384,0
-1.456554,-1.330316,0
-1.227672,0.064477,0
0.999084,-0.821765,0
-0.692268,-0.419097,0
-1.014654,-0.182274,0
-1.761846,-1.158864,0
-0.182166,-2.481834,0
-1.540807,0.847098,0
-1.722222,-0.094295,0
-0.759230,1.188032,0
1.015882,-1.041687,0
-0.993088,-0.978439,0
-0.908530,0.455457,0
-0.246235,0.373595,0
-0.012545,-2.105863,0
-0.540144,-1.165528,0
-1.158008,-0.889615,0
-1.154846,0.187923,0
0.422065,-0.169059,0
0.414571,0.239281,0
-2.273335,-0.447668,0
0.766002,0.002897,0
-1.520683,-0.682994,0
-1.112036,-0.509912,0
0.441375,-2.353287,0
-2.511711,2.213876,0
-0.666929,-0.548902,0
-1.777386,0.723254,0
-0.069323,-0.684073,0
-0.987632,-2.056494,0
-1.097726,1.061021,0
-1.217473,-1.354763,0
0.010820,-2.975350,0
-1.498480,-1.382748,0
-0.049898,-0.916361,0
-1.137227,-1.607351,0
0.441288,-2.021271,0
-1.385122,-2.037202,0
-0.937272,-0.563075,0
-0.798666,-2.122507,0
-0.508500,-1.772000,0
-1.292775,-1.704556,0
-0.344831,-1.870693,0
-1.014339,-2.334750,0
-0.516925,1.237155,0
-0.689309,-1.360884,0
-0.468339,-2.532853,0
-0.496006,-1.807808,0
-3.674736,-2.888764,0
-1.928751,-1.965403,0
-0.822602,-1.823127,0
-0.093069,-1.365265,0
-0.196832,-1.473984,0
0.852508,-0.899666,0
0.216292,-1.796955,0
0.182991,-3.000779,0
-2.888484,-1.642088,0
-1.502907,-0.638483,0
-4.167056,-2.165506,0
-0.924946,-1.797044,0
-0.862928,-0.068565,0
-1.545352,-1.134532,0
-2.000758,0.289032,0
-0.971040,-1.571996,0
-1.207557,0.267877,0
-1.280791,-0.786247,0
-2.528784,-1.353172,0
-2.988503,-2.142428,0
-1.389014,-1.187873,0
-3.593416,-0.537991,0
-2.009901,-0.782490,0
-2.103942,-2.970299,0
-1.105584,-1.975126,0
-1.728653,-1.214545,0
-1.292072,-1.898462,0
-1.625611,-1.622615,0
-1.052141,1.063880,0
-1.711648,-1.304118,0
-1.041251,-0.524536,0
-0.991046,-0.248080,0
1.659719,-0.887461,0
-2.079314,0.791509,0
-1.295083,-0.679712,0
-0.358716,-0.840824,0
-1.588366,-0.000748,0
-1.133322,-1.918427,0
-1.904433,-1.261162,0
-0.132945,0.399491,0
-1.298643,-1.422429,0
0.185072,-0.658897,0
-0.090759,-0.212210,0
-0.076349,-1.331546,0
0.094182,-0.725058,0
-0.349923,-0.951839,0
-0.893506,-0.528090,0
-0.776510,-1.018380,0
-0.938761,1.225067,0
-1.476556,0.446516,0
-0.937324,-1.849394,0
-0.051422,-1.612241,0
-2.154540,-2.009833,0
-0.763463,-0.070387,0
-0.461123,-1.244081,0
-2.156294,0.209326,0
-1.188913,-0.796918,0
-1.157376,0.760526,0
-2.083473,-0.363683,0
-0.557070,-0.800969,0
-1.492912,-3.251391,0
-2.706461,-2.375389,0
-0.496673,-2.018403,0
-1.503866,-0.460744,0
-0.669662,-2.579569,0
-1.067819,-0.973879,0
-1.419495,-1.363267,0
-2.314657,0.178410,0
-2.167434,-1.765471,0
-1.977276,-1.897917,0
0.265014,0.907061,0
-0.414892,-2.863786,0
-0.374524,0.212320,0
-2.409628,-0.867280,0
-1.359889,-0.393726,0
-2.513511,0.362843,0
-0.122986,-1.485873,0
-0.609546,-0.538261,0
-3.454651,-0.958211,0
0.255525,-2.684666,0
-1.698682,-0.068410,0
-2.406140,-0.037845,0
-2.084683,-1.748399,0
-0.344521,-0.471858,0
-2.090752,-2.035616,0
-1.345595,-1.368652,0
-0.058324,-0.359974,0
-1.597629,-2.018903,0
-1.695954,-0.827301,0
-0.654422,-2.416267,0
-0.730671,-0.220766,0
-1.051759,-1.602540,0
-0.451642,-2.098799,0
0.712489,-2.193969,0
-1.517707,-0.407723,0
-0.024114,-1.773883,0
-0.825649,-0.727643,0
0.104855,-1.571309,0
-1.117883,-2.792624,0
-1.298425,-2.476287,0
-2.397802,-0.014366,0
-4.057504,-0.799733,0
-1.600612,-1.018879,0
-2.622097,-1.178635,0
0.482060,-0.484675,0
-3.831132,-2.531344,0
0.559643,-1.310802,0
-0.020783,-1.438976,0
-2.372154,0.122658,0
-0.869718,-1.673294,0
-1.047457,-0.450119,0
-2.011074,0.066247,0
0.667000,-3.031109,0
-1.451530,-1.392442,0
-3.132467,0.733413,0
0.815355,-0.175175,0
-0.719747,-0.687167,0
-2.244681,-2.405984,0
-0.964630,0.898502,0
-2.256666,-0.052206,0
0.566935,0.566231,0
-1.167926,-1.191629,0
-1.996726,-1.016728,0
-1.235686,-1.808743,0
-0.067050,0.821132,0
0.261718,1.810983,0
-0.804206,-0.236132,0
-1.036259,-0.911976,0
-1.829290,-0.915639,0
-0.155366,-0.135108,0
-2.289098,-2.545710,0
-0.917495,-0.453525,0
-0.896072,-0.641876,0
0.105896,-2.349754,0
-1.299537,-2.001160,0
-2.192203,-0.780892,0
-2.254313,-0.299706,0
-0.660975,-1.331290,0
-2.103847,0.355052,0
-0.507918,0.086607,0
-2.475772,-0.249242,0
-1.912573,-0.296549,0
-0.086537,-0.920668,0
-1.503281,-1.094253,0
-0.096394,-1.431223,0
-0.505355,-0.490582,0
-1.017931,-3.816946,0
-1.628274,0.532742,0
2.037170,-0.861257,0
0.987810,1.462275,0
-0.401694,-0.342206,0
-2.269193,-0.874828,0
-0.846459,-2.700258,0
0.639685,-1.219447,0
-1.237407,-1.265443,0
-0.520589,-1.906218,0
-2.219233,-0.971028,0
-1.584913,-0.918098,0
0.959531,-0.434197,0
-0.829673,-1.419624,0
-1.003817,-1.653493,0
-1.669927,-1.491614,0
-1.208881,-0.715847,0
-2.171254,-1.250217,0
-1.806712,1.525342,0
-0.435254,-2.251537,0
0.720945,1.042171,0
-1.445685,-1.203333,0
-2.018357,-0.680903,0
-1.698712,-2.317947,0
-2.528624,-0.611264,0
-1.835825,-0.526961,0
-1.110722,-0.061867,0
-0.590686,0.019224,0
-1.847229,-1.426453,0
-2.665156,-2.551191,0
-1.714299,-2.257544,0
-1.761024,-1.503717,0
-0.987503,-1.627351,0
-2.377477,-1.276485,0
-1.537939,0.510101,0
-1.536603,0.528798,0
-0.851733,-2.257690,0
-2.843937,-1.406331,0
0.594089,0.297083,0
-0.628998,-1.494029,0
0.408473,-1.134748,0
-1.788365,-0.603755,0
-1.672279,-1.644395,0
-0.741173,-2.208087,0
-1.333459,-1.360695,0
0.130345,-1.240966,0
-2.452516,0.166427,0
0.316123,-1.098736,0
1.090192,-1.523777,0
-1.557341,-0.428703,0
0.002990,-0.683226,0
-0.780721,-0.312169,0
-0.885247,-2.883068,0
0.070266,-0.159127,0
-0.595188,-0.878423,0
0.724763,-1.560139,0
-0.786634,-1.111211,0
-1.865057,0.134731,0
-0.754228,-0.303374,0
0.040914,0.561928,0
-2.443912,0.597345,0
0.281846,-1.410967,0
-2.756253,-1.399952,0
0.364861,-0.459425,0
-0.863062,-3.198125,0
-2.827897,-1.506428,0
-0.495471,-1.405848,0
-1.426805,-3.063015,0
-4.155684,-0.894612,0
-1.332609,-2.235861,0
-1.976902,-0.190341,0
0.265307,-0.296054,0
-1.811768,-0.509962,0
-1.415791,0.759652,0
-2.999779,-2.315933,0
-0.391877,-0.634472,0
-1.336902,-2.480040,0
0.076299,0.561489,0
-2.423197,-1.454902,0
-3.034958,-1.819761,0
-0.435274,-2.409959,0
0.537831,0.094037,0
-1.132636,-1.768914,0
-0.445747,-0.918833,0
-3.231684,-0.865632,0
-0.261220,-0.663882,0
-2.572649,-0.983839,0
-0.032586,-1.346480,0
-3.240731,0.588401,0
-0.589839,-0.528794,0
-0.163201,-2.213254,0
1.444641,-2.464794,0
-1.686862,-1.374251,0
-1.418670,0.356811,0
-2.466890,-1.953126,0
-1.061594,-0.859257,0
-1.680904,-2.414590,0
0.181840,-1.002661,0
-1.685145,0.196419,0
-0.804964,-0.504938,0
-1.509018,-2.535050,0
-1.233574,-1.716412,0
-2.783347,-2.741265,0
-0.462637,-1.912952,0
-0.994552,-2.692425,0
-1.369495,0.050269,0
-0.715873,-1.795518,0
0.547812,-2.780915,0
0.268598,-0.901767,0
-1.071387,-0.896662,0
-1.037358,-1.350544,0
-2.436501,-0.136218,0
0.966395,-0.324949,0
-1.079047,-0.544387,0
-2.146663,-2.428639,0
-0.772904,-0.681328,0
0.063817,-1.196835,0
-1.872498,-1.819430,0
-1.235949,-0.094914,0
-0.596314,-3.090151,0
-2.107700,-1.372609,0
-1.219919,0.171989,0
-1.099106,-0.633156,0
-0.582789,-2.847532,0
-0.354544,0.629037,0
-0.643460,-1.437088,0
-1.331008,-0.690351,0
-1.297412,-1.666674,0
-2.240864,0.592601,0
-1.418527,-1.169357,0
-0.429511,-1.353757,0
-1.427962,0.133896,0
-1.452790,-0.871013,0
-0.504968,-1.646913,0
-0.361553,-0.734463,0
-0.711837,-0.672545,0
-2.435048,-0.031847,0
-1.503865,-0.268858,0
0.481025,0.577867,0
-2.541766,-0.378540,0
-1.102866,-1.315948,0
-0.854848,-1.121486,0
-0.628579,1.520479,0
0.493772,-0.798331,0
-1.362141,-3.188516,0
-1.195343,0.651282,0
-0.874426,0.753257,0
-3.169307,-1.018693,0
-1.135766,-2.605886,0
-1.259460,-2.311112,0
-0.110934,-1.607489,0
-2.663425,-1.985484,0
-1.669085,-1.005077,0
-2.182634,0.207000,0
-2.810009,0.145069,0
-0.915141,-1.033305,0
-0.436485,-0.735639,0
-2.355475,-2.325924,0
-2.136285,-0.907298,0
-1.631536,-2.747851,0
-0.384173,0.704260,0
-0.392087,-0.804510,0
-0.222445,-0.605496,0
0.990703,-0.314761,0
-0.864226,-0.479917,0
-2.789999,0.026461,0
-0.107606,-1.148271,0
0.099528,0.151929,0
0.800296,-0.868421,0
0.258071,-1.631215,0
-2.069491,-1.180238,0
-0.617787,-0.638249,0
-2.307231,-0.716139,0
-3.041591,-1.859523,0
-0.356345,-1.475498,0
-1.735346,-3.508329,0
-2.702803,-2.665639,0
0.447023,-0.947318,0
-0.882138,-1.496339,0
1.055371,-2.128881,0
-1.539568,-0.341003,0
0.138944,-3.087766,0
-1.748405,-2.118598,0
-1.127240,-2.780512,0
-0.077242,-0.665476,0
-1.533538,-1.477257,0
-1.106716,-0.210348,0
-1.949865,-1.109531,0
-0.984868,-1.170494,0
-1.401026,-1.088007,0
-1.568634,-0.795353,0
-1.078268,-0.571166,0
-1.321923,-2.216165,0
-0.565647,-1.645798,0
-1.706523,0.065646,0
-0.865683,-1.185484,0
-2.347695,-2.151166,0
0.967980,0.968810,0
-0.248253,-0.523243,0
0.601506,-0.584432,0
-1.428222,0.746169,0
-0.630338,-1.378790,0
-1.661199,0.027269,0
-1.482254,-2.127458,0
1.033494,-3.295468,0
-0.926818,-0.995714,0
-0.401791,-1.308324,0
-2.097561,-1.107004,0
-1.706482,-1.482456,0
-0.909126,-2.301617,0
-0.904913,-3.025201,0
0.409032,-2.702725,0
-0.698218,-0.220334,0
-1.141776,-3.110077,0
-2.738451,-2.011106,0
0.889368,-2.077829,0
0.008447,0.799342,0
-0.777934,0.496945,0
-0.204483,-2.406216,0
-3.161701,-0.152109,0
-0.047156,-0.312117,0
-0.248337,-0.541909,0
-0.487758,-2.326314,0
-1.866351,-1.404517,0
-0.242887,-1.671698,0
-1.299353,-0.692036,0
-1.141972,0.860002,0
-1.748352,-1.142459,0
-2.930501,-0.802852,0
-0.344590,0.312091,0
-1.769823,-1.200730,0
-1.513207,-1.246240,0
-0.574977,-0.945504,0
-0.428216,0.026367,0
-0.796887,-2.335895,0
-0.553711,-3.991407,0
-1.330338,-0.600748,0
-1.592886,0.422330,0
-0.463940,-1.360956,0
-1.696406,-1.451127,0
-0.467949,0.162308,0
-1.550636,-1.073069,0
-1.461818,-1.733820,0
-0.001821,-1.140943,0
-0.832670,-0.910390,0
-1.600290,-0.673347,0
-0.837293,-1.603501,0
-0.890022,1.490461,0
-0.475493,-2.617019,0
-0.513804,-1.777546,0
-0.645697,-1.286733,0
-1.397497,-1.794961,0
0.548314,0.146997,0
0.922983,-2.363381,0
-0.767294,-0.561215,0
-0.857597,-0.160342,0
-2.037359,-2.407609,0
-0.229366,-2.816786,0
-1.962471,-1.749613,0
-0.204375,-2.116696,0
-1.338862,-0.560767,0
-1.546357,-1.018328,0
-0.529615,-3.813885,0
-1.608111,-1.602906,0
-2.160572,-0.474608,0
-2.024760,-0.941010,0
-3.354803,-3.362139,0
-1.994883,-2.370314,0
-2.048819,-1.228642,0
-1.984554,-0.232324,0
-0.740951,-0.106843,0
-0.576413,-1.493660,0
-3.243609,-1.001520,0
1.047815,-0.629294,0
-4.056782,-1.169136,0
-1.128030,-1.464157,0
-2.123208,-2.074708,0
-1.304376,0.509800,0
-0.954394,-3.022998,0
-0.696685,-1.511979,0
-1.635520,-0.247894,0
-1.020787,-0.391827,0
-0.160654,-1.630930,0
-0.758770,-1.099047,0
-1.782511,0.624667,0
0.252437,-1.603150,0
-1.485382,-1.846508,0
1.221971,-0.886352,0
-1.464101,-0.571755,0
-1.287437,-1.415886,0
-2.262818,-2.980705,0
-0.605251,-0.304298,0
-2.536486,-1.173519,0
-1.075371,-0.323533,0
-0.695296,0.011299,0
-1.348293,-1.970561,0
-1.003750,-1.237052,0
-0.544454,-1.994284,0
-0.887671,-0.960731,0
-1.130386,-2.183986,0
-3.397035,-1.187699,0
0.351398,-1.339775,0
-0.617885,-2.960612,0
-0.088927,-1.605466,0
-0.451220,0.932477,0
-2.201114,-0.795225,0
-1.628445,-0.993923,0
-2.004391,-1.697112,0
-0.917512,-1.852352,0
0.560415,-0.697971,0
-0.863035,-1.249525,0
-1.222216,-0.589480,0
1.264962,-0.988344,0
-0.876962,0.280038,0
-0.509709,0.256760,0
0.004627,-1.158148,0
-1.658952,0.965050,0
-0.711345,-0.048995,0
0.291038,-0.579074,0
-2.377878,-1.487894,0
0.039758,0.447590,0
-1.865061,-2.000404,0
-0.347986,-1.535385,0
-0.516044,-2.473068,0
-1.293123,-3.247549,0
-0.901915,0.855302,0
-1.874640,-1.341039,0
-1.283493,-0.713694,0
1.438809,-2.263230,0
0.944061,-1.631307,0
0.429905,0.117342,0
-1.619378,-4.075135,0
2.122056,-0.456575,0
-1.820717,-2.224853,0
-0.682008,-0.768026,0
-2.054203,-1.738723,0
1.971170,-0.612717,0
-1.236275,-1.078609,0
-1.933294,-1.705148,0
-1.091804,-1.593926,0
-0.031315,0.120787,0
-0.693731,-0.026766,0
-3.226351,-1.741160,0
1.278528,-1.024155,0
0.373141,-2.135751,0
-1.244724,-1.991103,0
1.574588,-0.962068,0
-0.697577,-1.025515,0
-3.425223,-1.770522,0
-2.468998,-0.169517,0
-1.885043,1.529279,0
-0.653580,0.238724,0
-1.107920,-1.259857,0
0.526627,-0.262545,0
-0.496782,-0.322552,0
-0.004385,-2.437175,0
-1.773487,-0.597541,0
-1.895916,-0.450909,0
0.464922,-0.889624,0
-1.956857,-0.346765,0
0.149512,-2.678995,0
-1.965219,-1.927955,0
-1.670055,-1.974210,0
0.776351,-1.653815,0
0.892364,-3.976205,0
-1.597953,0.553929,0
0.860403,-1.740115,0
0.278579,-2.426200,0
-0.186642,-1.497205,0
-1.915765,-0.140418,0
-4.040115,-2.399897,0
-2.523958,-1.329488,0
-0.082060,-3.062551,0
1.596096,-0.322068,0
-1.808283,-1.090499,0
-1.015602,-0.632697,0
-0.214409,2.336477,0
-1.299693,-0.087003,0
-2.052227,-1.107712,0
-1.069857,-1.177238,0
-1.307565,-0.672573,0
-1.905690,-2.686303,0
-0.936247,-1.288238,0
-1.703915,-0.905780,0
-2.293770,-0.678192,0
-2.225534,0.330327,0
-2.049157,-0.686139,0
-1.602905,-0.737806,0
-0.059056,-0.582237,0
-0.313098,-0.659811,0
-0.390103,-1.484950,0
-2.347940,-2.089369,0
-1.419855,-1.538388,0
-1.008094,-2.162278,0
-2.245407,-0.475692,0
-0.642934,0.782064,0
1.227594,0.482634,0
-1.916028,-0.431714,0
-1.631988,0.168604,0
-2.465465,-2.428837,0
