1.345730,-0.846349,1
1.020837,-0.734086,1
0.921450,-0.575034,1
-0.702318,-0.478971,1
0.685613,1.588540,1
2.111199,1.707413,1
-0.463600,-1.193337,1
1.884880,0.591529,1
0.985885,-0.767698,1
1.400171,0.267743,1
1.069012,-0.228590,1
0.113096,-0.865439,1
1.561649,1.202295,1
0.127902,1.001378,1
0.835990,0.874149,1
0.742861,0.875045,1
0.868992,0.947756,1
0.475009,-0.327306,1
-0.137099,0.251912,1
0.764966,0.051897,1
1.060097,-0.573624,1
0.480593,-0.408231,1
1.902949,-1.038674,1
0.229590,0.976279,1
2.750242,1.145209,1
-0.261085,0.317760,1
1.232705,-0.271460,1
0.153225,-0.125747,1
1.769710,-0.846723,1
-0.171609,-0.779802,1
0.682920,0.085352,1
0.509850,0.955398,1
1.181910,-0.529947,1
2.176722,-0.784221,1
0.888957,0.238764,1
0.936402,-1.022009,1
1.433408,-0.326598,1
0.991392,-0.977349,1
1.521135,1.439818,1
0.774037,-0.194001,1
2.096204,-0.833680,1
-0.318955,0.762303,1
0.940640,1.007231,1
2.547120,1.244386,1
0.910113,-0.303517,1
1.306500,-0.819251,1
0.996769,-0.860343,1
0.147562,0.279789,1
0.596811,0.679107,1
1.375644,-0.583964,1
0.489696,0.146311,1
2.333859,0.301324,1
1.637198,-0.419644,1
0.899497,-0.652462,1
1.620908,0.684352,1
1.148536,0.176447,1
1.792258,-0.482167,1
0.475632,0.233080,1
2.127638,-0.225354,1
0.562670,0.768158,1
1.470458,0.193601,1
0.774191,-1.142142,1
1.793150,0.628300,1
1.298525,-1.104913,1
1.852968,1.443312,1
1.096923,-0.148324,1
1.279560,0.000031,1
1.339425,0.750337,1
-0.421332,0.439058,1
0.922782,1.032363,1
1.240659,-0.055200,1
0.894084,-0.118552,1
1.307320,-0.162304,1
0.211080,-0.864765,1
0.468014,-0.988510,1
0.857103,-0.650844,1
0.444574,-1.299502,1
0.839895,-1.682992,1
-0.027578,1.012029,1
1.021161,1.081397,1
0.554841,-0.546651,1
1.141332,0.283171,1
1.037132,-1.018269,1
1.488565,-0.103012,1
1.079121,0.388843,1
1.221268,-1.569337,1
1.742421,-0.013984,1
1.573596,0.655513,1
2.309813,1.120338,1
0.641200,0.453488,1
0.040644,-0.928468,1
1.957136,0.944608,1
0.733616,-0.675941,1
1.894923,-0.381027,1
0.244092,0.640344,1
2.078960,0.294991,1
0.828397,0.069659,1
1.899199,0.805884,1
1.322296,0.033289,1
0.157669,-0.770583,1
1.938593,1.389403,1
-0.093632,2.257284,1
0.696865,-0.062604,1
0.227550,-0.421152,1
1.747687,0.433783,1
0.663289,0.493378,1
1.553713,1.336090,1
1.152087,-0.195251,1
1.626413,-0.598073,1
1.544265,-0.814702,1
0.850055,0.112293,1
2.163615,-1.348365,1
0.910323,0.337198,1
2.137834,-1.285971,1
1.677182,-0.389795,1
-0.483004,0.068854,1
1.081478,0.568629,1
2.556817,0.427534,1
0.587524,-1.110427,1
2.152714,1.102515,1
0.256820,-0.716559,1
0.678198,-1.094900,1
1.285942,-0.452285,1
1.225757,0.050852,1
1.309547,0.720332,1
0.541842,1.909759,1
2.258271,0.885567,1
0.755923,0.092330,1
2.391491,2.396277,1
0.043777,-0.368273,1
-0.019446,0.071134,1
1.066756,0.075191,1
-0.310406,1.239840,1
0.432074,1.617181,1
1.427070,0.320940,1
1.150731,0.676889,1
0.425728,0.464763,1
0.144236,0.839837,1
1.551957,-0.824560,1
1.067902,0.503367,1
1.496504,0.205029,1
1.922137,0.214652,1
1.188457,-0.738520,1
0.515778,-0.172515,1
0.475283,-0.474083,1
0.719072,0.131292,1
0.519539,-1.058778,1
0.877565,0.311248,1
0.774865,-0.741350,1
1.371163,-1.280737,1
-1.064035,0.403310,1
1.060472,0.106434,1
1.493573,0.205607,1
0.620026,0.387377,1
2.069669,-1.136995,1
1.611153,-0.466073,1
1.806403,-0.351682,1
1.724215,0.225396,1
1.447400,0.599932,1
0.496791,0.962126,1
1.126947,-0.503097,1
0.404121,-0.664101,1
1.351528,-0.161408,1
1.770859,-1.708929,1
0.156889,-0.593492,1
0.878949,-0.429176,1
0.172635,-1.509595,1
0.979747,1.087386,1
1.344504,-1.020212,1
2.004582,-0.273232,1
0.619820,0.516164,1
1.099285,-0.173146,1
0.061724,-1.379261,1
0.873779,1.228570,1
1.057180,0.910810,1
0.855108,-0.245883,1
0.536699,0.223497,1
0.878016,-1.298491,1
0.240670,-0.079709,1
0.652172,-0.704311,1
0.107228,0.617424,1
1.780677,0.235587,1
0.186056,0.791447,1
1.477191,-0.988319,1
1.460228,-1.716988,1
0.192505,0.289267,1
1.464407,-0.481801,1
0.557656,-1.186254,1
1.956085,-0.602825,1
1.124630,-0.318455,1
-0.068682,-0.157752,1
0.817419,1.428758,1
0.575273,0.845571,1
1.788869,0.386974,1
1.344662,0.634196,1
0.499206,-0.941489,1
0.760629,0.266214,1
0.567821,0.817616,1
0.485717,-0.289119,1
1.118589,0.106700,1
2.674580,0.901451,1
1.040069,1.212613,1
0.949762,-0.495007,1
1.733167,-0.839936,1
1.550422,-1.579097,1
0.195071,-1.553005,1
0.607979,0.593541,1
1.874141,0.415348,1
-0.303234,0.164613,1
0.652423,0.400383,1
1.325980,0.501455,1
2.628692,0.989343,1
0.864122,-0.435324,1
2.156269,-0.067573,1
2.117748,-0.611116,1
1.700365,0.605571,1
0.888897,-0.315021,1
0.584302,-0.288791,1
0.729309,-0.189910,1
1.782000,-0.041722,1
1.859808,-0.602537,1
1.039657,-1.552176,1
-0.067455,0.511083,1
2.517732,0.033362,1
0.068549,-0.458687,1
0.811256,-2.435301,1
0.079200,2.537033,1
1.227346,-0.745865,1
0.397256,-0.222691,1
1.772319,0.738098,1
0.368399,0.268885,1
0.355528,-0.720150,1
0.190772,0.091548,1
0.404103,-1.559863,1
0.209595,-0.209089,1
0.922807,0.255416,1
1.216342,1.406364,1
1.298821,-0.570280,1
1.987915,0.865355,1
2.679880,-0.955441,1
1.788149,-0.454618,1
0.984697,-0.577314,1
1.409291,-0.129741,1
0.498356,-1.422048,1
-0.222718,0.369125,1
1.422775,0.263355,1
0.473465,1.035170,1
0.859028,0.982637,1
1.888107,-0.052512,1
0.755695,0.037288,1
2.098559,0.416707,1
2.489151,-1.137845,1
1.271436,0.594985,1
-0.442895,0.619659,1
-0.590055,0.545658,1
2.792735,-1.682732,1
0.655400,-0.881594,1
-0.247326,0.807796,1
0.429265,-0.621617,1
0.510397,-0.349669,1
1.419689,-0.729604,1
1.267243,-0.430117,1
1.718372,0.453822,1
2.185605,0.716524,1
1.931431,-0.337309,1
0.542296,0.001856,1
2.376161,0.135583,1
-0.529098,1.033134,1
1.478132,-0.524794,1
1.192326,-0.195403,1
1.597132,-0.940612,1
0.939394,-1.384190,1
0.467589,-0.396819,1
0.173053,0.421415,1
0.427766,-0.111696,1
0.730628,-0.623697,1
0.636634,0.438393,1
-0.123065,-0.198185,1
1.853259,-1.710107,1
0.385423,0.369802,1
2.898705,-1.067153,1
1.021327,-0.973020,1
0.439546,-1.272265,1
0.412710,-0.427409,1
-0.082435,-0.833443,1
0.263232,0.541147,1
1.126479,-1.002111,1
0.154109,-0.791774,1
2.054721,0.225307,1
-0.624242,-0.185187,1
0.129199,1.744596,1
0.452566,-0.036574,1
-0.192612,1.494090,1
1.156320,2.523306,1
0.100239,-0.812016,1
1.398644,-0.404872,1
0.892646,2.348860,1
1.307515,-0.087303,1
0.914088,-0.752378,1
0.622342,-0.719031,1
0.462873,0.837639,1
2.096543,0.835688,1
1.798163,0.342992,1
2.037756,1.253874,1
1.104013,0.030838,1
0.542767,-0.654552,1
0.796459,0.023734,1
1.041581,2.058112,1
0.147192,0.814297,1
0.978384,-0.351081,1
1.229521,-0.681886,1
2.170689,-1.032339,1
1.910795,-0.032835,1
1.527679,0.546231,1
1.993640,-0.030399,1
1.480758,0.442957,1
2.050818,-1.303708,1
1.581231,-0.313454,1
0.554181,-1.046771,1
1.014677,0.247346,1
2.421671,-1.158806,1
0.800712,0.466394,1
0.855529,0.268800,1
-1.321384,1.024215,1
0.078428,1.182768,1
2.763963,-0.564685,1
2.297217,0.136751,1
0.006893,-1.093329,1
1.467376,-0.309927,1
0.706332,0.033987,1
1.085709,-0.427271,1
0.249070,0.200200,1
0.771945,0.303377,1
2.510112,-0.085054,1
0.822546,-1.351808,1
-0.099830,-0.295332,1
1.921843,-0.156391,1
0.459370,-1.292355,1
0.444548,0.844651,1
1.120782,1.363319,1
1.105253,1.173362,1
0.535542,-0.148356,1
1.814238,-0.988334,1
1.419038,1.029443,1
0.876281,0.784977,1
0.223653,0.925978,1
1.069449,0.825239,1
0.436404,-1.051197,1
1.095321,-0.261730,1
1.588207,1.274198,1
1.274539,0.003645,1
0.781354,0.136584,1
1.065825,0.959065,1
0.585013,0.386637,1
1.233708,1.718465,1
2.064744,-0.176265,1
1.760462,0.820965,1
2.657930,0.302790,1
1.069296,0.069708,1
1.600411,-0.468176,1
2.474350,0.866229,1
1.108564,0.263391,1
0.199450,-1.643877,1
-0.468943,-1.182368,1
2.075292,-0.655136,1
1.162498,0.891578,1
0.318730,0.337256,1
1.570337,-0.134951,1
0.797664,0.413320,1
1.437252,-0.997945,1
1.779810,-0.991997,1
-0.439433,-1.442247,1
1.644592,0.878103,1
1.443981,0.454359,1
0.329239,-0.853916,1
0.987106,-0.108239,1
0.658219,-0.926836,1
0.551772,0.313512,1
0.783828,-0.175666,1
1.642372,-0.039138,1
-0.999303,0.864952,1
1.069633,0.001904,1
2.224696,0.345385,1
0.486391,-0.020483,1
-0.036801,0.878649,1
2.165277,-0.014715,1
-0.313868,-0.406797,1
0.830659,-1.027804,1
1.875827,-0.915032,1
1.448728,0.709115,1
-0.582468,-1.452459,1
1.711803,-0.620680,1
1.221800,-0.384884,1
0.406460,-1.194944,1
0.110135,-0.883161,1
1.375100,-0.544342,1
1.146850,0.461288,1
1.675123,0.552432,1
0.986513,0.467242,1
0.621388,0.508249,1
0.845490,0.302735,1
0.764420,0.368818,1
0.836323,0.126762,1
0.428625,-0.045965,1
0.793449,1.260523,1
0.993718,0.361259,1
0.296349,-1.529189,1
0.535748,-0.202723,1
1.033788,0.394079,1
1.482425,-0.722414,1
1.102347,-0.533512,1
0.256858,-1.786838,1
1.458138,0.982285,1
0.839711,0.026138,1
0.061464,-0.163832,1
1.741949,-0.624765,1
1.416519,-0.758370,1
0.429468,1.309514,1
0.936828,0.743470,1
0.752530,-0.246598,1
0.925338,0.541485,1
0.896377,1.155916,1
0.383544,1.671097,1
0.448199,0.651091,1
0.829314,-0.588822,1
-0.919915,0.005747,1
0.631905,-0.143847,1
1.227549,1.177197,1
0.815391,1.198641,1
2.475360,-0.822594,1
-0.073407,-0.530376,1
1.599301,-0.379677,1
1.855984,-0.596243,1
1.529335,0.527384,1
0.523390,-0.452274,1
3.206463,0.875956,1
0.069092,0.154292,1
0.791836,0.748944,1
0.710501,0.082833,1
0.689080,-0.628746,1
1.375976,0.658628,1
-0.477940,-0.144777,1
0.992309,1.200842,1
0.186908,0.279033,1
2.804559,-0.448987,1
0.133592,-0.235022,1
1.450111,0.899566,1
0.702864,0.127376,1
1.131072,1.399338,1
0.151567,0.117250,1
2.162410,0.283675,1
1.029148,0.600687,1
0.120108,0.507159,1
2.131326,-0.897976,1
0.866815,0.963976,1
2.320108,2.197993,1
-0.680308,-1.338195,1
1.103306,0.218359,1
0.878326,0.716685,1
2.423699,0.384046,1
0.614306,-1.713620,1
0.048649,0.836359,1
1.245759,0.905218,1
1.171204,-0.465820,1
0.835451,-0.358020,1
1.099864,-1.168057,1
0.688375,-0.509428,1
-0.102189,1.027768,1
0.134127,0.207902,1
0.773824,0.355729,1
1.543679,-0.266672,1
0.305361,-0.489402,1
2.017149,1.208075,1
2.035805,-0.668260,1
0.779240,1.013008,1
1.422846,-0.423654,1
1.220034,-0.597440,1
0.205177,-0.145775,1
1.052477,-1.321387,1
1.649175,-0.441992,1
1.290771,-0.424316,1
0.748084,0.263338,1
0.686149,0.321712,1
-0.073393,0.086692,1
0.564832,-0.021900,1
0.945533,1.191515,1
1.456059,0.165489,1
0.761190,0.823371,1
0.653765,0.868841,1
2.228214,0.796738,1
1.563071,-1.907546,1
1.727358,-1.213952,1
1.914022,-1.099512,1
1.959224,0.827776,1
0.702087,0.189734,1
-0.520236,-0.122657,1
0.251182,1.234918,1
1.994688,-1.529916,1
1.596651,0.169946,1
2.279956,1.789995,1
-0.564591,0.121089,0
0.377312,0.938167,0
-1.005461,-0.407404,0
-1.095604,1.118540,0
-1.759944,-1.748420,0
-0.947919,-0.970371,0
-1.701091,-0.227421,0
-0.362762,-0.363909,0
-1.053172,-1.054986,0
-1.525574,0.413602,0
0.447574,0.185158,0
-1.597969,0.134728,0
-0.962463,0.161696,0
-0.479745,-0.266194,0
-2.090580,1.287012,0
-1.250134,-0.987484,0
-1.969161,0.295757,0
-1.091667,-1.410839,0
-0.909642,0.357588,0
-1.580947,-1.179075,0
0.578318,0.667144,0
-0.513099,0.973526,0
-0.589461,0.712797,0
-0.298370,0.074976,0
-1.361524,0.265347,0
-1.385271,-0.147932,0
-1.149268,-0.495121,0
-1.719031,0.333201,0
-0.922145,-0.993701,0
-0.673278,-0.402863,0
-1.070868,0.228760,0
-1.460905,0.416962,0
-0.242704,0.535280,0
-1.146558,0.444170,0
-0.642749,0.208379,0
-2.488114,-0.261352,0
-0.809238,0.783186,0
-1.359369,0.614401,0
-0.658435,-0.647595,0
-2.348204,0.958154,0
-2.485666,-0.449769,0
-1.892773,0.030086,0
-2.541654,0.455320,0
-1.027073,-0.661074,0
-0.904846,-0.686528,0
-2.842727,-1.411933,0
-1.227211,1.361643,0
-0.426525,-0.133412,0
-1.244924,0.716070,0
-0.608818,-0.045397,0
-1.085968,-1.101484,0
-1.203597,-0.711744,0
-0.134167,-0.592566,0
-1.334077,0.433424,0
-0.649976,0.880160,0
-0.974786,-1.015760,0
-3.305035,-0.824889,0
0.010873,0.513358,0
-1.473985,-0.109331,0
-1.355267,0.348955,0
-2.116680,0.440466,0
-1.777767,-0.494354,0
-1.835612,1.036351,0
-1.618156,0.368035,0
-0.660959,-0.815293,0
-0.840444,-0.729583,0
-0.495890,0.690395,0
-2.118613,0.203009,0
-0.680946,1.446620,0
-0.962003,1.072961,0
-0.340921,-0.067059,0
-1.044222,0.476093,0
-0.201334,-0.974687,0
-0.639210,0.317360,0
-0.961133,0.656600,0
0.424945,-1.302407,0
-1.092143,-1.428573,0
-0.624920,0.233154,0
-2.238334,0.246330,0
-1.005256,0.733041,0
-2.258364,1.139966,0
0.666392,0.630682,0
0.412277,-1.120594,0
0.368835,-1.265153,0
0.650557,0.756373,0
-1.765403,0.940909,0
-0.372306,-0.648463,0
-1.488445,0.607569,0
-1.305150,-0.869609,0
-1.421382,-0.736199,0
-0.151788,0.788000,0
-1.730883,-0.823394,0
0.374345,1.143494,0
-0.670781,-0.957716,0
-1.965242,1.111610,0
-1.504010,0.627927,0
-0.622438,0.467456,0
-1.729560,-0.227634,0
-0.019638,1.637537,0
-1.630135,-0.050555,0
-0.500051,-0.339620,0
-0.949305,-0.831151,0
-1.818097,-0.873809,0
-1.927409,0.844813,0
-0.578787,0.604535,0
-2.445826,0.283300,0
-0.042105,-0.161415,0
-0.281197,-0.681931,0
-1.328313,-0.598874,0
-0.456470,-0.089655,0
-2.025390,-1.635474,0
-0.752430,-0.532659,0
-0.945777,0.266598,0
-0.911730,0.724949,0
-0.894335,0.364768,0
-2.904715,-0.155204,0
-0.869773,0.816564,0
-1.262811,-0.080867,0
-2.146473,1.077867,0
-1.540999,0.126129,0
-1.112498,-0.678924,0
-1.405443,1.249541,0
-0.996657,-0.588509,0
-0.832432,-0.799090,0
-1.775031,-0.340081,0
-1.326504,0.147547,0
-1.216562,0.074589,0
-2.788265,0.110398,0
-0.120708,-0.698031,0
-0.672046,1.306427,0
-1.304224,1.477258,0
-1.788743,0.752385,0
-0.737602,0.023793,0
-1.712345,0.006466,0
0.477309,-0.350127,0
-0.995581,0.878799,0
-1.001095,-0.584875,0
-1.206012,-0.338047,0
-1.147026,-0.318484,0
-0.554067,-0.540468,0
-1.307289,-0.221076,0
-1.273973,0.638506,0
-0.879232,0.170097,0
-0.883899,-0.592218,0
-0.849544,-0.752501,0
-1.584635,0.021953,0
-1.087572,0.250710,0
-0.682106,0.170800,0
-1.466876,-0.767196,0
-1.270194,0.285625,0
-1.736170,0.915173,0
-0.336036,-0.709551,0
-1.656103,-0.612597,0
-1.874041,1.542530,0
-1.159875,0.330422,0
-0.629335,-1.276846,0
-0.700415,-0.450155,0
-1.648186,0.291855,0
-1.235029,0.628625,0
-2.154791,-0.421773,0
-0.794568,0.276220,0
-1.398634,-0.396622,0
-1.323950,-0.485950,0
-0.771150,-0.730723,0
-2.395466,0.293116,0
-0.331049,-0.104363,0
0.474250,-1.770351,0
-1.423760,0.568918,0
-0.560726,-0.704649,0
-1.529474,0.711203,0
-1.094393,-0.797609,0
-1.483267,-0.090339,0
-0.522224,1.241209,0
-1.334239,0.451263,0
-1.507131,0.956304,0
-0.185588,-0.529973,0
-0.658047,1.642133,0
-2.290368,0.033246,0
-1.439349,-0.060914,0
-1.640432,0.198168,0
-0.474840,0.735492,0
-1.034003,1.327033,0
-1.552323,0.413597,0
0.968758,-1.566366,0
-1.334924,0.554629,0
-0.847647,0.537085,0
-1.043897,-0.273258,0
-1.683124,0.369206,0
-1.172440,0.134501,0
-1.463052,0.156837,0
-0.253987,-0.526999,0
-0.535845,-0.674451,0
-1.570285,1.160419,0
-1.580301,-0.867696,0
-0.170752,-1.125343,0
-0.296047,-1.411534,0
-1.268218,0.319669,0
-1.885000,0.279376,0
-1.393876,-0.298691,0
-1.312405,0.493174,0
-0.650835,0.001575,0
-1.683881,0.228002,0
-1.310935,0.136119,0
-1.105900,-0.734717,0
-0.900974,0.280699,0
-0.134394,-0.247375,0
-1.741398,-0.113860,0
-0.923932,0.170087,0
-1.435672,-1.713256,0
0.044433,-0.139094,0
-1.921822,-0.812788,0
-1.496886,-0.625699,0
-0.997333,0.062673,0
-1.233636,0.845372,0
-0.780161,0.513216,0
-0.790662,1.914717,0
-0.571266,0.701376,0
-1.160412,1.270760,0
-1.668952,0.297812,0
-0.483868,0.030306,0
-0.710135,0.004308,0
-1.173548,1.173089,0
-0.963705,-0.209517,0
0.335819,0.466211,0
-1.531987,-0.967297,0
-2.968349,-0.218867,0
-0.292261,0.779457,0
-1.702849,0.373580,0
-0.453179,-0.162056,0
-0.469147,0.124704,0
-0.484457,-2.290707,0
-1.424142,0.608244,0
-2.250098,0.483086,0
-2.100614,1.275855,0
-0.240535,0.477357,0
-1.396675,-0.398773,0
-1.038308,0.316390,0
-1.628978,0.103681,0
-0.545215,1.275567,0
-1.236234,-0.464973,0
-0.979270,-0.974987,0
-1.357246,1.698348,0
0.050232,-1.104756,0
-0.613050,0.794457,0
-0.962688,1.286165,0
-1.277466,0.951548,0
0.401168,-1.130172,0
-0.509263,-0.581388,0
0.753933,-0.111140,0
-0.160031,-1.184863,0
-0.494744,-0.379358,0
0.150940,-0.980007,0
-0.798368,-1.393621,0
-1.594698,0.151356,0
-0.592178,-0.922756,0
-0.116290,1.658604,0
-0.997802,0.484099,0
0.525725,-0.279755,0
-0.987266,1.126140,0
-0.680576,1.405811,0
-1.960242,0.834950,0
-0.841703,-1.603508,0
-1.268434,0.230198,0
-1.216619,-1.150224,0
-1.075671,-0.675431,0
-0.684586,0.057055,0
0.031858,-0.125143,0
-1.177922,-0.552504,0
-2.114365,0.308306,0
-0.129259,-0.447108,0
-1.258721,1.712377,0
-2.098648,1.190708,0
-1.354138,1.133382,0
-1.875020,0.885665,0
-0.850107,0.386930,0
-0.595897,0.239501,0
-0.397165,0.681832,0
0.108284,-0.132910,0
-1.988913,0.808678,0
-2.148675,0.041797,0
-0.659949,1.124721,0
-0.715939,-0.298492,0
0.280202,-0.461513,0
-1.665101,-0.390688,0
-1.333997,0.178555,0
-1.457737,1.081202,0
-1.083383,-1.186099,0
-0.389279,-0.095802,0
-0.844106,-0.567987,0
-2.770271,0.529266,0
-1.289013,0.281315,0
-1.026255,1.113801,0
-1.240760,0.280925,0
-0.554756,0.724839,0
-1.289218,-0.422083,0
-0.395142,0.404692,0
-1.560114,0.142237,0
-1.421926,-0.817896,0
-0.673551,1.134852,0
-1.732939,0.640833,0
-1.210237,0.581096,0
-1.556765,-2.619499,0
0.410426,0.443731,0
-0.898709,0.402964,0
-1.524169,1.438761,0
-0.811691,-1.031996,0
-1.478179,0.713253,0
0.154670,0.088133,0
-1.645300,-0.470553,0
0.056587,1.080774,0
-2.185935,-1.143670,0
-1.272990,0.418824,0
-1.777173,0.022335,0
-1.790110,-0.262310,0
-0.422132,-0.465510,0
-0.907399,0.483786,0
-0.222467,-1.341072,0
-0.465545,-1.470818,0
-2.743888,0.170584,0
-1.961916,-0.782972,0
-0.840302,0.443687,0
-1.662577,-1.381783,0
-0.502045,0.611759,0
-0.523752,0.795997,0
-1.230546,0.329721,0
-1.642449,-1.831342,0
0.394189,-0.742492,0
-1.235665,1.208936,0
-1.713732,1.193227,0
-0.623224,0.581924,0
-0.565686,0.692096,0
-1.902033,0.202255,0
0.555046,1.143336,0
-1.449810,-0.832969,0
-0.490625,-0.364029,0
-0.828165,0.320712,0
-1.395847,-0.115102,0
-1.505470,-0.489451,0
-0.848824,-1.060956,0
-1.709468,0.262549,0
-1.917947,-0.422119,0
-0.345510,0.564333,0
-1.270156,0.466174,0
-1.105997,-0.477838,0
-0.778897,0.015983,0
-2.209800,-0.318753,0
-1.833325,0.249910,0
-1.540278,-0.371994,0
-1.157051,1.809119,0
-0.649006,0.125279,0
0.082175,1.082340,0
-0.785510,-0.538861,0
-1.695943,-0.464225,0
0.444898,-0.197791,0
-1.264988,-1.193222,0
0.590200,0.115646,0
-0.730109,0.403495,0
-1.439830,0.295305,0
-1.074262,-0.554795,0
-0.514947,0.081023,0
-0.715564,-0.953650,0
-0.016022,0.304564,0
0.136533,-0.260316,0
-1.309043,0.568751,0
-0.859736,-0.956587,0
0.451336,-1.044118,0
-0.381610,-1.956399,0
-0.909010,0.276315,0
0.091081,0.205968,0
-0.649422,1.656140,0
-0.765419,0.443705,0
-0.260977,0.305387,0
-0.061753,-0.336466,0
0.099989,-0.437233,0
-0.795479,-0.927506,0
-1.835361,1.036176,0
-0.821434,0.039423,0
-1.592032,-1.168635,0
-2.030480,-1.467003,0
-0.304274,-1.728902,0
-1.368575,0.856932,0
-0.902520,0.177992,0
0.615530,1.010530,0
-2.262476,0.919971,0
-0.553419,0.454480,0
-1.671150,-0.040044,0
-1.220172,0.764741,0
-1.041034,0.940070,0
-0.377812,-0.932173,0
-1.927089,-0.036362,0
0.137444,-0.200592,0
-1.182780,0.332096,0
-0.863889,-0.544443,0
-1.086536,-0.448004,0
-2.035502,0.033450,0
-1.762796,1.034408,0
-1.565371,-1.104982,0
-0.379474,1.370275,0
-1.491037,0.452725,0
-0.471209,0.446480,0
-0.164825,0.172871,0
0.557114,-0.842503,0
-0.476885,0.284246,0
0.101290,1.753891,0
-0.889737,0.111224,0
-0.835920,-0.066277,0
-0.258266,1.278789,0
-0.642877,0.966664,0
-1.551509,-1.476529,0
-1.927525,-0.601606,0
-1.875393,-0.555037,0
0.074141,-0.123848,0
-1.905681,1.625389,0
-0.493210,-0.735772,0
-1.549577,1.546591,0
-0.138672,0.718653,0
-0.769567,0.317606,0
-0.338969,0.319005,0
-0.146460,0.432034,0
-0.026770,-0.172851,0
-1.371143,-1.113692,0
-1.651033,-0.451760,0
-1.043911,0.570987,0
-2.222957,-0.826666,0
-0.032921,1.055838,0
-2.926426,0.540357,0
-2.075393,-0.592869,0
-2.102332,0.192438,0
0.176002,0.434523,0
-0.896547,-0.118678,0
-2.299654,-0.576018,0
-2.238985,0.633468,0
-2.412807,0.464952,0
-0.405767,0.128049,0
-0.370884,0.098489,0
-2.568522,-0.530213,0
-0.426453,-0.873020,0
-0.850883,-0.683728,0
-1.247290,-1.013278,0
-0.387063,1.099112,0
-0.555637,-0.500573,0
-0.925341,0.208257,0
-1.483589,0.118340,0
-1.681911,-1.510304,0
-1.785134,0.275715,0
-1.572542,-0.913398,0
-1.141156,0.352336,0
0.083124,-0.309788,0
-1.087632,-0.449286,0
-0.617856,0.462108,0
-0.739649,1.411877,0
-0.460318,-0.786183,0
-1.230767,0.210279,0
-0.653571,0.175537,0
-0.304426,0.031389,0
-0.427953,0.936437,0
-2.793242,-0.062548,0
-0.479798,0.160740,0
0.158526,0.432908,0
-1.411608,-0.042410,0
-1.617318,1.183725,0
-1.084251,-0.333743,0
-0.345970,1.202522,0
-1.815891,0.421283,0
-2.004778,0.360466,0
-0.899290,0.172997,0
-1.789902,-0.559978,0
-1.075545,-1.991121,0
-1.406038,-1.129306,0
-1.591386,-0.876323,0
-1.257712,0.470990,0
-2.017486,0.777261,0
-1.641545,-1.255187,0
-2.056809,-0.506081,0
-0.030742,-0.707134,0
-1.604210,-0.648938,0
-1.262242,-0.965761,0
-0.720815,-0.283723,0
-1.928407,-1.222079,0
-1.477825,0.249177,0
-1.349903,-0.501499,0
-2.600670,0.400668,0
-0.075083,-0.615532,0
0.208767,0.095596,0
-0.071189,0.295147,0
-1.061815,0.380619,0
-1.117959,-0.381623,0
-1.662295,-0.395948,0
-0.515934,0.430449,0
0.127704,-0.474530,0
-0.809100,-0.243667,0
-0.429621,-0.806943,0
-1.494606,-0.982750,0
-1.891935,-0.738711,0
-0.914501,0.391659,0
-0.508327,-0.727863,0
-0.071529,-0.137806,0
-2.114914,0.197655,0
0.883200,-0.299033,0
-1.396473,-0.200552,0
