1.757191,0.323081,1
1.267942,-0.260815,1
0.574089,-0.267610,1
1.327219,0.004081,1
-0.975653,-1.334684,1
-0.881158,-0.223578,1
1.655238,0.417192,1
-0.560568,-0.298617,1
0.716297,0.556524,1
1.781470,-1.233575,1
1.645262,-0.869666,1
0.847490,-0.472990,1
-0.077492,0.215759,1
-0.067888,0.323702,1
0.664370,-0.935240,1
2.757781,0.923989,1
1.401712,-0.061345,1
1.826311,0.126122,1
1.870110,-0.165501,1
-0.550451,-0.523191,1
0.323236,0.026619,1
1.816634,-0.069826,1
1.587308,0.581823,1
0.465850,-0.126816,1
0.045961,-0.101942,1
2.057477,1.778500,1
2.045668,-0.847224,1
2.167601,1.659097,1
1.169347,0.678639,1
0.325927,0.100608,1
1.339532,1.178491,1
1.710145,1.696687,1
0.815473,-0.539881,1
1.383780,-0.987683,1
0.576843,-0.204241,1
0.089859,0.151688,1
0.613503,-0.570205,1
0.559033,-0.259982,1
1.089954,-0.339398,1
0.232434,-1.142524,1
0.130991,-0.213084,1
1.615664,-0.423683,1
0.873807,-0.093133,1
0.095982,0.284045,1
0.591579,-0.693199,1
2.068478,-0.890650,1
1.001071,0.643474,1
2.272755,0.079951,1
0.359994,-0.204074,1
0.627360,-1.988762,1
-0.195469,1.663578,1
-0.012988,0.513243,1
-0.090932,-0.535921,1
2.438473,-1.160732,1
1.814138,-0.279981,1
0.842327,1.435213,1
2.305671,-0.914957,1
1.352514,0.217030,1
2.167456,1.238123,1
1.916027,0.497165,1
1.730041,-0.556128,1
0.754165,2.336122,1
0.297243,0.995539,1
1.017939,-0.231917,1
0.592007,-0.939690,1
1.752009,1.250840,1
0.342695,-1.405737,1
0.035725,0.329380,1
1.643331,1.399401,1
0.344401,0.525472,1
1.093577,-1.455221,1
0.312462,-0.568580,1
0.888337,-1.188174,1
1.188241,-0.127180,1
0.392779,0.404711,1
0.709113,0.646234,1
1.574386,-0.760812,1
1.779284,-0.051009,1
1.014780,-1.004547,1
1.880106,-0.268120,1
-0.679660,0.544056,1
0.291628,0.410348,1
1.602916,0.724553,1
1.585570,0.168148,1
2.295435,0.686220,1
1.357859,1.210468,1
0.514471,-1.153878,1
-0.372281,-0.046038,1
0.030244,-0.602008,1
0.229702,0.462574,1
0.976276,-1.284600,1
0.799747,-0.076682,1
2.252292,-1.035879,1
0.208559,-2.031476,1
0.925625,0.818774,1
0.824139,1.201969,1
0.786976,1.013329,1
1.841212,-0.795914,1
0.806000,-0.274686,1
0.483751,1.783202,1
-0.829426,0.015743,1
0.043729,0.735675,1
1.340351,-0.788911,1
0.970751,0.566375,1
1.098654,-0.882271,1
-0.434236,-0.170015,1
0.198972,-0.765378,1
0.442232,0.235060,1
0.072854,1.200182,1
1.623328,-0.184148,1
1.129674,1.604738,1
1.228086,0.657734,1
1.530661,0.287224,1
0.362948,0.805665,1
0.520370,0.512932,1
1.190797,0.766448,1
1.054204,0.687554,1
1.220105,0.341248,1
-0.432856,0.138155,1
0.735600,0.216718,1
0.692723,-0.683336,1
-0.711471,1.037815,1
0.035732,0.083835,1
0.704938,-0.301661,1
1.540044,-0.564290,1
1.549091,-0.287846,1
0.537071,0.671024,1
1.186695,-1.213003,1
1.300763,-0.307982,1
1.055423,-0.512096,1
0.171780,0.511462,1
-0.007894,0.884117,1
2.034124,1.118596,1
1.497776,-1.010503,1
0.683703,1.127636,1
0.352338,1.389264,1
1.071511,-1.061739,1
0.695173,-0.702846,1
0.163272,0.155171,1
1.110295,0.321017,1
1.168057,0.973102,1
0.688294,-0.174554,1
0.701588,-0.399051,1
0.085995,-0.205214,1
1.132994,1.040463,1
-0.125895,-1.933799,1
1.146658,0.031499,1
0.668577,-0.937061,1
-0.349287,-1.463401,1
0.951126,0.738361,1
2.188377,0.076267,1
0.558816,-0.426444,1
1.682818,0.412909,1
0.855704,0.134581,1
-0.270926,1.634671,1
0.499646,0.123717,1
2.095602,1.028160,1
0.069043,-0.537006,1
2.949660,0.767959,1
1.125218,-1.278245,1
1.439702,-0.418212,1
0.712014,-0.601155,1
2.292961,0.880863,1
2.855817,-0.276031,1
0.813134,-1.585860,1
0.210743,-2.062293,1
0.150755,1.045273,1
0.129462,-1.410674,1
-0.024964,-0.666136,1
0.443987,0.812055,1
0.690299,-0.030489,1
2.308819,0.789465,1
0.304477,-0.849745,1
1.492418,1.660829,1
1.934299,0.759795,1
0.655249,0.659560,1
-0.477788,0.386231,1
-0.603715,0.537610,1
1.741815,-1.032391,1
0.622907,-0.188548,1
1.567668,-0.113681,1
1.904627,0.350157,1
1.926335,-0.574971,1
0.655999,-1.000845,1
0.362849,0.460459,1
0.953821,0.022441,1
1.512367,0.565052,1
1.922011,0.280348,1
1.076751,0.636014,1
2.135912,-0.060680,1
0.451995,1.378289,1
3.140834,0.328769,1
0.057357,0.923881,1
0.048253,0.560683,1
1.735193,-0.651065,1
1.281007,-0.539157,1
0.066528,0.478371,1
-0.060151,-0.047221,1
0.012132,-1.133486,1
0.983464,-1.359137,1
-0.005815,0.316735,1
-0.292880,0.530408,1
0.104051,-0.627001,1
2.156078,-0.891295,1
1.632072,0.059839,1
0.465476,-0.841266,1
0.414843,0.374964,1
0.952182,1.876781,1
1.514816,-0.210975,1
0.709590,0.101882,1
0.715281,0.665873,1
0.944342,0.833330,1
1.700300,1.539584,1
0.340610,-0.273170,1
0.496151,0.751215,1
0.816275,-0.722159,1
1.569084,-0.943861,1
-0.370323,-0.543857,1
1.300765,0.388918,1
1.325988,-0.142850,1
0.926671,1.131725,1
1.607645,0.323116,1
1.307663,0.233810,1
0.854617,-0.202874,1
0.386492,0.115089,1
0.796557,-0.420907,1
1.501197,-0.498410,1
0.173023,1.483668,1
1.912601,0.299526,1
0.877664,1.248500,1
1.869949,0.477716,1
0.278133,0.097662,1
0.396142,-0.205919,1
0.704342,-0.438928,1
0.230557,0.050550,1
0.910632,0.124118,1
0.841405,1.735493,1
1.538074,-0.530714,1
0.276519,-1.737847,1
0.253115,0.489818,1
1.922716,1.855877,1
1.602584,-0.270434,1
-0.348559,1.510423,1
0.869377,-0.046801,1
0.299555,-0.226927,1
0.155679,-0.895130,1
0.637409,0.066321,1
-0.234926,0.008256,1
2.340746,0.001843,1
1.820039,-0.304604,1
1.065624,0.314303,1
1.332780,-0.496930,1
0.428894,-0.064203,1
1.449899,-1.231331,1
0.487790,-1.171001,1
0.865485,-0.115386,1
1.991230,0.301082,1
1.538461,1.110481,1
1.462437,0.263958,1
1.272196,-0.987015,1
1.702868,0.048276,1
0.230891,1.094213,1
0.841443,-0.344494,1
1.251543,-0.102185,1
0.936922,-1.271018,1
0.811837,-0.342692,1
2.319916,-0.354556,1
1.616939,0.545320,1
1.390848,-0.465730,1
1.869135,0.539750,1
1.422170,1.291304,1
-0.589248,0.035978,1
0.290018,0.010611,1
0.757922,-0.010564,1
2.272779,0.431094,1
1.557096,0.535871,1
0.513351,-1.095228,1
1.350156,0.047778,1
0.483228,1.107655,1
2.573057,-0.452488,1
1.345836,-0.689398,1
2.860447,0.088958,1
1.033312,0.769369,1
1.138781,1.751159,1
1.234734,0.264130,1
2.397479,0.402295,1
0.233000,-0.539331,1
0.771143,-0.863629,1
0.742009,0.220751,1
0.152764,-0.554932,1
0.343449,0.740421,1
1.587460,-0.121829,1
1.243218,0.744442,1
0.849449,0.666663,1
1.546618,0.032839,1
-0.015811,-1.008491,1
-0.267090,1.028199,1
0.880239,-1.534634,1
0.942771,-0.680460,1
1.115016,1.328921,1
-0.921673,-0.376105,1
0.839077,-0.989378,1
1.168026,-0.532070,1
0.512846,0.921287,1
1.366883,-1.079548,1
0.379483,-0.411642,1
2.608205,0.242550,1
2.025180,-0.423965,1
0.563674,-0.051804,1
-0.379226,0.645444,1
1.421834,-0.762792,1
1.426914,-0.054367,1
0.562300,0.190176,1
1.113390,-1.576936,1
0.908223,-0.160618,1
1.222072,-1.323573,1
0.695796,1.809403,1
2.068744,-0.264804,1
0.837773,1.281314,1
1.838424,-0.556858,1
1.242678,-0.265277,1
-0.617887,0.923911,1
1.813055,1.056474,1
0.618962,0.995205,1
0.888119,-0.155804,1
1.870664,-0.878266,1
1.543854,-0.010233,1
1.684300,0.157567,1
2.543201,-0.843797,1
0.753451,-0.571579,1
2.127706,1.224787,1
1.411043,-1.357331,1
1.426845,0.051628,1
1.979338,-0.108983,1
2.373716,0.052780,1
-0.953770,-1.409871,1
-0.616209,0.511076,1
0.273498,0.017771,1
1.382238,-0.070231,1
1.136696,-1.147031,1
1.064873,-1.510768,1
1.307827,-0.205272,1
1.822632,-1.302372,1
1.665524,0.372269,1
0.596126,1.066743,1
1.518318,1.074911,1
0.585871,0.908553,1
1.634646,-1.072656,1
1.443803,0.317253,1
0.758963,0.297318,1
2.135451,0.445512,1
0.340182,0.594220,1
0.559046,-0.183860,1
2.388629,0.651719,1
0.856659,-0.999220,1
0.316973,-0.083123,1
0.819336,0.610816,1
2.218708,1.460207,1
1.463333,-0.557579,1
0.668354,-0.039483,1
-0.770000,-0.105002,1
0.373014,-1.110814,1
2.889822,0.294104,1
1.762057,0.004646,1
1.824844,0.424473,1
1.268866,1.153377,1
0.263537,0.152501,1
1.134104,1.776382,1
-0.425787,0.000458,1
1.563341,2.003230,1
0.505793,-0.652413,1
0.045209,-0.040083,1
0.109693,-0.070646,1
0.156720,1.152877,1
1.408008,0.265374,1
1.157205,1.300119,1
1.006135,-0.506017,1
0.281077,1.479486,1
0.296447,-1.029379,1
1.621797,-0.563454,1
0.455166,0.950202,1
2.241415,0.841264,1
0.799673,-0.174088,1
2.207273,-0.590649,1
0.544527,-1.701646,1
1.305440,1.071800,1
0.413797,0.747835,1
1.237484,-1.795674,1
1.618341,0.740963,1
-0.040581,-0.792294,1
1.103874,-0.574936,1
1.389552,-0.212732,1
0.486070,0.010759,1
2.279668,0.548719,1
0.082243,0.546030,1
2.160332,-0.586071,1
1.026419,0.704580,1
-0.370406,-0.732197,1
1.156404,-0.459635,1
1.259882,0.130838,1
2.140512,-0.273776,1
0.783829,-1.117210,1
2.196833,0.285814,1
-0.625192,-0.177134,1
1.891067,-0.419938,1
1.387932,0.748936,1
0.752375,1.468191,1
0.390964,-0.418079,1
-0.053197,0.401217,1
1.692853,-1.654033,1
1.446900,0.256966,1
1.713984,0.215097,1
1.603137,0.047668,1
1.235469,-0.433372,1
-0.010461,0.320194,1
1.620092,-0.290581,1
0.570924,-0.332839,1
1.333606,-0.064743,1
1.760271,-0.803333,1
1.694433,-0.316099,1
0.616398,-0.585469,1
0.290593,0.705169,1
1.252498,-0.658761,1
0.478038,0.141700,1
0.922070,1.097927,1
0.837955,-1.524234,1
1.128228,0.086379,1
1.927604,0.388376,1
2.341304,-1.228690,1
0.864562,1.078341,1
2.065582,-0.129550,1
1.441175,-0.018597,1
1.576159,0.367367,1
-0.038997,0.625031,1
0.822337,-0.735900,1
2.110841,0.760575,1
0.681917,1.267209,1
-0.265483,-1.364436,1
1.142622,0.338805,1
1.250393,0.716814,1
0.139982,-0.051980,1
0.013572,-0.055147,1
1.805973,-0.551379,1
0.814509,-0.533434,1
0.994443,1.230490,1
1.795060,1.573422,1
1.256682,0.368154,1
2.997535,-1.344348,1
0.683000,-0.265353,1
1.753771,-1.099751,1
2.539944,0.496062,1
1.947238,0.469321,1
0.711674,-1.029787,1
1.555113,0.764407,1
1.301960,-0.904600,1
0.949181,0.052168,1
1.355410,-1.268552,1
0.458835,0.751123,1
2.216065,0.516821,1
-0.199679,-1.426285,1
1.516118,-1.137597,1
1.954174,0.359160,1
-0.090186,-0.155733,1
1.859046,-0.097889,1
1.181810,0.260139,1
0.098729,0.153290,1
0.924589,0.174764,1
-0.340444,-1.008114,1
1.570670,-0.335940,1
1.466895,-0.178191,1
1.444955,0.665628,1
1.809430,-2.105755,1
1.041438,1.654208,1
1.352283,-1.745916,1
1.115888,-0.324185,1
0.966309,-0.249504,1
0.268580,0.496403,1
0.957584,0.697739,1
1.483439,0.860296,1
1.197002,0.662741,1
1.676121,0.191385,1
0.632643,-0.459519,1
0.841176,-0.655154,1
2.130308,-0.284818,1
-0.185312,-0.176921,1
1.497543,-0.711065,1
1.608957,0.882552,1
0.141984,1.491942,1
0.855835,0.668523,1
0.652240,-0.990444,1
0.117868,-0.548560,1
1.233393,-0.626340,1
0.815248,0.944760,1
1.526018,-0.102881,1
2.205368,-0.745277,1
2.282252,-0.486158,1
1.126760,-0.029012,1
2.173197,0.344530,1
1.892559,-0.304026,1
1.359573,0.791452,1
-1.282033,0.279954,0
-1.627906,0.306882,0
-1.426798,-1.374590,0
-0.666198,-0.634263,0
-1.604648,0.254541,0
-0.465645,-1.369363,0
-0.796039,0.577373,0
-0.377347,-0.718779,0
-1.624120,-0.655075,0
-2.250525,-0.257660,0
0.046444,-1.078248,0
-1.649459,0.074534,0
-0.464072,-2.462469,0
-1.122550,0.276714,0
0.329389,-1.366017,0
-1.118279,-0.781152,0
-1.547542,-1.122300,0
-0.376536,0.238388,0
-0.304792,0.126659,0
-1.127278,-0.168262,0
-2.230224,0.578497,0
-1.067705,-0.793988,0
-0.158813,-0.544245,0
-1.896575,1.104056,0
-0.724822,-0.904847,0
-0.787934,-0.852400,0
-0.846178,0.370049,0
-1.435878,-0.860616,0
-0.654567,0.960951,0
-0.879665,-1.033962,0
0.206091,0.603249,0
-1.381202,-0.590229,0
-1.036524,-0.177146,0
-1.562526,0.306971,0
-0.340759,-1.300140,0
-1.174703,0.143559,0
-1.225722,-0.236174,0
-1.629073,-0.961050,0
-1.436018,1.103727,0
0.220397,-0.253596,0
0.572958,0.385071,0
-1.281092,-0.896214,0
-1.055998,-0.011994,0
-1.225341,-0.157579,0
-1.048382,-0.982735,0
-1.636739,-1.071503,0
-1.094198,-0.601620,0
-0.004619,0.737889,0
-1.061759,-0.951803,0
-0.085855,0.249111,0
-0.434011,-1.907292,0
-0.660828,-0.857673,0
-0.319921,1.174329,0
-1.761018,0.647147,0
-1.589919,-0.067607,0
-1.027589,-0.147964,0
0.038871,-0.000770,0
-1.827241,-1.315058,0
-1.691092,-0.743720,0
0.277190,-0.095392,0
-0.291331,-0.284197,0
-3.251023,-0.955624,0
0.201556,-0.180700,0
-1.299244,-0.350412,0
-1.835340,0.514544,0
0.423045,0.191101,0
-1.190974,0.012768,0
-0.987718,0.473657,0
-2.059791,-0.585814,0
-1.217134,-0.370924,0
-2.827274,1.380530,0
-0.590999,-0.315243,0
-1.304816,0.601466,0
-2.219477,0.283605,0
-0.982796,-0.347982,0
-1.541890,0.522506,0
-1.096403,0.238114,0
-1.368335,-0.174576,0
-1.436642,1.702207,0
-1.714327,-0.061718,0
-0.058782,1.272563,0
-1.156765,-0.913938,0
0.164045,0.047196,0
-1.929009,-0.681128,0
-0.302557,-0.425516,0
-1.334948,-0.755778,0
-0.511524,-0.999790,0
-0.452718,1.025538,0
-0.068064,0.175771,0
-0.477701,0.659497,0
-0.702970,-0.158293,0
-1.625118,-0.302650,0
-0.809775,-0.438215,0
-1.439435,0.175265,0
-0.974813,-0.646787,0
-1.929172,-0.798419,0
-1.348058,-0.077896,0
-0.871152,-1.040544,0
-1.382273,-0.071149,0
-1.748028,-1.277314,0
-0.620909,-0.182625,0
-1.960219,0.176933,0
-1.485601,0.739940,0
-0.559619,0.080886,0
-1.579672,1.192825,0
-0.757822,0.559759,0
-1.275218,1.272077,0
-1.925952,0.747165,0
0.025650,-1.087441,0
-1.553810,-0.228810,0
-0.158359,0.905005,0
-1.825850,-0.922298,0
-0.232503,-0.669970,0
-0.114845,1.104830,0
-1.278817,0.345814,0
0.146126,0.964293,0
-0.515256,-0.753522,0
-0.508004,1.160808,0
-2.937508,0.327678,0
-1.223418,0.856244,0
-1.776513,-0.797327,0
-1.277454,0.384782,0
-1.077804,-0.271196,0
-0.747275,-0.257298,0
-1.426440,0.161270,0
0.124510,-1.581919,0
-1.495954,-1.356269,0
-0.452190,-0.645170,0
-1.368087,-0.967125,0
-0.692682,0.908638,0
-0.752262,0.062209,0
-0.266024,-0.708478,0
-0.092671,-0.519044,0
-0.139670,0.017123,0
-0.932218,0.368206,0
0.311031,0.050145,0
-2.362124,-0.278459,0
-0.719587,0.670346,0
-0.849734,-0.028333,0
-2.137287,-0.298085,0
-1.317736,-0.742937,0
-1.636336,0.433127,0
-0.938233,0.214182,0
-2.062541,-0.110901,0
0.085681,0.807872,0
-1.090365,-0.130136,0
-1.379759,1.396749,0
-1.604355,-0.489651,0
-1.932282,-1.261695,0
-0.885835,0.253502,0
-0.007728,0.337371,0
-2.289052,0.803781,0
-0.992957,0.028536,0
-0.040380,0.329917,0
-0.826329,-0.953663,0
-2.271857,-0.258859,0
-1.727202,0.229990,0
-0.822506,-0.078382,0
-0.533646,-1.030330,0
-1.116299,-0.085057,0
-0.724952,2.693980,0
-1.433581,-1.145008,0
-2.439662,0.012756,0
-1.892113,0.162161,0
-1.944865,-0.618811,0
-1.157862,0.328588,0
-0.551404,0.498093,0
-0.161261,0.900441,0
-3.265008,-0.250934,0
-1.989075,-0.924821,0
-1.200589,-0.558408,0
-1.341359,0.920048,0
-2.261222,0.093823,0
0.243665,0.548018,0
0.035376,-0.363850,0
0.379966,0.501802,0
-1.072793,0.326303,0
0.397645,0.396580,0
-0.931565,-1.903915,0
-0.729775,0.791872,0
-0.381758,-0.124007,0
-1.380519,-0.557745,0
-1.198914,0.233465,0
-0.221139,-0.460017,0
0.425196,0.675648,0
-1.272459,-0.534960,0
0.864998,-0.460003,0
-1.278362,0.781772,0
-2.269481,-0.770353,0
-0.782363,-0.359839,0
-1.576772,-1.212450,0
-1.287092,0.770876,0
-1.672544,-0.132278,0
-2.489390,-0.102290,0
-1.172192,1.575431,0
-1.700253,-0.004579,0
-1.877930,-0.612845,0
-0.458064,0.878640,0
-0.941700,-0.679220,0
-0.198947,-0.518993,0
-1.768784,1.121649,0
-0.164674,-0.771010,0
-0.625705,-0.068570,0
0.212846,0.296646,0
0.219740,-0.654333,0
-1.884037,0.596640,0
-1.568491,0.320781,0
-0.319590,0.537064,0
0.634868,-1.075746,0
-0.267324,-1.228181,0
-1.683323,-0.934840,0
-1.501698,1.189610,0
-0.317548,0.390559,0
-0.534350,-0.722894,0
-1.323493,-0.230807,0
-2.053901,-1.623399,0
-1.936596,-0.539144,0
-1.377985,-0.936132,0
-1.701824,-0.982709,0
0.113418,0.127488,0
-0.677433,-0.091332,0
-1.228946,-0.562744,0
-2.236291,1.304619,0
-1.982287,-0.004278,0
-0.984682,1.796551,0
-1.366139,-0.259737,0
-0.967484,1.071983,0
-0.306412,1.256810,0
-0.600967,0.228522,0
-0.614163,0.027064,0
-1.025728,1.026800,0
-1.310194,0.624230,0
-2.180343,0.177455,0
0.771134,0.349105,0
-1.247974,-0.401059,0
0.049087,-0.528917,0
-1.799567,-0.933073,0
-1.357486,0.209045,0
-1.759700,0.552840,0
-0.566602,0.204540,0
-1.097434,0.027729,0
-1.188066,0.537491,0
-1.721753,-0.873042,0
-1.574878,0.734796,0
-1.574193,-0.618770,0
-1.731625,0.260913,0
-1.203073,-1.191057,0
-1.296205,0.342029,0
-1.246326,-0.108598,0
-0.903130,-0.973221,0
-0.594199,-0.100374,0
-0.748158,1.561319,0
-1.489461,0.130418,0
0.544246,-0.455378,0
-0.087870,-0.616153,0
-2.067203,0.643178,0
-0.755209,2.181975,0
-0.948991,1.054299,0
-1.294266,0.464350,0
-2.225196,-0.626027,0
-0.406287,-0.598498,0
-0.411629,0.443257,0
-1.195393,0.765472,0
-0.821378,-0.327011,0
-1.329000,-1.740701,0
-1.158967,-0.999910,0
-1.480701,-2.002083,0
-0.614537,-0.858589,0
-1.292899,0.561242,0
0.056360,-1.520952,0
-0.438358,0.985515,0
-0.228667,-0.140401,0
-0.620327,-0.318494,0
-1.861799,0.588187,0
-1.328888,0.600305,0
-0.717222,0.852432,0
-1.447446,-1.327136,0
-2.207292,-0.156736,0
-0.742906,1.092280,0
-1.474301,0.426302,0
0.585232,0.144216,0
-0.663630,-0.194798,0
0.383555,0.005231,0
-1.605807,0.935587,0
-2.469102,-0.118406,0
-0.698719,-0.977440,0
-1.721361,-0.384449,0
-1.523760,0.019384,0
0.258078,0.724133,0
-0.902369,0.429744,0
-1.425885,0.313414,0
-0.593940,0.196531,0
-1.209440,-0.790124,0
-0.105276,0.028084,0
-1.600108,0.247922,0
-1.662812,-0.550549,0
-0.286179,0.738119,0
-1.905546,1.139947,0
-1.463445,0.284946,0
-0.935740,-1.178171,0
-1.046273,0.126556,0
-1.439010,0.167734,0
-0.990234,-0.652472,0
-0.719432,-1.013158,0
0.541116,0.699601,0
-1.529947,0.023284,0
-1.403202,-0.546328,0
-2.324783,-0.471244,0
-1.189889,-0.512250,0
-1.525111,0.648063,0
-0.130942,0.841409,0
-2.100052,-0.414877,0
-1.434231,0.472744,0
-1.376468,-1.372391,0
-1.819062,0.208405,0
-1.921117,-1.578695,0
-2.395603,0.027051,0
-1.294516,0.573069,0
-0.485489,-1.067855,0
-0.258507,0.010832,0
-1.220939,-0.079034,0
-1.699009,0.418374,0
-0.998313,-0.546425,0
-0.330766,0.428953,0
-0.696722,0.298781,0
0.046395,-0.999337,0
-1.614569,-0.256530,0
-0.299597,0.820865,0
-0.897113,0.340023,0
-1.027592,0.419282,0
-0.668056,-0.005371,0
-0.475954,-1.037387,0
-1.746352,-0.230820,0
-0.411105,-1.032627,0
-0.633703,-0.570596,0
-1.520978,0.667663,0
-1.267897,-0.432949,0
-0.621716,-0.934607,0
-1.107730,0.401538,0
-1.219439,-0.207253,0
-1.374137,-0.440218,0
-1.256764,-0.378725,0
-1.003073,0.326154,0
-1.690177,-0.704953,0
-0.520026,0.568399,0
-0.148580,1.148889,0
0.193985,0.034466,0
-0.940486,-0.280760,0
-1.078697,-0.419715,0
-1.639698,-1.393329,0
-0.152343,0.606676,0
-0.707022,0.535426,0
-0.857395,1.011808,0
-1.503887,0.712857,0
-1.536530,0.725922,0
-0.509145,-1.499461,0
-1.280179,1.059461,0
-2.227630,0.112920,0
-1.422807,0.267155,0
0.191997,0.899379,0
-1.166975,1.255785,0
0.049703,0.085784,0
-2.417572,-0.387590,0
0.437795,-0.615142,0
-0.006489,-0.725806,0
-0.538406,1.407414,0
0.530447,-0.535179,0
-0.539678,-0.627492,0
-0.422322,-0.423522,0
-0.771321,0.931261,0
-0.353682,-0.079490,0
-1.253571,-0.652767,0
-1.104812,-0.074538,0
0.098187,-0.854248,0
-0.378625,0.209694,0
-0.924289,0.331689,0
-0.999306,-0.399931,0
-1.072513,0.827776,0
-0.819376,0.089119,0
-1.530733,0.257514,0
-0.308327,0.663440,0
-0.741750,1.618117,0
-0.950103,-0.961094,0
-1.380728,-0.016589,0
-1.912936,0.219956,0
-0.385653,0.422274,0
-1.921606,1.575508,0
-1.512500,0.406212,0
-0.312082,-0.850432,0
-1.537015,-0.689620,0
-0.664159,0.815213,0
-0.933065,-1.599465,0
-2.413474,-1.056871,0
-1.512654,0.051688,0
-0.248252,-1.515118,0
-1.565442,-0.500101,0
-1.264452,-0.628389,0
-0.501981,-0.624256,0
-1.454980,1.486174,0
-1.529305,0.515344,0
-0.793928,0.116786,0
-1.031914,-0.558130,0
-1.372802,-0.852094,0
-0.558002,0.079162,0
-2.112907,-0.049934,0
-1.029980,0.280713,0
-0.668994,0.737247,0
-0.688294,0.638967,0
-1.853328,-0.016085,0
-0.907667,-1.208835,0
-0.751196,0.620381,0
-0.785577,-0.394147,0
-0.438228,-0.386850,0
-2.092575,2.113938,0
-0.647201,-0.183697,0
-0.669832,0.475026,0
-0.780022,-0.670218,0
-0.255959,-0.541468,0
-1.053624,0.185655,0
-1.240918,1.173414,0
-2.723132,0.501656,0
-1.997874,0.538515,0
-0.641395,1.143018,0
-0.560527,-0.304375,0
-1.872924,0.258284,0
-0.669416,-0.805137,0
-1.537323,1.276976,0
-1.219116,0.464108,0
-0.534901,-0.036505,0
0.393514,-1.531817,0
-1.322493,-0.677548,0
-0.406610,0.296712,0
-0.712635,0.295797,0
-0.848710,-0.336448,0
-0.775110,-0.382550,0
-0.532583,-0.580152,0
-1.000671,-0.542887,0
-1.297098,0.428811,0
-0.885738,-0.192314,0
-1.658214,-0.012627,0
-1.522427,1.010418,0
-0.574433,0.125865,0
-1.613788,-0.323322,0
-1.073410,0.183265,0
-0.192133,-0.405925,0
-1.373341,-1.144206,0
0.026764,0.379402,0
-1.942082,-0.294896,0
-1.772129,0.553810,0
-0.716939,1.300142,0
-2.027618,-0.563093,0
-1.758485,-0.433566,0
-1.195219,0.331514,0
-1.938900,-0.228826,0
-0.996400,-0.041809,0
-1.026632,0.033552,0
-1.080035,0.367858,0
-0.073566,-1.005613,0
-2.244419,0.207330,0
1.098418,-0.351363,0
-0.927511,-1.284440,0
-1.286738,-0.056468,0
-2.306337,0.632087,0
-1.524379,-0.302526,0
-1.779977,-0.502396,0
-0.672157,-0.129914,0
-0.247598,1.848881,0
-0.717414,1.236563,0
-1.071165,0.047234,0
-0.342176,-0.455780,0
0.344135,-0.042408,0
-0.414733,-0.441703,0
-1.856396,-0.619106,0
0.021984,1.001725,0
-0.978350,-1.431789,0
-0.773959,1.085866,0
-1.179471,-1.582151,0
-1.388875,-0.121938,0
-2.554721,1.231588,0
-1.008320,0.396681,0
-0.447085,-0.029165,0
0.195920,0.708645,0
-0.800630,-0.401443,0
0.004816,0.375285,0
-0.348494,-0.694699,0
-3.470616,1.035436,0
-0.724834,0.206180,0
-1.850373,0.181647,0
-1.449650,0.085443,0
-1.412883,0.044335,0
-1.043342,0.019139,0
-1.867510,0.549507,0
-2.095431,-0.494251,0
-0.839192,-1.321451,0
-0.087487,1.129757,0
-0.970275,0.075482,0
-0.943075,0.474773,0
-2.239632,0.456197,0
-2.129940,-0.307762,0
-1.767377,-0.702723,0
