0.178556,0.333866,1
-0.717818,0.161855,1
0.491309,0.056951,1
0.205115,0.868684,1
-0.238952,0.219947,1
0.635167,0.050583,1
1.080914,0.429932,1
1.958504,-0.210348,1
0.951926,-0.913783,1
-0.088758,0.197829,1
2.503609,-0.565813,1
1.451893,1.352744,1
1.341211,0.313818,1
1.458489,1.457338,1
0.626660,-0.675505,1
0.735062,-0.597278,1
0.629347,-0.317503,1
1.616542,0.545670,1
-0.022629,-0.183951,1
0.196091,0.629767,1
-0.308775,-0.526557,1
0.362467,0.594208,1
1.082795,-1.427675,1
-0.664704,0.697728,1
-0.017109,0.271443,1
0.600918,0.852858,1
1.558274,-1.305794,1
2.128019,0.220327,1
1.035011,0.772907,1
-0.576106,0.833136,1
1.381645,1.253549,1
2.079625,1.902969,1
2.095480,1.569277,1
1.977049,-0.091823,1
-0.172759,0.575971,1
0.643017,1.132920,1
0.836652,-0.261526,1
1.473516,0.273259,1
0.951754,-0.319163,1
1.078817,0.311929,1
-0.912546,0.749471,1
1.217430,0.028035,1
1.093560,1.033475,1
1.845410,-0.659164,1
1.514628,-0.820417,1
-0.107369,-0.820021,1
1.044042,0.397834,1
-0.999744,-0.877797,1
0.462923,-0.338807,1
-0.192434,0.671630,1
0.504129,0.807630,1
0.817943,0.077597,1
0.202955,0.460293,1
1.278117,0.566002,1
0.786703,0.419810,1
-0.137342,-0.498993,1
0.050561,-0.104181,1
1.785926,-0.700838,1
1.940032,-0.586557,1
0.021992,-1.169105,1
2.469758,0.066417,1
0.132292,0.422076,1
1.675424,0.420780,1
0.339365,-1.580001,1
1.119594,0.784852,1
1.188101,0.575255,1
1.835014,0.371476,1
1.799211,-0.574285,1
1.373289,0.116855,1
0.325689,-0.862350,1
1.157191,0.966802,1
0.673074,-0.246881,1
2.034727,0.240269,1
1.103843,0.529597,1
2.635609,-1.119215,1
1.037027,-1.263450,1
1.709084,-0.287251,1
1.122667,0.956324,1
2.182307,0.599674,1
0.841396,-0.465406,1
0.646013,-0.677792,1
0.367073,-1.149156,1
0.522300,-0.550129,1
-0.231423,0.721159,1
1.282592,0.665348,1
1.289715,0.847642,1
0.266847,-0.927001,1
1.306322,-0.174605,1
1.616995,-0.349864,1
-0.459698,1.369834,1
1.018894,0.905388,1
1.169292,-0.263072,1
0.914724,-2.323616,1
1.688681,-0.029328,1
0.620080,-0.582718,1
0.814313,0.228405,1
1.476511,-0.489257,1
-0.144507,0.461820,1
2.046967,-0.689724,1
1.161547,0.393496,1
1.038966,-0.892295,1
1.984828,0.958852,1
1.066178,-0.964947,1
1.406612,0.648850,1
2.189242,0.578112,1
-0.393203,-1.049689,1
1.324372,0.321549,1
0.354565,-1.069845,1
0.479472,-0.359781,1
0.844316,0.765405,1
1.149955,0.304855,1
0.432148,-1.106208,1
1.362937,-0.636952,1
1.146373,-1.230160,1
1.570951,0.013147,1
-0.135959,0.701782,1
1.072193,0.447009,1
0.350249,-1.191264,1
1.986637,0.939582,1
0.260982,1.092394,1
1.064353,-1.495404,1
2.565269,1.135829,1
1.507350,1.056142,1
1.339987,-0.648197,1
1.370830,0.027890,1
1.068014,-0.296066,1
-0.046924,0.455710,1
1.055158,-0.848687,1
1.325489,-0.454538,1
0.870774,0.309824,1
0.041792,0.974012,1
2.179396,0.145720,1
0.409534,-0.378468,1
0.544555,-0.298045,1
1.069970,0.663855,1
0.059799,-0.147494,1
0.603518,0.680968,1
1.386166,0.625007,1
0.394753,0.651898,1
-0.812334,-0.506595,1
0.125190,-0.093857,1
1.694717,0.276643,1
1.630468,0.369644,1
1.657832,-0.813983,1
2.725679,-1.249699,1
0.805457,-0.851784,1
2.066797,-0.080714,1
1.533989,0.313225,1
0.846014,0.871856,1
0.979947,0.611616,1
1.421013,-0.085353,1
1.273357,0.788965,1
0.871196,-0.763668,1
1.786692,-0.632846,1
0.178871,0.890134,1
1.035316,1.497600,1
0.924562,1.160046,1
0.416205,0.733750,1
1.279013,-0.534791,1
-0.053824,0.993886,1
0.394248,0.715855,1
0.568724,0.538959,1
0.941223,-0.242718,1
0.736990,0.341317,1
0.352289,0.579843,1
1.182115,0.252103,1
1.125889,2.132471,1
1.068566,-0.372689,1
0.216400,-0.409410,1
1.065528,0.831494,1
-0.731160,-0.366602,1
1.556049,1.277378,1
0.660796,1.210288,1
0.969628,-0.422696,1
1.876440,-0.017442,1
2.088990,-0.786186,1
0.591333,-1.293449,1
2.702198,-0.744728,1
1.089633,-0.773757,1
2.211961,-0.678283,1
-0.487945,1.051228,1
1.277808,-0.776183,1
0.095158,1.139582,1
0.096348,-0.494960,1
0.528742,-0.463385,1
2.635846,-0.772958,1
1.380527,-1.007955,1
0.662465,-0.417856,1
-0.005807,0.111782,1
0.185287,-0.201857,1
0.811039,-1.438810,1
1.027226,0.199675,1
2.097128,0.454143,1
1.021647,1.200012,1
1.464611,-0.536093,1
-0.264935,0.290533,1
2.968257,-0.086103,1
0.468284,-0.402703,1
0.001267,-0.335162,1
1.827042,-0.008637,1
1.262188,0.299973,1
1.532857,0.450829,1
0.540682,0.079176,1
0.847641,-0.308938,1
-0.286955,-0.400215,1
1.296997,-1.149828,1
2.102997,0.806886,1
0.818294,0.205716,1
0.785391,1.490690,1
0.960640,1.928507,1
0.584408,-0.239869,1
2.291078,0.481284,1
1.034532,1.230565,1
0.634357,-0.038774,1
1.504921,0.091328,1
1.140114,0.484216,1
0.930347,0.930344,1
0.913882,-0.223983,1
-0.034339,1.193840,1
1.274869,1.392561,1
1.061434,-0.003232,1
1.281126,-0.149737,1
0.339968,-0.740904,1
1.085700,-0.099297,1
1.236649,0.594985,1
1.753889,1.048483,1
0.565081,-0.204108,1
0.983730,-1.629224,1
-0.050623,0.412532,1
2.184138,-0.125223,1
0.522392,-0.413272,1
1.203720,-0.340697,1
0.598917,0.743298,1
-0.314890,-0.691763,1
0.702506,1.179354,1
1.036829,1.165463,1
0.133025,-1.275792,1
0.688078,-0.006033,1
0.406801,0.245739,1
2.143519,-0.952671,1
1.667953,0.170035,1
0.936368,-0.567969,1
0.137664,-1.492202,1
0.440993,0.641308,1
0.773554,0.319139,1
1.857738,0.742655,1
0.717378,0.765554,1
0.279073,0.250946,1
0.724385,1.165585,1
0.211919,-0.061204,1
0.806594,0.276209,1
1.226068,0.105928,1
0.669776,0.252255,1
1.206879,-0.218746,1
1.396492,-1.108619,1
0.761458,-0.023641,1
1.037472,0.324170,1
1.203960,-1.305410,1
0.445055,-0.121624,1
-0.525572,-0.499406,1
1.059251,-0.686372,1
1.706343,-0.229425,1
0.761887,-0.634680,1
2.034534,0.043012,1
0.558095,0.427207,1
1.522661,-0.346189,1
-0.061115,0.096097,1
0.899507,-0.711202,1
1.141088,0.429406,1
0.502631,1.400128,1
1.715625,-1.128135,1
-0.109795,0.418914,1
0.709283,0.802292,1
1.872282,-0.006485,1
2.027826,-0.445245,1
0.864099,0.223419,1
1.810002,-0.707259,1
0.644968,-0.166870,1
1.620435,0.816500,1
0.778402,-0.942816,1
0.026203,1.506883,1
1.182179,0.125545,1
2.669699,-0.259400,1
0.835625,0.664892,1
1.205936,-0.315303,1
1.396319,-0.226179,1
0.931317,-0.180982,1
0.639969,1.596817,1
1.120006,-0.168767,1
2.363416,-0.820387,1
0.545448,0.499007,1
0.995365,-0.084275,1
1.428016,-1.544161,1
0.858221,0.194473,1
0.051325,-1.162173,1
-0.516804,-0.415067,1
1.948553,0.020669,1
-0.009417,-0.690442,1
1.160395,0.618488,1
-0.903457,1.233486,1
0.462082,0.614438,1
0.343622,0.787583,1
1.253847,-0.593135,1
0.706494,1.283329,1
2.635541,0.458880,1
0.330740,0.010990,1
0.181533,0.762024,1
0.699251,0.313133,1
1.674340,0.538998,1
2.424744,0.492391,1
1.785750,1.924502,1
1.319511,0.517249,1
1.269527,0.410825,1
0.590301,0.710820,1
0.298643,-0.580508,1
0.351723,-1.275860,1
1.571339,-0.079222,1
1.461008,0.129968,1
0.047370,-0.376210,1
-0.719750,0.516712,1
1.952198,0.842798,1
-0.242271,0.024575,1
-0.740517,2.352152,1
0.439365,0.089913,1
1.012537,0.208100,1
0.284704,-0.981012,1
2.317937,-0.828922,1
0.523880,-0.270015,1
1.526635,0.126728,1
0.576448,0.790153,1
1.982592,1.377152,1
1.027032,1.100992,1
0.132404,-0.479771,1
0.653927,0.194582,1
-0.366252,-0.606467,1
0.254247,-0.533367,1
1.606954,-0.117656,1
0.384636,-0.230457,1
1.002725,-1.444398,1
0.930505,-0.208246,1
-0.151711,-0.097657,1
1.713052,0.336808,1
1.309076,0.782282,1
2.951674,-0.175512,1
0.076196,-0.263303,1
-0.309465,0.380412,1
0.323576,1.256069,1
0.815842,0.610984,1
1.118943,0.195239,1
0.924550,-0.099385,1
0.345484,-0.357680,1
0.283121,-0.088129,1
0.570613,-0.522050,1
0.669535,-0.713897,1
0.692425,-0.598575,1
1.547026,-1.657971,1
0.521071,0.777124,1
1.240585,-1.647694,1
0.788996,-0.518000,1
1.555344,0.439204,1
0.414553,0.094939,1
1.220704,0.567632,1
1.448562,2.003182,1
1.684145,0.991660,1
1.404506,0.695313,1
0.547240,0.479671,1
1.292633,0.955891,1
2.799282,0.190903,1
1.832596,0.365738,1
-0.189794,-0.153247,1
0.528235,1.186529,1
-0.400123,-0.668483,1
1.676997,-1.309142,1
2.375972,1.514073,1
0.636633,0.136552,1
1.111605,0.334048,1
0.081715,0.550326,1
0.850911,0.498729,1
1.341326,-0.093181,1
-0.451443,-0.675563,1
0.878055,-0.634836,1
1.442576,0.532160,1
1.605775,0.254667,1
0.138246,-0.183538,1
1.465586,0.863430,1
0.046653,-0.244609,1
1.066277,-2.234262,1
1.604067,1.238042,1
0.359119,-0.374368,1
0.469788,0.076511,1
0.975906,1.061889,1
-0.386619,1.769535,1
0.502892,-0.124965,1
0.610409,0.868793,1
0.164445,0.063863,1
-0.041567,-0.131224,1
-0.187544,-0.179207,1
0.397068,-0.161910,1
2.096693,-0.226479,1
1.406330,0.443545,1
-1.189567,-0.294282,1
1.166349,0.682155,1
0.596405,-0.608940,1
0.831179,0.325017,1
0.847086,0.100237,1
-0.431725,-0.862163,1
2.127642,0.477707,1
1.595932,-1.084994,1
-0.474267,-1.745268,1
-0.214152,0.045391,1
1.330530,1.613623,1
1.126407,0.913502,1
-0.424578,0.048161,1
1.373407,-0.172303,1
1.414581,-0.337667,1
0.303080,-0.213858,1
-0.022239,1.073240,1
0.401349,-0.166999,1
1.236443,0.336795,1
1.373212,-0.536334,1
1.317056,-0.654458,1
1.220612,-1.355530,1
0.411094,-1.085224,1
0.378846,0.714593,1
0.640320,0.188475,1
0.781804,0.101768,1
0.369354,0.072868,1
1.670397,-0.859661,1
1.466232,0.049062,1
0.863836,-0.243194,1
1.784166,1.393801,1
1.017059,0.706468,1
0.406040,0.377374,1
1.350620,0.048770,1
1.239489,1.520445,1
0.921716,-0.013175,1
1.606618,1.392380,1
0.742245,0.809661,1
1.866045,-0.487510,1
1.053723,-0.188717,1
2.085995,-0.025824,1
0.415609,-0.026814,1
1.100626,0.270254,1
2.172685,0.236641,1
2.610543,1.252323,1
-0.812642,-0.046389,1
1.086173,-0.026889,1
2.320437,0.291377,1
1.339318,0.538696,1
0.297675,-0.774422,1
-0.264067,0.502584,1
2.316258,0.653676,1
2.668253,0.859349,1
0.023077,-1.339350,1
0.535147,0.300558,1
1.022115,-0.256699,1
1.309072,0.366024,1
-0.147965,-0.230893,1
0.045513,0.399745,1
1.346978,0.453195,1
1.327353,-0.152970,1
1.195613,-0.120647,1
0.534712,-0.604728,1
0.814215,1.017931,1
-0.089897,-1.401075,1
1.641547,0.785500,1
1.138297,-1.979466,1
1.688332,0.373469,1
0.496120,-0.504728,1
1.080279,1.368275,1
1.759879,-1.158083,1
1.119616,0.223637,1
-0.035945,-0.037537,1
-0.278989,-0.102804,1
-0.202515,-0.075655,1
1.890211,-0.167415,1
0.608506,-0.845965,1
1.466327,1.341183,1
1.022009,1.477790,1
1.590996,-0.382639,1
1.623656,-0.294845,1
1.675125,-0.564477,1
1.817449,-0.264583,1
0.668530,-0.444118,1
0.233043,0.217832,1
1.254378,-0.330697,1
0.414490,-0.484873,1
-0.502970,-0.598551,1
0.320819,-1.098400,1
1.549444,-0.527407,1
-0.239833,1.469137,1
1.336144,-1.008590,1
1.816577,0.830045,1
0.166689,0.736200,1
-0.259843,0.197929,1
0.625629,-0.284066,1
-0.054286,0.391070,1
1.393296,0.417216,1
0.449308,0.245151,1
2.085621,0.566714,1
2.260025,-0.912797,1
0.983575,-1.294067,1
2.098487,0.090866,1
1.583386,1.215704,1
1.121831,-0.430626,1
1.994923,1.090472,1
0.400732,0.572393,1
1.420375,-0.405246,1
0.654734,0.389206,1
1.212963,-0.030812,1
-0.205593,-0.610978,1
0.502129,0.577265,1
-0.041522,-0.478444,1
1.822751,-0.401507,1
0.824591,0.251424,1
1.519597,-0.286822,1
1.301578,0.620673,1
1.055178,0.161001,1
1.219575,0.013343,1
-0.865522,0.026181,1
0.504371,0.435678,1
0.153081,0.541307,1
1.658786,0.583264,1
0.373272,-0.986565,1
1.211513,1.897880,1
0.830992,0.422484,1
0.854227,-0.169332,1
1.746147,-1.222011,1
1.018159,-0.459584,1
0.818297,-0.272729,1
2.301208,-0.958426,1
0.055431,-0.082197,1
0.896591,0.053923,1
1.175956,0.526343,1
1.533007,-1.351165,1
1.235839,0.897473,1
0.972977,0.223982,1
1.234406,-0.706257,1
0.601703,-0.296640,1
0.747591,-0.186596,1
1.241775,0.274019,1
-0.129010,-0.731823,1
0.814536,0.890470,1
0.892208,0.003333,1
0.589218,0.197712,1
1.966125,0.615177,1
2.059832,0.423919,1
1.684779,-0.354097,1
0.041195,0.645341,1
0.638058,-0.863139,1
-0.365563,0.153506,1
0.019771,-0.784315,1
-0.490368,0.001556,1
0.420703,-1.239230,1
-0.146840,-0.185811,1
0.614987,-0.383837,1
0.632988,0.493184,1
1.587050,-1.193008,1
1.108650,-0.335547,1
1.109248,-0.499048,1
-0.224449,0.440880,1
1.367757,-0.610150,1
1.117499,0.123025,1
1.036879,0.505595,1
2.651988,-0.682273,1
1.162643,1.163322,1
0.303975,0.345480,1
1.234640,0.621162,1
1.203976,-0.271355,1
1.201490,-0.467839,1
0.328996,1.411390,1
1.556875,-0.423428,1
0.723289,1.101296,1
1.147350,0.111246,1
-0.621584,-0.916896,1
2.001522,0.720263,1
1.769414,-0.445032,1
1.373385,0.578914,1
1.472454,0.180535,1
1.185588,-1.355398,1
2.114823,1.060146,1
2.076782,-0.450976,1
1.215624,0.371218,1
1.322409,0.509057,1
0.351467,-0.465419,1
1.456515,-0.186974,1
0.610020,-1.361768,1
-0.952410,1.458416,1
-0.630846,-0.058458,1
1.257393,0.498792,1
1.154349,-0.182180,1
0.944393,-0.130438,1
-0.015567,-0.920412,1
0.250421,-0.871139,1
-0.097133,-0.142311,1
0.950364,0.159085,1
1.064434,0.511546,1
0.509298,-0.411626,1
0.762364,0.005540,1
-0.118913,-0.669782,1
0.680208,-0.381131,1
1.175756,-0.948911,1
1.272059,0.662303,1
1.207409,-0.424192,1
0.611478,0.684180,1
0.661022,0.130084,1
0.781561,0.353267,1
2.582147,-1.556394,1
1.133240,-1.007161,1
1.140938,0.140189,1
1.173455,0.009227,1
0.634297,0.574852,1
0.422598,-0.432609,1
0.087643,0.942217,1
1.239476,-0.609970,1
0.665458,-0.835747,1
0.442662,0.194514,1
0.812715,-0.318499,1
1.088441,1.014761,1
1.757966,-0.770971,1
2.430397,-1.238204,1
1.290408,-0.516554,1
1.587717,0.624657,1
0.999956,0.291201,1
0.636778,0.892715,1
2.100186,1.976665,1
1.549637,-0.502480,1
-0.297502,1.050766,1
-0.032542,-0.356469,1
2.265772,0.440698,1
0.002667,0.146982,1
-0.358192,-0.040659,1
1.404852,-0.847378,1
1.488496,1.280187,1
1.586483,0.970303,1
0.824007,0.811396,1
0.363477,-0.724256,1
0.383230,-0.525605,1
1.570200,-0.736176,1
0.687703,1.114168,1
0.613349,0.468776,1
0.770679,0.222223,1
1.219549,0.023757,1
0.885824,1.934052,1
1.988437,1.217591,1
2.155385,-0.886348,1
1.885556,-0.653225,1
0.152706,1.239373,1
0.164748,-0.233795,1
1.199951,0.621687,1
1.600547,-1.174369,1
1.685832,0.999764,1
1.045282,0.491696,1
2.198942,-1.030792,1
0.614243,0.249981,1
1.920510,0.988363,1
0.690715,0.234385,1
-0.554838,0.082127,1
1.077144,-1.330507,1
1.220449,-0.750406,1
1.064846,0.718913,1
1.189399,0.124667,1
1.171745,-0.522989,1
2.022635,0.034541,1
1.039317,0.116120,1
0.774203,0.096026,1
1.414927,-0.658034,1
-0.616749,0.289084,1
1.290368,-0.042288,1
0.790949,-0.884528,1
1.612024,-2.151063,1
1.376391,0.807705,1
0.968263,-0.173195,1
0.945949,-0.683066,1
0.224869,-1.612264,1
0.575578,0.153331,1
0.033819,0.367917,1
0.228184,-0.605321,1
-0.063208,-0.168222,1
0.801506,0.847428,1
3.156868,-0.374576,1
0.753438,-0.827654,1
-0.754533,-0.581306,1
1.363058,-0.130917,1
-0.127891,-0.293797,1
0.810884,-1.226997,1
0.155420,0.614341,1
-0.091485,0.606108,1
1.030732,0.261807,1
0.871568,0.186914,1
1.370631,-0.755514,1
1.725576,-0.859965,1
0.796891,0.220528,1
0.965227,0.769278,1
0.595363,-0.574388,1
0.703756,-1.744470,1
2.053500,-0.259883,1
1.134614,-0.750734,1
1.026597,0.100499,1
-0.076217,0.551765,1
1.729126,-0.751152,1
2.393842,0.437721,1
1.583554,-0.191754,1
1.154687,-0.043375,1
1.881937,-1.320417,1
0.367801,-0.813611,1
1.708775,-0.440483,1
0.275996,-1.480429,1
0.376828,0.697201,1
1.262355,-0.686577,1
1.505728,0.580862,1
0.401927,0.064154,1
0.867164,1.370547,1
1.020022,-0.597347,1
1.583122,-0.784379,1
1.121315,0.752239,1
0.170801,0.871776,1
1.821525,1.219547,1
0.983518,0.511008,1
1.647341,-2.103722,1
0.857756,-0.510515,1
1.318675,-1.238563,1
-0.190800,1.298269,1
0.722736,-1.062566,1
2.987553,0.520084,1
0.157528,0.410284,1
1.804981,-0.288342,1
0.286890,-1.611879,1
1.383106,-0.643565,1
0.921389,-0.054906,1
2.567195,0.045652,1
0.611368,-0.993616,1
1.056588,-1.144741,1
0.575291,0.468856,1
2.157526,-0.134586,1
1.988990,1.063509,1
1.746712,-0.765147,1
0.915028,0.149591,1
0.704678,-0.702236,1
0.303095,1.607441,1
0.849818,-0.934725,1
0.755949,1.757338,1
0.791941,0.743248,1
-0.317727,-0.531848,1
0.473044,-0.913561,1
2.687867,0.747208,1
0.527702,-0.654148,1
0.436084,-0.379723,1
1.337225,0.753185,1
0.130541,-0.278623,1
2.271356,0.881226,1
1.338477,1.014982,1
-0.704220,0.020263,1
1.074801,-0.829888,1
0.712127,-1.323073,1
0.674220,0.735089,1
0.998703,0.225747,1
0.910580,0.131407,1
0.727682,2.163024,1
-0.176915,0.105291,1
1.233117,1.283905,1
0.534827,0.110238,1
1.148995,0.752375,1
1.061568,1.091827,1
0.483222,0.172633,1
1.900237,-0.571587,1
-0.309444,-0.270600,1
1.359423,0.695882,1
1.951608,-0.428136,1
1.134186,-0.650573,1
0.509550,-0.175615,1
0.922411,-0.133838,1
0.974058,2.056750,1
1.358404,1.546147,1
1.255653,-0.536723,1
0.205006,-0.382974,1
1.912789,-0.716739,1
0.717182,0.198406,1
1.020746,0.996991,1
1.252452,0.440425,1
0.052196,0.537644,1
1.405315,-0.179342,1
0.746248,0.181719,1
0.847774,0.312215,1
-0.177422,-0.834986,1
0.760625,-0.517405,1
-0.748774,-0.466695,1
0.935387,1.568689,1
0.461973,0.426636,1
-0.170114,0.564324,1
1.147583,-0.670548,1
2.051559,0.365152,1
0.234918,-0.105832,1
0.184177,0.062776,1
1.416593,1.330742,1
-0.041286,1.466489,1
2.123845,-1.304454,1
1.030429,-0.831686,1
0.708289,0.560720,1
1.724400,-0.616721,1
1.952402,-0.221039,1
0.782612,0.305957,1
0.063497,0.229391,1
1.721007,0.118078,1
-0.893245,1.231167,1
0.938558,-0.252237,1
-0.008028,0.018602,1
0.847693,0.057565,1
0.738228,-0.226300,1
1.774156,-0.144960,1
0.419569,1.052097,1
1.179862,-0.361320,1
1.962461,-0.287776,1
1.170268,0.895086,1
2.253078,0.885419,1
0.503841,-0.130465,1
2.117161,0.286084,1
0.943430,0.929061,1
1.466615,0.621806,1
1.600230,-0.170601,1
2.687152,-0.029262,1
0.727238,0.048433,1
0.353122,-0.140317,1
1.385614,-0.892322,1
1.057600,-0.061850,1
1.647091,1.073463,1
0.486944,0.237126,1
-0.576219,0.109596,1
1.675952,0.219042,1
0.364622,0.973275,1
1.426032,-1.154731,1
-0.706561,-0.350219,1
-0.075512,-1.067130,1
1.464538,0.039195,1
0.970731,-0.849759,1
2.406926,-0.112179,1
0.620833,-0.684925,1
2.714729,0.204294,1
0.700033,-0.843467,1
2.527733,0.888973,1
0.439889,0.340148,1
0.967121,0.022327,1
1.328381,0.523892,1
0.959338,-0.399404,1
0.881617,0.148312,1
1.585602,-0.643398,1
0.742908,0.330728,1
0.757154,0.343675,1
0.924640,-0.932645,1
1.373404,-0.472797,1
1.213616,-0.413955,1
0.714268,0.342323,1
1.624768,-0.618870,1
0.386904,-0.741156,1
0.463502,0.152110,1
0.850431,-1.518405,1
1.185581,-0.709087,1
1.042538,-0.520330,1
1.839539,-0.234282,1
1.141172,1.764002,1
0.953797,0.987545,1
0.711101,0.038412,1
1.086401,-1.190120,1
1.220324,0.464177,1
0.473808,-0.250527,1
1.942012,-0.546976,1
0.475119,-0.460996,1
1.723409,1.905758,1
0.224069,0.302242,1
1.901134,-0.138591,1
-0.513991,-0.908785,1
1.222264,-1.476657,1
1.183903,0.893905,1
1.984596,0.818494,1
1.776966,1.221963,1
1.325466,0.131220,1
1.391354,0.285184,1
0.831827,0.261004,1
1.973291,0.097216,1
1.364146,0.227579,1
0.784065,-0.675650,1
1.823751,0.225360,1
1.616484,-0.622970,1
1.393124,-0.914068,1
0.779277,-0.171785,1
-0.226593,0.162901,1
1.325479,1.780803,1
2.554947,0.016247,1
0.794437,-2.289264,1
-0.473950,-1.563532,1
0.306666,1.122889,1
2.743907,0.061398,1
1.525752,-1.288712,1
1.045400,-0.228239,1
2.360417,0.328491,1
1.436560,-0.594343,1
0.911593,-0.454392,1
1.401633,1.229901,1
1.567832,0.657224,1
2.106198,0.515357,1
0.775593,0.342721,1
3.007735,0.859301,1
1.720124,-0.698002,1
0.619029,0.774949,1
1.050432,-2.163293,1
1.536364,0.725626,1
2.077307,0.362351,1
3.052402,-1.528806,1
1.187580,-0.034091,1
0.351672,-0.274739,1
0.710131,0.745348,1
2.365613,-1.288017,1
1.935203,-0.643143,1
1.131327,0.076807,1
0.659745,0.985684,1
2.246545,-1.535285,1
0.515683,0.229680,1
0.714474,-1.057624,1
1.311536,0.297765,1
0.788156,1.412474,1
1.460949,0.416561,1
0.514141,-0.110602,1
1.549266,0.592433,1
1.173267,-0.980167,1
1.320564,0.238747,1
1.174467,0.373910,1
1.933760,-0.463894,1
1.119589,0.615670,1
2.090694,-1.342489,1
1.216930,0.100000,1
1.729628,1.211506,1
1.237283,-0.326025,1
1.883289,0.249931,1
1.116292,0.168485,1
1.774115,-0.753413,1
1.684415,0.765648,1
-0.093541,-0.838857,1
0.204747,-0.878534,1
1.988339,1.346935,1
0.896289,-0.348792,1
-1.711945,-1.143967,1
0.854757,0.191832,1
1.153611,0.931365,1
-0.056813,0.621438,1
2.689906,-0.810156,1
0.193226,0.979693,1
1.585690,-0.513635,1
1.569049,-0.207001,1
0.645247,-0.111063,1
1.026183,0.039056,1
0.068189,-0.658206,1
0.070681,-0.541286,1
1.795951,0.576914,1
1.238000,-0.352612,1
2.267666,1.528792,1
2.350576,-1.528276,1
1.553642,0.510181,1
1.397957,0.007986,1
1.969434,0.587762,1
1.192591,-0.630407,1
2.108324,-0.056768,1
1.429928,-1.837186,1
1.156498,1.849078,1
-0.709223,-0.090108,1
1.756541,-0.219930,1
0.895348,-0.498461,1
1.734452,-0.449919,1
0.966552,0.356086,1
1.897206,0.309653,1
0.162712,-0.793030,1
1.338116,0.401612,1
1.640447,0.092285,1
2.350972,2.021518,1
0.343734,-0.753299,1
1.222691,-0.622262,1
0.240584,0.186283,1
1.543337,0.147611,1
0.530815,-0.140736,1
2.143326,0.268831,1
-0.163402,-0.995615,1
1.294814,0.203565,1
2.273296,-0.485354,1
1.537587,-0.188681,1
1.193120,0.531073,1
0.104776,-1.013899,1
1.121161,-0.247065,1
0.991536,0.329324,1
1.822833,0.907072,1
1.841749,-0.697807,1
1.728549,-0.042823,1
0.863697,-0.455573,1
1.788742,-1.262247,1
-0.013182,-0.175782,1
0.616208,-0.925872,1
0.314185,-0.212817,1
1.517278,-1.046944,1
-0.842622,-0.525436,1
0.678764,0.574166,1
1.294816,0.190851,1
1.360679,0.441492,1
-1.601022,-1.314732,0
-1.098457,-0.458036,0
0.527219,-0.581667,0
-2.195928,0.141213,0
-1.953215,-1.374010,0
-1.080036,-0.413509,0
-1.606599,-0.126831,0
-1.380094,-0.867771,0
0.404278,-0.033015,0
-1.292123,0.134787,0
-0.541126,0.120528,0
-0.691706,1.003497,0
-1.350197,-0.912620,0
-1.320158,-0.493502,0
0.310538,-0.102434,0
-2.474246,0.165237,0
-1.056519,-0.912878,0
-1.765072,0.214365,0
-0.621783,-0.200705,0
-0.621404,0.497225,0
-1.205559,-0.037390,0
-0.628369,0.013381,0
-1.611705,0.136579,0
-1.280147,-1.014316,0
-0.634114,-0.902707,0
0.335285,0.236372,0
-2.001994,1.023638,0
-1.188209,-0.115655,0
-1.038969,-1.236030,0
-1.547085,-0.758350,0
-1.395224,0.281038,0
-0.542885,0.384403,0
0.589270,-0.725551,0
-2.292127,0.978363,0
-0.452498,0.324559,0
-1.043946,0.825006,0
-0.128881,-0.494136,0
-1.170512,1.800678,0
-1.744921,-0.675411,0
-0.384156,-0.159707,0
-0.473838,-0.609967,0
-1.445268,-0.666130,0
-1.609074,1.533209,0
-0.786132,1.413014,0
-1.098768,0.610249,0
-1.003683,0.658099,0
-1.001501,-1.924965,0
-0.939893,-0.032005,0
0.121400,1.305321,0
0.364495,0.458470,0
-2.480955,-0.749411,0
-2.659302,1.738978,0
-0.246536,0.122021,0
-0.562814,-0.736377,0
-2.055263,1.137599,0
-2.852203,0.624473,0
-1.484344,0.347632,0
-0.924118,-0.169474,0
-1.058287,1.664470,0
-1.090096,-0.770285,0
-0.211831,-0.958032,0
-1.268213,1.519083,0
-1.405497,1.407283,0
-0.977614,-1.090024,0
-2.318278,0.066057,0
-1.181699,-0.336356,0
-2.494831,0.419734,0
-1.729343,0.906651,0
-1.038803,-0.432015,0
-0.229765,-0.165164,0
0.887015,-0.553384,0
-1.219465,-0.303544,0
-2.289767,-0.128267,0
-1.985983,1.112180,0
-0.863841,-0.302212,0
-0.092631,-0.402122,0
-1.468288,-0.360359,0
-0.303803,-1.405628,0
0.048386,-0.219881,0
-0.313184,-0.140236,0
-0.913630,-0.059281,0
-1.832308,0.779529,0
-0.723918,0.628041,0
-1.459606,1.320650,0
-0.199942,-0.075411,0
-0.191418,1.183827,0
0.675739,-0.996329,0
-1.237371,0.767753,0
-1.614258,1.249310,0
-0.656482,0.266826,0
-1.231692,-0.864006,0
-0.582062,-0.981842,0
-0.939064,-0.219940,0
-0.879778,-0.400376,0
-0.253345,0.015150,0
-0.716840,0.441447,0
-1.397501,-0.285282,0
-1.299584,0.509862,0
-1.999217,1.133457,0
-0.383266,-0.593870,0
-0.966199,-0.354380,0
-1.329504,-1.102252,0
-1.910682,-0.128491,0
-2.025079,-1.492174,0
-0.597068,-0.426395,0
0.449620,-0.210252,0
-2.300262,0.238588,0
-1.043773,0.496169,0
-0.384643,-0.479255,0
-2.177884,0.752752,0
-0.431562,0.462014,0
-0.987653,-0.864358,0
-1.792375,0.388222,0
-2.550903,0.176408,0
-1.423163,-1.291079,0
-3.210454,-0.792131,0
-1.091718,-0.460086,0
-0.996857,-0.867208,0
-0.630723,-0.300796,0
-0.263922,0.542325,0
-0.773566,-1.090254,0
-0.608992,-0.802632,0
-3.299519,-0.768424,0
-1.120811,0.385885,0
0.633604,0.568941,0
-0.032513,1.204072,0
-1.550762,-0.562966,0
-1.591199,1.468596,0
-0.735377,-1.198884,0
-2.253779,1.005288,0
-1.619554,0.351228,0
-1.237906,-0.547875,0
-1.008799,-0.524713,0
-1.336357,-0.422739,0
-0.739962,0.876527,0
-0.402316,-0.228762,0
-0.021998,-1.039428,0
-1.036172,-0.049778,0
-1.106252,0.241851,0
-2.357926,-0.694644,0
-1.692642,-0.332056,0
-0.394230,-0.517382,0
-0.920682,0.516876,0
-0.678288,-0.342586,0
-1.614844,0.767559,0
-0.379914,0.429394,0
-0.595366,-0.880070,0
-0.983042,0.321108,0
-0.796828,0.616740,0
-0.081538,-0.935793,0
-1.421939,0.872501,0
-1.124846,-0.302053,0
-1.376490,-0.625759,0
-0.871538,0.271526,0
-1.992545,0.737225,0
-0.570015,0.689628,0
-1.449549,-0.790193,0
-0.195800,0.700332,0
-0.556785,-0.656364,0
-2.057780,1.764922,0
-1.477263,1.308136,0
-1.642060,-0.673997,0
0.425933,1.030559,0
-1.456463,-0.367683,0
-1.157381,0.697227,0
0.250640,1.596368,0
-1.414711,0.061475,0
-1.075185,-1.108012,0
-1.203676,-0.518858,0
-1.751645,-0.920438,0
-0.533473,-2.184942,0
-0.749825,0.545448,0
-0.977366,1.010244,0
-2.270521,1.282813,0
-1.497308,0.650472,0
-0.211892,0.189958,0
-1.131299,1.754360,0
-0.579260,0.778291,0
-1.843438,-0.338501,0
-2.461939,0.206864,0
-2.464670,-0.516597,0
-1.685717,-0.093086,0
-0.989291,-0.148967,0
-2.827408,0.175841,0
0.003623,0.878219,0
-1.419893,0.966515,0
-0.631978,-1.253781,0
-1.014431,-0.802993,0
-1.828921,0.607524,0
-2.301892,-0.668212,0
-0.786471,-0.954991,0
-0.905559,0.073393,0
-0.787096,0.243962,0
-2.157300,-0.190922,0
0.657629,0.083547,0
-0.437567,-0.792327,0
-0.245049,1.083874,0
-0.809469,0.845671,0
0.323085,0.225061,0
-0.770032,0.137938,0
-0.410634,0.393000,0
-1.279104,-0.471376,0
0.146921,0.423634,0
-0.619290,0.600464,0
-1.141715,-0.008429,0
-1.552036,-0.866059,0
-0.260754,-0.948027,0
-1.524490,-0.742843,0
-2.091052,-0.065534,0
-1.861506,-0.588641,0
-1.733683,0.568717,0
-0.168598,-0.630578,0
-0.087929,0.242305,0
-1.250999,-0.447563,0
0.054703,0.416684,0
-0.632374,0.562612,0
0.374406,0.499225,0
-2.881353,-0.220088,0
0.227192,0.334872,0
0.219637,-0.208244,0
-0.835664,-0.271742,0
-1.686891,-1.100003,0
-0.341931,0.076444,0
0.660510,1.176298,0
-1.035813,0.816730,0
-0.761858,-0.454442,0
-0.234520,1.309016,0
-0.688429,-0.925331,0
0.720429,0.192754,0
-0.764903,0.749335,0
-0.314807,0.705662,0
-1.018201,0.293464,0
-0.223682,0.697283,0
-2.052207,1.189874,0
-1.891744,0.079929,0
-0.254278,-0.047412,0
-1.928246,-0.271208,0
-1.953138,-0.236519,0
-1.250929,-0.496748,0
-0.628155,1.433496,0
-1.030812,2.264923,0
-0.528106,-0.509595,0
-1.061125,-0.365262,0
-1.611655,-0.079934,0
-2.530878,0.456838,0
-2.112395,-0.100743,0
-1.428092,-0.015655,0
-0.125805,0.653080,0
-2.092820,-0.603958,0
-0.639555,0.909641,0
0.191402,-0.340208,0
-1.151035,0.042906,0
-1.183993,-0.998675,0
-0.877744,-0.587013,0
-0.850021,0.147316,0
1.044067,1.024305,0
-0.259662,-0.734047,0
-1.610587,0.500289,0
-1.186743,0.029230,0
-1.519871,-0.648017,0
-1.626791,-0.714389,0
-0.607103,0.711761,0
-0.659348,-0.220708,0
-2.118385,-0.919706,0
-0.880574,0.641497,0
-2.343180,0.447002,0
-0.123473,-0.040898,0
-1.609600,-0.196134,0
-1.754115,-0.013427,0
0.318980,1.960570,0
-2.631269,0.253139,0
0.011820,0.295804,0
-0.669821,1.175867,0
0.271226,0.826536,0
-1.902502,-0.498891,0
-2.322454,-1.257768,0
-0.126212,-0.659052,0
-0.448931,-0.656259,0
-0.616308,0.535156,0
-1.501010,-0.045640,0
-1.083372,0.564235,0
-1.920702,-1.019529,0
-2.066361,0.557489,0
-1.138375,0.281027,0
-1.442115,0.002306,0
-1.709585,-0.115942,0
0.943720,-0.628265,0
-0.811926,0.146520,0
0.688677,0.641035,0
-1.317653,1.212850,0
-1.504512,0.870767,0
-1.361572,-0.326130,0
-1.168621,0.272227,0
-2.023997,0.334040,0
-2.330928,-0.050700,0
-1.009916,0.383313,0
0.233532,-1.088360,0
-0.206631,-0.275526,0
-1.772372,-0.190314,0
0.387879,0.313675,0
-2.161816,-1.992137,0
-1.742800,-0.625702,0
0.384601,0.717792,0
-0.572080,-0.662375,0
0.678962,0.620302,0
-0.994679,-0.269628,0
-1.956261,1.775430,0
-1.217547,-0.038473,0
-1.004796,-0.076307,0
-1.398463,-0.628669,0
-0.247447,-0.457479,0
-1.168033,-0.260156,0
-2.273650,-0.549964,0
0.028749,-0.011922,0
-1.981970,0.415689,0
-1.002268,0.418179,0
-1.683197,-0.660181,0
-1.287180,-0.417115,0
-1.251456,-0.501243,0
-1.068139,-0.666925,0
-0.399511,-0.264127,0
-0.117810,-0.567110,0
-0.363463,0.869024,0
0.104624,0.744406,0
-2.279655,-0.481470,0
-0.554346,-0.200579,0
-0.408359,-0.441629,0
-0.098978,0.375347,0
-1.456298,-0.033601,0
-1.566976,-0.860433,0
0.884260,-1.072887,0
-0.427253,0.215744,0
-0.659408,0.386672,0
-0.652347,1.041392,0
0.257458,0.090081,0
-0.316162,0.146947,0
-0.347475,0.217295,0
-1.894137,-0.256157,0
-0.780940,-0.512232,0
-0.889675,0.466581,0
-1.436336,-0.705341,0
-0.224065,-1.032480,0
-0.034141,1.541782,0
-1.116713,0.940677,0
-2.359886,-0.653648,0
-0.490772,-0.012809,0
-3.202325,1.243595,0
-0.889212,0.440612,0
-0.664779,0.250159,0
-0.927556,0.837203,0
-0.539636,0.072041,0
-1.324634,-0.542956,0
-0.817961,0.545970,0
-2.006543,-0.217839,0
-1.418790,1.336853,0
-2.116569,-1.090710,0
-2.215419,-0.541373,0
-1.656239,-0.797849,0
-0.951055,-0.672024,0
1.325490,0.199393,0
-0.622705,-0.459918,0
-1.017214,-0.183559,0
-0.155010,0.368207,0
-1.422146,-0.446125,0
-0.924486,1.001131,0
-0.727511,-0.578791,0
-1.043869,0.699110,0
-0.428930,-0.175996,0
-1.670974,-1.151007,0
-0.530171,0.160410,0
0.162999,0.359069,0
-1.664090,0.099000,0
-1.094558,-0.056897,0
-2.394460,0.832987,0
-0.752271,-1.191821,0
-1.619485,-0.006389,0
0.084893,0.050577,0
-1.254980,0.128149,0
-1.263004,-0.785920,0
0.738669,-0.060592,0
-0.598596,0.050552,0
-0.212001,0.151278,0
-1.830241,-0.889383,0
-1.016453,-0.207494,0
-1.467963,-0.318983,0
-1.388541,-0.409901,0
-1.152790,0.201739,0
-0.406939,-0.362431,0
-0.635791,-0.052724,0
-0.657476,1.634010,0
-0.482222,0.234170,0
-0.349539,0.277825,0
-0.587856,-0.027680,0
-0.249508,1.505106,0
-0.579510,0.006101,0
-2.834488,-0.326942,0
-1.005046,-0.121396,0
-1.192338,-1.629420,0
-0.676731,0.755707,0
-0.402810,1.198531,0
-1.395032,-0.026865,0
-0.326205,0.157099,0
-0.901629,-0.154237,0
-1.154615,-0.414343,0
-1.164044,0.119823,0
-1.077095,0.063665,0
-0.006455,0.225911,0
0.080567,0.319754,0
-1.312321,-0.467295,0
-0.565045,-0.734115,0
-1.110976,-0.085784,0
-0.741305,-0.100076,0
-1.185684,0.569707,0
-1.700391,-0.369799,0
-1.324839,-0.109612,0
0.273116,0.711521,0
-1.260231,0.602004,0
-0.674334,1.699819,0
-1.433730,-0.144302,0
-1.465250,-0.253049,0
0.961462,-0.253162,0
0.370087,-0.836076,0
-0.182918,0.000399,0
-1.273971,-0.212034,0
-2.037057,-0.053152,0
0.060303,1.029127,0
-0.023050,-0.050821,0
0.525697,-0.611647,0
-1.606008,-0.722849,0
-0.410124,-0.014506,0
-0.283850,-1.732765,0
-0.640914,-0.756848,0
-0.177631,-0.816977,0
-2.094112,0.786750,0
-1.864844,-0.113676,0
-0.741660,1.364190,0
-2.142972,-0.001622,0
-1.469973,-0.575753,0
-1.003303,-0.291280,0
-0.589782,1.489935,0
0.085188,-0.919510,0
-0.805495,-0.132153,0
-0.341696,0.208898,0
-1.731113,-0.039629,0
-1.540092,1.277355,0
-0.799090,0.150145,0
0.795582,1.344865,0
-0.893246,0.062074,0
-1.226508,-0.398558,0
0.050186,0.030946,0
-0.741478,0.570704,0
-0.203350,-0.734669,0
0.173661,-0.990733,0
-1.246764,0.917010,0
-1.785236,1.995606,0
-0.881103,-0.495854,0
-1.226420,0.449992,0
-0.909250,1.401452,0
-1.616061,-1.683450,0
-2.345577,1.004048,0
-1.051364,0.160644,0
-1.336348,1.582075,0
-1.047569,0.144721,0
-1.921985,0.095944,0
-0.540964,-0.753303,0
-1.777135,-0.288913,0
-0.826055,0.630384,0
-1.488667,-1.242700,0
-2.183188,1.260222,0
-1.730320,0.609105,0
-1.168444,0.614302,0
-0.356163,-0.724414,0
-0.838440,-1.220846,0
-1.166826,-0.276953,0
-1.047255,-0.433725,0
-0.910962,-1.159700,0
-1.714290,0.438701,0
-1.130847,0.161866,0
-2.902698,-1.078695,0
-0.049789,-0.137199,0
-0.026770,0.490006,0
-0.351050,0.269559,0
-1.560527,0.384423,0
-0.799390,0.282969,0
-0.739348,0.088226,0
-0.687000,0.185376,0
-1.995693,-0.518401,0
-0.793231,1.270001,0
-2.913179,0.189551,0
-1.162959,-0.158383,0
-1.452971,-0.847756,0
-0.897538,0.713867,0
-1.336722,0.182256,0
-1.796786,0.308211,0
-1.106221,-0.703958,0
-1.261434,-0.160276,0
-1.583859,0.412421,0
-0.236366,1.082239,0
-2.046270,0.940385,0
0.924859,-0.452796,0
-0.801066,-0.820849,0
1.042005,0.348394,0
-0.386228,0.964005,0
-1.657573,-0.110377,0
-0.731468,-2.135632,0
-0.808301,-0.983297,0
0.091678,0.411716,0
-1.991866,-0.348879,0
-0.576476,-0.147620,0
0.044263,2.227375,0
-0.737711,-0.295545,0
-2.372621,0.438168,0
-1.058073,0.122962,0
-1.257678,-1.237664,0
-0.617367,-0.112738,0
0.105349,0.091644,0
0.063768,0.483846,0
0.110788,0.643894,0
-0.729765,-0.423169,0
-0.723864,0.913966,0
-0.507536,-1.808810,0
-0.418832,-0.338531,0
0.286205,-0.179403,0
-0.969824,1.713710,0
-0.559171,-0.868474,0
-1.353169,1.515182,0
-1.308384,-0.412436,0
-0.501066,-1.206643,0
-0.171249,0.131204,0
-0.737045,-1.385983,0
-1.839148,-0.854609,0
-1.227986,0.178394,0
-1.326775,0.392941,0
-0.195296,1.222481,0
-2.238400,0.045367,0
-1.198568,0.112501,0
-0.548538,0.553991,0
0.315064,1.125755,0
-1.168699,0.489463,0
-1.501560,1.302066,0
-0.111725,-0.309346,0
-1.147860,-0.461366,0
-1.502336,-0.838659,0
-0.204051,0.461753,0
-0.694759,-0.743280,0
-1.119353,0.305446,0
-0.808002,0.148736,0
-1.121574,0.161631,0
-1.818389,-0.591550,0
-0.358967,-0.489273,0
-1.474194,-0.429651,0
-2.103463,0.059562,0
0.740406,1.713856,0
-0.533757,-1.241114,0
-0.824565,-0.420439,0
-1.932737,0.680575,0
-1.328326,-0.040089,0
-1.207862,-0.180303,0
-1.201520,0.693539,0
-0.239471,0.264155,0
-0.857391,0.355519,0
-1.211449,2.150778,0
-0.070568,0.227771,0
-0.031436,0.220484,0
-0.785644,-1.420734,0
-0.749563,-0.085136,0
-0.419321,-0.012488,0
-0.759089,-2.147500,0
0.531474,-0.138436,0
-0.013881,1.536851,0
-0.661977,-0.836266,0
-0.524181,0.692225,0
-0.632728,-0.178313,0
-0.433930,-0.522679,0
-1.511348,-0.142850,0
-0.184846,0.624007,0
-1.219933,-0.075246,0
-2.283941,-0.059793,0
-1.444327,1.004509,0
-2.691152,-0.361174,0
-1.766932,0.017844,0
-0.123424,0.015167,0
-0.582209,-0.715180,0
-1.241912,0.255201,0
-2.073550,-0.059811,0
-0.918676,-1.297514,0
-1.365219,0.554134,0
0.304694,-0.115293,0
-0.744523,-1.434889,0
-0.143595,0.336505,0
-2.601596,-0.373000,0
-2.026863,-0.126078,0
-1.290606,0.167143,0
-1.935206,-1.674882,0
0.445417,0.327843,0
-1.135099,-0.005243,0
-0.246490,0.549137,0
-1.171280,0.003996,0
-1.654737,1.150972,0
-0.539642,-0.326934,0
-2.145254,-1.018136,0
-1.325276,-0.722464,0
-0.526460,-0.503257,0
-1.495044,0.635345,0
-1.897145,0.292701,0
-1.604747,-0.074849,0
-0.357501,-0.739837,0
-1.509392,0.763954,0
-1.367083,0.151008,0
-0.329199,1.308107,0
-2.469145,-0.335245,0
-1.510481,-0.244770,0
-1.583426,0.235232,0
0.098144,0.036532,0
-1.265346,-0.182174,0
-0.827078,-1.341194,0
-1.584843,1.371424,0
-0.313128,0.212347,0
-1.007302,-0.773605,0
0.007104,-1.458142,0
0.582145,0.177597,0
-1.450490,-0.979834,0
-0.464558,0.511100,0
-0.148788,0.963032,0
-1.328574,-1.067821,0
-1.161711,-1.528992,0
-1.365363,1.313109,0
-1.090255,0.552006,0
-0.543700,1.502262,0
-2.138031,0.484445,0
-0.624128,0.330369,0
-1.571877,-0.708352,0
-2.103397,-0.750953,0
-1.127139,0.445428,0
-1.863287,-1.217618,0
-0.285920,-0.708992,0
-1.469094,1.425730,0
-1.578784,0.148548,0
-1.493222,-0.549352,0
-1.598210,-0.584472,0
-0.942544,0.915480,0
-0.846853,1.310442,0
-1.623409,0.040083,0
-1.104460,-1.071517,0
-1.523210,1.065963,0
0.478168,1.233241,0
-2.328720,1.374255,0
-2.941655,-1.710641,0
-1.781648,-0.412305,0
-0.939227,0.788740,0
-0.402524,-0.853493,0
-0.673042,-0.398541,0
-1.364216,-0.501642,0
-1.632374,-0.757041,0
-0.981424,0.055140,0
-1.494793,-0.149484,0
-0.159472,-0.693832,0
-1.081448,-0.367068,0
-0.756161,-0.089067,0
0.129086,-0.072117,0
-0.649351,-0.069007,0
-1.490160,-0.016963,0
-1.105927,0.052664,0
-1.389402,0.067165,0
-0.869104,-0.368917,0
-1.106030,-0.074751,0
-0.741016,-0.268637,0
-0.864209,0.926253,0
-1.511445,0.189105,0
-0.648850,1.439723,0
-1.740712,0.651960,0
-0.826552,-1.622824,0
-0.508080,0.629311,0
-2.695327,-0.405329,0
-0.829593,-0.219183,0
-1.423650,0.542601,0
-0.779783,0.372955,0
-1.502278,-0.844883,0
-1.951469,0.581457,0
-0.567523,1.553195,0
-1.638048,-0.736688,0
-0.138085,-0.157894,0
0.291197,1.730939,0
0.544945,-0.043030,0
-0.345808,-1.097959,0
0.246804,-0.351955,0
-1.006648,-0.078051,0
-1.095570,-0.486137,0
-1.338500,0.685662,0
-0.759437,-1.061977,0
-0.641102,0.793265,0
-1.039921,-0.075628,0
-0.523623,-0.036140,0
0.067288,2.396422,0
-1.776589,-1.624779,0
-1.928668,-0.320296,0
0.101839,-0.350517,0
-2.001525,-0.804349,0
0.511899,0.772728,0
-1.040329,0.302737,0
-2.119315,-0.590180,0
-1.705433,-1.061715,0
-0.541458,0.073403,0
-1.062180,-0.409512,0
-1.152305,-0.561088,0
-0.632543,-0.265501,0
-0.537538,0.750701,0
0.491739,0.101627,0
-1.623215,0.520667,0
-0.159316,-0.112542,0
-2.215179,0.382767,0
-1.842949,0.317323,0
-1.496625,-0.866736,0
-0.867367,-0.500655,0
-0.871400,0.942180,0
-0.237739,0.134322,0
-2.323559,-0.055593,0
-0.941405,-0.097777,0
-3.091958,-0.016697,0
-1.158690,1.686929,0
-1.730419,0.671672,0
-2.303672,0.886280,0
-0.369200,1.081530,0
-0.719795,0.856167,0
0.251710,0.001040,0
-1.112616,0.445386,0
0.332620,1.314798,0
-0.594078,0.940127,0
-0.565907,-0.077355,0
-1.184884,-0.000761,0
-0.832088,0.110259,0
-1.628600,0.467274,0
-0.432807,0.428363,0
-2.261185,-1.177323,0
-0.570782,-0.618233,0
-2.029659,-0.632038,0
-0.719422,-0.231495,0
-0.012557,-0.118334,0
-1.222966,-0.629381,0
-0.051905,-0.065380,0
-0.677596,-0.902792,0
-1.301273,-1.095814,0
-1.396989,0.552063,0
-1.973800,-0.177801,0
-0.999641,0.365728,0
-0.750335,-0.967878,0
-0.491173,0.315058,0
-1.073387,-0.542295,0
-0.343610,-1.436651,0
-0.531286,-0.795763,0
-2.499116,2.488531,0
-0.946351,-1.219602,0
-0.341616,0.295404,0
-1.137067,0.377301,0
-0.622554,-0.078401,0
-0.734761,0.282537,0
-2.861521,-0.298514,0
-1.098023,0.216234,0
-0.402895,-0.823339,0
-2.145167,0.715096,0
-0.294413,-0.084298,0
-1.755966,0.674224,0
-0.649718,-0.274917,0
-1.941610,0.912049,0
-2.236558,-0.447395,0
-0.178478,-1.195928,0
-1.481129,0.852316,0
-2.034824,-0.706520,0
-1.230513,0.357316,0
0.310234,0.312367,0
-1.578630,0.553062,0
-0.160330,-0.227257,0
-1.642405,0.369845,0
-0.626843,-0.422965,0
-0.368109,-0.804473,0
-1.975160,0.512714,0
0.022980,0.480407,0
-1.465334,1.023016,0
-0.234931,-0.994555,0
-2.042489,1.071990,0
-1.444457,-1.142568,0
-0.715055,-0.269702,0
-2.593594,-0.191493,0
-0.790793,0.536144,0
-0.860478,0.103584,0
0.540146,0.525042,0
-0.154003,1.212028,0
-3.395745,-0.786298,0
-0.325203,-0.295666,0
-0.581050,-1.066949,0
0.375986,1.023633,0
-2.818097,0.413126,0
-1.450841,0.469908,0
-0.846571,-0.126363,0
1.249981,-1.327676,0
-1.789429,-0.109658,0
-0.427947,0.219235,0
-0.741436,-1.921672,0
-0.107035,0.423276,0
-2.162412,-0.022230,0
-1.364360,-0.081460,0
-1.262782,0.097797,0
-0.765080,0.097280,0
0.042913,-0.745989,0
-0.652023,-0.536706,0
-0.631711,0.032251,0
0.405387,1.629246,0
-1.826469,1.000247,0
-0.633584,-0.170569,0
-1.456606,-0.591900,0
-0.474807,-0.782392,0
-0.828052,-0.510415,0
-0.641588,-1.045189,0
-0.234248,-0.058111,0
-1.127893,1.060403,0
-0.319211,-0.329665,0
-0.093571,-0.231448,0
-1.271068,0.499386,0
-1.247850,-0.498889,0
0.155764,0.696880,0
-0.943929,-0.661872,0
-1.668260,-1.010839,0
-1.628155,1.697592,0
-2.468615,0.576271,0
-1.302462,0.678322,0
-1.324748,-0.524411,0
-1.056148,-0.495221,0
-0.863029,-1.315383,0
-0.817250,1.098765,0
0.221266,1.566545,0
0.902314,0.620843,0
-1.234483,-0.834400,0
-0.874091,0.452700,0
-0.791457,-0.848916,0
-1.232520,-0.263271,0
-0.053761,0.083206,0
-1.029130,0.872496,0
-2.280175,1.108676,0
-0.350687,-0.720258,0
-0.220957,-1.241619,0
-0.769951,1.382242,0
-0.295446,-1.027553,0
-1.032744,1.183017,0
-1.574148,-0.828824,0
-0.214430,0.817791,0
-1.065887,0.535467,0
0.307578,0.663859,0
-0.893898,0.424967,0
-2.330573,1.376326,0
-1.199986,0.838590,0
-0.221522,0.299231,0
0.124618,-0.082505,0
-0.146338,0.487976,0
-2.443323,0.301478,0
-0.553814,-0.651954,0
-2.128962,0.692543,0
-0.678388,0.601628,0
-0.388167,-0.579206,0
-0.239861,0.533733,0
-1.470324,-0.182167,0
-2.433075,0.417801,0
-2.367139,0.443414,0
-2.110111,-0.312339,0
-1.726089,0.288221,0
-0.489157,1.054481,0
-2.540403,-0.403466,0
-0.988642,0.866668,0
-0.890751,0.946403,0
-1.244495,0.370419,0
-0.558734,0.052393,0
-0.761234,-1.128941,0
-1.073065,-1.162668,0
0.748440,-1.134404,0
-0.565204,0.159052,0
-0.379801,2.577211,0
-1.382537,1.276754,0
-1.791407,-0.399178,0
-2.014143,0.284672,0
-1.334426,0.012640,0
-0.580772,1.220541,0
-1.626860,-1.310115,0
-0.629951,-0.009211,0
-1.154953,-1.358746,0
-1.392303,-0.724550,0
-0.410894,0.012652,0
0.030279,-0.063607,0
-0.844578,-0.918942,0
-0.539241,0.448223,0
0.308102,-1.346432,0
-1.343743,0.984944,0
-1.590966,0.659806,0
-1.441393,-0.169688,0
-0.312187,-0.071631,0
-0.527035,0.233202,0
-0.285746,1.813907,0
-1.190110,0.056853,0
1.058456,-0.917216,0
-1.021132,0.298121,0
-0.674194,0.806644,0
-0.896675,1.233030,0
-1.460356,-1.217427,0
-1.028451,-1.119922,0
-1.408426,0.756512,0
-1.183378,0.976727,0
-0.249541,0.843606,0
-1.108016,0.593304,0
-1.287676,0.709765,0
-0.205498,-1.568272,0
-1.297926,1.090582,0
0.306393,-0.190376,0
-0.126084,-1.071979,0
-0.686672,-0.233869,0
-0.238021,0.398235,0
-1.018296,-1.650912,0
-0.432075,-1.363997,0
-0.644716,0.939626,0
-0.652081,-1.192751,0
-2.006518,0.733371,0
-1.192557,0.610709,0
-0.927228,-0.200861,0
-1.128815,-0.892586,0
-0.460521,-0.190511,0
-1.778962,1.511181,0
0.151031,0.241534,0
0.382767,1.015827,0
-0.973359,0.086260,0
-2.114455,1.294977,0
-1.521250,0.282637,0
-0.701072,-0.347229,0
-1.824505,-0.060813,0
-2.064938,-0.196417,0
0.618858,0.629771,0
-0.729034,-0.196403,0
-0.409274,0.742009,0
-1.073702,0.434325,0
-1.172123,0.669351,0
-1.981256,-0.589041,0
-1.531951,-0.370558,0
-1.711083,0.598279,0
-0.555879,-1.528620,0
-1.056425,0.759332,0
-0.573990,-0.551194,0
-0.359930,0.682439,0
-1.086388,0.013683,0
0.206863,-1.337955,0
-0.284631,0.582049,0
-1.354416,0.901951,0
-2.557388,-0.335443,0
-2.085376,2.497407,0
-1.968457,-1.250178,0
-1.189586,-0.032369,0
-1.358097,-0.377768,0
-1.271270,-0.582198,0
-1.399882,0.051403,0
-1.027861,-1.057812,0
-0.239395,1.226268,0
-0.916638,-1.177814,0
-0.449121,0.075842,0
-0.616731,-0.847785,0
-1.465076,0.954634,0
-0.460325,-1.174753,0
-1.214541,-0.110169,0
-1.351267,0.199043,0
-1.680089,-0.232602,0
-1.098732,-0.832085,0
-2.446773,0.333947,0
-1.548493,1.308726,0
0.478459,0.896753,0
-1.904554,-1.062433,0
0.021501,0.953473,0
-0.095095,1.085406,0
-1.123811,1.007898,0
-1.143521,-0.588041,0
-0.452300,-0.131159,0
-0.490939,-0.124387,0
-1.657115,0.642099,0
-0.368289,0.275580,0
-0.508523,0.363319,0
-0.626781,-0.085810,0
-1.948076,0.818758,0
-2.494480,0.834387,0
-0.981644,0.289173,0
0.050372,-0.598142,0
-1.394344,0.377295,0
-0.137445,-1.908117,0
-1.243600,0.635003,0
-1.066213,0.669153,0
-2.695867,0.274936,0
-1.217024,0.018947,0
-1.197883,-0.961642,0
-0.218083,-0.453633,0
-0.743949,0.184345,0
-1.892714,-0.657495,0
-2.527271,-0.790644,0
-0.041800,0.802773,0
-1.243899,0.258155,0
-0.648910,-0.645735,0
-0.086855,0.478006,0
-0.877639,0.445501,0
-0.995103,0.160270,0
