1.867166,-0.497392,1
1.224833,-0.259440,1
-0.421742,0.647308,1
2.158613,-0.432901,1
0.920739,-0.808807,1
0.091142,0.570197,1
0.911855,0.288854,1
1.211367,0.935536,1
0.140407,-0.670552,1
0.266469,1.273688,1
-0.243547,1.722095,1
0.485231,-0.130868,1
0.668875,0.396082,1
0.780600,-0.548927,1
0.283345,-0.465728,1
1.251184,-0.255786,1
1.118070,0.754979,1
0.481638,-1.163738,1
1.303350,0.231316,1
1.033855,0.028096,1
0.710843,0.344082,1
-0.168353,-0.198617,1
-0.261652,1.048656,1
0.283222,0.859195,1
0.785251,0.307784,1
1.671290,-0.786823,1
-1.928689,0.451165,1
1.927778,-0.323926,1
1.132340,-0.368079,1
0.095882,-1.438492,1
2.830969,-0.601221,1
2.527500,0.494117,1
-0.357971,0.151068,1
0.719935,0.111257,1
1.205654,1.008179,1
1.563366,0.026142,1
1.649701,0.305102,1
0.238429,0.776766,1
1.674582,0.485980,1
0.695441,-0.238893,1
0.316212,-0.516802,1
0.508401,-0.004670,1
0.820402,-0.092833,1
2.633380,0.133792,1
-0.345230,-0.551784,1
0.316963,-1.296146,1
1.822155,0.764389,1
1.046817,-0.046611,1
0.821682,0.452999,1
1.021642,-1.646171,1
0.993988,0.170002,1
0.984329,-0.024864,1
1.257282,-0.943283,1
1.933963,0.739734,1
1.157833,0.291747,1
0.944283,0.854053,1
1.127475,0.188000,1
2.818009,0.035447,1
1.500545,-1.027203,1
0.291754,-1.480159,1
0.912175,0.196834,1
1.418243,0.458614,1
1.022959,1.075922,1
2.020917,-0.263860,1
1.489083,0.132064,1
0.873437,0.532086,1
0.483367,-0.850015,1
0.725878,0.710173,1
0.161618,0.386254,1
0.298451,-0.333663,1
1.345315,0.711113,1
0.011200,0.481859,1
1.216703,0.644011,1
1.216008,-0.188310,1
0.865431,0.190268,1
0.799721,-0.177130,1
0.461785,-0.803206,1
0.742502,-0.045534,1
2.059503,-0.021011,1
1.391267,0.404552,1
0.771039,0.668119,1
0.543534,-0.134616,1
0.239619,-0.157008,1
2.722903,-0.106436,1
0.462166,0.474119,1
1.129078,0.806298,1
0.474265,-0.483616,1
1.295718,-0.108993,1
2.695291,-0.015875,1
1.337076,0.249351,1
0.804023,0.731154,1
-0.002959,-1.084190,1
1.111072,0.805318,1
0.384330,1.022417,1
1.515458,0.447241,1
1.164950,1.177147,1
1.744233,0.600527,1
2.415730,-0.228886,1
0.968938,-0.099182,1
0.007531,-0.253030,1
1.252493,-0.513350,1
1.852393,0.892081,1
0.860293,0.522974,1
1.233295,0.499352,1
0.631882,0.974649,1
0.226157,-0.552901,1
1.616740,2.311675,1
0.974851,0.070240,1
1.142679,-1.423939,1
0.840939,0.385092,1
0.676204,-0.075900,1
2.693504,-1.370069,1
1.434783,0.280792,1
0.587202,-0.927921,1
0.806176,0.707546,1
0.159358,-1.342262,1
0.132752,-0.350831,1
1.180609,-0.925145,1
0.880218,0.786512,1
-0.245478,0.382116,1
1.910298,0.337133,1
1.055983,0.242054,1
2.162264,-1.717929,1
1.342218,0.163902,1
0.015384,0.437898,1
0.755391,-1.380782,1
1.855138,-0.893462,1
1.090182,-0.371172,1
1.253379,-0.093332,1
2.176462,0.143350,1
1.787697,-0.324530,1
-0.842539,-0.100363,1
1.180085,-0.184009,1
-0.001973,-0.064528,1
1.519452,1.042009,1
1.028735,2.204255,1
0.352538,0.083651,1
2.392724,-0.121017,1
-0.272366,0.039403,1
0.868987,0.031627,1
0.625328,-0.617540,1
1.766592,-0.750384,1
1.591111,0.258150,1
0.598745,-0.204523,1
0.675430,-1.310869,1
0.480537,0.237782,1
1.956699,-0.354420,1
2.696748,-0.455387,1
1.453871,1.437480,1
0.367991,-0.912648,1
1.418298,0.156684,1
0.925196,0.948201,1
-0.330677,-0.543522,1
0.892298,-0.261986,1
2.407752,-0.199076,1
0.686330,-0.090065,1
1.042832,0.481319,1
1.976392,0.317673,1
2.689240,1.009435,1
1.812345,-0.948236,1
1.251655,-0.182208,1
1.167447,-1.737631,1
2.231606,0.306719,1
0.840574,0.406271,1
0.628746,0.026750,1
1.324721,-0.044025,1
0.519096,0.465150,1
2.158146,0.304162,1
1.096013,-0.325686,1
1.731564,-1.994453,1
1.862144,-0.465532,1
1.268548,-0.023666,1
2.039511,-0.899516,1
-0.416219,-0.812137,1
0.238882,-1.104352,1
1.125150,-1.015685,1
0.876796,1.025537,1
0.092231,-0.355988,1
1.128281,0.281935,1
0.758642,-0.263807,1
0.033106,-0.915377,1
-0.246674,0.437122,1
1.857932,-0.456051,1
1.072173,0.685437,1
1.157263,0.397264,1
1.834208,0.939111,1
1.162596,-0.580813,1
1.098208,0.704963,1
1.359355,-1.045300,1
0.205178,-0.472695,1
2.562630,0.042006,1
1.821953,-0.056087,1
-0.245951,-0.784356,1
0.136383,-0.734630,1
0.141401,2.500985,1
2.053539,1.197985,1
0.806707,0.076100,1
1.248086,-0.602560,1
0.933253,-0.523356,1
0.056640,0.047242,1
2.281912,0.442538,1
1.844344,1.549337,1
0.273229,-0.484559,1
1.268135,0.523267,1
1.603118,0.468463,1
0.374924,0.295638,1
-0.576892,-0.660959,1
0.357545,0.499818,1
1.640322,-0.899031,1
0.871554,-0.372120,1
3.338018,-0.044631,1
1.093548,-0.553829,1
0.392723,-0.529366,1
0.636014,-0.283609,1
1.208295,0.238897,1
0.886084,-0.704393,1
1.581506,0.779988,1
0.695377,0.385194,1
0.875618,-0.064758,1
-0.287935,-0.357954,1
1.144905,-1.270411,1
0.747395,1.483238,1
0.647385,-0.405311,1
0.762266,-0.615727,1
0.727226,-0.727754,1
0.707862,1.868601,1
1.639904,-0.212641,1
1.188173,0.727092,1
1.785297,0.456170,1
2.050821,0.410277,1
0.608132,0.992093,1
0.785455,0.121868,1
1.049565,-2.127561,1
1.624607,0.803337,1
0.700964,-0.642735,1
0.514393,0.608165,1
1.767936,1.503524,1
1.929706,0.020789,1
-0.663859,0.647628,1
1.665331,0.304658,1
1.953908,0.234314,1
1.618533,-0.528153,1
1.085978,-0.332651,1
0.919072,0.705626,1
0.680651,-0.552006,1
1.514903,0.704240,1
1.169454,0.531691,1
1.436815,-0.812405,1
0.854668,-0.008715,1
0.727194,-1.135887,1
1.070095,-0.338340,1
-0.198464,0.398395,1
0.945315,-0.586921,1
0.524460,-0.216489,1
1.069737,-0.705828,1
0.646405,-0.650138,1
0.117857,0.993477,1
0.831740,-1.313069,1
1.392549,-1.180605,1
1.340235,0.606725,1
0.396196,-0.640324,1
0.953264,-0.529300,1
1.272789,-2.324421,1
-0.326949,1.532093,1
-0.615715,-0.920834,1
0.740838,-0.367841,1
1.384496,-0.980996,1
0.940620,0.904742,1
1.340872,1.143501,1
0.237117,-1.426652,1
0.586951,-0.532760,1
1.723505,-1.414145,1
0.638973,0.332283,1
1.276089,0.799543,1
0.666214,0.456664,1
0.216489,-0.518017,1
1.604339,-0.599184,1
1.507270,0.145587,1
-1.178198,1.187780,1
0.597286,-0.473971,1
2.053886,-0.260667,1
1.034189,-0.357260,1
1.349753,0.067137,1
0.280275,-0.565118,1
-0.643786,0.545879,1
1.304174,-0.841108,1
2.293767,1.062312,1
-0.087910,-0.375294,1
1.257794,-0.205527,1
1.190781,1.035819,1
0.807852,-0.434673,1
1.553560,-0.577614,1
0.002411,-0.741417,1
-1.293008,1.574814,1
1.036356,0.771967,1
0.570258,-1.789599,1
1.922430,0.023055,1
-1.115731,-0.621985,1
-0.087977,0.071142,1
1.948881,0.067585,1
1.529017,-0.007836,1
1.192453,0.433078,1
-0.175608,-1.670283,1
2.459745,1.397379,1
1.114310,0.740272,1
2.026421,1.294593,1
0.456635,1.308501,1
0.978976,-0.234317,1
-0.052722,0.781309,1
-0.562542,-1.042607,1
2.354219,0.156066,1
1.393246,-0.088193,1
0.717330,-1.128447,1
0.939309,-0.353129,1
1.439053,-0.430688,1
0.274782,0.461285,1
2.122139,-0.104865,1
2.373156,0.223707,1
0.791105,0.062227,1
1.633719,0.089223,1
0.449068,0.471125,1
0.990748,0.728552,1
0.977642,-0.423713,1
-0.541300,0.167940,1
0.944311,-0.344165,1
-0.204251,0.841071,1
0.813827,1.187832,1
2.602787,0.635629,1
0.306056,0.174070,1
1.351258,-0.208758,1
0.670954,-1.078263,1
2.350208,0.180475,1
1.676437,0.401375,1
1.321093,-0.172178,1
1.651476,1.841808,1
1.912242,0.619712,1
1.698950,0.349986,1
1.311660,-0.753746,1
0.179689,-0.188996,1
-0.403000,-0.167732,1
-0.074184,0.056137,1
1.017989,1.179272,1
0.872241,1.056260,1
1.778772,-1.136980,1
1.706948,0.093349,1
1.405795,0.565457,1
0.440467,-1.042502,1
0.024158,0.135053,1
1.961513,-1.140223,1
0.239184,1.167742,1
1.141207,-0.454345,1
2.007781,0.860619,1
1.199047,-0.584096,1
1.497165,0.542336,1
1.071906,0.206928,1
0.734425,-0.226625,1
1.984089,-0.486131,1
1.302555,1.100403,1
2.236489,-0.275377,1
1.618959,0.484469,1
0.913794,-0.988912,1
0.327153,0.521670,1
1.987967,-0.681444,1
1.049547,0.036052,1
1.148812,-0.341124,1
1.370001,1.317542,1
1.007778,0.634804,1
0.924903,-0.006546,1
1.112992,-0.668690,1
2.054934,-0.015412,1
0.164928,-0.424210,1
1.216323,0.172837,1
1.060262,0.250360,1
1.331326,-0.148693,1
0.729422,-0.227312,1
0.412837,-0.599861,1
1.706321,-0.970719,1
0.587407,-1.930386,1
0.867485,0.620560,1
0.051102,-0.971618,1
1.161812,-1.368876,1
1.042059,-0.881824,1
1.634636,-0.565608,1
1.578563,-0.458888,1
1.641971,0.013543,1
0.790351,0.791940,1
1.870280,-1.078138,1
0.816713,-0.108192,1
1.690510,-0.278297,1
0.871673,-1.395348,1
0.761634,0.653735,1
0.737611,0.210429,1
0.856021,-1.182538,1
1.106883,-2.179451,1
0.974797,-0.290739,1
1.031703,0.560173,1
1.136639,-0.228411,1
0.738477,0.486900,1
0.350702,-0.339696,1
0.732671,0.440227,1
1.031836,0.853319,1
2.030994,0.467498,1
0.803422,0.049622,1
-0.702591,-0.027998,1
1.837021,-0.790232,1
0.251045,-0.028972,1
0.787199,0.504173,1
-0.078900,-1.461056,1
0.382466,0.192827,1
1.462598,-0.133538,1
1.451083,-0.172537,1
0.874497,-0.750749,1
0.384013,-0.381095,1
1.942130,0.122392,1
1.626068,0.152882,1
0.130707,-0.995358,1
0.626018,0.598262,1
-0.167905,0.719303,1
1.715372,-0.005740,1
0.823080,-0.560575,1
1.361072,-0.711063,1
-0.794705,-0.831556,1
1.615158,0.185845,1
0.835403,-0.987843,1
2.118619,-0.040587,1
0.472900,-1.803568,1
1.310462,0.201344,1
0.632679,-1.747774,1
0.683124,-0.000725,1
-0.069799,-0.141729,1
0.220824,0.609589,1
1.343501,1.494743,1
0.867011,-0.261829,1
0.904182,-0.718905,1
0.953543,-0.769357,1
-1.135448,-0.950546,1
1.124885,0.847645,1
1.177722,0.711176,1
2.177930,-0.666373,1
0.634684,-0.395589,1
0.677860,1.047335,1
2.060731,0.235262,1
-0.094857,-0.658448,1
-0.718765,-0.342646,1
1.325377,1.637203,1
0.660768,-0.571982,1
0.983387,-0.455005,1
0.728655,-0.351527,1
1.318793,0.710263,1
0.964334,0.910731,1
1.124161,-1.089582,1
2.396558,0.404249,1
0.509645,1.161820,1
0.160675,-0.978679,1
2.199954,-0.619339,1
0.405726,0.934985,1
0.960996,-0.762538,1
1.406418,-0.428015,1
0.805150,0.009266,1
1.636833,0.701371,1
1.814478,-0.413718,1
0.751453,-0.509945,1
1.262689,-0.218811,1
1.327940,-0.170333,1
-1.984033,0.626155,1
-0.076983,0.007204,1
1.698316,-0.174547,1
0.411512,-1.040882,1
2.106116,-1.060907,1
0.681052,-0.426780,1
0.726782,-0.845541,1
1.710573,0.102467,1
1.746099,-0.756579,1
0.426616,1.558203,1
1.059970,0.547022,1
0.546813,-0.096260,1
1.989940,0.468379,1
1.445075,0.191168,1
1.311309,-0.727365,1
0.706037,1.138264,1
1.168243,0.244282,1
0.286296,-0.463092,1
0.317554,1.811823,1
1.604749,0.100608,1
0.611421,-0.726403,1
-0.101750,0.246241,1
2.073499,-0.298030,1
1.111797,0.378397,1
0.191284,1.000158,1
0.231948,-0.289008,1
1.226877,-0.461940,1
0.277065,-0.565775,1
1.030027,-0.133699,1
0.183488,-1.324356,1
0.478305,1.268971,1
0.346315,-0.517062,1
1.975992,0.043727,1
1.625008,1.335340,1
1.281234,0.951952,1
1.690720,0.040132,1
0.121864,-0.576371,1
-1.131618,-1.314608,1
1.075757,0.406127,1
1.333491,1.167031,1
-0.369400,-0.727606,1
0.765807,-1.493702,1
0.723376,0.483808,1
0.865875,-0.292510,1
0.439415,1.087611,1
0.186416,0.185294,1
-0.974132,-0.569985,1
2.594920,0.858164,1
2.223186,-0.317916,1
0.553291,0.280114,1
1.154925,-0.069307,1
0.475868,0.351159,1
0.511189,-0.809517,1
-0.208204,-0.606206,1
0.067147,0.551999,1
0.669536,-0.013337,1
1.165128,-0.648413,1
0.861891,0.192487,1
1.257304,-0.201817,1
1.188685,0.180384,1
1.269088,-1.614793,1
2.411117,0.251477,1
0.799890,-0.181163,1
0.122393,0.378609,1
0.980478,1.267908,1
0.151588,0.420341,1
1.625357,-0.107405,1
2.480554,1.067831,1
0.379249,0.086661,1
0.282004,-1.362911,1
1.036100,-1.350557,1
0.930595,-0.031785,1
1.626666,-1.204912,1
0.912535,-0.637733,1
0.427083,-0.114928,1
0.962449,0.612239,1
1.318223,-0.215695,1
1.714715,-0.097926,1
1.612868,-0.509003,1
0.440871,0.438315,1
0.151792,0.355298,1
1.100093,-0.889853,1
0.356054,0.758286,1
0.458055,0.907347,1
3.004679,-0.751520,1
1.032522,0.691986,1
0.316077,-0.014119,1
1.275992,0.030628,1
1.806196,0.101866,1
1.177586,-0.761349,1
0.188730,-0.502410,1
-0.448673,0.849293,1
2.027179,-0.920608,1
-0.402487,1.056921,1
2.758754,0.121904,1
1.175697,0.281342,1
0.817863,0.193680,1
-0.219183,-0.773319,1
1.675023,-0.149760,1
0.175223,0.228408,1
0.863885,0.124336,1
1.323382,-0.526779,1
0.121014,-0.962649,1
1.349757,0.695069,1
2.236743,0.034859,1
0.001305,0.495910,1
0.796501,-0.102854,1
-0.650237,-0.099931,1
1.553460,0.826583,1
1.620961,-0.399536,1
-0.160862,-0.345012,1
0.068515,-0.256304,1
0.032444,-0.135621,1
1.294208,-1.329146,1
-0.823878,0.806815,1
1.734382,0.113010,1
0.609328,1.233210,1
0.619820,0.379613,1
1.461135,0.666593,1
0.936536,-0.393141,1
0.268777,0.515575,1
1.497166,-1.380638,1
2.754069,-0.757784,1
2.725693,-0.158374,1
0.950001,-1.315945,1
1.243627,-0.585175,1
0.383238,0.211392,1
1.073084,0.098120,1
1.629907,1.501387,1
2.664167,-0.328955,1
0.857627,0.141866,1
2.072985,-0.495719,1
3.057665,0.188252,1
1.133730,-0.444356,1
-0.238363,0.543563,1
0.453800,-0.191966,1
0.755913,-0.746998,1
0.728510,-0.461776,1
0.558367,-1.072573,1
0.569267,0.800112,1
0.393514,0.198512,1
0.938943,0.507583,1
1.257768,-0.368646,1
1.957725,0.219478,1
1.499768,1.458395,1
0.469878,-0.095282,1
1.166584,0.174529,1
2.163103,-0.983644,1
1.514465,-0.387620,1
1.058964,-0.105776,1
1.314388,1.058749,1
1.085517,-0.620014,1
1.324027,1.399516,1
1.342867,0.635725,1
2.488308,-1.034113,1
-0.531860,-0.008350,1
0.646358,0.302523,1
0.345882,-0.367437,1
0.969542,-0.207021,1
1.476426,1.070733,1
0.484734,-0.471106,1
1.913188,-0.884207,1
1.995977,-1.159402,1
0.910096,-0.530202,1
1.472302,-0.623182,1
1.190239,-0.071565,1
-0.120360,-0.966262,1
-0.826391,-0.708329,1
1.016555,-0.385679,1
0.992242,0.582717,1
1.282600,0.461887,1
0.879939,-1.553702,1
0.544714,0.880620,1
0.970527,-0.970114,1
2.393512,0.360736,1
1.838599,-0.170895,1
0.250855,0.107367,1
0.969846,0.857454,1
1.585488,-0.101147,1
1.971413,-0.255177,1
1.408803,0.599833,1
0.019294,0.828466,1
0.573285,-0.543381,1
0.916986,0.166671,1
0.037273,0.103200,1
1.483250,-0.442056,1
1.500552,1.529999,1
1.542223,0.739393,1
1.398786,-1.077753,1
0.392913,1.662211,1
-0.050690,-0.142438,1
1.960586,0.206104,1
1.506346,-0.060715,1
0.926549,0.089210,1
-0.213750,-1.249793,1
-0.425272,0.190925,1
0.384175,0.738363,1
1.690661,-0.592224,1
1.021286,-1.635363,1
0.984692,-0.978420,1
1.179420,-0.436592,1
1.324236,-0.109608,1
0.852374,0.686071,1
1.968287,-0.697634,1
1.410352,-0.246231,1
-0.081761,1.522114,1
1.258429,0.336981,1
1.945277,-0.648301,1
-0.491360,-0.215673,1
0.109503,1.528344,1
1.557400,0.656419,1
2.018221,-1.374316,1
0.906914,-0.630922,1
1.476825,0.612336,1
2.190222,0.316560,1
0.546729,-0.517175,1
2.465064,0.430094,1
1.553684,-0.047956,1
2.576313,-0.823709,1
0.955193,-0.553714,1
1.440523,0.297587,1
1.115310,2.044884,1
1.351499,0.085134,1
0.214881,-0.199436,1
0.179935,1.091038,1
0.542855,-0.514864,1
0.946179,0.015820,1
0.117968,0.551765,1
0.954664,0.362089,1
0.682140,0.181911,1
1.923332,-0.154992,1
1.094895,-0.996538,1
0.894630,0.134709,1
1.628477,-1.159624,1
-0.106555,0.929952,1
0.727241,0.999891,1
1.411185,0.189604,1
1.014258,-0.621993,1
1.705167,-0.080705,1
1.010225,1.524443,1
0.192288,1.234471,1
2.173455,-0.316728,1
1.754919,0.643207,1
0.704925,0.173619,1
-0.026195,0.395427,1
2.345239,0.656980,1
1.443767,-0.240252,1
1.256530,0.509085,1
1.394945,-0.749000,1
0.559494,0.740124,1
-0.071000,0.523630,1
1.255241,0.887307,1
1.416683,0.474425,1
1.149932,0.423483,1
0.703343,-0.142851,1
0.888533,0.350911,1
1.780026,1.820557,1
1.857291,-0.399054,1
0.994751,0.813301,1
1.996695,-0.888043,1
1.573344,-1.464067,1
1.048974,-1.060036,1
-0.553878,0.693039,1
0.196215,0.382019,1
1.112108,1.058939,1
2.521446,1.264540,1
1.468073,-0.563065,1
0.182016,0.664457,1
1.123497,0.190184,1
2.006281,-0.251381,1
2.201110,0.591043,1
0.610543,-0.178498,1
0.227782,-1.850343,1
1.434950,0.880798,1
1.011519,-0.351146,1
1.027400,-0.705724,1
-0.075627,-0.496473,1
1.937720,1.668467,1
0.693375,0.044016,1
0.624466,0.110498,1
1.327368,-0.487577,1
0.374129,-0.846682,1
1.830981,0.977913,1
0.371657,0.358003,1
1.068028,-0.423182,1
0.059936,-0.241875,1
1.358948,0.173853,1
0.612968,1.084965,1
1.854251,1.441065,1
0.473622,1.033676,1
2.674195,-0.223991,1
0.760477,0.274031,1
1.275333,0.696227,1
1.260718,0.921386,1
1.026724,1.579004,1
1.256276,0.297088,1
0.875188,-0.780804,1
0.929776,-1.260768,1
-0.209717,0.578453,1
-1.004441,0.568074,1
1.517064,-0.216211,1
0.527428,1.628400,1
1.164016,-1.138356,1
0.475741,0.645257,1
-0.105245,0.141989,1
0.349062,0.241707,1
-0.368797,0.351949,1
1.096211,0.141224,1
0.185259,0.800519,1
0.861997,0.173170,1
0.568658,-1.139380,1
-0.359597,-1.162892,1
-0.164096,0.089891,1
1.734576,-0.200592,1
1.322461,-0.105310,1
1.465005,-0.089626,1
0.660483,0.415986,1
2.358491,-0.759223,1
0.084691,0.014662,1
0.799439,-0.263085,1
0.982719,-0.352730,1
0.822690,0.018880,1
1.192151,0.180477,1
1.214322,0.145842,1
0.571443,0.664953,1
0.978855,-1.625020,1
2.392390,-0.286893,1
1.454798,0.653243,1
1.487729,0.169635,1
2.334230,0.297162,1
1.118479,0.525288,1
0.985830,-0.346472,1
1.217581,0.203598,1
0.336835,0.048019,1
0.523330,0.845308,1
1.398765,-0.411100,1
1.224833,-0.027702,1
0.855552,1.009389,1
1.215010,-0.402398,1
0.411049,1.246446,1
1.652843,-0.204089,1
1.446144,0.005717,1
-0.225870,0.472240,1
-0.500556,-1.104505,1
0.208775,1.422186,1
1.580409,-0.063815,1
0.454963,-0.524931,1
1.397116,-0.243198,1
0.187234,-0.617861,1
0.673332,-0.367616,1
0.986319,-0.474812,1
0.583635,-0.521452,1
1.366768,1.009421,1
-0.164667,0.024669,1
0.301535,-1.697454,1
0.774506,0.891170,1
0.229130,0.978801,1
0.079691,0.122153,1
2.931440,-1.061662,1
0.435599,-0.223755,1
3.474563,-1.342478,1
0.801230,-0.083694,1
1.441145,-0.758431,1
1.037695,-1.243729,1
2.299390,1.198823,1
0.874014,1.476114,1
0.840179,-0.166721,1
1.947392,1.161438,1
0.428496,-0.539933,1
0.819496,-0.492907,1
1.999432,0.330376,1
0.898273,-0.813883,1
-0.083005,-0.461966,1
0.786354,-0.318650,1
0.912192,0.513055,1
0.626019,-0.069587,1
0.570491,0.177886,1
0.591660,-0.159578,1
1.231893,-1.847423,1
2.058063,1.345526,1
0.179808,-0.829855,1
-0.148944,-0.410489,1
1.961850,0.652305,1
0.657616,-0.807691,1
0.095830,-0.128712,1
0.927082,-0.854044,1
-0.209062,-0.556452,1
1.755140,0.703491,1
-0.544916,-0.003444,1
0.239885,0.751867,1
1.950148,1.015011,1
0.931110,0.452554,1
-0.171771,0.759067,1
0.997089,-0.780085,1
0.678329,0.704292,1
0.008089,-1.248211,1
0.743383,-0.183598,1
2.036710,0.296797,1
0.147929,0.504570,1
1.228033,0.251740,1
1.701568,-0.127447,1
1.421090,-0.022807,1
1.126096,0.002019,1
1.870628,0.469954,1
0.006423,0.249619,1
-0.057724,0.038857,1
1.188460,0.391016,1
0.471647,-0.690134,1
0.599411,-0.185033,1
1.439830,-0.104106,1
1.533811,-0.604010,1
0.977157,-0.200921,1
0.447374,0.459049,1
0.713036,-0.931560,1
1.750358,-1.283699,1
2.322309,-0.349514,1
0.843663,-1.616643,1
1.174596,1.294402,1
-0.506053,-1.005548,1
1.023038,0.689655,1
0.672856,-0.812696,1
1.401770,0.228927,1
1.690062,-0.891424,1
1.152651,0.669547,1
1.371712,-0.665489,1
1.217653,-0.718354,1
1.319846,-0.456244,1
1.208788,-0.477450,1
1.465027,-0.598947,1
0.172928,-0.306180,1
1.572863,0.077787,1
1.660238,0.168551,1
0.491744,-1.101465,1
0.534167,0.359697,1
2.094417,-0.710505,1
1.925710,1.005206,1
1.477359,-0.254146,1
1.142602,-0.209961,1
1.067861,-0.274027,1
-1.636394,-0.079495,1
-0.845813,1.364050,1
2.989327,-0.570579,1
0.584228,-1.127367,1
2.057740,-0.707439,1
0.799113,0.306467,1
1.291281,0.104872,1
1.882739,-0.073682,1
0.308974,1.411304,1
-0.174929,0.200303,1
2.311759,0.718739,1
0.382571,-0.359164,1
1.447189,-0.417801,1
0.933582,0.497371,1
-0.699437,0.403757,1
0.526837,0.094837,1
1.740267,1.053249,1
1.099447,0.329377,1
2.011033,-1.000097,1
0.775371,0.155772,1
0.324502,-0.074639,1
2.251827,0.325516,1
0.824837,-0.019662,1
0.829105,-0.062080,1
0.817995,0.060865,1
2.210767,-0.234650,1
-0.044718,0.112872,1
1.214582,-1.110913,1
0.820546,-0.344890,1
1.526185,0.341103,1
1.063946,-0.869117,1
1.786492,1.359215,1
-0.059733,-1.063081,1
1.009358,1.056545,1
1.235939,-0.793044,1
1.254582,-0.571078,1
1.280514,-0.435525,1
-0.117739,0.308209,1
0.991756,-1.611651,1
1.443112,0.737378,1
0.304989,-0.802490,1
1.876821,0.863218,1
2.218388,-0.116708,1
0.603591,-1.052512,1
1.319874,-0.518342,1
1.506952,-0.370606,1
0.777812,0.228267,1
0.695408,-1.031015,1
2.003981,0.209021,1
0.510167,-0.852067,1
1.222495,0.449581,1
1.445099,0.179035,1
1.370467,-0.892680,1
2.362620,0.549177,1
1.662327,0.078392,1
1.511243,1.308755,1
1.601550,-0.210844,1
1.193435,0.248274,1
0.421209,0.439895,1
0.790311,-0.059487,1
0.461576,1.216237,1
2.490427,0.923414,1
0.728598,0.182243,1
1.493223,-0.632561,1
1.186333,0.366274,1
1.273692,1.119004,1
0.202715,1.020291,1
0.806219,0.549420,1
2.063902,0.841687,1
3.604842,-0.243801,1
1.125449,-0.610971,1
0.921849,-0.284496,1
1.082558,-0.305405,1
0.772235,0.696083,1
0.047841,-1.246570,1
0.260895,-0.376847,1
0.591043,0.567053,1
1.976596,0.128733,1
1.648742,-0.968851,1
-0.061436,-1.283901,1
1.401067,0.167522,1
-0.069991,-1.154859,1
1.634623,0.537725,1
0.045282,-0.879743,1
2.654710,0.393591,1
1.372567,-0.952735,1
0.217751,-0.714698,1
0.917115,0.780585,1
-1.310795,-0.564768,1
1.180557,0.052556,1
1.318797,0.509030,1
0.151283,-0.081995,1
1.204727,0.231296,1
0.241742,0.706535,1
1.249060,0.006437,1
1.017600,0.987490,1
0.442350,0.273873,1
-1.362346,1.165963,0
-1.541850,-1.042876,0
-2.042418,1.109497,0
-0.774007,-0.354073,0
-0.889696,0.334879,0
-0.101435,0.548220,0
-2.391877,0.629122,0
-0.726540,-0.528439,0
-0.624994,-0.200850,0
-1.467480,-0.428789,0
-0.762333,1.053582,0
-0.636264,-0.293693,0
-0.089775,1.354205,0
-0.965265,0.892257,0
-1.700155,0.333292,0
-0.344498,0.509168,0
-0.953967,0.262025,0
-2.265088,0.978382,0
-1.418448,0.228910,0
-0.862403,-1.121626,0
-2.004658,-0.441655,0
-1.492883,-1.384508,0
-0.547667,-1.340439,0
-1.415292,0.641025,0
-0.710238,-0.111453,0
-2.238155,0.868189,0
-0.192790,-1.285521,0
-0.252531,0.139832,0
-0.532540,0.477405,0
-0.515172,0.770043,0
-1.126486,-0.765986,0
-1.418651,-0.932001,0
-3.200529,0.212203,0
-1.746842,-0.226440,0
-0.288875,0.652920,0
-0.574213,1.535696,0
-0.892104,0.322946,0
-2.412523,-1.276359,0
-0.783732,0.133000,0
-0.483331,-0.462307,0
-1.693326,-1.582565,0
-1.599965,1.663296,0
-0.614942,1.641873,0
-0.787902,-0.297563,0
-0.232595,-0.137019,0
-0.560743,0.271435,0
-0.779762,-0.714099,0
-0.271216,0.650219,0
-0.880527,-0.343953,0
-2.144958,0.169622,0
-3.539383,-0.580477,0
-0.363576,-0.290607,0
-0.778632,0.502603,0
-0.836764,-0.175575,0
-1.314526,0.783349,0
0.095313,1.042426,0
-0.978947,0.413689,0
0.187219,-0.927039,0
-0.391059,0.211510,0
-0.050354,-0.358427,0
-1.674109,0.089228,0
-1.019028,0.067917,0
-1.927790,0.334395,0
-0.400249,1.057114,0
-1.322281,0.130624,0
-0.802898,-0.138515,0
0.173138,0.570344,0
-1.589711,0.619132,0
-0.212647,-0.135131,0
-1.027465,-1.480280,0
-0.944639,-0.483486,0
-1.240330,-2.125465,0
-0.558257,0.268283,0
-1.111511,0.113298,0
-0.630299,-0.418759,0
-1.157568,1.627608,0
-1.416326,0.022294,0
-1.622951,-0.790962,0
-1.113566,-0.795396,0
-1.389259,0.588371,0
-1.539885,-1.080184,0
-0.914736,0.491719,0
-2.119488,-0.521208,0
-1.415198,-0.725804,0
-1.677278,-1.277904,0
-0.910121,-0.042259,0
-0.261985,0.236050,0
-1.187124,-0.842750,0
-0.445958,1.235849,0
-2.351219,0.216160,0
-1.714793,-0.174926,0
0.556121,0.258579,0
-1.551343,-0.251772,0
-0.900255,-1.087056,0
0.089192,-1.040930,0
-2.253479,0.213898,0
-1.754444,-0.494962,0
-0.997038,-1.016541,0
-1.354311,-1.317916,0
-2.579958,0.689830,0
-0.920909,-0.953488,0
-0.185343,-1.693671,0
-1.236379,1.515058,0
-2.304916,1.054662,0
-1.826541,-0.560236,0
-2.237373,-1.040467,0
0.177857,0.830108,0
-1.844744,0.191738,0
-1.498112,-0.610483,0
-1.029705,0.933392,0
-2.368479,0.411412,0
-1.295382,-1.913197,0
-0.876803,0.570695,0
-1.467571,-1.194105,0
-2.252701,-1.040147,0
-0.489875,-0.108750,0
-2.266991,0.427042,0
-2.310314,0.136140,0
-0.243242,-0.420373,0
-1.601633,-0.446013,0
-1.976143,-0.150912,0
-0.481267,0.461220,0
-1.909650,0.485574,0
-1.123696,0.576407,0
-1.248286,-1.399754,0
-0.317416,1.347673,0
-1.926362,-0.282330,0
-0.374551,-0.460391,0
-0.832108,-0.148092,0
0.262687,-0.407136,0
-1.181720,0.276454,0
-0.863467,0.475832,0
-1.476266,-0.648123,0
-1.727559,1.075437,0
-0.271584,-1.392234,0
-1.930075,0.070554,0
-1.624267,0.185556,0
-0.619114,0.197469,0
0.156793,-0.707077,0
-0.860251,0.439341,0
-1.138648,0.787726,0
-1.225019,-0.261452,0
-2.365633,0.919760,0
-0.444516,1.127964,0
-0.748690,-0.968635,0
-1.359759,0.411956,0
-1.008211,0.113836,0
-0.709574,-0.744596,0
0.521132,-1.591364,0
-0.039528,0.299198,0
-1.718954,-0.393081,0
0.249748,0.605170,0
-0.959055,0.646396,0
-0.271267,-0.712745,0
-1.588113,0.830741,0
-1.961973,0.771002,0
-1.301912,0.162217,0
-0.093610,-0.557662,0
-0.314275,-1.814672,0
-0.564713,-0.923750,0
-0.298887,-0.384523,0
-0.306101,-0.450249,0
-0.958575,-0.510498,0
-0.576437,-0.287673,0
-0.199697,0.367839,0
-1.544351,-0.602511,0
-0.202899,-1.655449,0
1.529642,-0.909027,0
-1.528050,0.166529,0
-1.564100,0.151792,0
-1.924163,1.583572,0
-0.641259,-0.013951,0
-0.656574,0.694825,0
0.161255,-0.246448,0
-2.050286,-0.729337,0
-1.176362,-0.356842,0
0.880019,0.216075,0
-0.358580,-0.080486,0
-1.001284,0.547334,0
-1.852617,1.842197,0
-1.578068,0.310268,0
-1.168074,0.283747,0
-1.038721,1.129049,0
-2.184665,-1.035294,0
0.628143,0.186460,0
-0.583033,0.677933,0
-1.337058,-0.057082,0
-1.348292,-0.909154,0
-2.022838,1.155302,0
-0.209266,0.719174,0
-1.476231,-0.808536,0
-1.052233,0.250061,0
-1.958921,0.469293,0
-0.983622,-0.204788,0
0.537985,0.947554,0
-1.161211,-0.045965,0
-0.466615,0.876217,0
-3.082077,-0.475882,0
-2.892553,0.705346,0
-0.974686,-1.117591,0
-0.679498,-0.221955,0
-0.616075,0.520822,0
-1.764073,-1.787315,0
-1.069339,1.245065,0
-0.721237,0.033903,0
-0.318419,0.208842,0
-0.212084,0.059977,0
-0.550200,0.063544,0
0.392175,-0.174666,0
-0.324170,0.074152,0
-0.598513,-0.820239,0
-0.416020,-0.610986,0
-2.446124,0.218746,0
-1.182869,-0.994449,0
-0.841507,-0.905054,0
-1.795887,-0.357407,0
-1.248502,0.713911,0
-0.283775,0.079147,0
-1.510365,-1.629027,0
-0.530543,0.077771,0
-2.342311,-1.300214,0
-1.184204,0.140882,0
-2.072566,0.780129,0
-0.678854,0.120960,0
-2.015991,-0.670128,0
0.305397,1.870305,0
-1.175609,-0.452386,0
-3.351544,-0.144438,0
-0.341075,1.232876,0
-1.235867,0.138222,0
-1.712401,1.476060,0
-0.219558,-1.126812,0
-0.836947,1.099961,0
-0.871601,0.156411,0
-1.187757,-0.384176,0
-1.155944,-0.696419,0
-0.488423,-0.435530,0
-2.172425,-0.346168,0
-1.362883,1.168217,0
-0.308156,0.318544,0
-0.283918,-0.096344,0
-0.041053,0.645475,0
-0.904330,0.070453,0
-0.072398,0.643073,0
-0.800670,0.095723,0
-1.129293,0.187843,0
-1.014796,1.582086,0
-0.139534,0.542973,0
0.113244,-0.131404,0
-0.398957,0.331188,0
-1.433532,0.194226,0
-1.168719,0.495988,0
-0.143526,1.384718,0
-0.021674,-0.112680,0
-1.508426,-0.286820,0
-1.487376,-0.001219,0
-0.086330,-0.383306,0
0.380239,0.836802,0
0.546989,-0.664447,0
-1.199700,0.022479,0
-0.661684,-0.389999,0
-0.884380,0.265541,0
-1.428926,0.207489,0
-0.665078,-1.151613,0
-0.948886,0.589037,0
-1.021665,0.299557,0
-2.033212,-0.630825,0
-2.224623,1.166794,0
-0.913922,-0.188998,0
-0.669104,0.952948,0
-0.009212,-0.715308,0
-0.583931,-0.205372,0
-0.723500,-0.704753,0
-0.649198,-0.362580,0
-1.850846,0.907766,0
-0.082757,-0.581596,0
-0.987122,0.512939,0
-2.120365,0.102859,0
-1.211985,-0.418400,0
-0.398860,0.166918,0
-0.343369,0.773798,0
-0.267815,0.318071,0
-0.589217,0.014530,0
1.080012,0.448155,0
-2.926993,0.319597,0
-0.346360,0.239489,0
-1.586695,0.430176,0
-0.184091,-1.110561,0
0.054825,0.862112,0
0.222174,-0.005507,0
-0.886308,0.989304,0
-0.655597,-0.112689,0
-0.755478,0.506205,0
-0.495001,1.002959,0
-0.180582,-0.764526,0
-1.687247,-0.406896,0
0.096079,0.073485,0
-1.244775,-1.464221,0
-0.160599,1.378792,0
-0.888349,0.105350,0
-0.850380,0.067297,0
0.057639,0.570183,0
0.214046,-0.704393,0
0.059618,-0.139460,0
-0.950247,0.592152,0
-0.376539,-1.625204,0
-2.006830,-0.085726,0
-0.575668,-0.169161,0
0.351396,-0.019221,0
-0.220132,0.354856,0
-1.179668,-0.141619,0
-0.396371,0.457850,0
-1.293150,-0.749899,0
-1.177350,-0.102731,0
-0.188841,-0.391943,0
-1.365189,-1.528085,0
0.323368,-0.171320,0
-2.069328,-0.004073,0
-0.955509,0.561917,0
-0.614646,-1.150969,0
-0.712197,0.278846,0
-1.180455,-1.389171,0
-1.488804,-0.331610,0
-0.224897,-0.993007,0
-1.760779,0.366585,0
-0.933455,0.465483,0
-0.445350,-1.038264,0
-2.263704,0.054553,0
-2.034247,0.592301,0
-0.214461,0.006621,0
-1.308080,-1.867210,0
-1.450801,0.332395,0
-1.170701,1.479806,0
-1.415127,-1.615874,0
-1.904795,-0.473518,0
-0.006447,0.312295,0
-2.057849,0.636198,0
-1.674473,0.100486,0
-1.878511,-0.367841,0
-1.893406,0.861494,0
-0.447251,-0.129418,0
-0.743625,-0.846679,0
-1.923804,1.564476,0
-1.539180,-0.880886,0
-0.691509,0.986151,0
-0.982729,1.932692,0
0.044581,0.232969,0
-1.592864,-0.937620,0
-0.964807,-0.540255,0
0.030380,-0.769217,0
-1.113537,-0.628338,0
-0.891853,0.584483,0
-1.342013,-0.413680,0
-0.113646,0.800260,0
-0.339830,0.846271,0
-0.372413,0.631470,0
-0.869660,-0.379192,0
-2.438280,-0.790747,0
-1.694057,-0.637811,0
-1.282352,0.771353,0
-0.757818,0.690335,0
-2.042201,-0.027806,0
-0.267082,0.658368,0
-1.887726,0.250677,0
-1.386433,-1.209658,0
-1.052740,-0.519837,0
-0.933455,0.067768,0
-0.596160,-0.288068,0
-2.098236,0.913215,0
-1.928156,-0.104097,0
-1.313471,0.380852,0
-1.619268,-0.539574,0
-0.642083,0.346804,0
-0.189425,-0.915285,0
-1.787459,-0.640055,0
-1.945040,1.775727,0
-1.182488,-0.255202,0
-1.765288,-0.471928,0
-1.604376,1.161243,0
-0.742607,-0.536482,0
0.081461,-0.135831,0
-2.775456,0.410849,0
-0.751300,0.183094,0
-1.886291,-1.460423,0
-0.546191,0.658347,0
-0.191001,0.602134,0
-1.381853,0.313374,0
0.484808,-0.585641,0
-0.859028,1.118638,0
0.076434,-0.476678,0
-1.148683,-0.959309,0
-2.422732,-0.057338,0
-2.366386,-1.037053,0
-0.778928,0.441358,0
-2.551847,0.280381,0
-0.743629,0.668767,0
-0.017019,0.268351,0
0.355868,0.150613,0
-1.482080,-0.057523,0
-1.539058,-1.178739,0
-1.101268,0.528284,0
-0.228439,-0.891357,0
-0.059374,0.761888,0
-1.259905,-0.825979,0
-1.175141,-0.319132,0
-0.783785,-0.335526,0
-1.200361,0.089128,0
-1.878336,-0.536547,0
-1.452634,0.042620,0
-1.435826,-0.048438,0
-1.000464,-1.421585,0
-0.958547,-0.907205,0
-1.151025,-0.764556,0
-1.082945,1.081324,0
-0.769755,-0.573079,0
1.152796,0.641250,0
-1.425746,-0.318694,0
-0.885831,-0.367660,0
-0.370380,2.250912,0
0.009872,0.177738,0
-1.957851,-0.371956,0
-1.381922,-0.860287,0
-2.728784,-0.792057,0
-0.766306,-1.087468,0
-0.497021,-0.309957,0
-0.143323,2.238250,0
-0.989798,-0.970131,0
-0.687076,0.038247,0
-0.497139,0.488689,0
-1.259275,-0.199480,0
-1.499077,0.440723,0
0.053483,-0.827659,0
-0.300298,0.699941,0
-3.322328,-0.169630,0
-1.947042,-0.693696,0
0.066816,0.827943,0
-1.381007,-0.845099,0
-1.280981,-0.384060,0
-1.467362,-1.168090,0
-0.038244,0.065518,0
0.027873,-0.727146,0
-0.521281,-0.457988,0
-0.614439,0.353039,0
-1.681657,0.400042,0
-0.834969,-0.021205,0
-0.559044,0.181822,0
-1.522918,-0.612333,0
-1.208722,0.382562,0
-0.065176,-0.782216,0
-1.880395,0.782880,0
-0.572404,1.614486,0
-1.124340,-0.477588,0
-0.558547,1.018875,0
-0.630916,0.830697,0
-1.519739,-1.565854,0
-1.170707,-0.403905,0
-1.337726,-0.376657,0
-1.339487,-0.407721,0
-2.033864,0.025167,0
-0.169716,0.056913,0
-1.509407,0.883886,0
-0.446526,-0.298352,0
-1.418594,0.619749,0
-1.375736,0.993855,0
-0.816617,0.250082,0
-0.442550,0.042309,0
-1.645972,0.035454,0
-2.305296,-0.251632,0
-1.273471,-0.271619,0
-0.871540,-0.080897,0
-2.896861,-1.327015,0
-1.640233,0.724992,0
-0.946107,-0.024823,0
-1.135414,1.309562,0
-0.720719,-0.273653,0
-2.543769,-0.459970,0
-1.123404,0.148888,0
-1.965611,-1.012581,0
-1.078983,0.801114,0
-1.105148,-0.571095,0
-1.808960,0.524108,0
-1.335892,-0.496371,0
-1.058441,0.321122,0
-1.483763,-0.113968,0
-0.076255,-0.142199,0
-1.260979,0.236138,0
-1.731181,0.231161,0
-1.442556,-0.604151,0
-0.492002,0.930073,0
-0.296472,0.172680,0
-0.692245,-0.063514,0
-1.284144,-0.217631,0
-0.646231,-0.339917,0
0.238269,0.338186,0
-0.185698,-0.359064,0
-1.445293,-1.085054,0
-2.483827,-1.042255,0
-0.403001,0.181590,0
-1.547725,-0.892005,0
-0.277876,0.409400,0
-1.590365,0.674075,0
-1.672964,-0.107005,0
-0.348719,1.316119,0
-0.134451,0.366250,0
-0.788491,-0.539568,0
-3.396371,0.688769,0
-0.803764,-0.195202,0
-3.154203,-0.507120,0
-1.205283,0.089015,0
-1.696882,1.056568,0
-0.779568,-1.429570,0
-1.399330,0.758113,0
-0.872283,1.130004,0
-0.489848,0.196279,0
-0.611687,1.434743,0
-0.884803,-0.682287,0
-0.711298,-0.933035,0
-0.544268,-1.488111,0
-1.548559,-0.039916,0
-2.105053,-0.725419,0
-1.120418,-0.375507,0
-2.208467,0.979876,0
-1.936194,-0.463380,0
0.428652,-0.175617,0
-1.810153,-0.228208,0
-0.174872,0.402068,0
-1.244026,-0.581698,0
-1.334520,0.554143,0
-0.483845,0.819477,0
-1.937526,0.503366,0
-0.688559,1.170650,0
-1.599792,-0.782793,0
-2.146698,1.021853,0
-0.305152,-1.186105,0
-0.780667,0.406032,0
-0.771020,0.794984,0
-0.665737,-0.820431,0
-2.043555,-0.408209,0
0.018749,1.190171,0
-1.942188,0.040477,0
-2.212933,0.476970,0
-1.149573,-1.047420,0
-1.267647,0.070261,0
-1.813984,-0.073262,0
-1.060602,-0.930929,0
-0.396794,-1.186389,0
-0.026430,0.264737,0
-1.556305,-1.044098,0
-0.432012,-0.580948,0
-0.919243,-0.646066,0
-1.447693,0.488700,0
-0.142633,-1.122963,0
-0.745014,-0.125123,0
-1.288206,-1.572550,0
-1.716164,-0.413889,0
-0.645642,-0.885398,0
-0.993554,0.023018,0
-0.097398,-0.922032,0
-1.006726,0.342110,0
-0.683001,-1.803631,0
-0.820395,1.040000,0
-0.661107,-1.008116,0
-0.609270,0.061068,0
-0.087429,1.374971,0
-1.027809,-0.563466,0
-0.093398,1.005512,0
-2.045935,0.973039,0
-0.062902,-1.545784,0
-0.352138,-0.279010,0
-1.734469,-0.503685,0
-0.446866,-0.743564,0
-0.466131,0.775035,0
-0.477307,-0.849428,0
-1.879905,-0.047696,0
-1.310813,-0.350088,0
-0.510674,0.134049,0
-0.212745,0.312709,0
-1.909825,-0.324102,0
-1.254826,1.427325,0
-1.795380,-0.378221,0
-0.784340,0.072533,0
-0.971656,-0.628094,0
-0.771704,-0.525231,0
-0.160099,-1.379564,0
-0.913970,-0.629564,0
-1.315796,0.548714,0
-1.095733,-0.843839,0
-2.888282,1.239268,0
-2.146418,0.872292,0
-1.155842,-1.024097,0
-1.341227,-0.409574,0
-0.858782,-0.399041,0
-0.830979,-0.230522,0
1.226581,-0.151561,0
-2.137534,-0.392483,0
-2.064094,1.063705,0
-1.345012,-0.571347,0
-0.631393,-0.001606,0
-1.707197,0.395557,0
-0.598888,-0.891683,0
0.194816,0.152442,0
-0.594639,-0.647857,0
-1.273350,-0.328584,0
-0.327722,-0.678261,0
-0.762213,-0.706828,0
-0.719163,-0.842948,0
-0.697073,-0.193354,0
-0.877349,0.021385,0
-0.457985,0.548260,0
-0.653897,-0.781292,0
-2.324245,0.250728,0
-0.862233,0.689754,0
-1.179842,-0.380497,0
-1.948406,1.632275,0
-1.314781,-0.196533,0
-0.783676,0.849061,0
-1.914249,-1.032675,0
0.673745,0.886584,0
-0.843857,-0.148470,0
0.302283,0.012662,0
-1.370850,-0.901148,0
0.349748,-0.389361,0
-0.752110,-0.815403,0
-0.826183,-0.805589,0
-0.932302,-0.519884,0
-2.286133,-0.867098,0
-1.012113,-1.060649,0
0.253962,0.016629,0
-2.033186,0.443063,0
-1.924413,-0.195093,0
-2.959289,0.340550,0
-1.015808,-1.258484,0
-0.786943,-0.146125,0
-0.517818,0.212279,0
-1.629444,0.161784,0
-0.046531,-0.290243,0
-0.618961,-0.531035,0
-0.868524,-0.254422,0
-0.937751,1.898488,0
0.270252,-0.752574,0
-1.665344,-0.924700,0
-1.169452,0.401949,0
0.245155,1.305172,0
-1.646886,-0.009721,0
-0.051752,-0.634988,0
-1.180925,-0.190234,0
-0.325243,1.417480,0
-0.978461,0.059034,0
-1.206683,0.309739,0
-1.950920,-0.769328,0
-0.219937,-0.012519,0
-3.143031,0.087795,0
0.322633,-0.501754,0
-1.626085,-1.854619,0
-2.230325,0.003079,0
-1.059336,1.691423,0
-1.945424,0.338766,0
-0.562270,0.096991,0
-1.479585,1.039043,0
-2.118633,-0.748928,0
-1.145781,-0.184563,0
-1.408696,-0.882185,0
0.425705,1.168394,0
-1.508215,1.095378,0
-0.277136,0.056002,0
-1.168560,1.394289,0
-1.182652,0.824300,0
-0.280899,-0.186038,0
-0.460314,0.185046,0
-1.992357,-0.053782,0
-0.872893,-0.102441,0
0.353060,0.961638,0
-0.565876,-0.289416,0
-0.861217,-1.694724,0
-0.950091,2.239651,0
-1.948008,-1.286323,0
-1.557941,-0.071917,0
-0.069519,0.547437,0
0.421757,0.300286,0
-1.251223,-0.428673,0
-0.234415,1.522423,0
-1.233060,0.284340,0
0.100958,-1.614655,0
-0.520734,-0.795274,0
-0.500434,-1.133745,0
-2.252457,-1.006607,0
-2.878273,-0.966880,0
-1.224123,-0.420672,0
-0.289146,0.072568,0
-1.289829,0.348715,0
-1.080639,0.248259,0
-0.403310,0.762998,0
-0.249063,-1.152970,0
-1.824965,0.690931,0
0.848598,-0.520111,0
-0.758628,0.186492,0
-0.970224,-0.397695,0
-2.086269,0.170183,0
-0.131349,-0.438479,0
-1.102690,-0.402099,0
-0.672076,-0.666853,0
-0.782349,0.869474,0
-1.187866,-0.274378,0
-0.047246,-0.684750,0
0.532140,0.714927,0
0.264417,-1.201351,0
-1.375260,1.113961,0
-1.463102,-0.057552,0
0.265777,0.377840,0
-1.159605,0.739482,0
-1.355965,0.671522,0
-1.138231,-0.173968,0
0.207296,-0.270331,0
-0.190335,-1.260550,0
-1.652249,0.531211,0
-0.914105,-0.594191,0
-0.584745,0.538437,0
-2.190188,0.140774,0
-0.898704,0.918793,0
-1.120273,0.412352,0
-0.843885,-0.420689,0
-1.761949,-0.071755,0
-0.790291,-1.049501,0
-1.001303,0.280362,0
-2.134415,0.333761,0
-1.350232,-0.694520,0
0.199289,1.613302,0
-1.098953,-0.985671,0
-1.817251,-0.028076,0
0.056705,0.517255,0
-1.309124,-0.705835,0
-1.674785,1.224481,0
0.301979,0.861231,0
-1.286534,0.475340,0
-2.912806,0.065692,0
0.010314,1.800571,0
-0.318106,0.686180,0
0.533637,1.063774,0
-0.768738,-1.068923,0
-0.252107,0.093175,0
-1.160591,0.110528,0
-1.543738,-0.507340,0
-0.702053,1.461580,0
-1.284513,-0.141187,0
-2.470491,0.296276,0
-1.192691,-0.011345,0
-1.669326,0.676915,0
-0.602856,-0.005126,0
-1.201571,0.347140,0
-1.520828,-0.578381,0
-0.477345,0.468456,0
-1.367402,0.247137,0
-0.017780,0.170612,0
-0.787412,-0.143496,0
-0.960524,0.589663,0
-2.122577,-0.185551,0
0.241981,1.140721,0
0.013419,0.491077,0
-1.412091,-0.460180,0
-0.398377,0.233321,0
-0.938692,0.394408,0
-0.523597,-0.709271,0
-0.264451,0.722960,0
-0.967242,-0.373476,0
-1.288596,-0.416895,0
-0.694637,1.236683,0
-1.871572,0.511528,0
-1.495532,-1.144018,0
-2.278609,0.200591,0
-1.560742,0.327874,0
-1.175606,1.148440,0
-0.037897,-0.062594,0
-0.062864,-0.536785,0
-0.062080,0.195914,0
-2.247230,-0.467098,0
-1.940372,0.448036,0
-1.264457,0.257345,0
-0.848813,0.258852,0
-1.355554,-0.279980,0
-1.821256,-0.560094,0
-1.036422,0.173670,0
-0.262650,1.145662,0
-1.272567,-0.478668,0
-1.669019,-0.491946,0
-1.038427,-1.335906,0
-0.234099,-0.936463,0
-1.964771,-0.864924,0
0.159279,0.535360,0
-0.354816,-1.045009,0
-0.737120,1.223716,0
-0.741811,-0.461045,0
-0.792080,-0.637445,0
-0.515428,0.366556,0
-0.934997,1.124627,0
-2.546522,0.112983,0
-0.716301,-0.194706,0
-0.355804,0.323050,0
-1.229399,-0.277352,0
-0.354083,-0.161009,0
-1.627176,-0.276725,0
-0.695561,-0.010197,0
-0.089784,-0.048343,0
-1.139017,1.018301,0
-2.284853,-0.837029,0
-0.749903,0.062906,0
-1.756669,-0.279152,0
-1.540324,0.918966,0
-1.478433,-0.017015,0
-1.650215,1.877625,0
-1.621625,0.088020,0
-1.899555,-0.484527,0
-0.731324,-0.126373,0
-0.284761,-0.063138,0
-2.693539,-0.069948,0
-1.637517,-1.092102,0
-0.750134,-0.290554,0
0.480260,-0.269892,0
0.077646,-0.034419,0
0.187722,-1.389617,0
-0.806560,0.018151,0
0.022686,0.605074,0
-1.718715,-0.569538,0
-1.551189,-1.174265,0
-2.309442,0.442207,0
-2.364215,-0.406485,0
-0.249770,-0.836554,0
-0.443138,-1.073000,0
-2.196051,1.189920,0
-1.225684,1.363441,0
-1.241871,-0.197165,0
-0.577678,-0.628397,0
-2.009146,0.082875,0
-1.400272,0.699085,0
0.167629,-0.402553,0
-1.016461,-0.632039,0
-0.962409,0.798580,0
-1.505212,0.241943,0
-2.201964,0.460598,0
-2.218972,-0.196732,0
-0.891943,1.233676,0
-1.443534,-0.146115,0
-1.265301,0.614534,0
-0.705860,-0.450460,0
-0.373847,-0.694399,0
-1.124973,0.076016,0
-0.403558,-1.130272,0
-1.443522,-0.623298,0
-0.862575,-0.003720,0
-0.964483,-0.533218,0
-1.051251,0.018796,0
-0.931759,-0.573899,0
-0.068941,-1.341606,0
0.481357,0.107460,0
-1.064673,-0.360928,0
-1.390522,-0.492346,0
-0.976207,-0.391220,0
-0.441239,1.160721,0
-0.730591,-0.495943,0
-0.889744,-0.394941,0
-1.919494,-0.264907,0
-1.505150,0.978289,0
-1.477116,0.551518,0
1.016052,-1.253241,0
-1.059171,0.056907,0
-0.273571,0.077567,0
-1.377017,1.465885,0
-1.348319,-0.345853,0
-0.334286,0.672352,0
-1.725756,-0.548446,0
-0.429821,0.602325,0
-1.139986,0.388724,0
0.376066,0.716484,0
-1.934409,-0.955526,0
-0.051839,0.220849,0
-1.232424,-0.147303,0
-1.213395,-0.076850,0
-1.401882,0.327568,0
-0.951784,-0.896258,0
-1.799702,2.025602,0
-0.046668,0.238573,0
-0.805606,0.027488,0
0.139487,-0.590430,0
-0.855430,-0.083646,0
-1.587015,0.155065,0
-1.902636,-1.175161,0
-0.137365,-0.443285,0
-0.858415,0.376458,0
-0.314494,-0.356403,0
-0.762379,0.628330,0
0.569156,0.281864,0
-1.825029,0.477371,0
-1.233461,-0.076012,0
-1.592146,-0.578036,0
-0.118303,0.178197,0
-0.901757,0.185552,0
-0.758920,-0.168321,0
-0.712503,0.713398,0
-0.884342,0.346263,0
-1.388101,0.260756,0
-0.414169,-0.056392,0
-1.548631,-0.254514,0
-1.465595,-0.711580,0
-0.672909,-0.242494,0
-1.005863,-0.439412,0
-0.636537,-0.558353,0
-1.042461,1.418145,0
-0.675922,-1.182391,0
-2.448669,-0.046518,0
-0.897898,0.807344,0
-2.254112,-1.496270,0
-0.809932,0.072204,0
-0.749110,1.207448,0
-1.860885,0.482143,0
-2.335511,0.043063,0
-1.837256,1.047484,0
-1.463967,0.608591,0
-0.844521,0.702577,0
-0.673257,0.863973,0
-1.756818,0.581531,0
-1.124245,0.423719,0
-2.291304,0.296332,0
-1.522001,-0.586703,0
0.201958,-1.220265,0
-2.497263,-1.717469,0
-0.218039,-0.344638,0
-0.621930,-0.454137,0
-2.588529,0.233396,0
-0.099307,1.145928,0
-1.688774,0.585926,0
0.270985,0.290667,0
-1.224558,-0.521873,0
0.252577,-0.018730,0
0.728354,1.596096,0
0.397670,-0.419462,0
-0.958665,0.315400,0
-1.208922,0.211277,0
-1.812680,-1.219949,0
0.541954,-0.663743,0
-1.514616,-0.392065,0
0.725263,-0.619422,0
-1.476652,0.587678,0
-0.025150,-0.398631,0
-0.015719,0.831895,0
-1.614375,-0.427599,0
-1.075041,-0.701549,0
-1.437901,0.134780,0
0.136993,-0.169326,0
-1.200139,0.863288,0
-0.751574,0.539019,0
0.476972,-0.287588,0
-1.542589,1.692561,0
-0.880965,-0.080747,0
-0.266445,-0.260053,0
-0.712933,-0.696092,0
-0.800279,0.501022,0
-0.303874,-0.208979,0
-1.831697,-0.704693,0
-0.764734,0.338489,0
-1.219408,-0.434660,0
-1.747850,-0.252785,0
-0.231115,-0.614731,0
-1.500469,-0.334462,0
-0.777075,-0.257243,0
-1.215137,0.223912,0
-0.659956,-0.479620,0
-0.046880,0.616395,0
-0.009037,0.098565,0
-1.042342,0.112200,0
-2.041615,2.376675,0
-0.785620,-1.415649,0
-0.692658,0.142384,0
-1.985872,0.506487,0
-1.057600,0.765516,0
0.457601,-0.899975,0
-1.360324,-0.416819,0
-0.956022,0.568394,0
-1.206249,0.564337,0
-1.492076,-0.341639,0
-2.207056,-0.033735,0
-1.704712,0.285055,0
-1.770413,-0.350312,0
-1.331578,-0.258451,0
0.143758,-0.144993,0
-0.909395,-0.042126,0
-1.432510,-0.330193,0
-1.845133,0.157835,0
-0.351926,-0.298887,0
-1.091214,-0.572342,0
-1.681829,-0.263650,0
-0.362897,0.372992,0
-0.600898,1.634412,0
-1.611959,-0.478748,0
-1.218010,1.750655,0
-0.932157,-0.054241,0
-1.168787,0.603874,0
-1.503938,0.116793,0
0.754206,-0.211295,0
-0.228148,-0.459167,0
-0.564019,-1.712626,0
0.014123,-0.714527,0
