0.157699,-0.697781,1
1.821806,0.321678,1
1.515254,0.205242,1
1.139476,0.548850,1
1.129164,0.315060,1
1.292141,-0.468915,1
1.520932,-0.344692,1
1.892731,0.846450,1
1.107754,0.238180,1
1.176325,0.333811,1
1.248568,1.107658,1
0.855669,1.030505,1
1.782243,0.213025,1
2.159560,-0.705120,1
0.431400,-0.163806,1
1.654057,0.822248,1
0.649355,-0.577841,1
-0.429422,-0.035858,1
0.676810,0.522569,1
1.249372,1.417388,1
1.306242,0.720629,1
1.250670,0.641364,1
0.750204,-0.386059,1
1.400657,0.165702,1
0.387752,0.504048,1
0.311152,-0.433178,1
0.269649,0.229552,1
0.883323,-0.514745,1
1.024211,-0.876573,1
0.971855,-0.518625,1
-0.147884,-0.037185,1
1.144687,0.718841,1
1.380190,-1.558617,1
0.821521,1.250535,1
0.660349,-1.081919,1
0.892784,-0.917083,1
0.338686,0.130670,1
2.143522,-1.378919,1
-0.288203,0.038966,1
1.745298,0.465885,1
1.355978,0.017007,1
1.024410,-0.429298,1
1.285362,0.970688,1
1.488288,0.673811,1
2.640874,-0.126919,1
1.784521,0.757334,1
-0.051762,1.094230,1
1.632467,-1.026932,1
0.555831,0.052039,1
1.591073,1.046126,1
1.740084,-0.040030,1
1.984727,-0.661892,1
-0.323502,-0.210783,1
0.248190,-0.131360,1
0.927727,-0.164500,1
0.793525,0.278729,1
0.106708,1.045163,1
1.840610,-0.631277,1
1.050761,1.433695,1
0.343312,-0.297626,1
0.215160,-0.586785,1
-1.004879,0.112967,1
0.503657,0.546510,1
0.243257,0.555529,1
0.018319,0.604776,1
0.097303,-0.530394,1
0.590409,-0.572001,1
-0.649866,0.956934,1
0.539592,-0.516733,1
2.408160,-1.037442,1
0.264140,-0.510293,1
1.501185,0.816622,1
0.746329,0.025826,1
3.046831,0.410738,1
1.790753,-2.124709,1
0.210268,0.547722,1
0.168096,-2.027289,1
2.427687,-0.775726,1
1.777454,-0.214638,1
-0.058198,0.212393,1
1.906009,0.172546,1
0.914760,0.874932,1
0.074320,1.081653,1
0.804053,0.782317,1
0.680294,-0.779586,1
-0.220779,-0.024066,1
1.211696,0.080413,1
0.948617,0.844522,1
2.255121,0.196596,1
1.789286,0.671431,1
0.638432,1.171641,1
1.470727,-0.094443,1
2.476569,-0.108558,1
0.928819,0.407476,1
1.019814,-1.464349,1
0.763223,0.237159,1
1.335414,1.068104,1
1.042154,-1.189101,1
1.573317,-1.054684,1
-0.662149,0.236344,1
2.020044,-0.156063,1
0.465589,0.117806,1
0.422308,0.079960,1
2.047241,0.212298,1
0.201274,0.147849,1
1.392470,-0.575012,1
1.535767,0.375587,1
1.129921,-1.422735,1
0.445090,1.880303,1
0.333707,-0.949173,1
2.396466,-0.727326,1
0.933676,0.667332,1
1.720769,-0.304288,1
1.389222,0.240545,1
2.288454,-0.233991,1
1.031332,0.291240,1
0.196663,0.006486,1
1.443907,-1.199912,1
0.982982,-0.363602,1
-0.025262,-0.489351,1
0.779664,0.203540,1
1.778867,-1.423717,1
1.595954,-0.754492,1
1.199846,0.898823,1
0.605288,0.028123,1
1.732463,0.656405,1
0.822715,-0.235246,1
1.702909,0.265176,1
-0.203768,-0.594867,1
0.790719,1.232691,1
0.527216,0.390834,1
1.525580,-1.609959,1
0.338347,1.208393,1
0.740150,1.468575,1
0.464280,-0.174251,1
1.031393,0.412634,1
0.841398,-0.984590,1
-0.163646,0.998349,1
0.115637,0.617213,1
-0.673899,-0.473280,1
1.853596,-0.661587,1
0.370227,-0.449964,1
0.108525,-0.022427,1
1.253073,-0.537552,1
0.101975,0.572244,1
0.205441,-1.425772,1
0.306047,1.133310,1
1.544562,0.038201,1
0.865327,-0.330243,1
0.118932,-0.047572,1
0.473296,-0.880531,1
1.965716,-0.498245,1
1.572341,-0.307085,1
1.282478,-0.379145,1
0.623469,-1.543267,1
0.926427,-1.897036,1
0.785211,-2.395915,1
-0.555499,-1.216854,1
1.912857,-1.787764,1
0.633381,-0.169634,1
1.782362,0.021515,1
0.820636,0.645084,1
0.475614,0.481113,1
1.060649,-0.533392,1
0.846744,0.074411,1
1.077367,0.031988,1
-0.443643,-0.079763,1
-0.515325,0.580890,1
1.953815,0.783303,1
1.024841,0.759244,1
0.433208,-0.457708,1
0.725673,0.392436,1
1.523721,-0.294934,1
-0.462960,0.516871,1
1.059725,-0.483996,1
0.762151,0.144820,1
-0.075720,0.166631,1
0.116433,-0.611455,1
1.077714,0.007784,1
0.444775,-0.840502,1
1.578669,-0.015847,1
1.847879,-0.971946,1
1.030304,1.479076,1
1.087567,-0.931368,1
1.656169,0.217030,1
0.837976,-1.123860,1
1.052967,-0.219371,1
2.398899,-0.135631,1
1.812545,-0.289054,1
1.307608,1.709097,1
1.309566,-0.986807,1
1.674782,0.391744,1
1.227632,0.785074,1
2.933038,0.005370,1
0.872728,1.193684,1
0.089592,-0.528943,1
-0.480668,-0.390298,1
0.402621,-1.157778,1
1.758476,0.146427,1
0.879818,-0.043241,1
0.405042,0.324018,1
0.860569,-0.646783,1
0.224067,-0.020740,1
2.550776,-0.084731,1
1.410239,0.487422,1
0.243951,0.397699,1
0.649570,-0.671572,1
1.619639,-0.881705,1
1.638773,0.243337,1
0.614468,0.520349,1
1.287815,-0.840937,1
1.651915,-0.316373,1
0.736980,0.175587,1
0.281378,0.586395,1
0.311777,0.662254,1
0.977484,-0.404239,1
1.371285,-1.932524,1
1.183290,-1.786846,1
-0.204245,-0.297896,1
1.395889,0.528231,1
0.651265,-0.368494,1
1.433879,-0.748316,1
1.320363,-0.415650,1
0.759913,-0.688999,1
0.225414,1.289739,1
0.562940,-0.078271,1
1.586934,0.503462,1
1.255187,-0.282747,1
1.763677,0.747077,1
1.042430,1.321804,1
1.870828,0.727930,1
0.247254,0.188092,1
1.140203,0.922684,1
0.966472,-0.154533,1
0.205750,0.649408,1
0.019936,-0.521973,1
0.030086,0.207243,1
0.612587,-0.870700,1
0.318165,-0.427296,1
1.959395,1.152752,1
1.581321,0.847110,1
1.535470,0.518422,1
-0.120351,0.079099,1
1.986229,-0.593242,1
1.146760,0.658644,1
0.380961,-0.562919,1
1.451880,0.772520,1
1.526920,-0.399150,1
0.099426,-0.741589,1
1.758822,1.047522,1
1.419583,-0.790191,1
0.476547,-0.563896,1
0.580255,-0.718672,1
2.952296,0.208160,1
-0.322714,-0.320215,1
0.953829,0.025263,1
1.062770,-0.940737,1
-0.566957,0.409766,1
-0.704593,1.167467,1
0.605441,0.435134,1
1.854128,-0.113167,1
2.861438,-0.650662,1
0.966046,1.268156,1
-0.093593,-0.370984,1
2.285457,-0.344477,1
0.426566,-0.285119,1
2.420952,-0.961690,1
-1.027770,0.331607,1
2.761892,-0.497032,1
1.306826,-0.261916,1
0.312278,-1.280585,1
0.176431,0.881854,1
0.933933,-0.925441,1
2.239996,0.514758,1
0.808267,-0.417478,1
0.453521,-1.425426,1
1.285649,0.185216,1
0.538086,0.594941,1
-0.176252,0.166275,1
1.760523,-0.450887,1
2.145877,0.208885,1
0.498375,-0.317999,1
1.302881,1.238133,1
1.008227,-0.285932,1
1.573358,-0.218116,1
0.365394,-0.380090,1
0.840745,-1.551261,1
0.251146,-1.458826,1
0.898573,1.076823,1
1.223460,-0.544632,1
0.891286,0.178821,1
-0.586989,-1.315246,1
0.851029,0.332287,1
1.140449,-0.587300,1
1.866351,0.666304,1
1.370273,-0.550849,1
0.565154,0.692228,1
-0.031549,-0.088883,1
-0.425106,-0.618152,1
1.824625,-0.305850,1
0.728449,-0.046449,1
0.740628,-0.686526,1
-0.060721,-0.056196,1
1.020928,0.620470,1
0.758782,-0.854919,1
0.091418,0.297677,1
1.190411,-0.478308,1
1.748462,-0.257498,1
2.143347,-0.513755,1
1.022729,-0.028296,1
-0.586935,0.767298,1
0.693629,0.675064,1
-0.018428,0.471010,1
-0.118861,-0.295638,1
0.743472,0.696261,1
-0.779533,0.158049,1
1.045573,0.381185,1
0.202531,0.799390,1
0.074471,-1.808664,1
-0.022525,0.262509,1
-0.267948,0.161053,1
1.483658,0.835251,1
1.678794,-0.173850,1
2.306350,1.695280,1
1.923968,0.576017,1
0.963676,0.640464,1
-0.330876,1.913896,1
1.269984,0.430894,1
1.444904,0.005600,1
0.765292,0.253557,1
1.960244,1.085326,1
0.392850,0.066791,1
0.801864,-0.240993,1
1.698999,0.439618,1
1.921362,-0.896371,1
1.501567,-1.286989,1
1.863419,-0.580952,1
-0.032062,-0.516528,1
0.736465,-0.407919,1
1.387805,1.425027,1
0.777752,1.302094,1
1.788179,0.855401,1
0.377339,0.006286,1
-0.589177,-0.418717,1
1.023535,-0.606640,1
0.406051,-1.516236,1
1.728245,2.256458,1
1.606757,-0.136886,1
-0.298643,-1.115171,1
0.689585,0.182322,1
1.032344,1.184035,1
0.789627,0.925387,1
1.063607,0.469387,1
0.724760,-0.296245,1
2.357004,1.551669,1
0.143625,-0.580339,1
1.665880,0.059485,1
1.336071,0.057718,1
0.177370,1.315693,1
-0.758506,-0.810834,1
1.163683,-1.055608,1
0.182010,-1.249487,1
-0.800840,0.481602,1
0.288357,0.884171,1
0.362833,0.050262,1
0.514906,-0.803832,1
0.723816,0.408352,1
0.409701,0.663118,1
1.036056,0.221740,1
0.540179,0.275225,1
1.184323,0.412842,1
1.404995,-1.196127,1
-0.741834,0.491603,1
0.475509,0.763480,1
0.087372,-0.404548,1
1.373339,0.706638,1
0.972898,0.657047,1
0.484836,-1.711316,1
0.869076,2.034084,1
0.978497,0.507986,1
-1.073489,0.589891,1
0.294165,-0.111601,1
1.035899,0.376515,1
0.661523,-0.896076,1
1.721407,-0.691985,1
0.625958,-1.234667,1
0.848016,0.026599,1
0.897100,-0.387136,1
1.621989,-0.004959,1
2.708912,-1.205382,1
1.827635,1.085725,1
-0.511752,0.218470,1
0.351897,-1.536241,1
1.706549,0.014885,1
-0.481105,-0.910327,1
1.292512,-0.551011,1
0.827532,-1.987620,1
1.161617,1.935794,1
1.221553,1.022217,1
0.863734,-1.681157,1
0.910242,-0.454897,1
1.651732,-0.054652,1
0.384740,0.161670,1
1.318189,-0.188270,1
0.749549,0.693878,1
1.421944,1.490287,1
1.405416,0.600316,1
-0.443601,1.122418,1
-0.794800,-0.480239,1
1.570693,-0.113112,1
0.534932,-0.476695,1
0.886369,-0.136575,1
0.020634,0.053881,1
1.007747,0.241324,1
1.148621,-0.040940,1
2.296556,-0.321025,1
2.523123,0.607274,1
1.320562,0.154235,1
0.899875,-0.149754,1
0.420755,1.096749,1
1.150413,0.937786,1
2.079126,-0.180887,1
0.025489,-1.668994,1
1.092971,0.234354,1
0.951837,1.208461,1
1.599886,1.236229,1
1.461950,0.824628,1
1.348450,1.110469,1
-0.101014,0.044169,1
0.398212,-0.165173,1
2.067808,-0.306156,1
1.361440,-0.490065,1
0.918050,-1.105311,1
1.413525,0.108382,1
0.087182,-1.433262,1
1.517730,0.477633,1
0.544381,1.482511,1
0.372864,0.403492,1
1.787662,0.376324,1
-0.527187,-1.950383,1
0.935953,-1.111999,1
1.327037,-0.947578,1
0.454064,1.518241,1
1.196031,0.191450,1
2.745147,-0.378030,1
0.830216,0.295456,1
1.608772,-0.812264,1
0.582677,1.210577,1
0.754911,-0.209795,1
1.606696,-0.003026,1
1.800778,-0.253708,1
0.404137,-0.902064,1
1.023401,0.613227,1
1.442319,-0.675717,1
0.238892,0.043882,1
-0.136259,0.231724,1
1.286990,-0.364851,1
0.663558,0.279190,1
2.243984,1.315231,1
1.234826,0.064805,1
1.832921,0.133202,1
-0.120605,-1.253714,1
0.464340,-0.462860,1
1.640597,-0.244482,1
1.287992,-0.148483,1
1.598764,0.154451,1
0.927223,0.754240,1
2.173387,-0.379725,1
0.751414,-0.364110,1
1.307861,0.447687,1
0.671399,-0.523193,1
0.260191,-0.057148,1
-0.640986,0.031417,1
0.669394,0.591860,1
-0.207484,-0.727372,1
1.897498,-0.420554,1
0.939558,-0.341391,1
1.002384,-0.222741,1
1.286305,-0.388168,1
1.022944,0.519343,1
1.795564,-0.007169,1
1.577790,-0.286383,1
1.607196,-1.248472,1
2.212372,0.480942,1
0.680185,-0.256950,1
1.501636,-1.060199,1
1.840465,-0.584955,1
0.866354,-0.504240,1
1.104763,2.017967,1
2.019343,-1.109633,1
0.434978,0.283525,1
-0.008563,-0.155656,1
0.276249,-0.687319,1
2.083140,-0.668390,1
-0.467519,-0.946631,1
1.963524,0.534951,1
1.360871,-0.755090,1
2.420066,-1.364924,1
1.849915,-0.063510,1
0.903119,1.486997,1
0.591015,-0.957507,1
0.746986,0.726704,1
1.953893,-0.617550,1
1.006848,1.279945,1
0.072368,-0.476912,1
1.730034,0.335692,1
1.372231,-0.497572,1
1.495527,-1.605008,1
1.088945,0.948897,1
2.452901,-0.556909,1
0.564418,0.000931,1
0.725929,-0.341747,1
0.551755,0.078343,1
0.994281,-0.729047,1
0.905960,-0.100477,1
1.074222,-0.850036,1
0.166140,-0.944447,1
1.196539,-0.773634,1
1.181008,-0.143639,1
0.479550,0.403490,1
2.489660,0.364886,1
1.214905,-0.467314,1
0.805510,-1.505299,1
0.053662,0.353279,1
1.342909,-0.090839,1
0.641571,0.743885,1
1.132399,0.123730,1
1.588637,0.677906,1
1.479140,1.139963,1
1.286044,0.737401,1
0.384602,-0.536067,1
0.408125,-0.456387,1
1.449202,0.070513,1
2.268728,1.578286,1
1.445087,0.208977,1
1.770691,0.991324,1
1.498939,1.101153,1
0.783941,0.207082,1
1.165177,-0.275429,1
2.506283,-0.042657,1
0.949338,-1.981291,1
1.611478,-0.288629,1
-0.528846,-0.049456,1
1.109258,-0.021574,1
2.252125,0.427020,1
-0.104485,-0.363692,1
0.538909,0.143377,1
-0.512351,-1.175624,1
1.061232,0.241493,1
0.198454,-0.248599,1
0.926370,-0.329631,1
0.878083,0.599821,1
1.460285,1.128773,1
0.878539,-0.870661,1
0.138482,0.371648,1
2.102546,0.474682,1
0.745619,-0.752913,1
1.644125,-0.745577,1
2.082589,0.165861,1
1.068336,-1.355530,1
1.265155,-0.611387,1
2.016152,-0.251373,1
1.581189,0.617312,1
1.873116,-0.397657,1
0.152907,-0.564049,1
0.731591,-0.961399,1
1.554995,-0.014566,1
-0.321827,-0.282179,1
1.173630,0.952862,1
0.961514,0.313628,1
0.406878,0.235149,1
1.867123,0.354157,1
1.950390,0.017137,1
0.645034,0.377134,1
0.599950,-0.196579,1
2.091928,1.523449,1
0.137440,-0.865756,1
1.942204,-2.022486,1
1.888367,1.956320,1
1.458390,0.292820,1
0.181962,0.851560,1
1.897530,0.195741,1
0.020524,0.211062,1
1.272078,0.158958,1
0.248093,0.423467,1
1.020189,-0.628894,1
1.817410,-0.163423,1
1.578639,0.150214,1
0.462964,0.920254,1
0.303383,-0.904073,1
2.231889,0.089860,1
1.119829,0.370716,1
1.090366,0.003367,1
0.508617,-0.054349,1
1.147889,0.437505,1
0.889644,-1.288428,1
1.485572,-0.062947,1
2.454583,-0.477637,1
0.825245,-0.348931,1
0.877503,0.017964,1
0.887080,0.428889,1
2.412580,-0.137731,1
1.032383,1.183234,1
0.292644,0.879985,1
1.341122,-1.228260,1
1.009134,-0.970776,1
1.538805,-0.553755,1
1.289867,-0.440528,1
1.378101,0.109991,1
1.784329,-0.852524,1
1.759611,1.770554,1
0.492114,-0.292498,1
1.242469,-1.085222,1
1.739626,0.331082,1
1.075598,-2.387056,1
2.051751,-0.459038,1
-1.432706,0.400276,1
0.955296,-0.987169,1
0.770283,0.111940,1
1.637158,1.027889,1
2.317623,1.043115,1
0.306342,0.529373,1
0.411566,-1.636929,1
1.100170,-0.455059,1
0.469090,-0.984904,1
1.392974,0.491294,1
0.808679,-0.216566,1
0.607563,-1.103749,1
-0.100691,-0.453240,1
0.482193,0.101026,1
1.948128,0.258629,1
1.523262,-0.336555,1
0.333830,-0.097760,1
1.381956,-0.198769,1
0.837646,-0.006647,1
1.065920,-0.516005,1
0.316005,1.309701,1
1.237600,-0.371716,1
1.490775,-0.901418,1
1.465044,-0.005330,1
1.715006,-0.461809,1
1.021545,-1.008019,1
2.701575,-0.161739,1
0.661458,-0.255290,1
1.946198,0.031251,1
0.831064,0.739351,1
2.503330,-0.739625,1
0.738604,0.799773,1
-0.079907,-0.054901,1
0.632726,0.221221,1
1.379753,-0.320219,1
0.894121,-1.749676,1
-0.522539,1.742235,1
-0.447236,-1.120562,1
0.717484,0.648982,1
0.281379,-0.952621,1
1.010272,-0.690285,1
1.155427,0.571771,1
1.036979,-0.532610,1
1.076372,-0.326723,1
0.529970,-1.273970,1
1.878750,1.558600,1
1.404709,0.481597,1
0.858374,0.514862,1
-0.910356,-0.843864,1
1.512032,0.038681,1
1.703385,0.423943,1
0.201526,-0.446803,1
0.671277,-0.006023,1
1.691495,0.150907,1
1.084598,-0.751241,1
0.547266,1.009201,1
0.088729,-0.059603,1
1.754506,0.579965,1
0.531745,-0.278147,1
1.387188,-0.480868,1
1.150397,0.230962,1
1.012426,0.110190,1
2.001647,-0.321714,1
0.584100,-0.151001,1
0.863789,-0.570205,1
0.305629,-0.255652,1
1.966333,-0.242043,1
1.112486,-0.298117,1
0.196311,-0.499673,1
-0.108620,0.819060,1
1.113325,-0.690498,1
1.774255,0.202727,1
1.258081,2.090775,1
1.208163,0.498955,1
1.297836,-0.962118,1
1.609760,1.152970,1
1.889816,-0.440638,1
0.359860,0.753943,1
0.786551,0.676946,1
-0.044138,0.144843,1
1.434473,0.376446,1
1.038621,-0.874890,1
1.954036,0.644430,1
1.441310,0.749429,1
1.996595,-1.685200,1
0.223459,0.462350,1
2.148280,0.877246,1
0.963846,1.237740,1
-0.155193,1.176354,1
1.037638,0.283560,1
2.185524,-0.900254,1
0.272992,0.312982,1
-0.150234,0.537123,1
2.078328,-0.623506,1
0.605782,0.999894,1
2.059706,0.365585,1
1.221440,0.498763,1
0.192226,0.394495,1
-0.076132,-1.281059,1
2.343928,1.120683,1
-1.132439,-0.137179,1
2.165671,-0.056142,1
-0.299399,-0.600577,1
1.917903,1.058228,1
0.066623,1.669930,1
1.231648,-0.412547,1
-0.503328,-0.560943,1
0.069794,0.752501,1
-0.107135,-0.513744,1
0.799197,0.417458,1
0.345201,0.371261,1
0.533946,0.685413,1
1.539650,-0.123060,1
0.941934,-0.365291,1
-0.305547,0.768462,1
0.893169,-0.114459,1
0.093746,0.331217,1
0.859501,1.216286,1
1.002769,-0.534049,1
0.522568,-0.918739,1
0.879872,-0.374365,1
1.636152,-0.528983,1
0.943369,-0.446503,1
1.210077,-0.207766,1
0.823980,-0.885375,1
1.788189,0.090755,1
1.350722,0.006005,1
1.106515,0.691650,1
1.652374,0.244537,1
0.305616,1.053988,1
1.818394,-0.327885,1
0.072062,-0.258658,1
1.243903,-0.682347,1
1.217951,2.293103,1
1.659769,-0.846739,1
0.261800,0.076412,1
1.148577,0.225281,1
0.314511,0.659012,1
1.229934,0.198115,1
2.122222,0.252818,1
0.194314,0.923936,1
0.481323,0.026789,1
0.127296,-0.726719,1
0.523832,0.184176,1
2.174626,-0.243488,1
1.518875,-0.874432,1
0.322119,-0.830224,1
0.331352,-0.413322,1
1.482844,0.855307,1
1.537383,1.038903,1
1.912406,-0.000169,1
1.750610,0.290171,1
0.184947,0.558102,1
0.160020,0.872889,1
1.246183,0.010734,1
1.255047,-0.931323,1
1.697768,-0.020521,1
1.759146,0.339262,1
-0.347999,0.063334,1
1.379027,-0.697240,1
1.285686,-0.766242,1
1.103346,-0.193075,1
0.911755,-0.185546,1
3.256321,0.103492,1
3.133920,-0.275117,1
1.483745,0.053768,1
0.859258,-0.909471,1
0.085292,0.254061,1
1.402416,-0.404118,1
0.853405,-0.096818,1
0.342319,-0.825850,1
1.663253,-0.109082,1
0.235482,0.379337,1
0.630172,1.706443,1
-0.793943,0.931354,1
1.013611,0.765898,1
2.052664,0.038447,1
0.474442,1.248704,1
1.982441,-0.712509,1
1.524306,0.365900,1
2.848889,-0.239817,1
1.040955,1.245661,1
1.026340,0.014353,1
0.336411,-0.062050,1
1.793094,-1.242324,1
1.331719,0.176539,1
1.044246,-1.321983,1
0.304561,0.340649,1
0.673185,0.427888,1
-0.071211,-0.381465,1
1.979515,-0.004313,1
1.444354,-0.084171,1
1.904489,-0.057870,1
1.565016,-0.518014,1
0.864842,0.895158,1
2.702456,-0.183709,1
1.571754,0.374370,1
1.023370,-0.319415,1
1.206598,-0.538314,1
1.448715,0.098649,1
1.934225,0.441568,1
0.376453,0.301658,1
2.444311,0.287079,1
0.362603,0.312931,1
1.367749,-0.848455,1
1.088064,-0.840475,1
0.719303,-0.201534,1
0.947801,0.879780,1
0.778807,0.915742,1
1.725527,0.833195,1
1.159666,-0.242229,1
0.959120,-0.698101,1
2.163591,0.032228,1
0.954183,-0.845002,1
0.759546,-1.165435,1
0.045939,0.593714,1
1.253828,0.273693,1
2.561072,-0.125218,1
0.797072,0.259379,1
0.851756,-0.209760,1
2.762344,-1.561827,1
1.265405,-1.116684,1
1.718362,-0.147491,1
-0.282847,0.909313,1
0.092333,-0.069557,1
0.107348,-0.920338,1
0.485735,-0.139274,1
0.811071,-1.024763,1
2.462526,0.232488,1
0.078433,0.128756,1
2.144854,0.551959,1
1.056320,1.243761,1
2.616616,-1.060045,1
-0.346875,-1.060708,1
1.057239,0.343318,1
0.151794,-0.120447,1
1.125553,0.163576,1
1.541927,-0.561067,1
1.949926,-0.222542,1
0.517889,0.557098,1
1.501505,0.811241,1
0.445546,0.144091,1
1.448279,0.276439,1
1.684605,-0.107415,1
1.613075,-0.844593,1
0.527142,1.315740,1
0.473694,0.544017,1
1.896252,-0.235098,1
0.170634,-0.142064,1
0.417943,-0.412418,1
0.623321,1.765360,1
-0.121692,0.883728,1
1.893185,0.277821,1
1.504264,0.444621,1
0.905417,1.524855,1
1.511148,0.488505,1
-0.509349,-0.043088,1
0.917686,-0.273736,1
0.908353,-0.364289,1
0.571502,-0.030777,1
0.816837,-0.322539,1
2.589822,0.618728,1
1.336743,0.692036,1
0.784258,-0.270415,1
2.394626,-0.519157,1
1.431030,-0.069754,1
2.171099,0.011964,1
1.141648,-0.147552,1
-0.396649,-0.139292,1
-0.515327,-0.438482,1
0.931721,-0.269298,1
2.015697,0.074683,1
2.918734,-0.645802,1
1.808350,-0.897405,1
0.070423,1.909825,1
2.027015,0.505715,1
1.676690,-0.942582,1
0.584279,-0.018057,1
2.212208,0.178397,1
1.061910,-0.562780,1
-0.157494,-0.689037,1
1.815461,-1.096295,1
1.333704,1.605347,1
0.083761,-1.050252,1
0.809859,-0.475295,1
1.611979,-0.270495,1
0.875697,1.150977,1
0.398392,0.219421,1
0.917153,-0.950930,1
1.134413,-1.349418,1
-0.055251,-0.133106,1
0.674365,-0.107968,1
0.887222,-0.470256,1
0.975503,-0.131528,1
1.935032,0.818670,1
0.392516,0.084450,1
0.227964,0.057891,1
1.155524,0.727311,1
1.219518,-0.700112,1
-0.226205,-1.046459,1
1.293366,0.709769,1
0.736614,0.581340,1
1.984491,-0.697972,1
2.000574,-0.054766,1
0.591818,0.102384,1
0.791652,1.208903,1
2.979656,0.046534,1
1.588509,0.138401,1
-0.361461,-0.482170,1
0.546562,-0.409271,1
2.733723,-0.526471,1
1.576748,-0.079284,1
0.860347,-0.589985,1
3.165454,0.654414,1
0.720846,-0.787393,1
0.640114,0.982557,1
1.466399,-0.484900,1
1.131356,-0.446781,1
0.311261,-0.468312,1
1.457642,0.015049,1
3.177368,-0.290124,1
2.425326,-0.314886,1
1.183355,-0.071179,1
0.954565,0.636280,1
2.772394,1.008804,1
1.404866,-0.449961,1
0.988058,-0.960588,1
1.235264,-0.177404,1
0.362266,-0.988226,1
2.042675,0.902336,1
0.847191,-0.824895,1
2.329828,-0.142856,1
0.368283,-0.500477,1
1.243481,-1.005974,1
2.086051,0.657513,1
2.149076,-0.018382,1
1.320196,1.503483,1
1.760097,-0.033978,1
1.546314,-0.249118,1
2.059558,0.580242,1
0.664602,-0.644698,1
1.070925,0.726640,1
1.197329,0.230414,1
1.356028,0.034173,1
0.455599,1.442380,1
0.645698,0.861251,1
-0.782061,1.697950,1
0.590121,-1.193944,1
0.283421,1.028385,1
1.727036,-1.430419,1
0.504804,-0.422958,1
-0.089147,0.690046,1
2.230282,0.716780,1
1.126170,-0.473527,1
-0.110393,-1.105828,1
1.492477,0.865106,1
1.687660,0.487479,1
1.362575,0.858325,1
0.805437,1.314175,1
0.661820,0.228336,1
-0.354322,-0.536827,1
0.622985,-0.331461,1
0.722515,-0.895974,1
0.468954,1.802300,1
1.187613,1.976709,1
1.988086,-0.716566,1
1.730570,0.000163,1
0.450456,0.388343,1
0.329789,-1.073631,1
2.723698,0.272421,1
-0.497254,0.061541,1
0.991491,-0.301370,1
0.850167,0.134170,1
-0.270398,-0.226521,1
1.303738,0.415775,1
1.546546,-0.354922,1
1.000268,-0.169739,1
-0.019195,-0.816917,1
1.234777,-0.385716,1
0.617992,-0.949850,1
1.656216,0.491766,1
0.255556,-0.492642,1
0.808486,1.093476,1
0.797263,0.072867,1
-0.796061,-0.023996,0
-0.940339,0.401806,0
-0.852766,0.159340,0
-0.836804,-2.054081,0
-1.754772,-0.520234,0
-0.575049,-0.405580,0
-0.857486,-0.306475,0
-2.226088,0.402676,0
-1.610727,-0.237677,0
-0.832680,-0.508837,0
-0.490666,0.029945,0
-2.052764,-0.079199,0
-0.699293,0.086019,0
-3.301026,0.384609,0
-0.262318,0.589195,0
-0.313163,-0.009243,0
-2.837609,0.729955,0
0.071717,-0.224178,0
-1.393534,1.121001,0
-1.126211,0.155274,0
-1.572113,-0.313304,0
-0.694364,0.244262,0
-2.187504,0.058820,0
-0.198806,-0.154460,0
-1.445228,0.578769,0
-1.016239,-0.593661,0
0.651891,0.445786,0
-0.467478,0.428250,0
-1.331887,0.406331,0
-0.257345,-0.926172,0
-2.031695,0.046698,0
-1.073330,0.142906,0
0.033833,-0.581078,0
-0.591242,0.957747,0
-1.323121,-0.375111,0
-0.602257,0.389124,0
-1.024815,0.701758,0
-1.371262,-0.125081,0
-2.337896,-1.487931,0
0.384377,-0.245886,0
-2.525439,0.350597,0
-0.739603,0.212219,0
-1.144745,0.043579,0
-0.631089,0.193887,0
-0.759157,0.355036,0
-2.014938,-0.765824,0
-2.059750,0.635218,0
-0.476053,1.512956,0
-0.730659,0.162247,0
-1.809110,0.685565,0
-2.030998,0.281043,0
-0.280135,0.643175,0
-1.755597,-1.173970,0
-1.177647,0.166738,0
-0.398038,-0.424102,0
-1.946245,-0.228876,0
-1.218893,-0.498777,0
-1.356782,-0.887199,0
-0.623512,0.007414,0
-1.224004,-1.080769,0
-2.188634,-1.142634,0
-0.188969,-0.368810,0
-0.278215,-0.065797,0
-0.233626,0.899236,0
-1.519854,-0.598297,0
-1.326566,-0.013781,0
0.628839,-0.218122,0
-1.878640,0.653834,0
-0.614159,0.657158,0
-1.825253,-1.489586,0
-0.792207,-0.020295,0
-1.143743,0.384536,0
0.588039,0.083445,0
-0.159411,-0.336843,0
-2.221766,1.200966,0
-0.780489,0.099133,0
-0.823098,-0.015277,0
-1.554099,0.150135,0
-0.500576,0.255552,0
-1.597348,0.260365,0
-0.604707,0.049778,0
-0.969637,-0.882445,0
-0.723424,0.265672,0
-1.253824,-1.171350,0
-2.150536,-0.716524,0
-2.384116,1.301058,0
-1.087188,-0.850091,0
0.916035,-0.091878,0
-0.281099,-0.172835,0
-0.912931,-0.691930,0
-0.733985,0.214745,0
-0.686183,-0.359646,0
-0.558899,-0.416831,0
-0.384613,1.371336,0
-0.781465,-0.347274,0
-1.557291,0.289891,0
-0.909574,-0.353997,0
-1.462144,-0.928013,0
-0.642122,-0.945842,0
-0.327139,-1.078331,0
-0.697460,-0.764455,0
-2.952868,0.572468,0
-1.281618,0.303968,0
-0.879508,-0.005271,0
-1.812311,-0.601859,0
-0.855635,-0.866360,0
0.234370,1.616936,0
-1.803435,-0.135274,0
-1.794027,0.983258,0
-1.850714,-0.387915,0
-0.492615,0.120039,0
-1.645153,-1.131465,0
-1.365432,1.082457,0
-0.561480,-0.493177,0
-1.219064,0.297148,0
-1.222374,0.482911,0
-0.919052,1.428928,0
-0.759712,0.363535,0
-1.100128,-0.356590,0
-0.681760,-0.788226,0
-0.180456,0.881526,0
-1.519549,0.472473,0
-2.071968,1.202669,0
-0.063079,1.390821,0
-0.130304,-0.502323,0
-1.779896,0.051475,0
-1.126581,-0.081694,0
-0.735511,1.373842,0
-0.865842,-1.520775,0
-0.669766,0.650469,0
-0.791223,-1.140613,0
-0.305431,-0.009560,0
-1.908576,0.432417,0
-0.898745,-1.732673,0
-0.802059,-0.194877,0
-0.840229,0.636475,0
-0.312257,-0.305393,0
-1.919729,-1.093262,0
-1.399960,0.365002,0
-1.068825,0.885460,0
-0.556967,-0.320057,0
-0.900827,-0.274579,0
-0.072478,-0.048403,0
-1.323726,-0.883534,0
-1.245284,0.328566,0
-1.829030,0.006616,0
-0.799564,0.695634,0
-1.105746,0.809539,0
-1.084626,1.546384,0
0.047324,-0.062723,0
-0.870601,-1.563306,0
-1.489258,-0.434290,0
-1.088809,0.523348,0
-0.301199,0.482194,0
0.074380,0.473875,0
-2.374591,-0.408328,0
-1.811597,0.017964,0
-0.973179,-0.360639,0
-0.258716,-0.464967,0
-0.803032,-0.859534,0
-1.520593,0.462796,0
0.093720,0.273283,0
0.512833,-1.217443,0
-0.139946,0.372981,0
-0.290722,0.063329,0
-0.800551,-0.031517,0
-0.708370,2.103654,0
-0.375760,-0.078760,0
-1.077468,1.069003,0
0.338585,-0.690286,0
0.371975,-0.858493,0
0.156901,-0.127386,0
-1.792039,0.035178,0
-1.364901,1.068317,0
-0.231388,0.032150,0
-0.002844,0.112029,0
-1.376616,-0.099434,0
0.363135,-1.452160,0
-1.109492,-0.844712,0
-0.917527,-0.899605,0
0.149093,0.169244,0
-0.689085,1.181530,0
-1.175378,1.801376,0
0.409284,0.020723,0
-0.264637,0.251737,0
-0.214205,1.863068,0
-1.408838,1.595932,0
-0.348782,-0.506810,0
-0.072057,-0.545553,0
-0.284389,0.490334,0
-1.500636,0.915827,0
-1.808646,-0.559039,0
-1.101883,0.175790,0
-1.207146,0.014307,0
-1.136091,1.181140,0
-1.362560,-0.202788,0
-0.710707,-0.336858,0
0.855300,-0.251631,0
-0.422059,0.740097,0
-1.503802,0.400827,0
-1.628083,-0.065950,0
0.355612,0.866446,0
-0.569467,0.285673,0
-3.397189,-0.386400,0
-1.412128,0.149043,0
-0.872417,-0.207324,0
-1.030270,-0.470423,0
-1.029491,0.025925,0
-1.267418,-1.019258,0
-0.773231,1.011447,0
0.261354,-0.873790,0
-0.814958,0.237502,0
-1.739145,-1.017474,0
-0.218399,0.053885,0
-1.711992,-0.570133,0
-1.086034,-0.394182,0
-0.042257,-0.988865,0
-0.854210,0.486952,0
-0.128210,-0.156905,0
-1.978788,1.429935,0
-1.625348,0.905755,0
-1.405701,2.373097,0
-1.029740,0.237483,0
-0.073021,0.462617,0
-2.024904,0.180585,0
-1.111476,0.272355,0
-0.301816,-0.964065,0
0.232526,-0.611751,0
-2.248426,-0.184520,0
-1.151142,-0.463695,0
1.021910,0.739182,0
0.267550,-0.527394,0
-1.800468,-0.958744,0
-0.823982,-0.461439,0
-0.251320,-0.358944,0
-1.734596,-0.715298,0
-1.371183,-0.136248,0
-1.200085,0.668833,0
-1.293201,-0.196783,0
-1.230487,-0.293886,0
0.132539,0.556102,0
-1.541788,-0.714212,0
-1.283443,-1.087681,0
-1.082347,0.430792,0
-1.534426,1.610539,0
-1.281663,0.376637,0
-0.167323,-0.807250,0
-1.600179,-1.017099,0
-1.724989,-0.129761,0
-0.929291,-0.271589,0
-0.904078,0.476041,0
-1.776027,1.228004,0
-1.714668,-0.285246,0
-1.727550,0.161442,0
-1.399680,-0.443539,0
-0.758908,0.058336,0
-1.808813,-0.505779,0
-1.260239,-0.024903,0
-2.944044,0.092948,0
0.681928,-0.807973,0
1.548949,-0.108143,0
-0.183212,0.905781,0
-0.798597,1.364607,0
-0.279564,-0.932623,0
-0.561962,-1.584990,0
-1.530996,0.144909,0
-2.539930,0.133852,0
-1.516080,0.828493,0
0.772716,0.871476,0
-1.346840,-0.843859,0
-0.766804,0.649275,0
-0.300956,-0.434904,0
-0.659337,0.106428,0
-0.671436,-0.076594,0
-1.565980,-0.667657,0
-1.929028,1.673612,0
-1.830307,0.503002,0
-0.890274,0.897447,0
-0.639350,0.348965,0
-2.167993,-0.418324,0
-0.882603,-0.668494,0
-0.559504,1.020307,0
0.287124,1.992766,0
0.049586,-0.850001,0
-2.380524,0.648821,0
-0.585513,-0.965330,0
-0.347987,1.323484,0
-2.134994,-1.339352,0
-0.862180,0.651032,0
-1.399899,0.298992,0
-1.153251,-0.772168,0
-1.753472,0.578162,0
-0.407403,-1.087767,0
-1.564647,-0.953221,0
-0.953104,-0.721331,0
-0.606356,-0.512614,0
-0.077938,-0.694606,0
-0.923870,-1.195653,0
-0.574716,-0.228713,0
-1.481305,1.040547,0
-1.732212,0.598529,0
0.152701,0.981784,0
-0.493859,0.708449,0
0.469799,-0.574634,0
-0.898116,0.658310,0
-0.273211,0.051879,0
-1.039863,-0.479877,0
-0.740146,-0.372009,0
0.512662,0.130521,0
-1.494088,-0.593474,0
-0.382153,1.285978,0
-0.285755,0.915858,0
-0.598524,0.150327,0
-2.301140,1.064135,0
-0.420363,0.397983,0
0.550412,0.522452,0
-0.132154,0.303708,0
0.959166,-0.919228,0
-1.082641,0.178631,0
0.318649,-1.012320,0
0.085322,1.747707,0
-1.113953,-0.563320,0
-2.409953,0.580150,0
-1.695178,-1.554764,0
-2.289597,1.611359,0
-2.256361,0.207741,0
0.702103,0.834376,0
-0.534591,-0.593270,0
-2.885464,-0.186111,0
-0.823651,1.638769,0
0.383572,2.013370,0
-0.945934,-0.495752,0
-0.499916,0.676153,0
-1.262002,-0.357683,0
-0.743050,-0.124301,0
-2.296485,0.740951,0
-1.585358,-0.117160,0
-1.623723,0.304703,0
-1.472753,-0.652754,0
-1.433524,0.784484,0
-0.318762,-0.019204,0
-1.901531,1.373617,0
-1.245859,0.578770,0
-1.134843,-0.358990,0
-1.189007,-0.533979,0
-0.573836,0.860287,0
-1.278000,1.185428,0
-1.180531,1.207470,0
-1.216554,-0.778197,0
-2.808441,0.589580,0
-0.859372,-0.325779,0
-2.028940,-0.374776,0
-1.561415,-1.045074,0
-0.740249,1.187883,0
-1.146520,1.148627,0
0.091739,-0.294812,0
-0.062253,0.040610,0
-2.195491,-0.082043,0
-1.957364,-0.797976,0
-1.371128,0.728070,0
-2.145842,0.701635,0
-1.759598,0.035147,0
-1.938633,-0.754324,0
-0.670986,1.369483,0
-0.216189,0.030837,0
-1.040606,0.015733,0
-0.896776,0.380823,0
-2.072803,-0.463748,0
-2.386175,-0.327210,0
-1.562876,-2.019693,0
-0.935108,-0.043944,0
0.122478,-0.503423,0
-0.942471,-1.174052,0
-0.856188,-0.231913,0
-0.159906,0.391218,0
-0.997089,-0.950205,0
-0.672149,-0.534307,0
-1.145015,0.225257,0
-2.090656,0.537270,0
-3.230727,-0.194044,0
-0.503293,0.164673,0
-0.233382,-0.342792,0
-0.972782,0.045183,0
-1.077747,-0.214640,0
-0.463775,-0.801053,0
-0.784314,0.742980,0
-0.952084,-1.032733,0
-0.015836,-0.574590,0
0.078487,-0.230301,0
-0.489670,0.614526,0
-2.161937,-0.429693,0
-1.304130,-0.225710,0
-1.440909,0.482817,0
-0.173072,-0.026796,0
-2.182937,-0.743963,0
-1.162178,-0.415818,0
-1.441989,-0.450956,0
-0.085131,-1.248654,0
-2.187868,-1.303690,0
-0.860854,-0.197635,0
-1.140757,-0.683689,0
-1.986685,0.188366,0
-1.088150,0.561070,0
-1.853417,0.129036,0
-0.331024,1.502596,0
-0.955837,0.426423,0
0.248322,0.919391,0
-1.073427,0.216171,0
-0.592253,-0.845001,0
-2.267501,-0.964400,0
-0.190129,0.576322,0
-0.016342,0.685200,0
-0.230371,-0.709889,0
0.067707,0.001078,0
-1.062209,1.170363,0
-1.170986,0.324187,0
-2.565838,0.573556,0
-1.326978,-1.392539,0
-1.346658,-1.231338,0
-1.389353,0.725566,0
-0.708741,-0.039986,0
-0.412267,1.419614,0
-0.489910,0.696629,0
-1.151061,-1.279273,0
-1.087173,-0.631280,0
-1.536454,0.848321,0
-1.153850,-0.648461,0
-1.471070,-0.416303,0
-0.505064,0.255768,0
-0.755486,0.484180,0
-2.437453,-0.730963,0
-0.420331,0.687490,0
-0.033630,0.191143,0
-0.069698,0.044882,0
-0.615586,0.444537,0
0.857708,0.758313,0
0.256823,0.728488,0
-1.608788,-0.521669,0
-0.817841,-1.056613,0
-1.893652,0.886858,0
-2.033264,1.568857,0
-0.175841,-1.070070,0
-1.101861,0.313956,0
-1.531924,-0.364033,0
-1.062931,0.714325,0
-0.857792,-0.291999,0
-1.334369,-0.241255,0
-0.849712,2.634781,0
-0.767540,-1.137857,0
-1.120474,-0.936156,0
-0.746401,0.770911,0
-2.353560,0.519932,0
0.103453,-0.146101,0
-0.935092,0.787529,0
-0.802866,-0.738327,0
-1.089589,0.604320,0
-2.156644,-1.554877,0
-2.059031,0.303822,0
-1.553932,0.480986,0
-1.134046,-0.849774,0
-0.649960,-1.012024,0
-2.113232,-0.307807,0
-1.559662,-1.150345,0
-0.382717,-0.172752,0
-0.454259,-0.849236,0
-0.350266,0.599236,0
-1.454798,0.508098,0
-1.017864,0.823030,0
-0.795222,-0.483635,0
-1.076631,0.103032,0
-0.807863,0.698227,0
-2.010229,-0.726098,0
-2.316460,-0.615072,0
-2.266428,-0.533724,0
-1.431963,0.559125,0
-1.174154,0.306495,0
-0.626879,0.820057,0
-1.606627,0.292072,0
-0.695620,0.822422,0
-0.670056,-0.364762,0
0.123605,0.332442,0
-0.613283,0.665924,0
-0.828652,0.462385,0
-0.475659,-0.188395,0
-0.927590,0.247797,0
-1.332968,-0.210662,0
-1.004731,1.468295,0
-0.453768,-0.022373,0
-0.723215,-0.012667,0
0.214294,-0.473675,0
-0.981710,-1.967896,0
-2.102834,0.174834,0
0.309050,-0.617215,0
-0.893809,-1.163750,0
-2.402896,0.232722,0
-0.347247,-0.004854,0
-1.963402,1.423059,0
-0.908766,-0.510535,0
-1.459442,-0.113198,0
-1.699690,-0.312042,0
-1.716242,-0.628467,0
-0.290316,-0.976105,0
-1.918604,0.052224,0
-0.143345,-0.556633,0
-1.287899,1.299700,0
-0.294848,-1.748637,0
-0.821614,-1.203902,0
-0.939019,-0.253505,0
-1.310781,0.835839,0
-1.308984,1.933889,0
-0.419746,0.195272,0
-1.561347,-0.128957,0
-2.360180,0.231099,0
-0.085811,0.125915,0
-1.792380,-0.504312,0
-0.561570,-1.208057,0
-0.191920,0.160883,0
-2.086666,0.364977,0
0.120163,0.783771,0
-1.547761,-0.292436,0
-0.935083,0.210877,0
-1.260036,0.069462,0
-1.175902,-0.242387,0
-0.134428,0.091173,0
-2.017776,-0.133181,0
0.320620,-1.809872,0
-0.504075,-0.265215,0
-2.510059,-0.886630,0
0.037979,0.549909,0
-0.383660,-0.911119,0
-0.675792,1.124720,0
-0.703676,0.729942,0
-2.532189,-0.098551,0
-2.283473,-0.124396,0
-1.614565,0.207196,0
-2.655210,0.580402,0
-0.810318,1.074037,0
-0.405760,-0.137286,0
0.435969,-0.304188,0
-1.568683,-0.156238,0
-1.538770,1.490354,0
-2.622410,-0.155810,0
0.308164,0.530167,0
-1.539618,-1.670400,0
-2.008590,-0.344074,0
-0.035998,-0.417663,0
-2.559618,-0.174037,0
-0.437443,0.890005,0
-1.990376,0.909589,0
-0.432521,0.684693,0
-1.591849,-0.781038,0
-0.903890,-0.650980,0
-1.137015,0.097791,0
-2.123390,-1.054254,0
-0.485787,0.324130,0
-1.390691,-0.028518,0
-0.985037,0.406439,0
-0.382323,-1.138778,0
-0.607700,-0.595668,0
-0.394133,-0.323828,0
-0.958219,-1.285081,0
-1.885972,-0.946359,0
-0.787546,-0.585373,0
-0.792631,1.813885,0
-0.357166,-1.142912,0
-0.631149,0.019358,0
-1.027400,0.207380,0
-1.182135,0.374081,0
-0.800853,-1.258241,0
-0.364428,0.485451,0
-1.738339,-0.932440,0
-0.782268,-0.277139,0
-1.649216,0.769837,0
-1.443776,-0.822926,0
-1.747023,0.886438,0
-0.145758,-0.096566,0
-0.122042,-0.885278,0
-1.688707,-0.828807,0
-1.459919,-0.410439,0
-0.085041,0.738203,0
-1.463111,-0.967323,0
-1.150217,-1.489046,0
-1.784573,-0.366611,0
-1.908727,1.037603,0
-0.890543,-0.048550,0
-1.010727,-0.588870,0
-1.424192,-0.513329,0
-1.493454,-0.295614,0
-1.228984,-0.002049,0
-1.049089,-0.263868,0
-0.515145,0.865684,0
-0.885664,-0.932475,0
-1.199696,-1.135457,0
-0.816318,0.720864,0
-0.962397,-0.793947,0
-1.702159,-0.167851,0
-1.534377,0.277558,0
-2.561675,-0.881703,0
-0.712085,-1.116916,0
-1.137456,-0.162059,0
-0.732548,0.365310,0
0.622720,0.344137,0
-1.062928,0.063977,0
-2.470107,0.310519,0
0.368636,1.550775,0
-1.796477,0.340453,0
1.776258,0.178645,0
-2.034438,0.557920,0
-0.801510,-0.266195,0
-0.790964,0.519253,0
-0.919436,-0.565173,0
-1.314282,-0.843153,0
-1.653947,0.119015,0
-0.921741,-0.261909,0
-1.885962,0.019178,0
-2.936971,1.398001,0
-0.206983,-0.066210,0
0.792012,-0.680627,0
-0.741608,-1.503711,0
-1.066411,0.579484,0
-1.797652,-1.068546,0
-1.545618,0.489425,0
-1.507425,0.714940,0
-1.900459,0.741394,0
0.196944,-0.207059,0
-0.425439,-0.702832,0
-1.353337,0.206094,0
-1.465867,0.208317,0
-1.089892,-0.421933,0
-1.303778,-1.682168,0
0.230520,0.025935,0
-0.681572,-0.684569,0
-0.669500,1.595478,0
-1.187477,-0.544374,0
-1.337306,-0.999001,0
-0.674726,0.951038,0
-0.132006,-0.758481,0
-0.154244,-1.003133,0
-0.497034,0.995280,0
-0.839663,0.839899,0
0.036668,-0.034346,0
0.144706,1.112322,0
-2.996616,0.596526,0
-2.293219,0.110181,0
-0.785730,-0.972700,0
-0.076172,-0.851984,0
0.583410,-0.998238,0
-1.404446,-0.930739,0
-1.439537,0.348623,0
-0.939549,0.058072,0
-1.382171,-0.284817,0
0.036028,-0.570370,0
-0.277565,0.561204,0
-1.104011,0.142797,0
-0.504251,-2.459203,0
0.172310,-0.481406,0
-1.273764,0.703496,0
-0.279020,0.496963,0
-2.441336,1.752784,0
-0.555741,-1.344717,0
-0.575367,-0.931868,0
-0.005797,0.387170,0
-2.118628,-1.093190,0
-1.001295,0.296513,0
-0.733426,1.300210,0
-1.749440,0.635473,0
-1.996645,0.317620,0
-0.613632,0.333512,0
0.269553,0.687432,0
-1.101813,-0.359746,0
-0.536929,-0.863289,0
-1.073047,0.284780,0
-0.599044,-0.116752,0
-0.900948,1.260230,0
-1.139722,-1.151718,0
-1.878914,0.667214,0
-1.559040,0.537901,0
-1.408014,-2.027235,0
-2.020230,0.728790,0
-1.205825,0.449442,0
0.016381,1.023437,0
-1.902751,-1.658068,0
-1.230888,-0.382858,0
-1.617039,-0.145531,0
-1.270334,0.470152,0
-1.639735,-0.754669,0
-2.364640,-0.074206,0
-1.335342,0.499446,0
-2.677174,-0.165276,0
-1.202014,-0.568521,0
-1.133108,0.978080,0
-0.682207,-0.303643,0
-0.318537,0.199531,0
-0.427876,0.370337,0
0.022325,0.936912,0
-0.027433,-0.028116,0
-1.718398,-0.358486,0
-2.294098,0.332502,0
-0.880904,0.926866,0
0.571448,-0.452558,0
-0.578347,1.163106,0
-0.128851,-0.723850,0
-0.133313,-0.155728,0
-0.969064,0.750977,0
-0.011625,-1.541148,0
-1.040176,0.015665,0
-0.479425,0.994643,0
-0.864690,-1.202128,0
-0.711400,-0.880116,0
-0.837597,-0.622071,0
-0.979555,-0.978321,0
-1.919501,0.134743,0
-0.740360,-0.047810,0
0.393296,-0.733480,0
-0.983378,-0.925045,0
-0.276753,1.284471,0
-1.436629,-1.046098,0
-2.255047,-0.176429,0
-2.175799,0.742173,0
-1.430914,-0.690928,0
-1.019083,0.180041,0
-2.476057,0.511316,0
-0.658368,0.786326,0
-1.108330,0.972644,0
-1.342763,-0.830966,0
-1.114385,0.166360,0
-0.615387,-0.263888,0
-0.581858,0.723501,0
-0.290672,0.593583,0
-0.279983,-1.407388,0
-0.465362,0.232182,0
-0.850807,-0.290105,0
-0.096559,0.483911,0
-1.772243,-1.108737,0
-1.372702,0.007230,0
-1.809479,1.079073,0
-0.193540,-1.118743,0
-0.587103,0.054515,0
-1.482663,-0.165776,0
-1.239176,-0.159846,0
0.600253,0.614620,0
-1.792234,-0.902017,0
-2.073895,1.021162,0
-1.010232,0.474225,0
-0.099348,-0.054244,0
-2.200073,0.147430,0
-1.544978,-0.804105,0
0.193681,0.861376,0
0.050522,-0.295146,0
-0.701609,0.623087,0
-0.217259,0.986646,0
-2.355713,0.521004,0
0.176700,1.755955,0
-1.031424,-0.247708,0
-1.136728,-0.100579,0
-0.740423,-0.073688,0
-1.321297,-0.433178,0
-1.905409,0.311602,0
-1.446755,0.287415,0
-2.161819,0.582213,0
-1.071052,-0.066326,0
-3.149834,-0.512494,0
-1.089689,0.539589,0
0.392694,0.787911,0
-2.011010,0.311514,0
-1.617053,0.281703,0
-1.001583,0.012098,0
-0.962715,-0.243129,0
-1.563261,0.779014,0
-0.924943,-0.146055,0
-2.625178,-1.528522,0
-1.456824,0.342036,0
-0.741675,-0.610168,0
-2.194898,0.521627,0
-1.844209,-0.636887,0
-0.873349,-0.169851,0
0.190106,-0.223315,0
-1.210042,0.191682,0
-1.199106,0.894169,0
-1.411535,-0.444728,0
-1.512541,-1.113630,0
-0.268144,-0.190586,0
-2.679515,-1.632647,0
-0.613402,-1.717291,0
0.794686,1.235364,0
-1.631050,-1.303900,0
0.178703,2.112290,0
-1.017669,0.246081,0
0.446634,-1.698649,0
0.777878,-0.398766,0
-1.107666,0.150138,0
-1.264300,0.354414,0
-0.235093,1.525039,0
0.080187,-0.132212,0
-1.497324,-0.648503,0
-0.285715,-0.167992,0
-2.106018,-0.230474,0
-0.539179,-0.890264,0
-0.744919,-0.202380,0
-1.823402,0.753189,0
-0.855424,-0.975065,0
-1.713755,0.268659,0
-0.077839,-0.135279,0
-0.973529,-0.561737,0
-0.957812,1.312684,0
-0.016663,-1.095362,0
0.028533,-0.536348,0
-1.244997,-0.585305,0
-3.205454,0.354079,0
-0.204870,0.043770,0
-1.523204,-0.943042,0
-1.920181,-0.104760,0
-1.012915,0.256321,0
-0.737423,-0.502909,0
-0.395718,0.950619,0
-0.142439,0.587176,0
-0.364857,0.096464,0
-0.199472,-0.326966,0
-2.038543,-0.251815,0
-0.762901,0.592278,0
-1.316897,-0.024651,0
-0.540130,-0.556552,0
-2.867093,0.302795,0
-1.205732,0.829913,0
-1.331919,0.532749,0
-1.203159,-0.142804,0
-1.410627,-0.357801,0
-1.253792,0.372362,0
-1.605223,-0.206443,0
-0.426561,1.623165,0
-2.213386,0.324448,0
-1.312388,-0.551621,0
-1.604428,-1.648595,0
-0.356176,-0.684039,0
-0.003547,-0.452567,0
-0.951391,0.401466,0
-1.538759,-0.198996,0
0.579947,1.208554,0
-1.723888,1.295683,0
-0.680111,-1.322946,0
-1.364565,-0.187580,0
-0.870436,0.305551,0
0.445757,-0.768324,0
-0.576169,0.762097,0
-1.398833,-1.203858,0
-1.672289,-0.531237,0
-0.889550,0.116538,0
-1.509211,1.018465,0
-0.176532,-0.490166,0
-0.856034,-0.418333,0
-0.978786,-0.090900,0
0.359600,-0.098680,0
-0.443899,-1.013985,0
-0.262882,0.808172,0
-0.698719,-0.116506,0
-1.944834,0.898870,0
-0.871789,0.705616,0
-2.014151,-1.103503,0
-2.419250,-0.689435,0
-0.554443,0.608298,0
-0.856862,0.611592,0
-0.896950,-0.356189,0
-0.091655,0.870729,0
-0.161376,-0.468055,0
-2.163200,0.639212,0
-0.812798,0.261480,0
-2.299557,-0.461464,0
-2.022259,-0.577029,0
-0.337119,0.978287,0
-1.615994,-1.436744,0
-2.027126,0.288333,0
-1.962088,0.008464,0
0.584964,-0.613215,0
-2.483845,0.200981,0
-1.267989,-0.567726,0
-0.508297,0.079078,0
-0.924525,-0.341996,0
-1.403809,-1.634056,0
-1.475118,-0.359203,0
-2.861603,0.430949,0
-0.824341,-0.218294,0
-0.807323,1.719809,0
-2.293408,1.734019,0
-0.956906,1.259949,0
-1.245378,0.400027,0
-0.236696,0.028663,0
-2.143523,0.214072,0
0.431640,-0.648139,0
-2.041044,0.528015,0
-1.415862,0.196532,0
-0.966491,0.559191,0
-0.970731,0.097362,0
-1.847210,2.246786,0
-0.755303,-0.425704,0
-2.048573,0.402654,0
-1.784110,-0.854055,0
-1.636255,-0.360386,0
-0.645086,0.085246,0
-2.109006,-1.078565,0
-0.534553,1.781625,0
-1.052364,0.803878,0
-0.735394,0.001732,0
-2.130756,-0.562139,0
-0.706844,-1.390836,0
-1.274665,1.384840,0
-0.652237,-0.262288,0
-0.685752,0.295632,0
-1.614326,-0.638670,0
0.145023,0.672090,0
-0.630937,-1.840715,0
-1.644818,-0.619996,0
0.209722,-0.410643,0
-1.029277,-1.066695,0
-0.310056,-0.994450,0
-1.461565,-0.640998,0
-2.400947,-0.344169,0
-1.689640,0.731601,0
-1.520966,-0.469783,0
-0.752823,0.890915,0
-2.193497,-0.298239,0
-0.898952,0.277137,0
-1.432227,-0.265072,0
-0.649658,0.958513,0
-1.386468,0.734986,0
-1.570354,0.533713,0
-1.005295,-0.947178,0
-2.166011,-1.323315,0
-1.487664,0.250770,0
-1.201947,-1.172075,0
-0.182182,-1.303253,0
-1.647199,0.526966,0
-0.939434,0.203606,0
-0.616036,-0.032997,0
-0.925588,1.223997,0
-0.824369,-1.065916,0
-1.606195,0.272582,0
-1.616715,-0.748204,0
-1.434721,-1.383171,0
-1.852259,0.105274,0
-0.581286,-0.252002,0
0.092152,-0.133645,0
-0.841823,-0.782723,0
-0.235822,1.309883,0
0.093111,-0.308766,0
-2.879634,0.064713,0
-2.172554,0.841019,0
-0.775636,0.026222,0
-2.534435,-0.468213,0
-1.205367,1.015306,0
-1.540288,0.321844,0
0.648759,0.493033,0
-1.462962,-0.362766,0
-0.631280,0.250111,0
-1.298579,-0.389518,0
-1.513285,-0.643092,0
-0.953124,-0.822265,0
-0.991552,0.222464,0
0.171308,0.134631,0
-0.463382,-0.047572,0
-1.348484,-0.401061,0
-1.292602,0.006373,0
-1.513969,-0.549332,0
-0.732461,0.262130,0
-0.884447,-0.306655,0
-0.961394,-1.337308,0
-1.372291,-0.464031,0
-0.167524,-0.058434,0
-0.722408,-0.836469,0
-0.508104,0.311087,0
-0.219030,0.035908,0
-0.892524,0.669659,0
-1.086115,0.621826,0
-1.149279,-0.037298,0
-1.200601,0.095056,0
-0.370206,-0.689248,0
-2.152289,0.537277,0
-0.620400,0.371703,0
-0.081165,0.134705,0
-1.142136,0.183459,0
-1.772363,-0.474666,0
-0.423289,-0.825643,0
-1.576731,0.160898,0
-1.733052,0.223509,0
-0.057069,0.444838,0
-1.152070,-0.472847,0
0.469256,0.618031,0
-2.647546,-0.370728,0
-2.589820,0.206993,0
-0.376647,0.133455,0
-2.228822,0.073459,0
-0.609059,0.594942,0
0.378127,0.742390,0
-1.749161,0.845024,0
-1.091356,0.670354,0
0.404256,-0.186193,0
-0.660388,-0.234840,0
-1.240894,-0.779283,0
-1.307900,1.028307,0
-0.656465,-0.598895,0
-0.564298,-1.325564,0
