1.186298,1.522318,1
0.347438,-1.488455,1
0.793325,-1.552215,1
1.988831,1.124448,1
1.230235,-0.827647,1
1.829351,0.579491,1
1.442015,0.014229,1
2.150498,-1.064322,1
1.657794,0.640148,1
-0.522436,0.778479,1
0.841346,0.756518,1
1.312018,-0.932804,1
0.907746,-0.915491,1
-0.003365,-0.744193,1
1.410479,1.024064,1
0.081273,1.411391,1
0.737396,1.117788,1
1.397569,0.559747,1
-1.311149,0.573076,1
-0.914890,0.621603,1
0.893423,-1.257716,1
1.931963,-0.630696,1
1.829198,-0.118108,1
1.340507,-1.236030,1
-0.505346,-0.036729,1
0.358001,0.735203,1
1.412916,0.940737,1
0.659110,-0.210820,1
1.171729,0.728837,1
1.798231,-0.469888,1
2.377681,1.556412,1
0.228431,-0.116954,1
1.175272,-1.036044,1
0.062543,-0.191757,1
-1.040387,-0.409787,1
2.484536,0.359543,1
1.762330,0.404259,1
0.720145,0.348242,1
-0.491937,0.647844,1
1.490715,-0.642176,1
1.572641,-0.579061,1
1.830566,-1.134771,1
1.834775,0.173844,1
1.618586,0.106777,1
0.919274,0.047918,1
0.091884,-1.174526,1
1.112727,-0.743052,1
0.045980,-1.256140,1
0.907102,0.469670,1
0.859807,0.284417,1
1.161125,-1.458165,1
0.714826,0.494143,1
0.172112,0.707042,1
0.700604,0.359916,1
0.868168,0.184965,1
-0.743054,0.607400,1
0.618504,-1.314272,1
-0.029509,0.224191,1
1.324859,0.424546,1
1.458503,0.841376,1
1.081459,1.512362,1
1.453098,-0.065192,1
1.429358,-0.554529,1
2.292322,0.873668,1
2.731887,0.299395,1
0.790170,1.825456,1
1.189717,3.233919,1
0.901338,-0.110835,1
1.102561,0.395951,1
0.457475,0.427178,1
0.818163,-0.176302,1
1.068157,0.804866,1
0.822048,0.145316,1
-0.021448,0.826879,1
0.596191,0.619140,1
0.892037,-0.745603,1
1.270392,-0.607152,1
1.258224,-1.264463,1
1.072538,0.185632,1
0.808615,0.171906,1
2.014136,-0.181869,1
-0.240346,0.867500,1
0.119128,2.080013,1
1.701886,-0.343879,1
1.698190,0.011022,1
-0.212519,1.077628,1
0.506208,1.152544,1
0.410252,0.232814,1
0.846101,-0.187677,1
0.626556,0.513792,1
-0.071978,-0.236986,1
0.492386,0.741078,1
2.240504,1.105858,1
0.486955,-0.571065,1
-0.581148,0.094045,1
0.578562,1.377226,1
1.016586,-0.750313,1
1.182993,-0.600720,1
2.349913,1.519786,1
0.712229,1.022846,1
0.277925,0.362848,1
0.273662,-0.703044,1
0.851473,0.203238,1
1.518330,-0.637357,1
2.616651,0.238828,1
1.444939,0.233741,1
1.423629,0.386481,1
0.327941,0.393932,1
1.799662,-0.693670,1
2.281050,-0.239315,1
1.228679,0.928057,1
1.096743,1.019470,1
1.002578,-1.994262,1
2.338810,0.259555,1
0.116224,1.089945,1
2.386280,-0.828917,1
-0.145083,0.024112,1
2.701896,2.045058,1
0.500348,1.480113,1
0.569808,-0.348312,1
1.142073,0.450503,1
1.604266,0.543714,1
0.652395,0.258688,1
1.284407,-0.851150,1
0.525166,-0.258781,1
1.118153,0.970067,1
1.033286,-0.657656,1
1.529047,-0.683629,1
0.887023,1.204807,1
1.414650,-0.696604,1
1.701892,0.368597,1
3.064284,-0.275792,1
1.639912,0.816299,1
-0.148381,1.492418,1
1.467812,-0.015451,1
0.113231,-1.297764,1
0.268536,0.521362,1
0.865668,1.052534,1
1.771192,0.851481,1
1.109671,-0.315840,1
0.197592,0.102657,1
0.326615,-1.156049,1
0.373943,0.651147,1
1.108624,-0.262176,1
1.190566,1.291964,1
0.282760,-0.882291,1
1.909026,-0.659496,1
1.212997,0.214864,1
1.705645,-0.912773,1
0.204024,0.544336,1
1.088091,0.346872,1
1.736604,-1.250744,1
2.041635,0.645752,1
0.525607,0.444422,1
0.454341,0.482381,1
1.006670,0.516801,1
2.499971,0.664451,1
2.119037,0.106992,1
1.069955,-0.829467,1
1.856009,-0.101966,1
1.545730,-0.425607,1
0.976005,-0.621575,1
-0.889400,-0.042918,1
1.088087,-0.689197,1
1.689134,-0.721554,1
1.128946,0.234352,1
0.727398,-0.318180,1
0.407922,-0.305004,1
1.907763,0.491254,1
2.503620,0.444796,1
0.652358,-0.674409,1
2.041888,-1.372498,1
0.798668,0.266618,1
0.864571,0.139308,1
1.769567,-0.220945,1
1.451432,0.098522,1
1.147249,0.564491,1
0.541423,0.013310,1
1.999685,-0.135471,1
0.367571,1.350940,1
-0.271791,1.023116,1
0.692496,-0.143934,1
0.769180,0.865385,1
-0.302756,-0.380274,1
1.005369,-0.582526,1
1.287104,-0.097196,1
0.739350,-1.315229,1
-0.320056,0.219732,1
0.941861,-1.095709,1
1.701199,0.568244,1
1.690710,-0.790367,1
1.697215,-0.319646,1
1.103011,-1.534412,1
0.028030,0.122200,1
1.422201,0.787870,1
-0.902980,0.779965,1
1.966361,0.055523,1
1.432656,0.097087,1
-0.254874,-0.644452,1
1.139681,0.218346,1
-0.950717,-1.012717,1
1.018470,1.017838,1
0.918913,0.234442,1
0.205117,-0.102109,1
1.146234,-0.566681,1
0.445408,0.431115,1
2.198730,-0.744021,1
1.480604,0.120777,1
1.451722,0.557355,1
-0.106715,-0.854351,1
1.382925,-0.152510,1
2.249772,-1.431849,1
2.406545,-0.862731,1
1.927632,0.963524,1
1.197689,0.848754,1
1.062347,0.508169,1
1.614517,1.033655,1
0.752317,-0.794709,1
1.474687,1.158473,1
0.292173,0.616992,1
1.263547,-0.394756,1
0.809275,0.197621,1
-0.081701,-0.145904,1
0.350402,1.172014,1
0.698421,0.205039,1
1.181429,-1.315830,1
0.621271,1.296089,1
0.479290,-0.524731,1
0.189489,-1.481027,1
0.142078,-0.529671,1
-0.908862,0.615333,1
-0.175848,-0.679881,1
0.966517,0.247896,1
2.092859,-0.804201,1
1.132835,0.110830,1
1.128477,0.706864,1
1.736128,0.146713,1
0.977176,-0.101085,1
1.120069,0.492633,1
1.463334,-0.843729,1
0.926411,0.222980,1
0.595415,0.216418,1
0.485224,-0.104273,1
1.742232,-0.537163,1
1.628473,0.517506,1
1.495130,0.997940,1
0.185046,0.750316,1
-0.856811,0.319751,1
0.719265,1.082603,1
1.267650,-0.695126,1
2.078308,-0.358828,1
1.246259,0.169423,1
1.472339,0.348504,1
0.055937,0.089844,1
1.200926,-1.186479,1
2.099032,0.028832,1
1.070164,-0.448259,1
1.514900,-0.468382,1
1.397650,-1.276144,1
1.021376,-0.856380,1
1.444048,1.373579,1
2.634584,-0.191474,1
1.136181,-0.800184,1
0.405168,1.012435,1
0.548980,-0.491489,1
1.144566,1.467561,1
1.191926,0.110822,1
0.280936,0.881291,1
1.480770,0.236071,1
0.654169,-0.502004,1
1.382044,-0.266213,1
0.701658,-0.649247,1
1.099669,-0.787864,1
1.714763,-0.442947,1
1.317654,-0.525954,1
-0.703857,-0.688607,1
1.095562,-0.325571,1
1.486250,0.078249,1
2.829104,-0.556474,1
-0.577126,0.943992,1
1.230682,0.592569,1
1.194801,0.199621,1
0.646311,0.191796,1
1.426532,1.866952,1
0.247345,0.494846,1
0.234658,-0.585770,1
1.972456,-1.176993,1
2.940953,-0.022564,1
1.173016,-0.009696,1
1.487802,-1.403783,1
-0.263597,-0.225728,1
0.997098,-0.396813,1
1.852628,0.685530,1
1.581285,0.216173,1
0.936666,0.607313,1
-0.058484,0.711621,1
0.179026,0.302797,1
0.568703,-0.050038,1
1.863819,0.062672,1
2.969416,0.775249,1
0.510732,-1.353581,1
2.266165,1.080854,1
1.194350,-0.737760,1
0.638837,0.159564,1
0.376431,0.535750,1
-0.007397,-0.421488,1
1.028619,-0.644592,1
2.405850,-0.172825,1
1.961012,-0.253928,1
1.799446,0.878265,1
1.413558,1.009638,1
0.891702,0.525406,1
1.083772,-0.093687,1
0.194448,-0.306359,1
1.236388,-1.008479,1
2.058556,0.720994,1
0.724155,-0.774540,1
1.217381,-1.151906,1
1.208937,1.731563,1
1.514401,0.976274,1
-0.804095,0.812792,1
1.762032,-0.423309,1
1.075910,-0.182430,1
0.003803,-0.272058,1
1.227483,0.002335,1
-0.710140,0.836767,1
2.146510,0.616346,1
0.897649,-0.660121,1
0.741587,-1.154808,1
0.334751,0.374705,1
0.904660,-0.041414,1
1.142508,-0.628229,1
0.274007,1.057659,1
0.674652,-0.298969,1
-0.618618,-0.851090,1
0.341783,-0.791080,1
0.178370,-0.754647,1
1.081035,0.269131,1
0.470565,-0.056174,1
1.573474,0.174631,1
1.249909,-0.233969,1
1.160430,0.210982,1
1.048738,0.664039,1
1.487471,0.356269,1
1.765168,-0.165440,1
0.999472,-0.575117,1
0.525674,-0.046338,1
1.349446,-0.175389,1
1.072640,-1.659034,1
1.722457,0.662705,1
2.302461,-0.472487,1
0.544567,0.187413,1
0.762793,0.134367,1
0.219591,0.004153,1
0.339835,0.407291,1
1.847843,0.108429,1
1.170024,0.319029,1
0.155950,1.047546,1
1.745245,0.728032,1
0.643768,-0.300663,1
1.317447,-0.815489,1
0.547049,-0.411875,1
0.933254,0.315869,1
2.034730,0.957662,1
1.041535,-0.140924,1
0.576669,1.200320,1
1.141927,-0.493769,1
1.499193,-0.126309,1
0.808801,-0.947014,1
0.349628,-1.430305,1
0.228493,-0.514515,1
1.576423,0.034322,1
0.381960,-1.091027,1
0.990243,0.180762,1
2.196792,-0.836491,1
2.230067,0.433957,1
1.355644,-0.132281,1
0.487583,-0.315401,1
-0.120120,0.190469,1
-0.063911,1.076269,1
2.303488,0.069509,1
0.586017,-0.924300,1
0.688219,-0.873499,1
2.101039,2.210710,1
1.194552,-0.276302,1
-1.012965,-1.160183,1
0.905318,0.016505,1
0.348894,1.086682,1
0.290732,0.622343,1
1.432264,0.235668,1
-0.108256,0.211684,1
-0.385754,-0.803087,1
0.068213,1.422994,1
1.394378,0.195079,1
-0.093311,0.026649,1
2.133304,-1.313457,1
1.815330,0.626781,1
0.367508,-0.865525,1
0.231211,-0.217811,1
2.476789,-0.561786,1
2.752118,-1.011291,1
0.138961,1.041616,1
1.029797,-0.562392,1
0.610780,-0.209193,1
1.181635,0.392179,1
-1.149196,0.956641,1
1.741974,1.498862,1
0.609121,-0.997199,1
1.942786,-0.745460,1
2.521074,0.821991,1
1.255960,-0.124199,1
0.801528,0.174093,1
1.655691,1.670843,1
2.017135,-1.231374,1
2.479082,0.400036,1
2.851542,-0.171396,1
0.634869,0.298163,1
0.992017,0.366991,1
0.783301,-0.691589,1
1.230656,1.274487,1
1.164278,-0.374818,1
0.770155,1.055753,1
2.210970,0.263517,1
1.538705,-1.629416,1
1.579570,1.137175,1
1.601896,-0.091968,1
0.999619,0.321373,1
0.966751,-0.535825,1
0.995359,1.449936,1
1.147541,0.040925,1
1.048191,-1.996138,1
0.917616,0.098119,1
0.695228,0.439140,1
-0.858535,1.113730,1
1.664108,0.339114,1
-0.552551,-0.375614,1
-0.473291,-0.130292,1
1.617166,0.948648,1
1.273384,-1.152636,1
0.919286,0.305683,1
2.213607,0.163113,1
1.048089,-1.311909,1
-1.036876,0.464264,1
1.199573,0.395900,1
0.719964,0.442808,1
0.346136,0.321671,1
0.278066,0.875474,1
0.507702,-0.638640,1
0.356021,-0.395781,1
1.158253,-0.310087,1
1.782409,-1.773521,1
2.107276,-0.797477,1
1.360709,-0.201782,1
1.877597,-0.823110,1
1.551109,0.097140,1
1.573518,-0.147997,1
0.217896,0.257586,1
1.177186,1.820517,1
-0.137582,0.395006,1
-0.193363,1.275779,1
1.949565,0.703300,1
0.139465,-1.337792,1
0.327482,-0.284865,1
-0.839639,0.365675,1
0.211850,-0.222406,1
0.889358,-0.322079,1
0.696219,0.692611,1
-0.593952,-0.128352,1
0.275732,-0.333645,1
1.808774,1.361340,1
2.208530,1.477353,1
1.153312,-0.524036,1
2.342518,0.805091,1
0.993964,-0.340240,1
2.265905,0.707608,1
0.378952,1.192818,1
1.580525,-0.584193,1
1.321673,-0.104132,1
1.062065,-0.563711,1
2.950215,-0.013193,1
0.954509,0.183845,1
2.007937,0.262661,1
1.086724,0.641631,1
0.762272,1.147002,1
0.662793,-0.115752,1
1.259784,-0.341132,1
-0.121994,-0.341693,1
0.816225,1.062421,1
0.799141,0.584093,1
1.361411,0.673082,1
0.266675,0.037939,1
1.572444,-0.652560,1
0.277359,0.587032,1
0.708201,-0.510261,1
1.536085,0.223118,1
2.157344,0.186045,1
0.701063,-0.439390,1
0.180121,1.171007,1
0.535408,-0.829669,1
0.976706,-0.976661,1
0.694996,0.644354,1
-0.068977,0.638433,1
-0.400327,0.328564,1
0.277518,-1.516795,1
1.028476,0.725541,1
1.620917,0.586322,1
1.885933,-1.271414,1
-0.679759,-0.503121,1
0.811098,0.625091,1
1.277016,0.773709,1
1.943147,1.742074,1
1.140548,-0.188932,1
1.439753,-0.233046,1
1.837756,0.007647,1
1.484063,0.774828,1
1.098407,0.199344,1
2.234222,-0.567764,1
1.210082,1.807140,1
1.837660,1.830443,1
1.228292,-0.850417,1
1.325275,0.767493,1
1.658439,-0.567234,1
0.994898,-0.045728,1
1.074725,0.285213,1
-0.306172,-1.166236,1
0.019981,-0.900576,1
1.331795,-0.704808,1
0.415657,-0.228517,1
-0.040389,-1.094346,1
1.059181,-0.147263,1
-0.355334,1.636122,1
1.483802,-0.336538,1
1.250765,-0.490086,1
1.020478,1.080004,1
1.644953,-0.166125,1
0.016902,0.125691,1
0.164069,-0.546021,1
1.256529,-0.201582,1
0.919751,-0.093409,1
1.795521,1.679812,1
1.378892,0.232407,1
1.123257,-1.502011,1
1.396355,1.234984,1
1.281542,-1.027356,1
0.272294,-0.287160,1
0.084458,0.303674,1
0.442667,0.204427,1
0.940460,-0.683483,1
-0.389397,0.234319,1
-0.655720,0.378835,1
2.325234,-0.049124,1
0.645827,-0.313315,1
1.721778,-0.184678,1
2.049587,0.566285,1
1.945991,-0.281077,1
0.786084,1.154830,1
1.099001,-1.129604,1
0.670813,0.018466,1
-0.421776,-0.286543,1
-0.041940,-0.174474,1
1.189883,0.818549,1
2.019450,-1.049357,1
0.753954,0.776399,1
0.313410,-0.860352,1
-0.915387,-0.767471,1
1.045110,0.436887,1
0.910402,1.861359,1
1.315644,-0.903389,1
1.541667,-1.054054,1
1.018116,0.128463,1
0.821599,0.621027,1
0.307879,-0.086409,1
-0.131981,-0.400074,1
1.030887,-0.774133,1
1.867257,0.235345,1
0.788940,0.092691,1
1.832237,1.104765,1
0.704235,0.947223,1
0.161249,-0.284829,1
0.374765,-0.308716,1
0.996933,-0.655252,1
1.604424,-0.444765,1
0.764016,0.113313,1
0.760559,1.080762,1
1.417652,-0.970671,1
0.703504,0.334351,1
1.628238,-0.579438,1
0.152337,1.450981,1
0.990990,-0.924887,1
-1.333914,-0.568047,1
1.288052,0.380721,1
1.795767,0.051206,1
1.004757,0.629411,1
1.080225,-0.399845,1
0.837867,0.009888,1
1.011525,0.695383,1
0.730646,1.686870,1
2.035040,1.060863,1
1.478157,0.113304,1
0.636000,1.083785,1
0.790282,0.404613,1
2.024977,0.268743,1
1.448698,0.276832,1
1.016231,0.214529,1
0.124092,-0.423105,1
0.663399,0.861146,1
0.977149,2.091724,1
0.791035,-0.120623,1
2.104008,-0.237814,1
0.262140,0.698981,1
1.288682,-1.500995,1
0.577320,0.857180,1
0.302191,2.141186,1
0.394567,-0.043624,1
2.152791,0.691088,1
0.649763,-1.335459,1
1.179568,-0.728847,1
1.658087,0.223464,1
1.319639,-0.307706,1
1.605168,0.492738,1
2.324610,-0.269098,1
0.004282,0.828828,1
1.308394,-0.307424,1
1.641449,-0.731164,1
-0.042273,0.433198,1
0.873757,-1.844836,1
-0.093532,0.016323,1
1.101213,0.236322,1
0.750741,1.019340,1
2.586864,0.018859,1
0.692268,0.415649,1
1.595157,0.378452,1
2.321268,-0.998586,1
0.131581,0.978266,1
2.083400,-1.739006,1
1.995680,-1.136052,1
0.883316,-0.439343,1
-0.176479,1.366515,1
2.197354,0.749477,1
0.515040,1.246291,1
-0.032324,1.066499,1
0.149390,-0.857471,1
1.303653,0.317760,1
0.598950,-0.089357,1
1.499098,-1.298354,1
-0.793310,-0.685083,1
1.682999,0.445735,1
1.604290,-0.406541,1
1.058109,0.591631,1
2.596839,-0.137449,1
1.763426,-0.631402,1
0.286297,-0.307291,1
-0.097416,1.386540,1
0.625226,0.322482,1
0.254310,-0.468070,1
1.478117,0.121924,1
1.098682,1.823946,1
2.693574,-0.313484,1
1.849649,0.253003,1
0.955427,0.645438,1
1.615277,0.475964,1
0.230032,1.338237,1
0.595731,-0.027086,1
1.125170,0.428185,1
0.672282,-0.091193,1
0.859900,0.192293,1
0.294371,1.461960,1
0.652765,-0.093841,1
0.291451,-0.567690,1
2.008451,-1.239706,1
0.639361,-0.084892,1
0.951389,-0.199191,1
0.936616,-1.768089,1
0.865592,0.412659,1
0.548925,-0.933941,1
0.556493,0.151106,1
2.147576,-0.075205,1
1.017779,-0.620349,1
2.200033,-0.642660,1
2.396456,-0.365877,1
1.307624,0.557110,1
0.017480,-0.510214,1
0.395004,-0.259387,1
1.013797,0.258386,1
1.959388,-0.804585,1
1.522080,-1.638842,1
1.421411,0.013202,1
0.534109,-0.028709,1
0.353080,1.269408,1
0.866632,-0.463144,1
1.399507,0.867246,1
1.052634,-0.664080,1
1.756737,1.309707,1
0.196524,0.694826,1
0.396553,-0.432473,1
1.583740,0.598879,1
0.951618,-0.313537,1
0.850544,-0.034049,1
1.945950,1.310142,1
0.037457,-0.701611,1
-0.151619,-1.246693,1
0.357514,-1.248044,1
2.078082,-1.204619,1
2.137611,0.530908,1
0.732651,0.792438,1
2.374954,0.297909,1
0.165329,0.717271,1
0.646736,-0.022863,1
0.732490,0.099689,1
0.262877,1.023094,1
1.558616,-0.244273,1
0.398488,-0.299041,1
1.510512,-1.341663,1
1.013845,0.408761,1
-0.479425,-0.818110,1
1.369868,0.350453,1
1.038143,0.647997,1
1.542272,0.752550,1
0.480259,-0.768208,1
1.088523,0.252150,1
1.953165,-0.186997,1
0.879039,-0.163872,1
0.204871,-0.497378,1
1.524894,-0.896701,1
-0.355520,0.037138,1
1.190425,-0.892003,1
-0.350580,-0.214870,1
2.710670,0.181664,1
0.766126,-0.559660,1
0.973015,-1.070253,1
0.346045,-0.081129,1
1.275016,-0.047726,1
0.909426,0.385370,1
0.413378,1.179547,1
0.942011,-0.030246,1
1.242676,0.185595,1
1.044126,0.663552,1
1.223954,0.995231,1
0.060281,-1.334539,1
1.803247,-0.214007,1
0.378231,-0.281278,1
1.651371,0.391537,1
0.907565,-0.279360,1
0.794451,0.597498,1
-0.055312,1.766690,1
-0.337953,0.703434,1
2.087112,1.445109,1
0.904932,-0.956345,1
1.076770,-0.703904,1
0.308194,-1.236716,1
1.470167,-0.546499,1
1.484815,-0.027883,1
0.919433,-0.003311,1
0.079857,0.487232,1
1.031160,-0.147424,1
0.345133,-0.176389,1
0.553700,-1.297733,1
0.703354,0.268585,1
1.196011,0.019335,1
1.073060,-0.051782,1
0.468219,1.100053,1
1.204024,0.039917,1
0.540449,-0.355293,1
-0.217571,-0.659929,1
0.734377,-1.332848,1
1.537312,2.006128,1
-0.016647,0.340263,1
1.586206,1.504919,1
1.741022,0.953503,1
0.458459,1.162017,1
2.438125,0.502337,1
-0.055405,1.447434,1
1.347335,-0.549755,1
1.463735,-0.494433,1
0.667664,-0.116959,1
0.209072,-1.474300,1
1.648879,0.005130,1
1.171315,0.049871,1
0.605875,0.058760,1
0.714170,-0.557057,1
2.164507,-0.896383,1
2.001305,-1.088039,1
1.338950,0.375854,1
0.946284,0.170113,1
0.414047,-0.006185,1
2.573336,1.272183,1
0.745805,0.711937,1
0.886355,0.248858,1
0.974652,0.134397,1
1.331165,0.252207,1
0.400201,-2.141166,1
0.491480,-0.927846,1
1.671639,0.364881,1
-0.123281,-0.267116,1
0.351223,0.075192,1
0.788208,0.488047,1
-0.915972,1.030650,1
1.579871,-0.499741,1
1.418057,0.148601,1
1.301022,-0.180748,1
1.697276,-0.829904,1
0.638519,0.548944,1
0.900802,-0.215582,1
1.125221,-0.492234,1
1.570763,0.220077,1
1.075363,-0.689647,1
0.714185,0.002533,1
0.232530,0.414312,1
0.743354,-0.212035,1
1.219235,1.836983,1
0.956612,-0.027675,1
0.825758,-0.394927,1
0.984909,-0.105965,1
1.014454,0.546412,1
1.132719,0.424900,1
1.394963,-0.617056,1
0.102470,0.476204,1
1.036410,0.928273,1
1.047736,-0.971713,1
-0.001348,-0.998334,1
0.594388,-1.021129,1
2.164661,-0.190011,1
-0.285024,1.444645,1
0.281670,-0.776281,1
0.528282,-0.393300,1
1.359135,0.810653,1
0.895733,0.002710,1
-0.097520,-0.101951,1
-0.293194,0.849349,1
1.347232,0.269796,1
0.988354,-0.486230,1
-0.023030,-0.063740,1
1.616433,0.516590,1
0.101328,-0.352145,1
1.354547,0.373709,1
0.992711,-0.319063,1
0.534810,0.237720,1
0.841482,1.637953,1
1.511809,-0.241613,1
-0.415890,1.090634,1
1.557306,-0.081212,1
-0.033039,-0.015209,1
0.846831,-0.741405,1
1.505879,-0.192212,1
0.635104,-0.981870,1
2.034745,-0.595404,1
-0.435649,-1.425185,1
0.684276,0.436539,1
0.923953,0.196447,1
1.607984,-0.673787,1
1.590725,-0.598206,1
-1.071797,-0.502559,1
-0.125017,0.110605,1
1.717368,0.083191,1
1.099820,-0.234674,1
1.126521,-0.181730,1
1.835678,-0.458308,1
-0.150066,0.240810,1
0.081227,0.808354,1
1.251790,0.443392,1
0.912207,-1.221506,1
3.115700,0.682850,1
0.181679,-0.132160,1
0.957339,-0.319985,1
0.852056,-0.209398,1
1.045323,0.226984,1
1.023871,1.501338,1
0.859772,-0.910173,1
0.652902,-0.511211,1
0.415120,0.186175,1
1.340124,-0.443185,1
2.261194,-0.932801,1
2.239225,0.408149,1
0.912743,0.000983,1
0.560148,0.134298,1
1.151213,-1.730940,1
0.445308,0.509684,1
-0.397272,-0.179701,1
0.658761,-2.146444,1
2.170382,-0.484763,1
1.013933,0.720683,1
1.392570,0.930779,1
1.661691,-0.737518,1
2.129653,0.156282,1
1.611779,-0.429199,1
0.148212,-1.208001,1
2.821956,0.034865,1
2.477453,0.104194,1
-0.145850,1.233801,1
1.325343,-0.834758,1
1.453207,-0.480891,1
0.333513,-0.092690,1
1.570667,-0.167483,1
-0.028948,-0.794321,1
1.248549,0.144335,1
-1.110636,-0.921344,1
1.403562,0.697870,1
1.806307,0.395032,1
0.210565,0.972831,1
0.763554,0.379132,1
-0.123909,-0.309598,1
0.882237,0.355598,1
0.513121,-0.035970,1
0.621368,0.073217,1
0.342699,-0.367842,1
0.835576,-0.120887,1
1.017767,0.069722,1
1.873802,0.893559,1
0.823492,-0.778374,1
1.646790,-1.497962,1
2.648584,1.404729,1
1.518615,-0.384983,1
-0.265123,0.874938,1
0.114886,-2.003971,1
1.634818,0.263572,1
2.053225,-0.574098,1
0.721126,-0.021756,1
0.490840,-0.538440,1
0.973036,-0.349960,1
0.821664,-1.416783,1
0.835751,0.222958,1
1.956277,-0.332989,1
2.228749,0.352333,1
-0.202617,-0.640177,1
2.398469,-0.572078,1
1.459488,0.937646,1
1.343884,-0.863770,1
0.200333,0.161291,1
-0.252551,-0.085736,1
1.761787,0.852111,1
0.243524,-0.094421,1
-0.209459,0.520211,1
-0.379102,0.763022,1
0.764034,0.406902,1
0.986124,-0.813099,1
0.856309,-0.819003,1
-0.235031,1.579810,1
0.743524,-0.857646,1
0.198313,-0.462354,1
0.258104,-0.339340,1
-0.142035,-0.044117,1
0.235543,0.993388,1
2.092515,0.528162,1
1.475661,0.345971,1
1.600315,-0.461743,1
1.101293,-0.975016,1
-0.107229,0.449998,1
1.008132,-0.453788,1
0.483036,0.088972,1
1.312086,-0.625327,1
0.648901,0.361174,1
1.479969,1.255666,1
1.019317,1.276019,1
2.012249,1.281175,1
1.797848,-1.391294,1
1.594450,-0.078039,1
0.610901,-0.634659,1
-0.254968,-0.733654,1
1.445731,0.110139,1
0.286272,0.123270,1
1.399321,0.264802,1
1.485055,0.293165,1
0.597327,-0.511734,1
0.542163,-1.378599,1
1.187986,-0.039137,1
1.480385,-0.836525,1
0.847433,0.679283,1
0.443869,-0.276634,1
1.141046,-0.913638,1
1.477129,-0.852961,1
1.279180,-0.559644,1
1.261586,-1.783544,1
0.553145,1.187871,1
1.576742,-2.085396,1
1.097693,0.611285,1
0.401714,0.836056,1
1.093765,0.549956,1
1.778570,-0.098922,1
0.110668,-0.304120,1
1.536349,-0.718766,1
0.886692,-1.251584,1
2.213098,1.484858,1
1.167539,0.442946,1
1.808940,-0.210874,1
0.512796,-2.280261,1
2.111174,-0.078296,1
1.787676,-1.953448,1
2.139684,1.172169,1
1.644843,-0.362708,1
1.186501,0.918390,1
1.301043,-0.307427,1
0.069619,-0.768057,1
-0.517311,-1.240171,1
-0.440417,-0.595835,1
2.021998,0.656298,1
3.013993,-0.847525,1
1.361914,0.351829,1
1.590080,0.992905,1
-1.274508,-1.703053,1
0.722914,-0.197585,1
0.402777,1.202173,0
-0.394899,-0.339657,0
-1.140225,-0.424262,0
-1.108818,-0.727779,0
-1.617097,-0.340117,0
-0.001131,-0.724174,0
-1.114198,-0.193106,0
-1.037269,-1.300533,0
-1.363327,0.230622,0
-3.238810,-1.225995,0
-1.910291,0.847132,0
-0.904160,-0.645420,0
-0.959288,0.675264,0
-0.651552,0.174763,0
-1.744215,-0.594616,0
-0.467208,0.545608,0
-1.842686,1.041212,0
-0.581747,-0.820787,0
-1.074853,-0.129449,0
0.401677,0.879740,0
-0.541800,0.773979,0
-2.265573,-0.005689,0
-1.236819,-0.237882,0
-0.734907,0.153518,0
-0.932036,-0.239204,0
-0.621018,-0.468487,0
-0.617895,-0.056644,0
-0.327215,1.266958,0
-0.510985,0.101679,0
-0.565593,-0.260890,0
-0.394084,-1.287018,0
-0.190885,-0.714724,0
-0.223689,1.140575,0
-1.386400,-0.489617,0
-0.860405,1.209834,0
-0.861116,-1.045785,0
-0.515209,1.098465,0
-2.150934,-0.471546,0
-1.355553,-0.310535,0
-0.051586,-0.413559,0
-0.732010,-0.372705,0
-2.383124,-0.485645,0
-0.309801,-0.787318,0
-0.980975,1.049268,0
-0.328581,-0.087081,0
-1.225657,-0.038348,0
-1.588026,-0.121275,0
-0.477547,-0.228449,0
-1.015464,0.290404,0
-0.645401,-1.488666,0
-0.581829,0.781975,0
-1.012239,-0.076434,0
-0.365421,-0.575270,0
-0.663040,0.297599,0
-2.629961,0.024377,0
-0.089148,-0.334481,0
-1.732084,0.071815,0
0.688665,-0.046715,0
-0.538712,-0.508637,0
-0.231449,-0.647659,0
-0.274961,0.578322,0
-1.485406,-0.212352,0
-1.664076,0.364513,0
-0.264587,-0.257254,0
-0.211982,0.540918,0
-0.239425,-0.175539,0
-0.385996,0.717923,0
-0.648305,-1.154957,0
-0.272207,-0.444018,0
-0.543341,0.120898,0
-1.795365,0.569942,0
-0.989397,-1.601674,0
-0.790817,-1.163538,0
-1.805023,1.470380,0
-0.282845,-0.135020,0
-1.822339,0.120621,0
-0.258616,0.678751,0
-0.882477,0.287714,0
-1.477042,0.188468,0
-0.942255,-2.272273,0
-1.390056,0.286430,0
-2.154424,0.519130,0
-0.510798,-0.310593,0
-0.542371,-0.303578,0
0.357516,-0.538586,0
0.548715,1.607698,0
-1.825818,-1.810353,0
-1.597751,-0.853691,0
-0.572330,0.970541,0
-0.044982,-0.268615,0
-0.833350,1.237601,0
-1.297864,0.210978,0
-1.138582,-1.146787,0
-2.166305,0.433316,0
-1.663384,0.351678,0
0.408711,0.424352,0
-0.423933,0.775985,0
-0.120913,1.759442,0
-2.602786,-0.585645,0
-0.327194,0.805843,0
-2.126511,0.057031,0
-0.133938,0.245880,0
-1.223153,0.316980,0
-0.782671,-0.652053,0
0.033672,-1.032454,0
-2.735103,0.589501,0
0.673232,0.364264,0
-1.895410,-1.086090,0
0.355313,0.123387,0
-0.702116,-1.606063,0
-1.098336,0.831928,0
-0.662787,-0.937186,0
0.440893,0.262210,0
0.149147,0.100769,0
-0.239552,-0.355559,0
-1.531043,0.978333,0
-0.835392,-1.142241,0
-1.968012,1.134301,0
0.119704,-0.521198,0
0.448330,0.557916,0
-1.156103,0.246066,0
-1.101425,0.216483,0
-1.896828,1.040475,0
-0.886603,-2.223270,0
-0.648784,1.271553,0
-1.598502,-0.258507,0
-1.858514,-1.371906,0
1.770732,-0.966928,0
-1.959162,0.535620,0
-1.144025,-1.315803,0
-1.399184,0.075373,0
-1.032055,-0.169509,0
-1.397422,0.634238,0
-1.042101,0.881962,0
-0.562566,-0.090354,0
-1.111289,0.556629,0
-1.684805,0.185356,0
-0.625569,-0.204575,0
-0.819611,-0.745086,0
-1.074506,1.223773,0
-1.539581,0.085766,0
-0.362453,-0.816965,0
-1.502404,-1.233399,0
-0.676460,0.032516,0
-2.390206,-0.824929,0
-0.603333,0.303547,0
-2.125763,0.939634,0
-1.432385,0.831059,0
-1.495728,-1.416768,0
-0.688887,-1.618563,0
-0.074063,0.134445,0
-1.077796,-0.443262,0
-1.662320,0.097971,0
-0.165281,-0.256680,0
-1.973347,-0.637856,0
-0.343855,-0.564999,0
-1.154032,-0.360132,0
-0.746882,0.642785,0
0.423114,-1.188072,0
-1.623210,0.923707,0
-1.258639,0.278684,0
-1.067922,0.251505,0
-0.678048,0.001759,0
-1.268273,-0.284270,0
-0.414814,-0.986848,0
-0.214127,-0.923757,0
-0.518142,-0.556461,0
-0.741773,-0.244085,0
-1.257027,-0.087895,0
-0.069945,0.977569,0
-0.890296,-0.301703,0
-1.374817,-0.395741,0
-1.017183,-0.070005,0
-0.376804,-1.223627,0
-1.735247,-0.959302,0
-0.873378,0.525069,0
-0.461305,-0.916068,0
-1.231985,0.677906,0
-1.700418,0.029061,0
0.236381,-0.097036,0
-0.202767,-1.006164,0
0.238947,0.930464,0
-0.565205,0.190935,0
-1.714287,-0.166217,0
-2.595043,-0.765631,0
-0.011191,-0.938394,0
0.091899,0.373671,0
-0.698347,1.847913,0
-1.409841,-0.372384,0
-1.328307,-0.244809,0
-2.168558,-0.058495,0
-0.329180,-0.324069,0
-0.327877,1.503385,0
0.623706,0.734280,0
-0.557550,1.331891,0
0.951386,-0.714584,0
0.383721,0.306048,0
-0.976419,-0.878156,0
-0.385445,0.224236,0
-0.857074,0.143699,0
-1.155226,-1.026576,0
0.195096,0.622611,0
-0.211031,-1.023146,0
-0.216165,-0.168434,0
-1.089882,-0.077262,0
-2.215672,-0.610335,0
-1.959953,0.283288,0
-0.719634,-0.156953,0
-0.264265,-1.017921,0
-0.887978,-0.091604,0
-0.619974,-0.936921,0
-1.816702,-0.537383,0
-0.026705,-1.994416,0
-0.724137,-0.326280,0
-2.294625,-0.480269,0
-0.828897,0.110837,0
-1.450747,0.113514,0
-1.379945,1.144213,0
0.672867,-1.535821,0
-0.489701,-0.399881,0
-1.486023,-0.201461,0
-1.775672,0.805191,0
0.800254,-0.619237,0
0.015633,-1.181665,0
-2.033625,-0.840420,0
-0.871713,-0.989765,0
0.603425,-0.088012,0
-0.549321,1.038849,0
-1.199836,-0.604788,0
-1.014509,-0.256771,0
-1.318885,0.169418,0
-1.373986,-1.529579,0
-2.463376,0.129003,0
-0.458965,0.443949,0
0.015464,-0.590791,0
-0.185579,-0.092025,0
-0.619707,-0.835151,0
-2.211339,0.647095,0
-0.251849,-1.012246,0
-0.967618,-0.006253,0
-0.119074,0.560961,0
-1.954115,0.327626,0
-1.200716,-0.071516,0
-1.363534,-0.613146,0
-0.612674,-0.489684,0
-0.510602,-0.202833,0
-0.674879,0.244556,0
-1.270078,0.342302,0
-1.441332,0.448830,0
-0.944106,-0.108261,0
-0.842255,1.101742,0
-0.922942,0.671771,0
-1.442696,-0.775496,0
-0.060225,0.179713,0
-1.336920,-0.066282,0
-0.841497,-0.644400,0
-0.498115,-1.549999,0
-0.481845,0.702424,0
-0.542946,-0.746928,0
-1.663219,-0.102004,0
-0.448292,0.703848,0
0.092079,-0.059427,0
0.755987,-1.887329,0
-2.279745,0.546380,0
-1.770439,1.446579,0
-0.728467,1.351389,0
-0.685516,-0.113871,0
-1.119693,0.272634,0
-1.810026,0.206551,0
-1.057100,-0.852691,0
-1.177857,-0.359477,0
-0.896739,0.129789,0
-0.588144,1.896146,0
-1.822228,0.116596,0
-1.511527,-0.067875,0
-0.787793,-0.669168,0
-1.487576,1.570271,0
-0.638243,0.461920,0
-1.735545,-1.290319,0
-1.341317,-1.284619,0
-0.921896,0.682235,0
-0.003825,0.171131,0
-1.322300,1.554364,0
-1.356173,0.963986,0
-0.133967,0.555495,0
-0.006575,0.785594,0
-1.247962,-0.176383,0
-1.190652,-0.046855,0
-0.989006,0.657643,0
-1.192383,0.303026,0
-0.172100,-0.493843,0
0.955341,-0.245785,0
-0.822769,0.226305,0
-0.323966,0.287506,0
-1.595550,1.249234,0
-1.739898,-1.063688,0
-1.358126,0.856896,0
-1.790458,0.486801,0
-1.599403,0.300859,0
-0.875150,-1.348365,0
0.244055,-0.662736,0
-1.428073,0.614255,0
-0.352542,-0.083881,0
0.168253,-0.319562,0
-0.912177,0.436973,0
-1.386097,-0.878423,0
0.008389,-1.101012,0
0.465977,0.430608,0
-0.408753,0.706913,0
-2.369058,-0.088651,0
-1.950241,0.539708,0
-1.818641,0.861693,0
-1.231795,-0.412882,0
-1.077331,1.838693,0
-0.500140,1.008950,0
-2.630053,0.242526,0
-0.404788,0.472251,0
-1.145329,-0.725398,0
-0.052699,-1.145365,0
0.043437,0.743109,0
-1.031462,-0.140531,0
0.451608,-0.796647,0
-1.069122,-0.257044,0
-1.447462,-0.339051,0
-0.674253,1.083553,0
-1.442538,-0.029159,0
-1.498661,-0.402676,0
0.501352,0.464035,0
0.093746,0.884339,0
0.143130,0.167537,0
-2.639520,1.001574,0
-1.495595,-1.001198,0
-1.061477,-0.882287,0
0.305711,-1.420173,0
-2.464037,-0.184697,0
-0.906448,-1.051262,0
-1.045733,-0.895006,0
-1.029584,0.241997,0
-0.346234,-0.014452,0
-0.293336,-0.510554,0
0.107438,-0.342526,0
-0.275385,0.938056,0
-0.893791,1.380205,0
-1.469801,0.091680,0
-0.883705,0.749361,0
-1.577118,-1.254927,0
-0.930685,-0.870966,0
-1.470705,-0.113445,0
-0.376109,-0.483962,0
-0.525359,-0.338732,0
-2.211113,0.116244,0
-0.056862,0.165425,0
-1.694718,-0.288344,0
-0.107901,0.708894,0
-0.528028,-1.100446,0
-1.478449,1.409162,0
-2.056729,2.585252,0
0.310887,1.048037,0
-0.161580,0.060412,0
-0.777182,1.546443,0
0.395833,-0.595585,0
-0.914249,0.220706,0
-1.678251,0.820433,0
-1.673553,-0.476688,0
-1.601869,0.400318,0
-0.821107,0.093888,0
1.543728,0.146744,0
-1.433453,0.227526,0
-2.252553,0.576207,0
-1.374891,-0.362255,0
-0.050738,-0.119420,0
-1.778663,0.724949,0
-1.605816,0.219271,0
-2.010327,-0.948772,0
-1.087394,1.107136,0
-1.429243,-0.726900,0
-0.894891,1.006672,0
-0.988455,-0.743525,0
-1.042163,-0.714121,0
-1.022225,-0.718801,0
-2.043680,-0.323640,0
-0.602346,0.026247,0
-0.797037,-0.712522,0
-0.744506,1.770293,0
-1.500367,0.162902,0
-0.657961,0.273336,0
-0.992910,0.092081,0
-1.673188,0.473340,0
-1.889789,0.189864,0
-0.288180,0.100889,0
-1.256351,0.314435,0
-1.142041,0.711181,0
-2.139897,1.191832,0
-0.841351,0.014404,0
-0.532261,0.817640,0
-0.097607,0.297421,0
-1.096157,0.337358,0
-1.833998,0.070355,0
-0.500036,-0.243325,0
-1.102105,0.729758,0
-0.747269,-0.359196,0
-1.118662,0.505987,0
-1.051535,-1.911688,0
-0.073025,-0.244304,0
0.194971,-0.582480,0
-0.072781,1.284311,0
-0.685181,-0.998715,0
-2.262361,0.068368,0
-1.056894,-1.413313,0
-0.065899,-1.678184,0
1.031052,0.438799,0
-1.733875,0.613332,0
-1.824984,0.300042,0
-1.458586,-0.906919,0
-0.562147,-0.194522,0
-0.889841,0.615908,0
-0.722439,-0.198836,0
-0.474348,-0.227712,0
0.215267,-0.999660,0
-1.169135,1.058738,0
-0.682076,-0.694932,0
-2.741549,0.529203,0
-1.208337,0.091433,0
-2.020461,-0.508286,0
-1.211263,-1.245850,0
1.148673,-0.591799,0
-1.477361,0.401866,0
-2.252722,0.215461,0
1.246070,0.567965,0
0.239069,-0.216768,0
-0.546301,-1.146792,0
0.268793,-0.568323,0
-1.516018,0.042390,0
-1.113827,-0.720159,0
-1.958079,-0.157678,0
-0.761941,0.531251,0
-1.587323,0.459627,0
-1.847068,-0.489306,0
-0.490881,0.513715,0
-1.592237,-0.917914,0
-0.911824,0.532068,0
-0.305421,0.424654,0
-0.868951,0.016736,0
-0.582450,0.282035,0
0.308224,-0.913427,0
-1.262414,0.683335,0
-1.359235,0.806255,0
0.817264,-0.375831,0
0.224083,-0.001880,0
-1.019011,-0.136814,0
0.153444,0.803246,0
-0.643304,0.341224,0
0.417230,0.992709,0
-0.843469,0.198110,0
-2.080863,0.395153,0
-1.435448,0.741754,0
-0.662006,-1.646472,0
-0.596916,-1.454175,0
-0.244091,0.236421,0
0.525939,2.042048,0
0.301362,0.217892,0
-1.357453,0.464195,0
-1.486206,-2.069040,0
-0.379430,-1.044299,0
-0.293487,0.846295,0
-1.918622,0.741061,0
-0.230771,-0.184932,0
-1.018679,0.356769,0
-0.883874,-1.188098,0
0.277624,-0.300107,0
-0.689978,-0.809676,0
-0.131237,0.693496,0
-0.404143,0.082521,0
-0.499036,-0.125700,0
-1.372588,0.376981,0
-1.029636,0.038295,0
-1.565270,-1.835171,0
-3.324140,1.291455,0
-0.832248,1.251189,0
-0.499522,0.330864,0
-0.857385,-0.255881,0
-2.636686,-1.152607,0
-1.110633,0.245212,0
0.996564,-0.525016,0
-2.144828,-0.908144,0
-1.787283,0.488414,0
-0.851874,1.288807,0
0.188062,-0.588564,0
-0.904995,0.761266,0
-0.431673,-0.879939,0
-1.070621,-0.219996,0
-0.720247,-0.759909,0
-0.087477,0.022093,0
-1.061334,-1.425137,0
-0.828483,-0.037470,0
-0.043434,0.718671,0
-0.826999,-0.430877,0
-0.429252,-0.209668,0
0.409951,2.164050,0
0.225837,-0.642552,0
-0.921461,-1.968256,0
-0.780979,-0.722881,0
-0.221769,0.617372,0
-0.747737,0.113156,0
-1.480973,-1.319723,0
-1.560876,-0.376272,0
-0.894405,1.121856,0
-1.801630,0.253904,0
-1.321940,0.077369,0
-1.672312,0.587567,0
-0.396888,0.092210,0
0.246015,-0.534979,0
-0.067930,0.321607,0
-0.725430,-0.265603,0
-1.634741,-0.067141,0
0.041660,0.772435,0
0.613136,0.388408,0
-1.041281,1.103214,0
-0.891890,-0.901282,0
-1.968588,0.538533,0
-0.521364,-0.316675,0
-1.130425,1.128374,0
-0.781282,0.379156,0
-2.682457,0.076180,0
-0.666758,0.166093,0
-1.163773,-0.565417,0
-0.730844,-0.226550,0
-0.537364,1.363190,0
-0.836546,-1.637931,0
-0.604503,-1.186554,0
-1.250433,0.125153,0
0.258034,-0.723393,0
-0.928896,0.512007,0
-2.023742,-1.090168,0
-0.318521,0.448452,0
-0.099172,-0.133808,0
1.071273,0.580133,0
-1.440681,-0.309552,0
-1.052382,0.537762,0
-0.597814,-1.522515,0
-0.561525,-0.297491,0
0.113272,0.942578,0
-0.274465,-1.207661,0
-2.081058,0.875106,0
-0.496862,0.900414,0
-1.295883,0.054090,0
0.766285,0.099982,0
-0.472890,0.446506,0
-2.000943,1.439055,0
-0.946970,0.685468,0
-0.524813,-0.205795,0
-0.093117,0.728799,0
-0.379138,0.211130,0
-1.152636,0.125183,0
0.123219,0.480364,0
-1.412215,1.337963,0
-1.072036,0.685699,0
-1.157611,0.392076,0
-0.878041,-0.754179,0
-0.524238,1.157216,0
-1.282705,1.305213,0
-1.421730,-0.258132,0
-0.552845,1.069609,0
-0.296334,-0.019968,0
-0.935324,0.598704,0
-0.906724,-0.136278,0
-1.454924,-0.582004,0
-1.741653,-0.373468,0
-1.853757,-0.388299,0
-3.084174,-0.300943,0
-0.021036,1.509081,0
-1.593813,-0.944643,0
0.210030,0.468523,0
-1.554159,0.511253,0
-0.810489,0.949861,0
-0.506353,-0.622622,0
-1.005699,1.402068,0
0.046678,-0.716084,0
-0.449305,0.417375,0
-0.694128,-1.624148,0
-1.134346,-0.111657,0
-0.634451,0.951054,0
0.306331,-0.806975,0
0.633904,0.248082,0
-0.425706,1.900262,0
-1.253539,0.230110,0
-1.127580,0.627023,0
-0.001804,0.865518,0
-1.671107,-0.179376,0
-0.184632,1.247378,0
-1.429540,-1.207719,0
-1.584568,-0.348336,0
-1.720724,-0.414660,0
0.227523,-0.907014,0
-2.045423,-0.322693,0
-0.205756,0.286713,0
-1.736634,0.423330,0
-1.502932,-0.549706,0
-1.802401,1.276405,0
-2.188734,0.884191,0
-1.226599,0.660786,0
-2.671650,0.462733,0
-1.136691,-0.250916,0
-0.356751,-1.105461,0
-0.602412,-0.460004,0
-0.464559,-0.152314,0
-0.336890,0.106536,0
-0.652815,0.438940,0
0.361325,0.636534,0
-1.456516,0.958199,0
-0.365974,-1.732916,0
-0.014085,-0.455002,0
-1.200551,-1.660982,0
-1.086608,-0.063874,0
-0.671862,-0.357583,0
-1.977278,0.681822,0
0.355339,1.344775,0
0.118081,0.608473,0
-1.266441,-0.192825,0
-1.782854,0.599251,0
-0.797984,-0.125785,0
-1.173223,0.345514,0
0.157729,-0.207543,0
-0.431509,1.689219,0
-1.483616,-0.704434,0
-0.856426,1.035235,0
-2.314051,-1.205763,0
-0.293433,-0.096382,0
-1.684628,-0.387175,0
-1.686053,1.717768,0
-1.343809,-0.209218,0
-0.999263,-0.481294,0
-0.570671,-0.233706,0
-0.752758,0.088834,0
-1.533240,-0.444417,0
0.653607,-0.008746,0
0.242158,0.979965,0
-0.245483,-0.474450,0
-0.649851,0.720117,0
-2.935538,0.182666,0
-1.700412,0.701071,0
-1.222620,0.073977,0
-1.011690,-1.064503,0
-2.067673,0.794354,0
-0.609210,-0.245481,0
-0.108571,-0.181150,0
-1.387791,0.036470,0
-2.783377,1.697090,0
0.050780,0.087479,0
-2.448478,-0.137077,0
-1.562760,-0.104299,0
-1.658553,0.223116,0
-0.771401,0.362343,0
-1.107025,-0.545862,0
-0.639996,-1.168274,0
-1.124347,0.185414,0
-0.654675,0.160184,0
0.414114,0.164929,0
1.136969,0.451678,0
-1.331279,-0.016013,0
-0.680400,1.246800,0
-1.656811,0.604535,0
-1.379311,2.142584,0
-2.167611,1.093703,0
-0.315241,-0.709223,0
-2.448516,-0.627038,0
-0.291334,0.125541,0
-0.735998,-0.427006,0
0.399769,-2.272658,0
0.647488,-0.189898,0
-1.140572,0.455384,0
-0.715426,-1.250791,0
-0.133874,-0.661687,0
-1.057886,0.349862,0
-1.933853,0.834323,0
-0.754854,-0.146647,0
-0.833015,0.068957,0
-1.027998,1.123196,0
-1.059963,-1.207890,0
-0.679583,-0.014278,0
-0.568019,-0.192548,0
0.314072,-0.062138,0
-1.178302,0.157415,0
-1.254481,-0.020195,0
-2.154529,0.100397,0
-1.235353,0.531796,0
-2.210398,-0.191159,0
-0.492920,1.109196,0
-2.793565,-0.215700,0
0.191802,-0.348006,0
-2.961008,1.410620,0
-0.482816,0.144279,0
-1.498939,0.250016,0
-0.865268,0.551504,0
-1.544705,1.325921,0
-0.811375,0.784086,0
-2.304440,0.198183,0
-1.382025,0.007084,0
-0.749486,-1.882987,0
-2.221546,1.870567,0
-0.523049,-0.275073,0
-1.499338,-0.002048,0
-1.900416,-0.338755,0
-2.224133,-0.804391,0
-0.183169,-0.062135,0
-1.797526,1.203733,0
0.180486,-1.021238,0
-0.616121,0.751945,0
-2.397983,-0.460093,0
-1.230370,1.452220,0
-2.877149,-0.670774,0
-1.933720,0.087849,0
0.317486,0.386213,0
-0.334876,0.211185,0
-0.559557,0.627500,0
0.719344,0.429035,0
-1.223011,1.006472,0
-1.995541,-0.162927,0
-1.313003,1.440755,0
-0.756872,-0.715000,0
-1.045999,-0.809349,0
-1.274023,-0.428013,0
-1.985999,-0.384464,0
-1.388569,-0.488891,0
-0.681399,-0.943149,0
-0.687824,-1.352849,0
-1.552562,0.296399,0
-1.316761,0.133278,0
-3.078474,0.287996,0
-0.182488,0.830075,0
-1.794333,0.079258,0
-1.467670,0.107086,0
-1.158760,-0.334165,0
-0.641717,1.605162,0
-1.200591,-1.670988,0
-1.579669,0.380202,0
0.159050,2.393038,0
-1.048921,0.680372,0
-1.248776,0.322522,0
-0.059905,0.341997,0
-1.047682,0.932473,0
-1.009955,-1.420353,0
-2.741781,-0.234718,0
1.493872,0.233263,0
-0.430307,0.226768,0
-1.223602,1.070730,0
-1.258981,-0.485159,0
-0.403693,0.303815,0
-1.149528,-1.257146,0
-2.408356,0.129513,0
0.437887,0.093138,0
-1.452135,-0.819425,0
-1.114267,0.189314,0
-1.336167,0.737116,0
-1.932559,-0.050331,0
-1.551011,-0.427850,0
-0.641394,-0.067845,0
-1.061406,-1.734318,0
-0.323898,-2.022701,0
-1.723214,0.669384,0
-1.976725,1.383433,0
-1.851890,-0.703718,0
-0.694951,-0.420776,0
-1.641249,2.059848,0
-0.556750,0.200539,0
-0.575000,-0.647023,0
-0.293682,-0.368684,0
-1.111443,1.332774,0
-0.612453,1.116719,0
-1.036656,-0.516941,0
-0.231205,-0.121767,0
-0.014657,-0.308198,0
-2.012192,-0.200486,0
-2.815172,-0.602980,0
0.677859,-0.243926,0
-0.326795,1.768626,0
-0.707571,-0.523866,0
-0.328325,-0.275865,0
-1.500642,-0.543423,0
-0.805865,0.259588,0
-0.263824,0.400528,0
-1.032090,0.899526,0
0.479126,0.106806,0
-1.490874,1.041093,0
0.078446,0.198729,0
-2.630412,-0.363797,0
-0.245769,-0.255355,0
-0.097496,-0.450783,0
-1.715841,-0.062116,0
-0.514703,0.438705,0
-1.336308,0.185787,0
-0.797968,-0.359055,0
-1.990158,1.224972,0
-1.809440,0.059840,0
-0.137159,-0.492182,0
-0.373032,-0.374548,0
-0.490636,0.221591,0
-1.125809,-0.491010,0
-0.684397,1.123041,0
-1.821306,0.580059,0
-0.859849,0.422497,0
-1.079086,-0.293896,0
-2.139201,0.879669,0
-2.795906,0.156696,0
-1.320523,-1.044127,0
-1.727841,0.163480,0
-2.402703,-0.223808,0
-1.250797,-0.028461,0
-1.539672,0.074069,0
-0.430003,0.408001,0
0.086066,0.707078,0
-2.226657,0.796272,0
-0.652353,0.763446,0
-2.356662,-0.602715,0
-1.538562,0.286555,0
-1.122964,1.367794,0
-0.858624,0.019633,0
-2.537189,0.242493,0
-1.277937,0.250646,0
-0.813235,-0.780681,0
-0.698070,0.175992,0
-1.960219,0.787745,0
-1.154109,0.654289,0
-2.187680,-0.193852,0
-1.475647,0.151043,0
0.374136,-0.206203,0
-0.874651,0.158013,0
-0.860949,0.652029,0
-0.651893,0.433717,0
-1.200027,-0.610621,0
-2.209200,-0.092353,0
-2.122679,0.808350,0
-1.141198,-0.480602,0
-0.644346,-0.636271,0
-0.905268,0.711383,0
-1.169724,1.123154,0
-1.336477,-0.289677,0
-1.280936,0.110751,0
-0.992193,-0.424182,0
-0.356436,0.511395,0
-0.519213,-0.412462,0
-0.882940,-0.379571,0
-0.689679,-1.171440,0
-1.904042,-0.134236,0
-0.356019,0.123679,0
-0.414486,-1.106179,0
-1.334947,-0.173266,0
-1.169002,0.238123,0
-1.377312,0.152564,0
-0.604748,0.306250,0
-2.565200,-0.640795,0
-1.650887,1.472908,0
-1.317490,0.331785,0
0.148944,-0.097661,0
-1.284429,-1.244122,0
-1.806769,0.167243,0
-1.407207,1.031748,0
0.260967,0.329111,0
-0.989260,0.576144,0
-0.738936,-0.036250,0
-1.958040,1.101439,0
-2.069313,-0.003108,0
-0.512988,-0.363319,0
-1.645784,0.440418,0
-1.290792,-0.739853,0
-1.578310,-0.652820,0
-0.686200,-0.578865,0
-1.274088,-0.953408,0
-1.684858,0.497470,0
-1.213645,-0.528188,0
-0.902701,-0.241995,0
-0.611460,0.483948,0
-0.392850,-0.778345,0
-2.563860,-0.523902,0
-2.110723,-0.883695,0
-0.263280,-0.252963,0
-1.505696,1.079642,0
-2.006345,0.820080,0
0.518616,0.934790,0
-2.053670,0.075667,0
-1.593069,0.259382,0
-2.413428,-0.581650,0
-0.425802,0.055731,0
-1.146264,-0.935572,0
-1.521016,-0.527103,0
0.272513,0.414442,0
-0.736830,0.282132,0
-1.409030,-0.779696,0
-1.022427,0.643685,0
-0.612423,-2.000712,0
-1.315289,0.574823,0
0.534020,0.871994,0
-4.029198,1.166840,0
-0.210903,0.049953,0
-0.924048,0.748021,0
-0.694473,-0.398942,0
-2.002354,-0.313080,0
-0.914945,0.397891,0
-0.440975,-0.063076,0
-0.746648,-0.186925,0
-1.716016,0.922187,0
0.021634,0.484018,0
-1.301208,0.578606,0
-0.847236,1.315217,0
-1.260750,-0.706067,0
-0.055565,-1.667372,0
-0.999211,-0.357603,0
-1.110005,0.073595,0
-0.275264,0.038127,0
-1.676578,0.421229,0
-1.075966,0.968936,0
-1.595901,0.684746,0
0.003166,0.385415,0
-0.800004,1.872374,0
-0.243989,0.090466,0
-1.210953,0.267110,0
-1.915352,0.292992,0
-2.578597,0.736080,0
-1.444387,-0.364209,0
-0.949011,-0.230284,0
-1.290394,-0.530711,0
-0.949750,0.954709,0
-0.302222,0.204489,0
0.177549,0.886932,0
-0.702615,0.545375,0
-1.640228,-0.384937,0
-2.779272,0.598914,0
-2.960089,-0.864695,0
-0.250952,1.472021,0
-0.247709,-0.068694,0
-1.619364,0.977377,0
-1.082261,-0.250632,0
-1.064721,-0.322918,0
-1.518815,-0.251243,0
-0.521268,0.093545,0
0.245256,-0.667476,0
-1.057660,-0.793685,0
0.468437,0.061229,0
-1.961917,-0.635026,0
-1.130795,1.575840,0
-0.251150,0.726735,0
-0.671801,-1.174157,0
-1.621286,-0.785423,0
-2.254709,-0.442698,0
-1.498817,0.267533,0
-0.482387,-0.590098,0
-0.774282,0.786646,0
-0.308365,-0.421577,0
-1.132932,-0.452906,0
-0.758433,-0.133231,0
-2.438316,0.600962,0
-0.695147,0.418345,0
-0.615659,-0.586204,0
-0.256039,0.050521,0
-0.813461,-0.458778,0
0.054550,0.348761,0
-0.862480,-0.598403,0
-0.967018,-1.005423,0
-0.388003,0.427030,0
-2.471093,-0.574938,0
-1.580425,0.762629,0
-0.154052,-0.045334,0
-1.189508,1.151098,0
-0.498761,-1.664167,0
-1.114818,0.768080,0
-1.983278,0.261004,0
-1.752422,1.123852,0
-0.724531,-0.697771,0
-2.061602,0.675521,0
-0.717179,0.509241,0
-1.451329,0.803328,0
-1.225412,-0.271513,0
0.285980,2.149254,0
-2.077996,-0.998428,0
-2.209673,0.060972,0
-1.415364,0.514930,0
-0.776527,0.803839,0
-0.321778,2.316342,0
-2.181695,0.259231,0
-0.538786,1.104282,0
-0.840019,0.609447,0
0.401839,-0.767691,0
-0.205377,-0.906121,0
-1.340006,-0.356251,0
-0.804054,-0.873522,0
-1.026587,-0.460057,0
0.683402,-0.825243,0
-0.931117,0.433708,0
-0.811883,1.849930,0
-1.355082,-1.232990,0
-2.881804,-0.785457,0
-0.744378,-0.866745,0
-1.429888,-0.876134,0
-0.148915,-0.857089,0
-0.943482,-0.386511,0
-1.072091,-1.229044,0
-0.039075,0.853371,0
-0.478131,0.438977,0
0.479526,0.411537,0
-1.983932,0.485681,0
