1.448234,0.091346,1
0.681924,1.064946,1
0.726870,-0.440108,1
0.870488,-0.823028,1
1.306321,-0.132801,1
0.578947,-0.292651,1
0.447231,-0.407861,1
0.221192,2.005853,1
1.473969,0.839390,1
0.041717,0.024725,1
1.187228,-0.148622,1
0.837832,0.153108,1
0.124010,0.247872,1
1.693187,0.096555,1
1.838460,0.329283,1
0.030297,-0.501740,1
1.315755,0.526984,1
1.698632,-0.358759,1
1.183016,-1.235155,1
0.343160,-0.817548,1
0.802027,0.686621,1
-0.082847,-0.722443,1
1.664853,-0.017021,1
3.529789,-0.796207,1
2.179114,0.613279,1
1.988714,-0.522982,1
-0.011782,1.389524,1
1.919171,0.547801,1
0.005250,0.557141,1
1.588639,-0.135954,1
0.410447,0.482293,1
1.408783,0.337961,1
2.449816,1.405886,1
0.896988,-1.686616,1
-0.225252,-0.424378,1
1.240206,1.809411,1
2.071538,-0.035093,1
0.832498,0.187792,1
0.795549,0.435721,1
0.666773,0.562281,1
2.323447,-1.657245,1
0.971784,-0.356662,1
1.119804,-1.004321,1
0.603196,0.747070,1
0.979916,0.695021,1
1.201889,1.260010,1
1.997693,0.051816,1
1.933729,-0.393741,1
1.039272,-1.055187,1
1.355510,-0.412402,1
0.296247,-0.757783,1
0.797213,-0.014890,1
-0.258555,0.274540,1
1.464315,0.336080,1
-0.163662,2.110523,1
0.060583,0.249610,1
1.352167,-1.001487,1
1.834399,0.912054,1
1.025193,-1.006502,1
0.980501,0.746523,1
-0.074079,-0.690505,1
2.974722,-0.815951,1
2.061077,0.227161,1
-0.401997,0.062103,1
0.741783,0.092680,1
1.606014,-1.261278,1
0.709983,-1.078488,1
1.392474,0.628100,1
1.256716,-0.228825,1
1.595117,0.367937,1
2.488239,0.434513,1
0.970052,-0.181055,1
2.205722,0.181067,1
-0.086862,-0.336895,1
0.866133,0.202784,1
0.219895,0.189544,1
1.538462,0.774774,1
1.501641,0.487500,1
0.900932,-1.164505,1
1.859015,0.603731,1
1.428307,0.752208,1
2.312119,1.029372,1
2.061532,0.528991,1
-0.147197,0.853373,1
0.196000,-0.238998,1
0.782072,0.738829,1
-0.027083,-0.240490,1
1.779373,-0.624586,1
1.655483,0.739339,1
1.295018,0.414374,1
1.022797,-1.136314,1
1.627947,0.713893,1
2.269371,0.011169,1
1.519346,-0.413818,1
1.499910,-0.727752,1
1.955947,0.381602,1
-0.905299,0.593584,1
2.147530,-0.498678,1
1.746444,0.445702,1
2.013888,0.411632,1
0.034905,-0.581090,1
0.477684,0.526134,1
1.775933,-0.343485,1
0.528176,-0.539833,1
2.147222,-0.145057,1
-0.520805,-0.555045,1
0.900285,-0.377818,1
0.324477,-0.577315,1
1.838465,-0.317773,1
0.128722,-0.317619,1
1.506190,1.078543,1
1.425553,0.106534,1
0.875016,0.558963,1
0.638761,0.811917,1
0.624394,0.837883,1
0.741020,-1.227979,1
0.918450,-0.896855,1
1.096776,0.159779,1
1.372503,0.686152,1
1.421892,-0.237236,1
2.137804,1.390177,1
0.312725,0.752250,1
0.058923,0.780413,1
1.157813,-0.291123,1
2.318958,0.364634,1
1.178601,-0.693258,1
1.100583,-0.375175,1
1.784304,-0.110272,1
0.595660,-0.608564,1
0.352746,0.809855,1
2.385630,-0.182268,1
1.466742,-0.460709,1
1.064945,0.018922,1
1.184613,-0.324420,1
1.953765,-0.810684,1
-0.136221,-1.276440,1
1.062110,0.987783,1
0.886394,-0.674164,1
1.943279,0.105619,1
-0.210266,-0.685342,1
0.349806,-1.607228,1
1.747256,0.890826,1
-0.033822,-0.203922,1
0.488965,0.483455,1
2.500274,1.258909,1
0.720780,1.058497,1
0.399686,1.288970,1
0.938683,-1.526574,1
0.965400,-0.057546,1
1.275902,-0.332180,1
0.659216,-1.046261,1
1.875608,0.548243,1
0.240189,0.964351,1
-0.858904,-1.035739,1
0.254736,0.370147,1
3.024705,1.348180,1
-0.663579,-0.110025,1
2.044165,0.732628,1
0.319721,0.365623,1
-0.887294,-1.389941,1
0.733656,0.689194,1
2.479747,0.118875,1
0.272125,0.932811,1
0.591083,0.037587,1
1.539295,-0.014228,1
0.292364,-0.730401,1
0.234100,0.445793,1
1.024015,0.115817,1
0.225529,1.016053,1
1.010297,0.676417,1
1.515756,0.560433,1
0.940519,0.289912,1
1.236477,0.182086,1
2.287676,0.218346,1
-0.598443,0.187905,1
1.331242,-0.341553,1
1.901640,0.217719,1
-0.313331,0.848408,1
0.974783,-0.857859,1
1.970347,-0.356038,1
0.406477,1.266595,1
-0.025534,0.749944,1
0.600695,0.746484,1
2.431982,-0.237394,1
0.537932,-0.286160,1
1.240808,0.044559,1
1.293083,-0.151705,1
-0.433146,-0.333958,1
0.572624,-1.337161,1
0.764895,-0.474580,1
0.160862,1.012585,1
0.323956,1.571208,1
0.486545,-0.804406,1
3.075401,-0.543961,1
-0.067136,1.232373,1
1.199451,0.971581,1
0.150113,0.430715,1
1.630770,-1.460904,1
1.702092,0.626980,1
0.617183,-1.198387,1
1.281741,0.527813,1
1.606989,-0.763615,1
1.800396,0.925243,1
0.019136,0.546034,1
1.154243,0.417919,1
0.775252,-1.259086,1
1.448337,-0.660591,1
0.544949,1.067632,1
1.828724,-0.202595,1
0.555042,-0.506345,1
1.707854,0.197319,1
0.858039,-0.448968,1
1.248315,-0.969953,1
0.542934,0.583218,1
1.885547,0.973610,1
1.601319,0.899034,1
2.942679,-0.795632,1
0.451187,0.129345,1
0.768809,1.535197,1
0.333438,-0.372897,1
1.280247,-0.969741,1
-0.064106,-0.057686,1
1.572704,0.429255,1
1.797091,-1.407187,1
1.750949,1.456611,1
0.059170,-0.097468,1
2.276993,-1.104367,1
0.425648,1.084348,1
2.119253,-0.595296,1
0.954525,-0.137281,1
1.732354,-1.451731,1
0.170812,-0.109276,1
0.910305,-1.754366,1
1.671643,-0.670040,1
0.682540,1.394417,1
0.146663,0.152060,1
2.200863,1.460960,1
1.706682,-1.354897,1
1.560410,-0.745229,1
0.457449,0.555117,1
1.412252,0.844540,1
2.052853,-0.109066,1
1.069956,0.896492,1
0.315149,0.118068,1
0.550765,-0.338587,1
0.822304,-0.907058,1
1.257948,-1.791611,1
0.497927,0.364492,1
0.238239,-0.126708,1
2.331993,0.745831,1
0.121587,-0.955629,1
0.621719,-2.338534,1
1.965968,0.951956,1
1.033460,0.529095,1
1.021792,-1.005291,1
0.718096,0.388975,1
2.243760,0.279625,1
0.068868,0.003630,1
0.607639,-0.061994,1
0.699344,1.306991,1
0.399395,0.217121,1
0.998680,-1.232586,1
1.339953,1.010697,1
1.722059,-1.077064,1
0.970799,0.329284,1
-0.427624,0.286821,1
1.238699,0.085065,1
1.038067,-0.062604,1
1.890635,-1.009587,1
0.556461,0.752034,1
0.837792,-0.470480,1
-0.079269,0.296300,1
0.072728,0.521230,1
1.979657,0.019818,1
1.312493,-0.695379,1
-0.096519,-0.210125,1
1.328823,0.274853,1
0.020080,-0.726436,1
1.541495,-1.142911,1
-0.242905,0.283498,1
0.105640,-0.553361,1
2.089396,-0.140232,1
1.441147,0.713122,1
1.129632,1.552319,1
0.499891,-0.213522,1
0.673632,-1.161785,1
1.485951,-0.319568,1
1.385257,-0.269315,1
1.339303,-0.314159,1
1.022751,-0.102066,1
1.270005,-0.135921,1
0.973221,-0.252310,1
0.406029,-1.157342,1
1.997376,-0.126157,1
1.006546,-0.062859,1
0.943911,1.572686,1
0.551257,0.337847,1
0.474534,-0.331879,1
0.903156,0.754582,1
1.120489,-0.306708,1
1.049736,1.980896,1
1.365006,-0.081318,1
2.896725,0.337361,1
0.448987,-0.253158,1
1.228484,0.577729,1
1.353981,1.400699,1
0.190191,1.142251,1
1.632248,-0.292085,1
0.683776,-0.402057,1
2.761553,-1.173930,1
0.945743,-0.329888,1
-0.103244,-1.330601,1
1.744216,-1.064892,1
0.678285,-0.100984,1
-0.005959,0.075735,1
0.374325,-0.438261,1
0.214786,0.029962,1
-0.984852,-1.003182,1
1.318084,-1.254602,1
0.121609,0.881629,1
1.039430,-0.511503,1
0.900513,0.708945,1
1.187363,-0.557693,1
1.206834,0.611565,1
1.435683,1.812418,1
2.309689,-0.262063,1
-0.079504,2.423069,1
1.456626,0.645237,1
0.239697,0.227286,1
1.517542,-1.014116,1
1.078120,-1.446594,1
1.716944,-0.362394,1
1.999018,0.772937,1
-0.098042,0.061703,1
1.733966,-0.436729,1
0.505212,-0.207431,1
0.098547,-0.768169,1
1.599805,-0.813168,1
1.111033,0.414807,1
1.960965,-0.197057,1
0.320614,1.350667,1
1.581666,-0.000768,1
0.116588,-0.191209,1
1.329829,1.643082,1
1.011352,1.550593,1
1.238984,-0.232086,1
0.489244,0.239649,1
-0.109484,-0.548740,1
1.170399,0.358340,1
1.726213,-0.706302,1
0.262164,0.723160,1
0.949852,-0.828439,1
2.009892,-0.467238,1
1.153451,-0.113238,1
2.013571,0.032329,1
-0.305166,-0.311413,1
1.127388,0.800322,1
1.351497,-1.073838,1
0.662949,0.031061,1
0.506599,-0.009743,1
0.135366,-0.674537,1
0.540497,-0.554567,1
1.502836,-0.062557,1
1.209820,0.140612,1
0.573244,0.494854,1
0.892665,-0.362850,1
2.143424,-0.354976,1
0.832729,0.752310,1
-0.201238,-0.643812,1
1.164934,-0.402332,1
0.550114,-0.177653,1
-0.173891,-0.771560,1
0.941319,1.827171,1
0.531495,0.476169,1
0.753409,0.750255,1
1.342510,0.499903,1
1.059071,0.277134,1
0.726364,-1.717167,1
0.910605,-0.724567,1
1.000733,-0.072356,1
-0.213126,-0.465984,1
1.323769,-0.390119,1
1.407036,0.481701,1
1.505297,-0.966475,1
1.762023,0.690104,1
0.937573,-0.091705,1
0.062837,1.651733,1
2.336280,-0.806111,1
1.492344,1.046439,1
0.936742,0.470038,1
2.340865,0.964480,1
1.400581,-0.092922,1
0.840446,-0.626297,1
0.047221,0.174084,1
0.565031,-0.528450,1
0.640263,-1.884185,1
-0.925511,-1.178465,1
0.327243,0.290651,1
1.222158,0.295934,1
1.514056,0.188831,1
-0.017122,-0.690063,1
0.937957,1.510347,1
0.709732,0.796855,1
1.143862,-1.190573,1
0.947144,0.649611,1
0.412977,0.944261,1
1.576735,0.159804,1
-0.108650,-0.457330,1
0.288723,-1.532286,1
1.625834,-1.043457,1
1.792945,-1.142141,1
-0.871123,-1.090896,1
1.365726,-0.862565,1
0.965259,1.111969,1
3.328311,0.054079,1
2.671723,-0.291800,1
1.009307,1.578585,1
1.305447,-1.194366,1
1.109062,0.019498,1
0.818041,1.450300,1
0.432656,-0.493452,1
0.557637,-0.596715,1
0.962215,0.154383,1
1.353699,0.427288,1
-0.471545,-0.326443,1
0.483690,0.664788,1
0.000626,0.166739,1
-0.339257,0.180337,1
1.442258,-0.678039,1
-0.493335,0.355424,1
-0.126641,0.092614,1
1.015345,0.595388,1
1.394327,-1.481070,1
-0.630943,0.059273,1
1.665114,0.323425,1
1.661258,-0.197766,1
0.577088,-1.430856,1
0.545964,0.325416,1
1.467164,0.492879,1
1.531840,1.497319,1
0.495785,-0.432284,1
1.617629,0.162404,1
1.190455,0.104334,1
-0.028949,1.023413,1
0.120406,-0.377567,1
1.351742,-1.526485,1
1.778798,0.251452,1
0.798824,0.222055,1
1.605419,0.180784,1
1.077098,1.360504,1
0.950564,-0.120751,1
1.509735,-1.325667,1
0.424727,1.452126,1
1.672251,-0.062102,1
1.467487,1.662376,1
0.702137,0.214922,1
1.503217,-0.889173,1
0.101441,-0.426642,1
0.995338,0.615624,1
0.913206,0.311555,1
1.146252,0.257204,1
1.439676,-0.786034,1
2.552081,-1.490756,1
1.550915,1.306062,1
1.056688,-0.391582,1
0.402788,-0.823991,1
0.443912,0.004214,1
0.868236,0.885216,1
1.000055,-0.888510,1
1.535349,0.139447,1
-0.212211,0.018182,1
-0.686395,1.117913,1
-0.488848,-0.764446,1
0.993149,-0.039711,1
-0.254514,-1.338156,1
1.620254,-0.749236,1
1.463897,0.214574,1
1.074297,0.947355,1
1.369589,-0.170555,1
1.700100,-0.322874,1
1.272037,-0.058582,1
0.931578,0.965085,1
0.180177,0.297550,1
0.289860,-0.230722,1
1.993007,0.157221,1
0.344916,1.021140,1
1.070625,-0.383354,1
1.566256,0.360042,1
0.951026,0.478256,1
1.546623,-0.636407,1
0.954812,-0.292125,1
0.904803,0.762212,1
2.034998,-0.236011,1
1.309398,1.565290,1
-0.056503,0.814680,1
0.926815,0.141007,1
1.694007,0.989614,1
1.429029,1.207580,1
1.997759,0.821230,1
0.358329,0.669248,1
0.861274,0.157708,1
1.223893,0.906354,1
-0.903858,2.049110,1
0.169124,-1.350306,1
1.922641,-0.365940,1
1.632176,-0.164029,1
0.922096,-1.218498,1
0.827896,-0.106577,1
1.442349,-0.299420,1
1.178707,0.149506,1
-0.302863,0.572590,1
1.521485,-0.028253,1
1.928926,-0.921879,1
1.654826,-1.484453,1
2.817599,0.128844,1
0.403437,0.820159,1
1.594189,-0.060794,1
0.692096,0.342635,1
-0.745358,-0.249728,1
1.036733,0.965136,1
0.657627,0.119702,1
1.858961,0.176451,1
-0.077563,0.468360,1
1.097741,-0.428429,1
0.308923,-0.490064,1
1.459707,1.297063,1
0.751449,0.218353,1
0.908721,0.782812,1
2.307291,-0.160053,1
1.782026,-1.789799,1
0.728464,0.306623,1
0.539912,-1.136708,1
0.951030,-1.582412,1
0.726277,0.626776,1
1.593722,-0.007069,1
1.721865,0.566410,1
0.952869,0.481880,1
0.501909,-0.038144,1
1.969026,0.355906,1
0.160609,-0.187166,1
2.302922,1.237775,1
1.314081,-1.113480,1
1.941767,-0.588763,1
2.036045,0.449802,1
0.967567,0.183249,1
0.916872,-0.769811,1
1.901901,0.562604,1
2.217873,-1.130283,1
1.856989,1.161765,1
0.941015,-1.135718,1
-0.454018,1.084439,1
1.522889,0.068971,1
0.213562,0.952182,1
2.509666,0.969996,1
0.749197,-1.359373,1
0.439386,0.534519,1
2.716601,0.075708,1
1.076475,0.251230,1
0.828075,-0.512769,1
2.396378,-0.669960,1
1.869983,1.567126,1
1.296101,-0.212004,1
0.896272,1.526136,1
0.748693,-0.288027,1
0.675279,1.722574,1
2.060009,0.231406,1
0.586646,-1.169863,1
1.065129,-0.567867,1
0.561858,-0.084542,1
-0.974739,0.671347,1
-0.220009,-0.117080,1
1.506791,-0.598827,1
1.624403,-1.381999,1
0.788675,0.776001,1
0.925163,0.582413,1
-0.037316,1.203207,1
1.392486,1.294084,1
0.720009,0.330311,1
0.730054,-0.147175,1
2.111055,1.155471,1
1.327606,-0.225144,1
1.757908,0.640537,1
2.312899,-0.390403,1
0.033889,-0.522801,1
0.881646,0.475076,1
1.612948,-0.015784,1
2.094839,0.992864,1
1.750329,0.889616,1
0.922770,-0.874999,1
0.792037,-0.550907,1
1.647599,0.516528,1
-0.167982,-0.642967,1
-0.112540,1.452353,1
1.972126,-0.418348,1
0.407329,-0.153880,1
0.542032,0.620200,1
0.561293,0.124719,1
-0.778269,0.526531,1
-0.526812,-0.487523,1
1.077839,-0.046179,1
0.790544,-1.089724,1
1.787404,0.777843,1
0.652206,-0.168450,1
2.019008,-0.103795,1
1.390709,0.470006,1
1.399392,-0.834944,1
1.425413,-0.044285,1
-1.094226,-0.640765,1
0.737129,-0.081932,1
2.207621,0.004688,1
0.726981,-0.709674,1
0.567769,-0.256015,1
0.882318,0.132778,1
0.104625,-1.683042,1
0.363453,-0.749222,1
1.668890,0.301114,1
1.791102,-0.007481,1
1.509062,0.165441,1
1.619760,-0.277873,1
0.282103,0.425855,1
-0.452984,-0.676506,1
0.285387,2.006948,1
1.065906,0.664398,1
0.983877,-0.130993,1
0.448410,0.553486,1
0.297381,1.664734,1
1.118198,-0.071561,1
-0.137875,0.538911,1
0.982765,0.814274,1
1.021244,-1.252654,1
-0.187417,1.642767,1
0.446128,0.329564,1
1.072097,-0.023980,1
1.471995,-1.768985,1
1.065963,-1.438695,1
2.271292,-1.453447,1
0.575107,-0.034790,1
1.741863,-0.635930,1
1.039419,1.080201,1
1.257625,-1.145210,1
2.105925,1.562647,1
2.286453,-0.456142,1
-0.181499,0.185006,1
0.204746,-1.251555,1
-0.363025,-0.216440,1
1.206505,-0.239163,1
1.894759,0.853912,1
1.235044,1.155319,1
0.923772,-0.685058,1
0.242595,0.751256,1
0.823878,0.583946,1
1.672175,-0.179819,1
0.390569,-0.409390,1
1.910596,-0.686503,1
0.269433,-0.578309,1
-0.237109,0.570208,1
0.078418,-0.241564,1
2.915654,0.401518,1
-0.210305,1.478693,1
0.854359,1.336757,1
0.996303,1.168008,1
0.850176,0.151538,1
1.575264,0.466462,1
1.427042,-1.168679,1
0.404533,0.324836,1
1.450395,-0.787385,1
1.375141,1.088304,1
0.096604,0.264708,1
0.415337,0.109524,1
1.711726,-0.508058,1
0.666176,0.444041,1
1.509375,-0.455141,1
0.122375,-0.610680,1
1.278238,0.534803,1
0.841757,-0.999141,1
1.106265,-0.906094,1
0.601560,-0.528576,1
0.660954,0.321889,1
0.305622,0.291100,1
-0.005615,-0.550516,1
1.245793,-0.531938,1
0.998252,-1.049832,1
1.775402,1.221134,1
0.918097,0.035926,1
0.592691,0.700096,1
0.679979,-1.485446,1
1.392498,-0.310638,1
0.725970,-0.942424,1
-0.033795,1.201728,1
0.431032,-0.529510,1
1.210016,-1.823141,1
1.370881,1.340568,1
0.612846,1.091613,1
0.731572,0.571597,1
-0.674568,-0.200845,1
0.609215,0.489966,1
1.082936,-0.248105,1
0.608454,0.963230,1
0.639862,0.012010,1
2.029705,1.681795,1
0.648436,-0.365054,1
1.476287,-0.226962,1
0.281598,-0.028233,1
2.071738,0.234920,1
0.753704,0.941374,1
1.098769,-1.094068,1
1.299137,-1.152234,1
2.143743,1.462719,1
0.708478,-0.113829,1
0.402415,-0.200993,1
1.132616,-0.436472,1
1.136310,-0.925106,1
1.217693,1.485593,1
0.271312,0.464409,1
1.223132,0.178552,1
1.310279,0.227651,1
1.386199,-0.919461,1
0.539893,0.044023,1
-0.153986,-0.008225,1
-0.284275,0.131623,1
2.244029,0.325521,1
-0.058805,-0.083169,1
1.160617,-0.098619,1
0.010874,0.870792,1
0.235078,0.547405,1
1.721945,0.605146,1
2.121005,0.896615,1
0.753350,0.062855,1
0.943731,-0.056155,1
0.733180,0.430391,1
1.173343,0.127065,1
1.555940,-0.417909,1
-1.316930,-0.178282,1
1.300716,0.344754,1
0.125189,-0.408610,1
1.126795,0.737372,1
0.857966,-0.190186,1
1.564373,-1.305561,1
1.397163,-0.133835,1
2.684185,0.934344,1
-0.205510,-0.058817,1
0.579017,-0.769220,1
0.884988,-0.713562,1
1.261886,0.211225,1
0.877361,0.062058,1
1.915560,0.068504,1
0.307923,0.109572,1
2.046875,-0.080061,1
0.893250,0.355667,1
1.213981,0.665657,1
2.011139,-1.392009,1
0.615985,-1.053096,1
1.696761,0.270970,1
1.678095,0.032813,1
2.006994,-1.531827,1
1.386877,0.919061,1
1.237023,-1.220409,1
-0.950675,-1.253166,1
1.995812,-0.020311,1
1.086040,1.465348,1
1.077715,-0.300234,1
0.445178,0.804983,1
0.039602,0.048921,1
1.475121,0.562628,1
1.747903,-0.022852,1
1.663612,-0.289413,1
1.873000,-0.310718,1
-0.835357,-1.351699,1
0.147851,0.778982,1
-0.894739,-0.550172,1
0.497978,0.784554,1
1.006665,0.643224,1
1.579381,-0.166325,1
1.714236,0.082432,1
2.114793,-0.382439,1
0.967749,0.630936,1
-0.204046,-0.427111,1
1.743059,-0.274855,1
0.571159,0.154671,1
0.984771,0.149157,1
1.796809,-0.148701,1
0.708667,0.149429,1
1.192844,-0.701650,1
1.291730,0.283002,1
0.588468,-1.558033,1
1.772782,0.317778,1
1.526059,0.765636,1
-0.557171,-1.203653,1
1.365538,-0.969228,1
1.766673,0.412682,1
2.596831,0.353975,1
0.128764,0.913769,1
0.913069,-0.191134,1
1.712968,-0.030089,1
1.733357,-1.394682,1
-0.150509,-0.094843,1
1.712864,0.307728,1
1.225962,1.487196,1
1.100315,-1.050427,1
3.301563,0.351805,1
0.850944,0.294386,1
0.557538,-0.689732,1
0.992752,0.813062,1
2.053536,0.448270,1
1.893642,-0.100682,1
1.993602,2.116486,1
0.917702,-0.239600,1
0.680130,-0.478272,1
0.733211,0.521392,1
1.075670,0.382109,1
0.590865,0.220528,1
1.021035,0.000476,1
0.627642,0.205945,1
0.808867,-0.499761,1
1.396967,0.262648,1
1.565810,-1.706249,1
1.845592,-0.019265,1
0.887275,-1.288026,1
0.850788,0.112209,1
0.761244,-0.409144,1
0.209422,-0.209661,1
1.105090,0.391013,1
1.185504,-0.548774,1
2.426979,-0.550099,1
0.114804,0.009277,1
-0.465148,-0.178538,1
0.669410,-0.869919,1
-0.038684,1.359921,1
1.402373,0.303105,1
1.304236,1.249623,1
1.479384,0.471170,1
1.972545,0.331826,1
1.214903,-0.041652,1
1.733743,1.729783,1
-0.387772,-0.854285,1
1.095761,-0.407036,1
2.291861,-0.084924,1
2.318833,-0.369559,1
0.762742,-0.990535,1
2.161811,-0.932944,1
0.328629,0.397015,1
1.275609,1.031383,1
0.956797,1.858110,1
1.597011,-0.539828,1
-0.494258,1.462622,1
0.831839,0.859070,1
1.300989,-1.172231,1
1.921821,-0.457476,1
0.213002,-0.037290,1
2.715657,0.617897,1
1.037492,0.161699,1
1.333312,0.710798,1
2.198306,0.663827,1
0.040939,-0.218441,1
0.123856,-0.125193,1
1.154615,-0.211572,1
2.393230,-0.060886,1
0.720745,0.032751,1
1.382516,0.862401,1
1.503915,1.040767,1
1.811546,-0.735535,1
2.182170,-0.179822,1
0.603414,0.179039,1
0.895560,0.476094,1
0.525672,-1.531436,1
0.703305,-0.606660,1
1.115367,-0.323138,1
1.515628,1.289566,1
0.102978,0.302380,1
1.475618,0.499697,1
1.853118,1.921208,1
2.162198,-1.830365,1
1.084767,0.416020,1
0.010286,-0.973374,1
0.893265,0.177154,1
1.120990,0.274767,1
0.600985,-0.867256,1
1.072592,-0.991684,1
1.766618,-0.850132,1
1.313075,-0.822416,1
0.684081,-0.461962,1
1.990010,-0.992906,1
0.790718,0.581580,1
1.444277,-1.658048,1
0.982527,-0.042954,1
2.662441,0.858878,1
1.033162,1.101643,1
1.324432,-2.033109,1
0.708184,0.022221,1
2.233256,1.852295,1
0.456726,-0.001222,1
0.562576,-0.812233,1
0.684576,-0.515904,1
1.799943,0.654664,1
1.094559,1.885769,1
0.920532,-0.634482,1
1.990262,0.073972,1
1.623897,-0.705698,1
0.343968,-0.802366,1
0.942391,-1.829508,1
1.579994,0.531851,1
1.085831,0.045933,1
-0.307513,0.028868,1
0.907674,1.097481,1
0.809699,-0.132563,1
0.437684,-0.877032,1
1.807316,0.493843,1
-0.141686,0.737155,1
0.382301,1.294959,1
3.595832,0.239518,1
0.275794,-0.501984,1
0.474824,-0.539890,1
1.337695,-1.206777,1
0.017034,-0.216564,1
0.679159,0.840251,1
0.465060,-0.328034,1
1.129024,1.515705,1
0.960758,1.569813,1
1.157916,-1.036276,1
2.025969,-0.724360,1
1.285540,-0.591265,1
0.939513,1.259996,1
0.574025,1.312512,1
0.290328,0.621709,1
2.882609,0.452229,1
1.253133,0.730342,1
1.074861,-0.012812,1
0.084439,-0.735556,1
0.613407,-0.468597,1
1.083219,-0.788196,1
-0.590201,-0.060954,1
0.979935,1.057530,1
-0.764438,-0.688338,1
0.921780,-0.343518,1
1.200587,0.322450,1
0.769980,0.366624,1
0.532837,-0.453085,1
1.418373,0.848799,1
0.967513,0.240711,1
0.733592,0.226644,1
0.933305,1.775259,1
1.200547,0.446897,1
1.566076,1.332782,1
-0.761017,0.849533,1
0.549911,-0.654666,1
1.206803,-0.430395,1
1.990365,-1.563688,1
1.789274,-2.094817,1
0.601888,-1.692478,1
2.302804,-0.562601,1
-0.367645,0.474769,1
0.583970,-0.432218,1
1.052727,2.552325,1
0.111147,-0.845856,1
0.743904,0.499674,1
0.614053,-0.549610,1
-0.491524,0.362472,1
0.813979,-0.363930,1
1.705590,0.415015,1
-0.294010,1.428028,1
1.015147,0.819202,1
1.501399,-0.050543,1
0.561189,0.521221,1
1.089515,1.406742,1
-0.715799,0.022370,1
-0.542138,-1.735685,1
2.085083,0.670313,1
2.388134,0.244215,1
-0.033965,-0.549197,1
-0.327263,1.326453,1
0.449368,-0.002918,1
2.869722,-0.699705,1
-0.067309,1.026968,1
0.678759,0.767051,1
0.064617,0.168915,1
-0.350780,0.231629,1
2.089792,-0.156336,1
0.153822,1.210191,1
0.686559,0.953301,1
1.022979,-0.429636,1
0.551754,-1.323790,1
0.923952,0.305586,1
-0.851213,1.044860,1
2.078025,0.751955,1
-0.541664,-1.204156,1
0.346400,-0.419242,1
-0.349694,-0.085604,1
1.663278,-0.901061,1
1.138049,-0.111778,1
1.131180,-0.644248,1
0.013721,-0.347231,1
2.152077,0.027877,1
1.225992,-0.028920,1
1.858599,0.472911,1
0.965994,0.297659,1
0.629022,-0.194103,1
1.058524,0.990031,1
1.659336,0.463021,1
1.395877,0.160666,1
0.215564,0.193163,1
-1.058106,-1.334263,0
0.340523,-0.484977,0
0.513840,0.865466,0
-0.142654,-0.817101,0
-0.823387,-0.291283,0
-0.965287,0.346275,0
-0.679624,-0.925653,0
-0.621808,0.555167,0
-0.950086,0.040114,0
-1.918618,0.204686,0
-0.636848,0.644233,0
-1.979635,0.276485,0
-0.869757,0.819064,0
-1.296547,0.091779,0
-1.172695,-0.163654,0
-0.952842,-0.034614,0
-1.105034,0.975861,0
-1.485161,0.082239,0
-1.907777,-0.024336,0
-0.345816,-1.409048,0
-2.076452,1.047518,0
-1.800852,-0.681178,0
-1.085267,-0.017574,0
-1.080684,0.783532,0
-1.634571,0.217964,0
-0.099471,0.296176,0
-1.606474,0.766022,0
0.074448,-0.049353,0
-0.329088,1.101097,0
0.017228,-0.471663,0
-1.180012,0.888343,0
-0.574042,-0.342645,0
-0.506570,1.258685,0
-0.292465,-0.585121,0
-1.173749,-0.551797,0
-0.569483,0.218824,0
-1.522393,-0.720616,0
-0.951142,-0.754638,0
-0.998913,-0.903665,0
-0.638671,1.279511,0
-2.023600,-0.194806,0
0.536271,1.159874,0
-1.596450,-0.808562,0
-1.032665,-0.135139,0
-0.325552,-1.481216,0
-0.244510,-0.812433,0
-2.139566,0.185494,0
-0.579673,0.415740,0
-1.027599,-0.756231,0
-1.934823,-0.222410,0
-0.087739,-0.412862,0
-0.776210,0.404811,0
-0.953046,0.410180,0
-0.276823,0.035876,0
-0.018628,0.842078,0
-1.888345,0.074063,0
-1.091199,-0.848750,0
-0.535501,1.769073,0
-1.141749,-0.090204,0
-0.626776,0.922567,0
-1.120287,-0.606014,0
-0.753744,0.227485,0
-1.022775,0.024743,0
-1.823928,0.509582,0
-0.120421,-1.052039,0
-1.246413,-0.043878,0
-0.850192,-0.507096,0
-0.351734,0.006376,0
-0.674603,-0.077358,0
-1.171955,0.517501,0
-0.376881,0.970152,0
-0.433944,1.583092,0
-0.495596,-0.059407,0
-0.310597,0.003033,0
0.214010,-0.715045,0
-1.529662,0.112819,0
-1.285647,-0.185050,0
-1.277852,0.923990,0
-1.738688,1.269528,0
-2.114341,0.649698,0
0.286162,1.358594,0
-1.636088,0.132053,0
0.075004,-0.841321,0
-1.493900,-0.985425,0
-1.321518,1.572630,0
1.201108,-0.571746,0
-0.816821,-0.779322,0
-1.951291,-1.377898,0
-1.674860,-0.693778,0
-0.404084,-0.535163,0
-0.130898,-0.908237,0
-2.126906,-0.587613,0
-1.446094,1.168019,0
-1.609175,0.066118,0
-1.413045,-0.652847,0
-1.828497,0.910745,0
-0.808432,0.026336,0
-1.113767,0.503584,0
-2.293156,-0.188503,0
-1.575976,0.767779,0
-0.574706,0.010997,0
-0.957971,0.300272,0
-0.398393,0.158800,0
-2.041068,1.675816,0
-1.974480,-0.014711,0
-1.200781,-0.455300,0
-1.113506,-0.007061,0
-2.251272,-0.401191,0
-0.928086,-0.685800,0
-1.080914,0.184475,0
-1.446112,0.365628,0
-1.169181,-0.059880,0
-2.414491,0.615814,0
-1.574189,0.832202,0
-1.265047,0.864485,0
-1.265189,0.874424,0
-1.438666,-0.008269,0
-1.125350,-0.618940,0
-0.375185,0.015464,0
0.397751,0.638674,0
-0.246039,0.532021,0
-0.660639,-0.086773,0
-1.109425,0.081045,0
-1.799869,0.142257,0
-1.317399,-0.580824,0
-0.455553,-0.981224,0
0.856331,-0.683644,0
-1.947748,-1.254108,0
-1.602718,-0.975431,0
-0.043299,-0.282406,0
-2.092794,-1.057165,0
-2.187436,-0.003436,0
0.115779,0.284408,0
-1.951484,-0.137129,0
-1.333509,0.045915,0
-2.083927,-0.026431,0
-0.744261,-0.823796,0
-1.506716,0.126353,0
-1.554384,0.814746,0
0.424744,1.011954,0
-1.326747,0.235680,0
-0.127924,0.990192,0
-0.719332,-1.570627,0
0.177201,0.206672,0
-0.631368,0.663574,0
-0.901614,1.361236,0
-1.708670,0.178876,0
-1.047308,-0.833078,0
-0.299033,1.077468,0
-0.733051,0.098921,0
-0.757561,0.135445,0
-1.409444,0.214382,0
-0.548796,2.602007,0
-0.295051,0.978891,0
-1.688485,-1.012641,0
-0.330582,-0.453791,0
-2.362701,1.016871,0
-1.520281,-0.140749,0
-2.230995,-1.235292,0
-0.529995,-0.236675,0
-0.871076,-0.548360,0
-0.663481,-0.448782,0
-0.073068,0.199078,0
-0.356125,0.654029,0
-2.252334,-0.226486,0
-0.651993,1.597132,0
-0.492097,-0.782593,0
-1.814581,-1.917909,0
-0.418893,0.821907,0
-0.918677,0.385553,0
-0.191925,-0.790683,0
-0.226134,0.952696,0
-1.521940,0.386411,0
-1.349023,0.401176,0
-0.330861,-0.611467,0
-2.225927,1.052640,0
-0.514671,-0.803325,0
-0.941224,1.005032,0
-1.928216,-1.494050,0
-2.345876,1.106012,0
-1.426069,1.200455,0
-0.817141,0.377699,0
-1.536194,0.093111,0
-0.461678,-0.924953,0
-0.875089,0.597252,0
-1.330094,-0.409955,0
0.105550,-1.067151,0
-0.755088,-0.511898,0
-0.930058,0.543497,0
-0.290421,-0.820769,0
-1.812941,-0.769862,0
-1.430376,-1.016625,0
-1.187752,0.602715,0
-1.220757,-0.121014,0
-2.057764,-0.386342,0
-1.317606,-0.237361,0
-0.381873,0.091745,0
-0.373622,0.203197,0
-0.674707,0.115039,0
-0.484214,0.119502,0
-0.308711,-0.414632,0
-0.353196,-0.620122,0
-1.253254,-0.282695,0
0.161626,-0.868291,0
-0.605597,1.546420,0
-0.662580,0.319510,0
-2.612609,0.681551,0
0.007380,0.373001,0
-1.806943,-1.168762,0
-0.952068,-1.200968,0
-0.579311,1.298732,0
-1.833232,1.405505,0
-1.210608,-0.390229,0
-1.373552,-0.612512,0
-0.986036,0.456705,0
-1.495435,0.896216,0
-1.288496,0.308163,0
-0.420237,-0.667627,0
-2.012265,0.518089,0
0.105982,-0.574396,0
-1.222058,-1.175633,0
-1.108538,0.332335,0
-1.286733,0.273617,0
-2.249487,-1.226425,0
-1.694501,-1.168885,0
1.306544,0.208714,0
-0.551043,0.355801,0
-0.178580,-0.516440,0
-1.525244,0.189708,0
0.656850,-1.195390,0
-1.194743,0.783574,0
-0.415851,1.110629,0
-0.859673,-0.543875,0
0.084052,0.606760,0
-1.980617,-0.586197,0
-0.919038,-0.176255,0
-1.095283,-0.033714,0
-1.782019,-1.163639,0
-2.110656,0.488503,0
0.611946,-0.153496,0
-1.178268,1.637839,0
-1.415392,-0.389482,0
-0.190373,-0.747602,0
-0.008578,-0.200868,0
-1.558924,0.071839,0
-0.291823,-0.942439,0
-2.329291,0.823856,0
-0.842751,0.019380,0
-0.975904,1.210542,0
-1.709086,0.867639,0
-1.735053,-0.258741,0
-1.719259,1.385002,0
-1.810796,0.589260,0
-0.840502,0.554055,0
-0.931527,-1.698198,0
-1.489794,0.429439,0
-1.338389,0.044828,0
-1.085033,-0.587926,0
-0.489063,-0.184165,0
-0.065334,-0.087614,0
-1.374529,-0.093298,0
-0.229276,0.608020,0
-2.272095,0.303602,0
-0.045688,-0.153665,0
-1.513207,-0.360136,0
-0.287187,0.258502,0
-1.086274,-0.287271,0
-0.610929,0.943493,0
-1.453630,-0.431878,0
-0.510707,-0.388011,0
-0.918806,-0.895418,0
-2.117105,0.601065,0
-0.770075,-0.675085,0
-0.127423,-1.046034,0
0.319806,1.704518,0
-0.681589,-0.514248,0
-2.238217,0.236347,0
-1.107533,-0.708252,0
-0.968058,-0.360941,0
-0.273039,0.854896,0
-1.095262,-1.237856,0
-2.060890,-0.949723,0
-1.259264,-2.113922,0
-0.721397,0.192444,0
-0.912174,0.519737,0
-2.015353,-0.144810,0
-2.186734,0.715203,0
-2.043414,-0.733141,0
-0.088399,0.181246,0
-1.662097,0.039917,0
0.441802,0.113945,0
-1.148933,0.317734,0
-1.558536,0.933842,0
0.117404,0.298672,0
-0.834910,-0.992661,0
-0.856915,0.599081,0
-1.958261,-0.680720,0
-1.006569,0.204628,0
-1.706972,0.298107,0
-1.634465,0.384149,0
-1.993307,1.024751,0
-1.487066,0.173811,0
-0.371062,-0.272201,0
0.359444,0.912956,0
-1.329957,0.512700,0
-0.016712,-0.168819,0
-1.697018,-0.482664,0
-1.623157,0.896948,0
-0.905523,0.886903,0
-1.008808,0.098753,0
-2.097053,-0.017705,0
0.711761,0.411272,0
-0.234439,-0.362986,0
-0.817102,0.702636,0
-1.213162,-0.424157,0
0.390865,0.390073,0
-1.220885,0.534087,0
-1.086576,0.865132,0
-0.894570,-0.259880,0
-1.778364,-1.664129,0
-2.184070,-0.709052,0
-0.138461,0.076974,0
-0.560054,-1.234953,0
-0.965418,-0.274463,0
0.379899,0.157571,0
-0.659471,1.372129,0
-2.675361,0.043178,0
-2.082459,0.818269,0
-2.772011,0.377153,0
-1.104709,0.513826,0
-1.319358,0.366184,0
-1.236475,-0.144198,0
-0.790783,-0.490077,0
-1.182476,-0.805012,0
0.254945,0.566834,0
-1.145272,-1.696417,0
-1.026738,-0.492109,0
-0.884384,-0.757153,0
-0.271508,-0.641532,0
-0.885732,-0.840068,0
-1.281864,0.012562,0
-1.744202,0.423471,0
-1.565191,-1.405409,0
-1.535190,0.065965,0
-2.129574,0.050751,0
-0.229931,0.074462,0
-0.578019,-0.508034,0
-1.309659,0.287217,0
-0.321301,-0.093065,0
-1.118290,1.236923,0
-1.750939,-0.480166,0
-0.539406,0.847962,0
0.069840,-0.605168,0
-1.127105,0.331474,0
-0.392265,-0.025225,0
-1.712417,-0.244202,0
-0.659319,0.190700,0
-1.288377,0.559191,0
-0.322349,1.376042,0
-0.573553,0.701798,0
-1.514824,-0.432599,0
0.385353,0.265610,0
-0.382569,0.333699,0
-0.810779,-0.560619,0
-1.195730,-0.950522,0
-1.697193,0.722870,0
-1.095325,0.527015,0
-0.989813,0.579177,0
-0.658145,-1.097839,0
-0.346563,-1.283943,0
-1.845565,0.710199,0
-2.081734,0.752885,0
-0.766295,0.079911,0
-0.969848,0.982751,0
-1.312162,-0.375227,0
-0.555384,-0.960745,0
-0.705426,-0.289440,0
-1.100441,-0.324465,0
-1.663049,-0.338910,0
-2.020665,1.116880,0
-0.606223,1.012936,0
-1.871613,0.333184,0
0.215223,-0.030625,0
-0.840386,0.730312,0
-0.308630,-0.807334,0
-1.981436,-0.168087,0
-0.470802,0.910028,0
0.625924,-1.775486,0
-1.464451,0.709471,0
-2.198919,-1.390936,0
-0.960526,0.209007,0
-0.515155,0.054079,0
-1.763760,0.880292,0
0.070389,-0.031368,0
-0.732227,1.664636,0
0.214492,0.021157,0
-2.320032,1.122583,0
-1.389364,0.367007,0
-1.117520,0.491008,0
-0.452808,1.335013,0
-0.129322,-0.667926,0
-0.672099,-0.268152,0
-0.113279,-0.052126,0
-1.149339,0.558815,0
-0.679942,-0.596273,0
-1.495473,-1.285322,0
-0.230872,0.025884,0
-2.372852,0.433602,0
-1.333491,0.723838,0
-1.537348,0.250054,0
-3.585698,0.021196,0
-1.625724,-0.379683,0
-1.588304,0.102486,0
-0.052046,-0.165477,0
-1.471040,-0.566555,0
-0.576429,-0.038902,0
-2.141102,-0.805551,0
-2.737600,0.524573,0
-1.114855,-1.152502,0
-2.048083,-0.717713,0
-1.571702,1.538128,0
-0.005830,0.034125,0
-1.374738,-1.073540,0
-0.631620,0.090517,0
-0.586532,0.528502,0
-0.639192,0.637773,0
-1.162667,0.088257,0
-0.891703,0.380006,0
-1.451374,-0.112242,0
-1.414702,-1.038102,0
-1.977969,-0.116178,0
-1.243733,1.320987,0
-0.468213,-0.573444,0
0.597507,0.231098,0
-0.568739,0.534732,0
-0.742981,-0.486000,0
0.051826,-1.223293,0
-0.117281,-1.229275,0
0.549618,1.640389,0
0.048783,-0.027147,0
-1.912681,1.522019,0
-1.181149,1.303246,0
-2.943061,0.300193,0
0.273827,-0.718977,0
-0.893280,-0.075289,0
0.024544,-0.302156,0
-1.998838,0.411697,0
-2.151321,-0.155868,0
-0.061667,0.427870,0
-0.873666,0.020944,0
-0.673284,0.667337,0
-0.559860,0.248998,0
-0.791810,0.062311,0
0.151590,0.010977,0
-0.267331,0.074356,0
-1.597620,0.614941,0
-1.239241,0.460245,0
-0.997307,-0.724525,0
-0.258334,-1.146170,0
-0.500784,1.102503,0
-0.693592,-1.025107,0
-1.443986,0.153832,0
-0.374636,0.541800,0
-2.880051,-0.432530,0
-0.876780,-0.691698,0
-2.106266,-1.602415,0
-0.157728,-0.595219,0
-1.341663,1.166685,0
-1.259278,-0.065391,0
-3.106534,0.599067,0
-1.821938,0.086563,0
-2.015099,-0.548664,0
-0.815548,-1.103273,0
-0.376482,0.307024,0
-0.781806,0.711599,0
-1.499247,0.465778,0
-0.701711,0.097578,0
-2.709125,-0.072119,0
-1.259972,0.393193,0
-1.522007,-1.332123,0
-0.333902,0.412083,0
-0.302025,-0.920359,0
-0.456427,-0.167450,0
-0.533412,-0.936786,0
-1.044892,-0.558055,0
-2.240068,-0.437871,0
-1.511415,-0.630232,0
0.024303,1.678820,0
-0.457797,1.531506,0
-1.039832,-0.553611,0
-0.469476,0.658882,0
-0.575208,-0.683027,0
-2.156333,-1.687537,0
-1.341877,0.183273,0
-1.454508,1.864285,0
-0.802464,-0.084151,0
-2.161736,0.765157,0
-0.541063,1.377500,0
-2.142510,-1.491686,0
-1.082547,0.323384,0
-2.086077,-0.273896,0
-0.023460,0.097208,0
-0.297830,-1.458189,0
-1.915557,0.714689,0
-0.976008,-0.575922,0
-0.851702,-0.200454,0
-1.498662,0.368819,0
-0.960971,1.018387,0
-1.309168,-0.170754,0
-0.831281,-0.134416,0
-1.085735,0.833505,0
-1.915833,0.438953,0
-0.967238,0.001308,0
-1.491189,-1.060597,0
-1.025573,-0.785546,0
-1.562905,0.045962,0
-1.404207,1.118203,0
-1.053880,-0.288856,0
-0.021814,2.171715,0
-1.074327,-1.244234,0
-0.793970,-0.575524,0
-1.990956,-1.307048,0
-1.223986,1.118983,0
-0.975605,-1.284929,0
-0.941100,0.303799,0
-0.857466,-0.398994,0
-0.906624,0.441943,0
-0.236841,-0.841822,0
-2.480007,-0.507851,0
-0.284935,-1.308914,0
-0.768434,-0.823061,0
-1.094317,0.800974,0
0.320360,0.425221,0
-1.186047,-0.088184,0
-2.000160,1.016708,0
-1.208011,-1.485181,0
-1.962732,-0.500710,0
-0.722423,-0.004038,0
-0.766429,0.692412,0
-1.957176,-1.279386,0
-1.246943,0.033465,0
-0.345802,0.074508,0
-3.200504,1.155837,0
-0.577433,0.493511,0
-0.587764,0.302507,0
-1.264988,-0.500637,0
-1.727373,-0.150733,0
-0.883246,0.338566,0
0.055300,0.032218,0
-0.255134,-0.640941,0
-1.354642,-0.811465,0
-1.554643,1.799477,0
-1.695782,0.858830,0
-2.345048,0.779903,0
-1.191239,-1.779451,0
-2.097420,-0.638869,0
-0.552972,-2.655644,0
-1.053938,0.336546,0
-1.362051,0.371184,0
-2.554064,-0.125616,0
-1.877380,0.241460,0
-0.725574,0.203472,0
-1.510001,-0.013025,0
-1.803359,0.072576,0
-0.713630,-0.536160,0
0.112722,-0.594818,0
-1.367019,0.060314,0
-0.665733,-1.580123,0
-1.966873,-0.168113,0
-1.070614,-0.540223,0
-0.569214,-0.614127,0
-1.774301,0.264064,0
-0.198132,0.392002,0
-2.169914,-1.691197,0
-0.113000,-0.295691,0
-2.924181,0.200860,0
0.045226,0.723475,0
-0.563195,0.827931,0
0.817110,0.909582,0
-0.066164,0.214632,0
-0.848476,1.071619,0
-0.478723,-0.319456,0
-0.911293,-0.279627,0
-0.663586,-0.799597,0
-0.618344,0.533850,0
-0.491770,-0.755021,0
-1.353793,-0.189993,0
-1.064124,-0.015749,0
-0.271438,-0.235110,0
-0.771886,-0.520014,0
-1.029637,0.449048,0
-1.274922,0.644745,0
-2.094775,0.093671,0
-1.236047,0.187303,0
-1.604475,0.087986,0
-0.877059,1.472846,0
-2.764993,-0.974148,0
-0.997859,-0.007033,0
-1.328572,0.562532,0
-0.536473,-0.876125,0
0.166103,0.352215,0
-0.138326,0.021949,0
-0.806862,-0.413323,0
-0.037413,-0.276050,0
-0.328519,0.803461,0
-0.862211,0.085402,0
-0.699522,1.655042,0
-0.184595,0.953543,0
-0.789927,0.475124,0
0.362465,0.585014,0
-1.212120,-0.054330,0
-0.429007,-1.009624,0
-0.646647,0.767073,0
-1.869235,-0.849313,0
1.200788,-0.593403,0
0.020196,0.643142,0
0.188441,0.320755,0
-1.502720,-0.308437,0
-1.315308,-0.725664,0
0.138536,0.970908,0
-0.976505,0.777886,0
-0.646168,-0.611237,0
-1.692607,-1.078360,0
-2.817445,-0.082989,0
-2.843117,0.578644,0
-1.314452,0.387320,0
-2.242867,0.064025,0
-1.244635,0.987678,0
-0.978606,0.288954,0
0.114578,0.111331,0
-1.641333,0.426582,0
0.770929,-1.423335,0
-0.825063,-1.253124,0
-1.154552,0.897940,0
-0.774255,0.458784,0
0.120630,-0.656824,0
0.533537,0.237710,0
-0.427423,0.182032,0
-0.662415,0.215930,0
-0.271812,2.137587,0
-0.363790,-0.905710,0
0.208683,-1.049068,0
-0.883097,0.052372,0
-0.267571,1.172057,0
-0.675385,-0.154027,0
-0.616016,-0.570277,0
-0.786850,-0.202697,0
-1.913389,-0.448286,0
-2.617106,0.586836,0
-0.426866,-1.711196,0
-0.935055,0.721852,0
-0.563299,-0.184749,0
-0.565384,0.355348,0
-2.463428,0.677210,0
-0.868711,0.098653,0
-0.330291,-0.568758,0
-1.034072,-0.032460,0
-0.808372,-0.024156,0
-0.653290,0.205652,0
-0.979747,0.223629,0
-1.192700,0.914182,0
-0.659977,0.381717,0
-0.627966,-0.108454,0
-1.053514,0.911960,0
-1.110663,-0.336647,0
-1.895445,-0.345487,0
-0.016665,-0.759502,0
-1.418556,-1.138911,0
-0.163815,-0.037142,0
-0.706161,-0.451306,0
-1.959731,0.473159,0
-2.245856,-0.250027,0
-0.797549,-0.341938,0
-1.326354,0.332329,0
-0.684551,-0.127153,0
-0.674697,-0.404473,0
-2.304317,-0.034871,0
0.308666,-0.155985,0
-1.392096,1.226009,0
-1.558269,-0.467797,0
-1.634376,-0.866273,0
-1.378311,-0.343670,0
-1.990873,-0.514485,0
-1.109711,-0.037075,0
-1.441731,0.268316,0
-1.980320,0.038376,0
-0.657158,0.488450,0
0.046333,0.893201,0
-1.310508,0.135617,0
-1.155419,-0.205218,0
-1.141960,-0.405981,0
-0.871778,-0.254174,0
-1.995263,-0.097479,0
-0.152581,-0.459484,0
-1.136321,-1.035672,0
0.216928,-0.699765,0
-1.770368,-1.401511,0
0.274422,-0.655297,0
-1.022856,0.487200,0
-2.178301,0.323045,0
-0.408427,0.480841,0
-0.003234,-0.702959,0
-0.684648,-1.119736,0
-0.757452,-0.646366,0
-1.824444,-0.668179,0
-0.140365,-1.020402,0
0.152896,0.318452,0
-1.092708,1.004068,0
-0.212163,-0.083658,0
-1.482680,0.889082,0
-0.286413,1.145981,0
-2.445943,-1.246599,0
-1.642493,0.420233,0
-2.252595,-0.304055,0
0.420487,-0.029882,0
-2.029023,1.240729,0
-1.125703,-0.840981,0
-0.730854,-0.636520,0
-1.170301,0.521517,0
-1.747341,0.252765,0
-1.147122,0.223295,0
-1.332328,-0.277724,0
-0.122089,0.330960,0
0.185415,-0.766014,0
-0.833514,0.061574,0
-1.715221,-0.349564,0
-0.880695,-0.687674,0
-1.511145,1.170747,0
-1.182884,0.772754,0
-1.291811,-0.156126,0
-0.794575,0.111525,0
-1.024659,2.070997,0
-1.744500,-0.542682,0
-1.208692,-0.275336,0
0.091526,-0.573030,0
-2.206851,0.018089,0
-0.471194,-0.822222,0
-1.483891,-0.226114,0
-1.721434,0.007306,0
-1.552344,0.754258,0
-2.293929,0.932986,0
-0.238698,-0.355175,0
0.859321,1.518767,0
-1.375487,-0.124504,0
-1.303872,-0.578128,0
-1.398786,-0.744377,0
-0.692924,0.460634,0
-0.695633,1.690877,0
0.240739,-0.029327,0
-1.339778,-0.876585,0
-1.372301,0.012246,0
-1.711438,-0.194385,0
-2.155940,1.240109,0
-1.406207,1.201617,0
-0.625619,-0.402161,0
-0.553636,0.040905,0
-0.074305,-0.732460,0
-2.130937,0.284016,0
-1.674408,-1.167479,0
-1.790541,-1.148297,0
-1.115441,0.336677,0
-0.980515,-0.281124,0
0.407077,-0.507463,0
-0.946093,-0.185152,0
-1.148872,0.266180,0
-0.090244,-0.283425,0
-1.399564,-0.492584,0
0.378200,0.141053,0
-1.368791,0.946721,0
-1.016055,0.517735,0
-0.348177,0.987660,0
-1.130591,-0.249861,0
-0.747679,1.141658,0
-1.246541,0.242782,0
0.087588,-0.112468,0
-1.850096,0.544432,0
-1.914124,1.358985,0
-1.776185,-0.453621,0
-1.445269,-0.993093,0
-0.478794,-0.762257,0
-0.874454,1.407452,0
-0.642415,-1.014449,0
-1.276688,-1.275345,0
-0.283290,-0.383551,0
-0.734771,-1.612724,0
-1.837906,-0.788260,0
-1.308921,0.153890,0
0.533064,0.203454,0
-1.584028,-0.069044,0
-0.402858,-0.696533,0
-1.442339,0.600625,0
-0.588690,-0.890358,0
-1.443552,0.536009,0
-0.177910,-0.736568,0
-0.281107,-0.565879,0
-0.243415,-0.007268,0
-0.692290,0.241036,0
-2.164040,-1.180265,0
-1.245155,-0.250062,0
-1.079429,-0.746359,0
-1.703005,-0.444220,0
-0.276553,1.082284,0
-2.137592,-0.894803,0
0.951479,0.428912,0
-0.239268,0.459530,0
-1.951590,0.438387,0
-0.906634,0.421565,0
-0.848085,-0.300449,0
0.145437,0.413784,0
-0.696077,-0.849652,0
-1.523386,1.315110,0
-0.449132,-1.264344,0
-0.652975,1.143857,0
-2.657205,-0.659284,0
-0.646036,-0.209243,0
-0.048943,0.900780,0
-1.724907,-0.511064,0
-1.399182,-0.196221,0
-1.045968,0.329677,0
-1.867587,0.001255,0
-0.254207,-0.219409,0
-0.990549,0.385827,0
-0.529191,1.061403,0
-1.041424,0.689201,0
-2.196463,0.302220,0
-0.895529,0.560543,0
-1.516690,0.061469,0
-0.100050,1.285690,0
-0.886349,-0.093507,0
-2.080443,1.089465,0
-0.841600,-0.204079,0
-1.743684,-1.211249,0
-1.181744,1.898998,0
-1.645929,-0.010803,0
0.037852,-0.563859,0
-0.813520,-0.041552,0
-1.064045,0.505799,0
-0.180296,-0.377164,0
0.070082,-0.293161,0
-0.013522,0.607909,0
-1.185250,1.712587,0
-1.165971,0.520649,0
-1.023408,-1.651630,0
-0.044592,-0.248269,0
-1.931379,-1.122111,0
-1.867706,0.661545,0
-0.600060,-0.692336,0
-1.836084,0.354381,0
-0.702242,0.147269,0
-0.731954,-0.821546,0
-0.952502,0.265973,0
-0.724692,0.499787,0
-0.778158,1.319082,0
0.083987,0.733190,0
-0.702995,-1.420079,0
-1.751034,0.059782,0
-0.968353,0.108824,0
-0.071049,0.140675,0
-1.211741,1.421808,0
-1.171039,1.292615,0
-0.954376,0.597379,0
-1.732626,-1.040144,0
-0.025599,0.464888,0
-0.599986,0.381353,0
-0.819696,-0.473434,0
-0.696397,0.406184,0
-0.738968,-0.468260,0
-1.789969,0.737713,0
-1.265984,0.439664,0
-0.218244,0.374647,0
-1.248173,-0.236593,0
-1.251044,-0.018993,0
-1.414013,-0.669832,0
-1.620284,0.754936,0
0.137963,1.318743,0
-1.149764,0.995617,0
-1.821406,0.831868,0
-1.410442,-0.681616,0
-0.670093,0.266351,0
-0.802070,0.357697,0
-1.013036,0.205757,0
-0.526315,0.867254,0
-1.016129,0.841879,0
-0.662826,-0.215857,0
-1.024517,-0.679423,0
-0.350010,-0.919633,0
-0.237885,0.161055,0
-0.386971,0.551391,0
-0.950911,-0.233983,0
-1.097447,-0.044212,0
-0.298175,0.050154,0
-1.681232,0.233912,0
-1.558317,0.959294,0
0.215740,0.487807,0
-1.045123,-0.545451,0
-1.101592,-0.922090,0
-1.979229,1.074287,0
-0.546206,-1.198371,0
-1.392975,-0.011224,0
-1.223586,-0.248643,0
-0.720685,-0.812036,0
-1.051136,-0.488674,0
-0.735489,-1.097420,0
-1.215210,-0.164895,0
-2.505596,0.618707,0
-0.716032,-0.527102,0
-0.875483,1.775951,0
-0.336628,-0.379317,0
-1.685489,0.232403,0
-1.483608,-1.082073,0
-0.335432,-0.841588,0
-1.116236,-0.972986,0
-1.112272,-0.241114,0
-2.137591,-0.519022,0
-1.805273,-0.544178,0
-1.668791,0.073019,0
-1.660793,1.411324,0
-1.636324,0.396365,0
-1.560576,-0.232441,0
-1.105171,-1.418460,0
-1.575132,0.765920,0
-1.234792,-1.099536,0
-1.147198,1.218626,0
-1.249682,-1.536476,0
-0.685833,0.828563,0
-0.320146,0.485919,0
-1.476091,0.471432,0
-0.347483,-0.304028,0
-0.879938,1.162189,0
0.078833,-0.626459,0
-1.189500,0.307894,0
-1.993202,0.638193,0
-1.258781,0.610014,0
0.544728,-0.980046,0
-1.530737,0.395185,0
-0.474918,1.076781,0
-0.150783,0.949544,0
0.092486,-0.434131,0
-1.393475,0.215377,0
-1.442714,1.707804,0
-0.493244,0.086013,0
-0.654670,1.194656,0
-0.821528,0.066690,0
-0.952440,0.780176,0
-2.223623,-0.465376,0
-0.523689,-1.618069,0
-0.155499,-1.189554,0
-0.133552,-0.560082,0
-1.894350,-0.074943,0
-0.242294,0.096070,0
0.582252,0.585645,0
0.373404,0.393306,0
-0.675781,1.345157,0
-1.308697,-1.000381,0
-1.227695,-0.563524,0
0.082758,-0.308752,0
-0.975626,1.219289,0
-1.109626,0.844995,0
-1.945782,-0.175814,0
-1.672093,-0.872621,0
-0.836870,-0.500630,0
-0.001617,-1.323213,0
-0.507571,1.198111,0
-0.125175,-0.263779,0
-0.799991,-2.224368,0
-0.979665,0.023649,0
-2.440981,-0.838204,0
-1.932215,0.200786,0
0.819812,-0.208590,0
-1.133342,-0.296423,0
-0.318550,-0.291475,0
-1.885046,-0.395251,0
-0.996049,-0.411161,0
-1.641706,0.447953,0
0.064335,0.367637,0
-2.283098,0.809024,0
-1.634941,2.345687,0
-1.420355,0.752589,0
1.438791,-1.071742,0
-0.589050,-0.106841,0
1.046610,0.705764,0
0.153865,-0.873240,0
0.670284,0.561983,0
-1.680426,-0.544887,0
-0.300648,-0.088845,0
-0.297462,0.637775,0
0.439531,-1.509734,0
-0.130451,-0.566927,0
-0.799379,1.534290,0
-0.208165,0.619283,0
-0.984324,-0.693482,0
-0.673113,0.416869,0
-0.288887,0.413988,0
-0.542459,0.384054,0
-1.433125,0.821020,0
-2.629462,-1.947319,0
-1.121152,-2.107426,0
-1.896270,1.281776,0
-0.423750,0.354643,0
-1.033195,-0.316670,0
