0.633076,-0.730996,1
1.399657,0.175542,1
0.678116,0.973117,1
0.283359,-0.538930,1
1.128100,-1.306163,1
1.892020,-0.871071,1
-0.224155,0.812681,1
1.154728,0.637681,1
1.183178,-0.055549,1
1.615161,0.499779,1
0.836150,0.892333,1
-0.001874,-0.963825,1
-0.013586,0.711707,1
1.277150,0.211742,1
1.242861,-0.004807,1
0.571686,0.460518,1
1.207673,0.150665,1
0.994990,-0.953612,1
0.917733,-0.714097,1
0.483063,0.376248,1
-0.150600,0.304738,1
1.597574,1.625209,1
1.608298,1.298254,1
2.239679,-1.161633,1
0.902015,-0.272767,1
1.675033,-0.765392,1
2.470685,-0.374101,1
2.230515,0.379723,1
1.961210,1.005819,1
0.621264,0.359732,1
1.283013,-0.780993,1
1.233977,0.424093,1
1.477869,-1.477812,1
1.305648,0.546617,1
1.067236,0.058614,1
1.840537,-1.115577,1
1.914748,0.719163,1
0.809912,-0.551077,1
1.286382,-1.321465,1
0.947714,0.745812,1
1.203182,-1.159280,1
-0.624620,-1.119205,1
0.132210,-0.978723,1
0.498210,-0.673542,1
2.378136,0.575396,1
0.852548,-1.036171,1
1.435990,1.008635,1
1.887730,-0.965999,1
0.627508,0.057305,1
1.529380,-0.602215,1
1.995426,-0.384139,1
2.730656,0.209372,1
0.821711,0.716319,1
1.118019,0.046412,1
1.438132,-0.917834,1
0.462744,-0.828723,1
-0.448403,0.492273,1
1.300291,-0.462872,1
1.476532,0.042169,1
0.593435,0.045469,1
1.950105,1.501019,1
0.652711,0.673172,1
0.816132,-1.089100,1
-0.500644,-1.519421,1
2.202463,0.754986,1
1.419325,-0.778107,1
1.755193,-0.837668,1
-1.090693,0.083365,1
-0.161365,0.782920,1
1.999187,-0.004860,1
0.724566,-0.501994,1
0.769221,0.652141,1
1.151834,-1.936489,1
-0.145533,-0.498958,1
1.902308,-0.106806,1
0.345741,0.717367,1
0.274085,0.730812,1
0.009777,0.243199,1
-0.230465,0.434851,1
1.478109,-1.257433,1
0.757716,1.254800,1
1.205028,-0.200222,1
-0.852149,1.238177,1
0.179405,0.355998,1
0.969933,-1.095953,1
1.010017,-0.488387,1
0.653046,1.096383,1
2.327668,0.524047,1
2.490202,0.254173,1
1.815383,-0.073609,1
1.338899,-0.188148,1
1.046269,1.176863,1
1.359771,-0.365232,1
1.293474,-0.556997,1
0.441151,0.057332,1
0.489052,0.253930,1
0.077074,0.385631,1
0.420017,-1.197199,1
1.055917,-0.064529,1
0.694774,0.433305,1
0.382956,-0.687151,1
-0.129557,-0.195966,1
1.984160,-0.132804,1
-0.378505,-0.086087,1
-0.076923,0.762177,1
1.016109,-0.464706,1
1.105340,0.444258,1
-0.454346,-0.859260,1
1.866562,0.301042,1
0.005717,0.580671,1
1.794585,0.325444,1
1.135767,-1.314838,1
1.455550,-0.705505,1
0.265191,1.121571,1
0.825574,-0.208425,1
0.568943,0.646476,1
0.935477,-0.506023,1
1.056361,0.279199,1
1.405142,-0.187269,1
-0.796471,1.171166,1
1.981190,-0.906940,1
1.420500,-0.037887,1
0.992947,0.173161,1
0.095246,-0.674886,1
1.995114,-0.536559,1
1.447740,-0.392967,1
0.324127,-1.512405,1
1.557606,0.652478,1
0.940849,0.063673,1
0.620631,0.394632,1
0.175352,-0.364959,1
0.223339,-1.232839,1
0.819678,-1.666937,1
-0.228331,1.949212,1
-0.507362,0.886669,1
1.089187,0.196703,1
2.076802,-0.397429,1
1.103500,0.534771,1
0.532662,0.217269,1
2.739311,-0.690264,1
-1.315345,-1.492240,1
-0.122080,-0.095668,1
1.730533,-0.109340,1
1.558585,-0.172924,1
-0.095053,1.357263,1
0.940948,-1.868522,1
0.215984,-1.019056,1
0.395384,0.656242,1
0.211621,0.489715,1
1.143863,0.680243,1
1.242993,0.387646,1
1.629266,-1.162109,1
0.234258,-0.447384,1
0.680160,-1.298907,1
2.767621,0.074426,1
0.270593,0.033422,1
2.743397,-0.644153,1
0.553321,0.738709,1
0.637770,-0.788464,1
-0.115604,-0.542205,1
0.692300,0.049878,1
1.406177,-1.116120,1
1.488025,-0.738944,1
1.935985,-0.280308,1
0.111722,-0.708128,1
0.437959,1.343131,1
1.665458,-1.053246,1
1.167062,0.294949,1
1.105465,-0.745721,1
0.458938,0.763417,1
2.864587,-1.478555,1
1.189347,0.532640,1
2.023102,-2.044396,1
0.526968,0.143332,1
1.753025,0.825755,1
0.319060,0.305851,1
1.628753,-0.306279,1
0.651324,0.920982,1
2.373290,-1.557824,1
-0.201041,2.171693,1
0.091408,1.977588,1
-0.158809,0.847924,1
2.350328,-0.967548,1
-0.125612,-0.825937,1
1.244323,0.056104,1
0.830931,-0.614580,1
0.944548,0.491705,1
1.970649,-1.174264,1
0.878915,-0.569470,1
2.581135,-0.142358,1
-0.201905,-0.629222,1
0.922408,-0.442836,1
0.604269,-0.506161,1
1.047443,-0.865499,1
0.848290,0.620131,1
0.726892,0.050893,1
1.160721,0.682606,1
0.660666,0.111774,1
1.074325,0.223719,1
0.744599,-0.390302,1
0.643818,-0.627319,1
1.536437,0.613980,1
1.363543,-0.011864,1
1.934273,-1.419808,1
0.554035,-0.546040,1
1.305134,-1.127489,1
0.757034,-0.461845,1
0.778840,0.151783,1
0.862798,0.443367,1
1.612480,-0.851130,1
0.921577,-0.248972,1
1.875646,-0.942056,1
-0.052828,0.271586,1
1.054313,-0.480906,1
0.315667,-0.121924,1
0.184049,-0.722763,1
0.943962,-0.720083,1
1.293379,-0.750777,1
1.614218,-0.807615,1
0.634243,0.462352,1
-0.480361,0.117982,1
-0.397683,0.622316,1
-0.346744,-0.666228,1
2.370559,-0.920787,1
0.342059,-0.805232,1
1.270969,-1.249069,1
2.619353,-1.056356,1
0.133260,1.492304,1
1.978305,0.206278,1
1.432529,0.012344,1
1.213202,0.294189,1
-0.021691,0.144986,1
0.239361,0.268497,1
1.073696,1.238393,1
1.947911,-0.175180,1
1.002460,-0.112195,1
-0.361636,-0.019173,1
1.368182,0.493769,1
1.504543,-1.955488,1
0.538036,1.484711,1
0.439944,0.537943,1
1.636488,-0.607587,1
0.540859,1.031200,1
3.164183,0.176187,1
0.833322,1.326211,1
-0.134101,0.546981,1
2.006487,-1.454281,1
1.809800,-0.313283,1
0.639174,0.007106,1
0.717751,0.219111,1
0.345126,0.299191,1
1.669937,-0.773640,1
0.369212,0.022249,1
0.853096,-0.035148,1
1.772731,-1.575700,1
0.479574,-1.367077,1
-0.329015,-0.548818,1
0.252749,-0.180664,1
0.442042,0.161488,1
0.956422,-0.279263,1
1.304807,0.615070,1
0.722427,-0.678712,1
0.464605,-0.923148,1
1.698679,0.690412,1
1.072447,-0.073163,1
1.600283,-0.564803,1
1.470316,-1.177877,1
0.153116,1.429205,1
1.692234,0.269511,1
0.959023,0.138841,1
2.463309,-0.526310,1
-0.843038,-0.644298,1
2.258625,1.289686,1
0.188755,-0.116509,1
1.567283,0.199078,1
1.537725,-0.822268,1
0.288866,-0.450100,1
1.277178,1.298859,1
0.850256,0.510273,1
-0.502920,-0.037383,1
0.873584,-0.690112,1
-0.084628,-0.917513,1
1.565812,0.269597,1
0.929626,-0.057169,1
-0.056538,-0.694115,1
0.863115,-0.361611,1
1.678370,-0.106541,1
0.749855,-0.597842,1
0.717354,0.196227,1
1.353297,0.122058,1
1.169197,-0.458007,1
0.725471,0.519750,1
1.343858,-2.209273,1
2.054569,-1.275836,1
1.141685,1.486074,1
1.330640,1.315284,1
1.275523,-0.107843,1
1.503031,-0.984527,1
0.981150,0.003497,1
1.163403,0.773761,1
0.634476,-1.375426,1
0.841823,-0.819962,1
1.376608,0.088744,1
0.698063,-0.217284,1
1.745467,0.931228,1
1.697370,0.086287,1
1.443472,-0.475250,1
0.477382,-0.058969,1
1.833076,1.017346,1
0.150195,-1.763868,1
0.969710,-0.167109,1
0.473283,-0.146160,1
0.638849,1.840165,1
1.602812,-0.480193,1
2.128993,-0.160084,1
1.296394,0.632402,1
1.171312,-0.317781,1
0.267999,-0.141963,1
1.819317,-0.461950,1
0.226149,1.068680,1
0.266686,-0.088101,1
0.614608,0.355356,1
2.267674,-0.398100,1
1.266523,0.954922,1
1.881833,0.851532,1
0.655962,1.154201,1
0.538266,-0.330218,1
1.837877,-1.621363,1
0.559686,0.357272,1
1.230195,0.269820,1
1.383569,0.251237,1
0.840296,-0.264717,1
1.337056,-0.676896,1
0.748472,0.356882,1
1.151909,0.029040,1
0.706907,0.567860,1
1.542427,0.377980,1
0.177414,0.080530,1
0.473403,-0.324339,1
0.063960,-0.157559,1
1.322276,0.258276,1
2.115499,-0.731545,1
1.727040,-0.837602,1
1.320805,0.735304,1
0.502889,-0.435212,1
1.315278,-0.916465,1
-0.335581,1.413637,1
-0.032264,0.884170,1
0.731588,-0.294420,1
1.880427,0.581515,1
1.034739,-0.838138,1
1.641467,-1.199824,1
1.268518,-0.155048,1
0.046289,-0.335788,1
0.937233,0.865911,1
0.984073,-0.035383,1
-0.383224,-0.232734,1
0.678653,1.202299,1
1.264282,0.532276,1
0.335453,1.367913,1
-0.030193,-1.416361,1
0.300628,0.758470,1
2.911096,0.943056,1
0.618044,0.821683,1
2.447754,-0.211537,1
1.316328,2.375974,1
0.428331,0.333711,1
0.723614,0.065491,1
1.584661,-1.840429,1
1.528633,0.167965,1
1.299059,-0.497429,1
-0.125245,-0.066854,1
0.636027,1.033825,1
0.240680,-1.431890,1
0.038105,0.242241,1
0.992435,0.778864,1
-0.174309,0.143516,1
0.175240,-0.823200,1
1.535054,-0.600482,1
0.505216,0.815904,1
-0.384900,-0.183282,1
3.021774,-0.034044,1
0.933020,0.351156,1
0.258713,-0.969205,1
3.110926,0.421663,1
1.960320,-0.128937,1
1.251506,0.352056,1
1.438739,1.053029,1
0.824765,-0.176490,1
0.798157,-0.332651,1
0.908022,1.571649,1
-0.423782,-0.011001,1
0.017644,-0.727687,1
1.161860,-0.643098,1
1.611758,-0.239155,1
1.048906,0.531590,1
-0.222060,-0.027734,1
-0.870965,-0.064649,1
1.382966,0.243774,1
1.604363,-1.439082,1
1.098683,-0.078432,1
0.178352,0.197271,1
1.716859,-0.555585,1
-1.423848,0.354066,1
-0.216942,0.393315,1
0.538293,-0.050063,1
0.676625,1.037903,1
0.270718,0.171063,1
0.388512,-0.436953,1
1.695500,2.129273,1
-0.497752,-0.982837,1
1.873274,-1.902278,1
0.666930,1.474445,1
1.170947,0.116978,1
0.962497,0.859887,1
-1.013576,0.524211,1
0.496285,-0.595936,1
2.000634,-0.777442,1
1.159902,-0.694516,1
2.161374,-1.825097,1
2.291619,0.607444,1
0.272646,0.065623,1
0.352021,-1.070405,1
1.086733,-0.102373,1
2.769804,-0.062681,1
-0.244094,0.322474,1
1.394929,-1.644729,1
1.434249,0.952646,1
0.686242,0.582548,1
1.655802,-0.265217,1
1.831067,0.224374,1
1.000519,1.467599,1
1.615062,0.541118,1
0.390681,-0.471184,1
1.501529,-1.395836,1
0.477766,0.667371,1
1.252056,0.400862,1
0.738631,-0.348599,1
0.988938,0.464973,1
1.378880,0.575644,1
1.114352,0.212804,1
1.390112,-0.618021,1
1.300708,0.771110,1
2.342676,-0.389096,1
0.899698,0.071254,1
1.194310,1.317932,1
0.640822,0.166080,1
1.357831,-0.036518,1
1.467666,0.463252,1
1.381922,1.145091,1
1.330729,-1.203081,1
1.521850,0.118331,1
0.372981,-0.178135,1
0.205777,-0.598649,1
0.995137,-0.134405,1
0.870358,-0.778175,1
1.794649,0.415414,1
0.862155,-1.239909,1
0.130911,-1.973439,1
0.078422,0.284134,1
2.311798,-0.664205,1
1.006208,-0.739564,1
0.611604,0.130075,1
0.809334,0.773260,1
1.557285,-0.375091,1
2.078288,-0.525946,1
2.354091,0.057011,1
1.273550,1.273487,1
1.594431,1.434704,1
1.258725,-0.861836,1
1.175947,-0.225823,1
0.565022,0.246015,1
0.005902,1.266153,1
1.019243,-0.425942,1
0.341457,0.882840,1
2.114632,0.320367,1
3.060483,-1.239843,1
1.545487,0.299952,1
0.757991,0.873378,1
0.815889,0.495199,1
0.226692,-0.081419,1
1.544435,-0.498679,1
-0.362107,0.652248,1
0.198285,0.373695,1
0.721179,0.817915,1
0.248450,-1.379558,1
1.474911,-0.978831,1
0.168429,-0.813400,1
1.066135,-0.214911,1
1.093679,1.026647,1
1.325808,0.071164,1
0.069907,-0.128888,1
0.047738,-0.715741,1
1.439692,0.673401,1
1.269727,-0.571600,1
1.894788,-1.073909,1
0.147664,1.311773,1
0.571149,0.821097,1
1.024829,-1.085086,1
1.021816,0.395170,1
0.137237,-1.136465,1
0.877240,0.962534,1
0.808473,-0.667716,1
1.854205,-0.179414,1
2.019840,-0.508601,1
-0.599226,-0.590813,1
0.699253,0.879561,1
0.824786,-0.475962,1
2.168399,1.166317,1
0.940867,-0.734485,1
0.954212,-0.743515,1
1.651712,-0.872967,1
1.188488,-0.252141,1
-0.143463,-0.314040,1
0.312031,0.501276,1
1.282559,-0.085880,1
0.399435,-0.288731,1
0.937915,0.178665,1
2.814952,0.300519,1
0.929634,0.107726,1
0.985407,0.585271,1
1.477598,-0.405924,1
0.308742,0.314164,1
1.669506,-0.342799,1
1.304990,0.131522,1
0.632121,-0.391912,1
-0.406671,-1.551511,1
0.730238,-0.222834,1
0.757309,-0.124155,1
1.834123,-0.060432,1
0.588042,0.000245,1
-1.367916,-0.710600,1
0.633470,1.090206,1
1.513157,0.042470,1
0.357588,-0.763165,1
0.872401,-0.904521,1
2.070127,1.925061,1
0.853297,-0.414443,1
1.451395,-1.346321,1
0.746453,0.903255,1
1.027815,-0.098896,1
2.303911,0.714522,1
0.010019,0.458947,1
2.597594,-0.250060,1
0.469720,-0.802609,1
0.451805,-0.070176,1
0.335752,0.142723,1
1.455139,0.301646,1
0.898045,0.842884,1
1.673461,-1.408025,1
0.082539,-0.899645,1
2.039850,0.145570,1
1.592454,0.514742,1
1.409410,-1.220445,1
1.996579,0.607947,1
1.663386,-0.832019,1
0.896224,0.493189,1
0.950887,-0.483989,1
-1.033756,0.333649,1
0.901101,1.029429,1
0.720199,-1.040764,1
-0.599382,-0.062072,1
0.489545,0.187263,1
0.631063,-0.030067,1
2.089114,-1.184332,1
0.254839,-0.484490,1
2.011703,0.703027,1
1.608434,0.328821,1
0.554369,-0.184915,1
0.311785,1.276127,1
-0.107327,-0.529154,1
0.767583,-0.199793,1
0.980760,-0.717353,1
0.219450,1.208469,1
0.995167,-1.089278,1
2.206105,-0.881136,1
-0.533158,-0.335563,1
2.254459,-0.193365,1
2.491590,0.118199,1
0.898952,-0.733603,1
-0.096782,0.914090,1
1.348105,0.271999,1
0.295852,0.405674,1
2.164294,0.532740,1
0.844019,-1.549332,1
-0.066980,0.489539,1
1.216880,-0.432109,1
1.058451,0.828742,1
0.780315,1.844695,1
-0.405389,0.932886,1
1.432137,-1.455225,1
0.879936,-0.294384,1
1.058063,-0.212751,1
1.014304,0.831484,1
0.041490,0.608401,1
2.697412,-1.280892,1
2.215989,0.545410,1
1.065068,-1.037929,1
-0.400199,0.567163,1
2.069440,-0.543821,1
1.003964,-0.091326,1
-0.996141,0.030706,1
1.684301,-0.049328,1
0.779361,-1.776406,1
0.095107,0.275815,1
0.520839,-0.380831,1
0.885771,-0.473608,1
0.596146,0.035021,1
0.590291,-0.112907,1
0.896714,-0.206908,1
1.401632,1.259417,1
1.499416,-2.064817,1
-1.015654,-0.912190,1
1.768504,-1.596100,1
1.142018,-1.080170,1
-0.021900,-0.988039,1
1.336766,0.379217,1
1.465793,0.555305,1
-0.470351,0.299037,1
1.749978,-1.120638,1
1.184678,0.373912,1
2.719869,0.227994,1
0.579272,-0.519661,1
1.534533,-0.372144,1
-0.162046,0.701625,1
1.159658,1.211404,1
1.354314,0.002788,1
0.620241,-0.593454,1
1.041981,0.898758,1
0.207903,0.587421,1
1.511367,-0.400825,1
0.684897,0.158312,1
-0.050440,-1.553700,1
1.978361,0.278017,1
1.106053,-0.404219,1
-0.350443,-0.134722,1
0.596807,-0.770081,1
2.106880,0.035466,1
1.580754,0.058086,1
2.618232,0.056577,1
1.174999,0.197974,1
1.829150,-0.253360,1
1.645395,-0.753717,1
0.621216,0.402079,1
2.033296,0.103861,1
1.408179,-0.360230,1
0.707705,0.686606,1
1.540791,-0.278915,1
-0.072091,-1.168780,1
1.011998,1.855371,1
0.883767,0.271353,1
1.136777,0.047886,1
0.979227,1.156358,1
0.828952,-1.169965,1
1.324995,-2.144608,1
0.881155,0.217687,1
1.365298,1.421648,1
0.695159,-1.131715,1
-0.248963,-0.840391,1
-0.116839,0.027681,1
1.232768,-0.447730,1
0.987563,0.603413,1
1.675012,2.038941,1
0.977844,0.268532,1
0.825350,1.028297,1
1.877368,-0.427650,1
0.641516,-0.262743,1
0.120626,-0.007917,1
0.426380,0.534877,1
0.098595,-0.053997,1
0.791067,0.152257,1
-0.042008,1.446315,1
2.179745,-0.494610,1
1.570879,-0.009193,1
-0.217221,-0.205611,1
-0.180312,0.739881,1
1.677716,-0.561934,1
-0.885341,0.384243,1
0.597326,-0.297482,1
2.017672,0.318649,1
1.109932,-1.247462,1
1.711048,-0.542536,1
0.048706,0.672093,1
0.838255,0.228421,1
1.674179,-0.535337,1
0.833335,-1.396170,1
-0.069901,0.347792,1
1.332557,-0.116549,1
0.756169,0.912545,1
1.137871,-0.521031,1
0.746883,0.990713,1
0.367604,-1.006766,1
1.480680,-1.497669,1
0.451631,-0.016862,1
1.505595,-0.582983,1
1.320057,0.640662,1
1.404781,0.285391,1
0.393275,0.861732,1
0.627259,-0.013687,1
0.790902,1.053677,1
3.020229,-0.466080,1
-0.024812,-0.006074,1
1.480907,-0.760854,1
1.442734,1.556900,1
0.609492,1.007604,1
0.960586,-0.529034,1
1.326897,-0.501073,1
0.433877,0.541635,1
0.421586,-0.469566,1
0.300922,0.729646,1
0.754819,-1.423119,1
0.863160,0.699956,1
0.405181,-1.357092,1
0.641965,0.639947,1
1.267845,-0.120823,1
0.873533,1.861744,1
1.893262,-1.648687,1
2.577988,0.264581,1
0.695259,-0.524175,1
1.322291,0.561621,1
0.590816,-0.570955,1
1.474798,1.056437,1
0.927181,-0.764059,1
1.588251,0.192544,1
1.055583,-0.309178,1
1.716702,-1.074797,1
1.119742,-0.582892,1
1.015840,1.187013,1
0.438738,0.318603,1
1.173314,-0.043530,1
1.912513,-0.035363,1
1.150713,-0.313206,1
0.384444,0.803226,1
1.728716,-0.326619,1
2.086413,-0.109355,1
-0.776863,0.947109,1
0.853495,1.223506,1
1.335109,-0.386480,1
2.709889,-1.257458,1
0.719174,0.070369,1
-0.110276,-0.217992,1
1.038252,0.037583,1
-0.366732,-1.199779,1
2.012665,-0.556596,1
2.190688,-0.583279,1
0.773109,0.558442,1
0.246070,0.440698,1
0.185794,-0.266650,1
0.254476,0.665557,1
1.330344,1.108946,1
2.008044,0.573217,1
1.376531,0.783304,1
2.496374,-1.553743,1
1.594749,0.242335,1
0.234964,1.751900,1
1.242604,-1.011400,1
1.296444,-1.173174,1
1.430097,-0.242021,1
0.773811,1.051841,1
0.448509,0.547264,1
2.348279,-0.330410,1
0.941237,0.212902,1
1.052541,0.139125,1
0.534555,0.612951,1
1.290226,-0.577098,1
0.490106,0.940580,1
0.411294,0.077251,1
0.391593,-0.430825,1
2.534923,-0.441946,1
0.943496,-0.502023,1
0.891602,-1.235142,1
1.833704,-0.849593,1
0.398387,0.421027,1
0.681533,-0.393451,1
1.437860,0.387489,1
2.279475,0.645489,1
0.743037,-0.163965,1
0.911961,0.731555,1
0.642261,0.650454,1
1.343615,0.398544,1
0.973905,0.558977,1
0.999697,-0.698364,1
0.626799,0.806329,1
1.645956,-0.566547,1
1.643546,0.014116,1
1.271639,-0.044147,1
0.283573,-0.307804,1
0.048306,-0.850246,1
0.247923,0.154875,1
1.215477,-0.480078,1
1.371652,0.378196,1
0.658085,0.631218,1
2.350644,1.074781,1
1.544277,-0.329514,1
0.490165,-1.311705,1
0.796270,0.086011,1
0.412053,-1.339526,1
1.001119,0.315386,1
1.262053,-0.559869,1
0.923844,0.207770,1
1.981065,0.295938,1
0.853242,1.386365,1
1.320418,-0.848499,1
0.826604,-0.905215,1
0.068322,-0.357264,1
0.780145,0.437081,1
1.047121,0.100526,1
0.088453,0.273679,1
1.010954,0.830701,1
0.965757,0.533531,1
2.160209,1.161726,1
1.407931,0.485699,1
1.588043,-0.942497,1
1.464691,0.077936,1
-0.215890,-0.129056,1
0.907016,0.181046,1
-0.156885,-0.350929,1
0.491120,1.181580,1
1.800337,0.494405,1
0.708231,1.635544,1
0.046376,-0.972252,1
0.494961,-0.422674,1
0.474018,1.099914,1
0.499546,2.160041,1
0.246504,0.143722,1
0.890045,0.450528,1
1.152976,0.194027,1
0.244687,-1.256653,1
0.826227,-0.087685,1
1.233841,-0.615065,1
0.754019,-1.494517,1
1.956778,-1.059320,1
-0.710803,-0.546900,1
1.240988,0.944415,1
0.798157,-0.299500,1
1.727991,1.540568,1
1.224434,0.858742,1
0.896049,0.727505,1
-0.050610,-0.780581,1
0.991081,-1.244647,1
0.392539,-1.661318,1
0.801451,-0.763770,1
1.427268,-0.341213,1
1.127681,1.729148,1
1.577155,-0.095892,1
1.002438,-0.335453,1
0.841681,-0.216571,1
1.736607,-0.850736,1
1.863747,0.013485,1
1.270009,-0.664364,1
1.383832,0.363431,1
2.688041,-0.804585,1
1.288755,0.409881,1
0.156925,0.770088,1
0.406604,0.855446,1
1.282035,0.417409,1
2.103710,-0.097398,1
2.281059,0.564341,1
-0.277936,-0.095769,1
0.101757,0.230221,1
0.438076,-1.777654,1
1.463266,-0.362403,1
1.595746,0.077285,1
1.334741,1.135510,1
1.075048,0.718039,1
0.958025,0.168076,1
-0.050791,0.370062,1
1.965990,0.060162,1
2.315172,-1.122546,1
1.311042,0.697559,1
1.884356,0.719507,1
0.311356,-0.259640,1
0.341931,-1.116503,1
0.881357,-1.506020,1
0.169496,-0.118886,1
-0.174973,0.342842,1
2.116301,0.563751,1
2.220461,-0.782884,1
2.218748,0.029513,1
1.674553,0.103190,1
0.330829,0.936973,1
1.074967,-0.185407,1
1.876079,0.162519,1
0.444516,-0.252414,1
1.602626,0.496801,1
2.280203,0.162321,1
1.802522,-1.324716,1
1.466628,-0.741230,1
1.481359,1.146793,1
2.608106,-0.846901,1
2.099801,0.053855,1
1.913043,0.585597,1
1.302385,-0.460853,1
1.282447,0.416124,1
0.867193,-0.832145,1
1.786071,0.931323,1
0.791529,2.047471,1
1.405860,-0.435118,1
1.450040,-0.176199,1
1.852609,0.652845,1
1.389152,0.394737,1
1.444184,-1.254026,1
0.853829,-0.391874,1
0.280362,-0.374975,1
0.921732,-0.166883,1
1.474356,1.146713,1
2.057083,-0.450024,1
1.742478,0.959949,1
1.891230,-0.112303,1
1.370164,-0.213394,1
2.409048,-1.037959,1
0.737562,0.618247,1
1.783286,0.003750,1
1.043915,-0.080103,1
1.010789,0.514960,1
1.392647,-1.393164,1
1.455351,0.318304,1
0.903885,-0.566544,1
0.445874,0.786016,1
1.598708,-0.111749,1
1.413171,-0.585950,1
1.092452,-0.289905,1
-0.113340,-0.009728,1
1.031124,-0.912334,1
-0.491863,-0.490574,1
0.974485,0.462002,1
0.046036,0.460450,1
1.516863,2.386308,1
0.458376,0.494638,1
1.026629,-0.382511,1
1.129455,0.983422,1
0.627406,-0.623986,1
0.926476,-0.165983,1
2.073155,0.330097,1
2.052053,0.039890,1
0.104650,0.793157,1
1.387771,0.356747,1
0.751313,-0.886101,1
2.737269,-0.446844,1
0.535753,-1.312649,1
1.516238,-0.656100,1
0.747434,-0.743675,1
1.332142,0.201376,1
1.219240,0.016758,1
0.010738,-1.003682,1
2.085786,0.791539,1
1.321537,-0.706540,1
0.829383,-0.506818,1
1.316008,1.457329,1
1.816380,0.092061,1
0.577381,-0.346692,1
1.666986,-1.753945,1
2.032287,-0.244276,1
0.781475,1.288934,1
0.608778,1.539191,1
0.498643,1.017709,1
2.828829,0.489361,1
1.773896,0.309734,1
2.508307,-0.954563,1
-0.027712,-0.228596,1
1.484999,-0.776802,1
0.676879,0.441320,1
0.451189,-0.223039,1
0.671130,0.726689,1
2.932146,0.299890,1
1.184687,-0.312969,1
1.124525,-0.357915,1
0.476030,0.440259,1
1.274480,-0.937353,1
0.419625,-0.034114,1
0.452483,0.719731,1
0.419423,0.225947,1
-0.606177,0.878334,1
-0.494642,0.131833,1
1.789576,-0.311318,1
0.735413,0.170211,1
2.965972,0.568732,1
0.957281,-0.002507,1
3.005686,0.586359,1
-0.681457,0.403762,1
0.506615,-0.420790,1
2.434815,-0.306195,1
1.466563,-0.464862,1
1.138514,0.526621,1
2.194193,0.408010,1
-0.546593,-0.159159,1
0.811176,-0.574050,1
0.874058,-0.870539,1
0.959191,0.587873,1
2.157204,0.914950,1
1.544091,-0.517116,1
1.152589,0.507613,1
2.411813,0.261132,1
1.296241,-0.877687,1
1.334523,0.486898,1
1.025758,-0.779578,1
1.276633,-0.091955,1
-0.042257,1.424837,1
-0.264025,1.799285,1
2.075376,0.185154,1
-0.554190,-0.444948,0
-1.574151,-1.775644,0
-2.449169,-0.586520,0
-2.808959,0.347303,0
-0.821882,-0.221254,0
-1.839421,0.721390,0
-0.795688,0.666533,0
-1.278821,0.432143,0
-0.053686,0.758659,0
-0.581616,0.266024,0
-0.516851,-0.541953,0
-0.874440,0.230567,0
-0.318386,0.016243,0
-0.422107,-0.413203,0
-0.673809,0.699036,0
-0.492066,0.785190,0
-0.915868,-0.563841,0
-0.562065,-0.046036,0
-1.185226,0.450517,0
-2.354230,0.191322,0
-0.428239,-0.964935,0
-0.506726,0.562495,0
0.475720,-2.461097,0
-0.987822,0.569931,0
-0.811034,-1.072619,0
-1.966757,-0.440835,0
-2.164805,-0.845024,0
-0.554730,0.051702,0
-0.808310,-0.585011,0
-0.321237,-0.205541,0
-0.903051,-0.748731,0
-0.754466,0.217212,0
-0.378261,-0.740280,0
-1.583443,0.245055,0
-1.203535,-0.320922,0
-0.972990,-0.114897,0
-0.563323,-0.937458,0
0.051329,0.573681,0
-0.846087,-0.699373,0
-0.920214,0.173499,0
0.378433,-1.798423,0
-0.556645,-0.048486,0
-1.214841,-0.589723,0
-1.955083,0.014850,0
-1.739327,0.399652,0
-0.981590,-0.357283,0
-1.721474,0.906291,0
-1.044602,-0.574598,0
-1.706934,-0.110441,0
-1.407897,-1.047195,0
-0.732052,-0.418938,0
-0.237835,-0.187316,0
-1.149848,2.067422,0
0.120813,0.274578,0
-0.879900,0.986728,0
-0.370110,0.210036,0
-1.139191,0.180654,0
-1.137147,-0.883759,0
-0.489282,-0.953744,0
-2.927254,0.429210,0
-0.175207,-1.243117,0
-1.155197,-0.593694,0
-0.600471,-0.643299,0
-0.357853,-0.664500,0
-0.755861,-0.637810,0
-0.916472,0.167685,0
-0.686223,-1.098756,0
-1.873055,0.244676,0
-1.177329,-1.191059,0
-0.063331,1.437100,0
-1.189168,0.290489,0
-1.031243,0.001835,0
-1.199525,0.409062,0
-0.739548,-0.490715,0
-2.302670,0.167261,0
-1.116790,1.073714,0
-1.009987,1.254046,0
-1.267030,-0.256825,0
-2.142802,-1.613805,0
-1.060304,0.288909,0
-1.755992,-0.555807,0
-0.890593,0.428387,0
-1.983979,-0.730372,0
-0.232703,0.532668,0
-1.341609,0.686547,0
-0.271770,-0.192620,0
-0.742975,0.346016,0
-1.706959,-0.704824,0
-0.171424,0.563233,0
-0.165047,1.415454,0
-1.697033,-0.890038,0
0.685027,0.495045,0
0.428860,-0.543226,0
-1.253790,-0.362382,0
-2.758276,1.437634,0
-0.006335,0.732508,0
-0.739674,0.288529,0
-1.565775,-1.064050,0
-1.451646,0.202588,0
-1.130312,1.027889,0
-1.435403,0.709679,0
-2.199344,-0.968222,0
-1.043552,0.219656,0
-0.874620,-0.533776,0
-2.188487,-0.256826,0
-1.629863,-0.982516,0
-0.801931,-0.098270,0
-1.212751,-1.239098,0
-0.122926,-0.407319,0
-1.894498,0.574680,0
-1.966311,-0.331492,0
0.119482,0.812437,0
-0.539869,0.246049,0
-0.976309,0.372227,0
-0.604230,-1.471266,0
-0.234415,0.394091,0
-1.026732,-1.134364,0
-1.376846,0.025195,0
-1.132337,-1.240244,0
-2.175967,-1.254182,0
-0.826940,0.326659,0
-0.844187,0.997831,0
-0.880198,-0.757799,0
-2.391543,0.831033,0
-0.229631,-0.606007,0
-1.187328,0.519679,0
-1.063078,2.080937,0
-1.696604,-0.045592,0
-1.255388,-0.331077,0
-1.578007,0.142160,0
-0.407109,0.270710,0
-0.851049,0.930998,0
-0.858653,-1.456145,0
-2.463398,-0.460616,0
-1.216165,-0.589518,0
-0.782655,0.425315,0
-0.680022,0.182099,0
-0.822819,-0.203543,0
-0.974141,0.357761,0
-2.004621,1.008620,0
0.436279,0.021696,0
-0.908159,-0.229555,0
-0.949727,-0.000278,0
-1.288212,0.078348,0
-1.176310,-0.267608,0
-1.685855,-1.060229,0
-1.342098,-0.210981,0
-0.502254,-0.381665,0
-1.703883,-1.235344,0
-0.444634,-0.492582,0
-1.639078,-1.773034,0
-0.025276,-0.360376,0
-0.542495,0.085618,0
-1.276701,0.877316,0
-1.072024,0.700539,0
-0.964971,0.296749,0
-0.105035,1.426124,0
-1.806271,-0.560544,0
-1.462381,-0.353368,0
-0.827102,0.648150,0
-1.145760,0.601628,0
-0.066694,-0.408521,0
-0.386285,-0.381193,0
-1.566697,0.286903,0
-1.628262,-0.627469,0
-0.504423,-0.003447,0
-0.682824,-0.519467,0
-1.245953,0.661087,0
0.370192,0.335069,0
-1.258364,-1.595867,0
1.053397,0.601021,0
-1.092467,-0.269175,0
-2.753873,-0.081279,0
-1.120627,0.911090,0
-0.110581,-0.926640,0
-2.352874,-0.764130,0
-0.582063,-0.017250,0
-0.390370,-0.275567,0
-1.388826,-0.854619,0
0.413785,0.943591,0
-1.068409,0.291039,0
-2.042374,-0.148720,0
-0.935669,-0.698622,0
-2.007965,-0.450623,0
-0.757928,-1.142696,0
0.086393,0.296706,0
-0.596430,-0.898933,0
-1.261680,1.535072,0
-1.865199,2.545426,0
-1.139488,0.000281,0
-0.745511,-0.679153,0
-1.277556,1.190765,0
-0.786163,0.484896,0
-0.448469,-0.027441,0
-1.750539,-0.317027,0
-1.605755,-0.822194,0
-0.844730,0.554725,0
-1.120081,0.288634,0
0.021152,0.826747,0
-1.421988,-1.291272,0
-0.370346,0.194792,0
-0.513571,1.045906,0
0.098454,2.412793,0
-0.911059,-0.139586,0
-0.939357,-0.780457,0
-1.151922,0.221420,0
-1.080471,-0.208346,0
-1.815577,0.038490,0
-0.131234,-0.156763,0
-1.367803,0.089487,0
-0.646496,0.155693,0
-0.671930,-1.009340,0
-1.346052,-0.527869,0
-0.747962,-0.517049,0
-1.104491,0.005049,0
-1.667513,0.683698,0
0.124580,-0.044532,0
-1.617278,-0.582569,0
-0.347292,0.674256,0
-0.607892,1.289691,0
-2.412382,-0.553170,0
-2.005619,0.508518,0
-0.349405,-0.357893,0
-0.289152,-0.342287,0
-1.908419,0.923899,0
-1.825342,0.322183,0
-0.435411,-0.289119,0
-0.872026,1.173770,0
0.703406,1.101735,0
-1.994031,0.046822,0
-0.667998,-0.180601,0
-0.262261,-0.501351,0
-1.652881,-0.102371,0
-1.025648,-1.056909,0
-1.474081,-0.235720,0
-0.954034,-0.106130,0
-0.505971,-0.179195,0
0.694845,-0.889403,0
-0.758850,-0.268870,0
-2.314225,-0.001769,0
-1.410666,0.091563,0
0.399111,0.818902,0
-1.391038,0.202600,0
-1.962477,-0.923133,0
0.081993,0.727935,0
-0.908301,-1.414511,0
-0.765325,0.060959,0
-1.047664,1.373984,0
-0.871908,-1.140092,0
-0.838770,0.091798,0
-1.702281,0.295476,0
-0.850252,-1.647169,0
-2.392585,1.035167,0
-0.095691,0.492327,0
-3.052798,0.693713,0
-1.291168,-0.597802,0
-0.644358,0.363981,0
-0.320909,-0.076226,0
0.006826,-1.234018,0
-2.017328,-0.223264,0
-1.017115,0.214946,0
-1.399468,-1.777882,0
-2.616417,-0.702934,0
0.341464,-0.759472,0
-1.339795,-0.806262,0
0.152872,-1.663675,0
-0.637438,-0.440642,0
-0.892122,-0.974553,0
-1.242572,-0.471968,0
-0.608016,-1.101064,0
-1.224095,0.787552,0
-0.613377,-2.149297,0
-1.092064,-1.652704,0
-0.924266,0.079666,0
-0.941663,-0.277044,0
-1.101033,-1.064545,0
-0.962171,0.460315,0
-0.955149,0.826446,0
0.727065,0.798360,0
-0.766050,0.199234,0
-1.088714,1.344478,0
-0.654146,-0.936224,0
-0.907605,0.432099,0
-1.781326,-0.610139,0
-0.271220,0.158625,0
-1.633290,-0.058129,0
-1.469536,-0.324506,0
-0.986582,-0.014287,0
0.610810,-0.199792,0
-1.505572,0.829518,0
-1.221135,0.504051,0
-0.610794,1.127094,0
-1.976571,0.113859,0
-1.239775,1.103866,0
-0.318257,0.226185,0
-0.972315,-0.630648,0
-2.250975,-0.225039,0
-1.297867,0.052969,0
-2.508637,0.744437,0
-3.725953,-0.772438,0
-1.279200,-0.810719,0
0.053179,0.384335,0
-1.953134,-0.456757,0
-0.063314,0.224727,0
-1.852088,-1.391371,0
-1.538069,0.905515,0
-1.759300,0.288149,0
-1.970572,-0.170000,0
-1.425128,0.357098,0
-0.748429,0.740539,0
-2.326876,-0.368165,0
-0.859467,-1.401931,0
-1.240110,0.301761,0
-0.525403,0.440633,0
-0.447257,0.421567,0
-0.245316,0.491733,0
-0.971637,-0.018697,0
-0.393371,0.269422,0
-1.382675,-0.728194,0
-0.573606,-0.098787,0
-1.121821,-0.440088,0
-0.242314,-0.054569,0
-0.302420,0.069168,0
-2.689095,-1.012457,0
-0.953878,0.328828,0
-0.193076,-0.465814,0
-1.765874,0.425805,0
-1.556323,0.530989,0
-0.587135,-1.224179,0
-0.999956,0.415762,0
-1.086550,0.650794,0
-0.969375,0.263638,0
-1.859251,0.453783,0
1.730784,0.133984,0
-1.750923,0.777744,0
-1.062759,-0.565381,0
-1.643358,0.832691,0
-1.129225,0.507311,0
-0.268712,-0.339542,0
-1.943690,-0.478361,0
-0.280122,-0.574499,0
-0.722593,-0.724371,0
-1.331291,-1.787573,0
-1.423717,0.109011,0
-1.725892,0.395195,0
-0.013033,-1.463299,0
0.187826,0.003032,0
-1.077347,0.717455,0
-0.646497,-0.304351,0
-0.134163,0.632980,0
-1.515761,-0.687127,0
-1.614650,1.171465,0
-0.421288,-0.550542,0
-0.485114,0.493953,0
-0.025659,-0.134524,0
-1.099216,0.452346,0
-1.545102,0.704725,0
-0.168739,-0.431596,0
-1.844786,-0.818113,0
-1.172900,0.902704,0
-0.268483,0.619097,0
-1.453435,0.157998,0
-0.656743,-0.114350,0
-1.239868,-0.481054,0
-0.878972,-0.649140,0
-1.030800,-0.939212,0
-1.176638,-0.575727,0
-1.355984,-0.175046,0
-1.419664,-1.368756,0
-2.062482,0.212642,0
-0.890276,-0.625922,0
-1.053796,0.136335,0
-1.571897,-0.209534,0
-1.660371,-1.677877,0
-0.772063,1.327726,0
-0.739029,-1.871215,0
-2.466541,0.467728,0
-0.756236,-0.438031,0
-1.515643,0.374352,0
-0.499438,-0.757836,0
-0.336475,-0.210418,0
-1.569759,-0.507817,0
-1.877631,-0.707476,0
-0.843127,-0.487358,0
-1.140008,0.264701,0
-1.306796,-1.299496,0
-3.461413,-1.035023,0
-0.099706,0.146176,0
0.680441,0.446055,0
-0.503170,-0.140648,0
-0.781330,0.309798,0
-0.154941,0.245658,0
-1.331826,-1.475531,0
-1.265886,0.306940,0
-1.325168,-0.061352,0
-0.805264,1.340701,0
-0.796284,-0.667529,0
-0.910144,1.442529,0
0.256589,0.385059,0
-2.077027,-0.265060,0
-2.288601,0.353024,0
-0.131223,1.304003,0
-1.407134,0.530073,0
-1.980544,0.348547,0
-0.864529,-0.626550,0
-0.470478,-0.378038,0
-0.647924,0.932597,0
-0.311402,-1.121932,0
-0.952457,-1.184734,0
-2.615738,-0.216219,0
-2.189896,-1.337828,0
-2.225546,0.703445,0
0.250318,-1.532332,0
-1.280730,0.180087,0
-0.085163,-0.060582,0
-1.191272,-0.508724,0
-1.525971,0.352845,0
-0.691596,-0.177476,0
0.064201,0.393661,0
-0.542262,0.706300,0
-0.326214,-1.126424,0
-1.221785,-0.391040,0
-1.435794,0.151217,0
-1.196379,0.364573,0
-0.638498,0.278463,0
-0.907490,0.632574,0
0.347180,-0.385766,0
-1.240682,0.175546,0
-1.520633,-0.871230,0
-1.085205,0.249123,0
-0.661799,0.391748,0
-1.281606,-0.780249,0
-0.379427,0.071297,0
-0.552066,1.206365,0
-1.058479,0.007075,0
0.017660,-0.387692,0
-1.078524,1.660252,0
-0.893083,1.058739,0
0.711362,0.643258,0
0.489259,-0.085373,0
-1.079435,-0.282285,0
-2.127014,1.323446,0
-0.241257,-0.039254,0
-0.833369,-1.119914,0
-0.820818,1.689863,0
-0.711418,-0.530483,0
0.200314,-1.365959,0
-0.262014,0.132664,0
-1.746784,0.201671,0
-1.358095,-1.493050,0
-2.011292,0.588383,0
-1.044485,-0.149000,0
-1.985076,0.816393,0
-1.212460,-0.418683,0
-0.177456,0.045860,0
-1.695067,-0.789665,0
-2.267448,0.134271,0
-0.761498,0.108443,0
-1.348859,-0.343579,0
-2.120239,0.812238,0
0.071867,1.045701,0
-0.864255,0.065146,0
0.621923,0.031814,0
-0.731108,-0.600599,0
-1.522367,1.839771,0
-2.365978,1.014377,0
-0.184392,-0.655773,0
-1.629614,0.594876,0
-0.687008,-0.540798,0
-1.012687,1.069376,0
-1.565880,-0.231854,0
-1.201709,0.094730,0
-0.486640,-0.074763,0
-1.505162,-0.231370,0
-0.016893,0.901314,0
-0.730492,-0.099257,0
-1.446114,-0.350216,0
-1.405113,-0.272074,0
-1.221437,-0.532660,0
0.299354,-0.128480,0
-0.896745,0.257861,0
-1.168176,-0.931698,0
-0.501979,0.349171,0
-1.285872,-0.167830,0
-0.665248,-0.382836,0
0.942275,-1.260159,0
0.023700,-0.761213,0
-0.748001,-0.678536,0
-1.465117,0.289977,0
-1.230122,-0.040462,0
0.947927,-0.623026,0
-1.254235,-0.276257,0
-1.147220,1.785087,0
0.277785,0.274201,0
-0.802499,-1.637533,0
-0.495978,0.591638,0
-0.672986,-0.269305,0
-1.550331,-0.428287,0
0.426995,0.176327,0
-1.400659,0.035037,0
-1.526218,1.100029,0
-1.813985,-0.744128,0
0.292096,0.618490,0
-0.488108,0.409612,0
-1.604081,-1.458454,0
-1.182966,-1.016360,0
-1.029451,0.532263,0
-1.774904,0.024130,0
-1.206496,-0.613012,0
-0.754558,-0.069736,0
-0.523714,1.901211,0
-1.747232,-0.146008,0
1.074917,-0.509588,0
-1.087053,-0.168898,0
-0.908761,-0.910041,0
-0.800091,-1.522238,0
-2.356460,0.438691,0
-0.987983,-0.844868,0
-0.806936,-0.300179,0
-1.559953,-0.676517,0
-1.933935,1.244194,0
0.110180,1.564237,0
0.448542,0.520857,0
-2.341214,0.302031,0
-0.207275,0.518650,0
-1.260055,-1.543766,0
-1.990512,-0.312059,0
-1.084729,0.535790,0
-1.234741,-0.689385,0
-1.416444,-1.015625,0
-0.753545,-0.622065,0
-1.195092,-0.785330,0
-2.112037,1.004834,0
-0.806620,0.851577,0
-0.392310,0.518304,0
-1.153319,-0.637159,0
-1.073353,0.385793,0
-2.052409,0.062662,0
-0.323010,0.509194,0
-1.275698,1.314262,0
-0.827940,0.409690,0
-1.769889,0.193743,0
-1.547710,0.311639,0
-2.777325,0.120692,0
-0.900747,0.653354,0
-1.259587,0.733210,0
-0.910533,-0.092046,0
0.258636,0.101667,0
0.020102,-0.953273,0
-0.364990,-0.197310,0
-1.931011,0.896615,0
-1.259536,1.059080,0
0.293453,-0.817740,0
-1.675352,-0.312199,0
-0.945074,-0.581788,0
-0.594978,-0.468750,0
-0.394129,-0.280800,0
0.320062,0.346747,0
-0.220415,0.984216,0
-0.762823,-0.260055,0
-1.601078,1.120294,0
-2.057488,0.755809,0
-0.697001,-0.730603,0
-0.663226,-0.017161,0
-0.669650,-0.230161,0
-0.685596,-1.933974,0
-0.515379,0.697022,0
-1.215183,0.585164,0
-1.760665,-0.444535,0
-0.705317,-1.058033,0
0.152554,0.421079,0
-0.864639,1.421314,0
-0.923285,-0.599843,0
-0.563925,0.799850,0
-2.933826,-0.563264,0
-0.876487,0.364385,0
-0.528745,-0.151311,0
-1.431898,0.090141,0
0.087931,-0.188543,0
-0.327881,0.407912,0
-0.774087,0.405789,0
-1.994520,-0.320089,0
0.773333,-0.128961,0
-1.578966,1.040030,0
-0.705886,-0.049203,0
-1.929151,-0.383232,0
-1.854568,-0.280236,0
-1.187093,0.603655,0
-1.896702,0.241538,0
-0.545809,0.254167,0
-0.490481,1.330536,0
-1.065650,-1.856449,0
-2.021416,0.884829,0
-1.313228,0.167182,0
-1.010245,-1.679190,0
0.023335,-0.962304,0
-0.490648,1.696312,0
-0.641801,-1.546727,0
-0.190223,-0.032692,0
-2.299573,-0.282007,0
0.452262,0.775471,0
-0.709001,-0.796647,0
-1.478822,-0.057517,0
-1.458504,0.218843,0
-0.129851,-0.404651,0
-0.675714,0.162627,0
-0.451059,-0.409869,0
-1.163151,0.741705,0
-0.700156,-0.196434,0
-0.753744,0.508405,0
-1.221094,0.351787,0
-1.210651,-1.598492,0
-0.321587,0.455451,0
-0.983654,-0.493922,0
-2.001070,0.377945,0
-2.392770,-0.756871,0
-1.627686,0.398646,0
-1.687663,0.641989,0
-1.463292,0.410171,0
-0.347256,-0.395488,0
-1.401164,0.052146,0
-1.479422,-0.180050,0
0.314481,1.262861,0
-0.505654,-0.351607,0
-1.071758,0.576087,0
-0.899490,-0.968266,0
1.149810,-0.707198,0
-1.832845,-0.549370,0
0.036953,-0.418277,0
-1.257703,0.517471,0
-0.830044,-0.181710,0
-0.025815,0.383020,0
-1.071342,-0.888138,0
-2.144636,0.171650,0
-0.702022,0.205873,0
-1.700396,-1.945285,0
-0.222889,-1.519528,0
0.002148,-0.118741,0
-0.570443,-0.227425,0
-1.957621,0.043735,0
1.201263,0.050270,0
0.667151,0.538375,0
-1.440156,-0.148539,0
-0.926819,0.580877,0
-1.908652,0.334043,0
-0.341459,0.356007,0
-1.276216,1.394138,0
-1.693187,-0.192208,0
0.061547,-1.234184,0
-1.337968,0.173184,0
0.317814,1.374398,0
-0.462234,-0.036745,0
-0.359234,0.850428,0
-0.721500,0.127748,0
-1.160687,1.140388,0
-0.161298,0.589280,0
-0.465429,-0.323142,0
-1.146449,-0.341955,0
-1.750083,-0.272365,0
-1.710371,-1.316861,0
-1.997997,-0.075750,0
-1.379712,0.610199,0
0.754833,-0.154326,0
-1.555050,-0.286463,0
-1.172046,-0.353540,0
-0.807917,-0.733296,0
-1.492977,0.373033,0
-1.874677,-0.169117,0
-1.201905,-0.444237,0
-0.399971,0.740313,0
-0.717609,-2.487972,0
-1.638843,-0.233327,0
-1.670783,0.590165,0
-0.949579,-0.069183,0
0.056599,0.424452,0
-0.072896,-0.791731,0
-0.296667,-0.117434,0
-1.771255,-0.597240,0
-1.812304,-1.087579,0
-1.282430,-0.786043,0
-1.430970,1.166020,0
-1.712843,-1.002960,0
-1.589055,-0.290709,0
-0.531078,0.502691,0
-0.471441,-0.359811,0
-0.255525,0.526226,0
-0.764949,1.093072,0
-2.006958,0.521725,0
-1.894239,-0.530861,0
0.283960,1.278002,0
-0.885388,-0.157768,0
-0.071370,0.287325,0
-0.295540,0.381347,0
-0.609300,1.316554,0
-0.612001,-0.108083,0
-0.558761,0.329967,0
-2.210445,0.994069,0
-0.908850,1.056781,0
-1.474026,0.031605,0
-0.838720,1.139940,0
-0.931867,-0.151851,0
-0.954328,-0.697522,0
0.013200,0.639507,0
-1.435121,-0.654897,0
-1.228264,-0.054310,0
-1.321347,0.907801,0
-1.440056,-0.421119,0
-1.611317,-0.619962,0
-0.664944,1.762057,0
-2.330442,-0.332957,0
-2.353798,0.129106,0
0.001920,-0.134294,0
-1.532474,-0.736663,0
-1.280832,-2.379419,0
-0.847434,0.544926,0
-0.019503,-0.799450,0
-2.109828,-0.014665,0
-1.111520,0.037905,0
-1.261676,-1.274291,0
-1.939566,-0.380649,0
-0.169893,0.099788,0
-1.328329,-0.930431,0
-0.299298,-0.164832,0
-0.140953,-0.885836,0
-1.326919,0.550132,0
-1.048017,0.047514,0
-0.816802,0.295089,0
-1.989664,-0.973008,0
0.000208,0.794140,0
-0.856002,-1.968921,0
-0.390941,0.506982,0
-2.432752,0.300799,0
-1.641694,0.654018,0
0.110639,-0.196156,0
-0.876923,0.436602,0
-1.443033,-0.345678,0
-0.552122,-0.096986,0
-1.604357,-1.512169,0
-1.194377,-0.328752,0
-2.511081,0.297431,0
-1.853828,0.324021,0
-0.602476,0.590745,0
0.152578,-0.243051,0
-0.318077,1.750880,0
-2.124429,0.424277,0
-1.360580,-1.276355,0
0.117614,-1.445080,0
-0.698621,-1.116933,0
-1.664681,-0.654151,0
-0.038492,0.057399,0
-1.869079,0.659515,0
-0.382823,-0.122679,0
-0.860343,0.211721,0
-0.600217,0.500127,0
-0.874271,0.623265,0
-1.283042,0.719123,0
-0.867188,0.357705,0
-0.444215,-0.059505,0
-0.801966,0.077545,0
0.479186,-0.639673,0
-1.107251,0.243952,0
0.491040,-0.255745,0
-0.752206,-0.162254,0
-0.963278,0.697121,0
-2.359885,0.172458,0
-0.398655,-0.442981,0
-0.199895,0.945241,0
-1.188449,-0.103875,0
-1.947266,1.193086,0
-0.588638,-0.665095,0
-0.567878,-0.634950,0
-2.018629,0.598164,0
-2.520873,-1.049593,0
0.389086,-0.621257,0
-0.425528,1.964413,0
-1.444998,0.117486,0
-1.557460,0.679294,0
-1.734869,0.428587,0
-0.470924,0.506606,0
0.650696,0.718586,0
-1.380505,-0.269165,0
-1.293595,0.942827,0
-0.278034,1.597431,0
-0.695636,0.198062,0
-0.432851,0.516349,0
-0.811897,-0.950526,0
-1.601417,0.355335,0
-0.900915,-0.155102,0
-1.635817,0.047944,0
-1.089885,0.003592,0
-2.202408,1.507920,0
-2.102416,-0.734332,0
-1.027418,-0.283947,0
-0.662069,-0.225240,0
-1.279589,-0.129360,0
-0.191968,-0.101111,0
0.222854,-0.818312,0
-2.639055,-0.323300,0
-2.451852,0.300466,0
-2.334395,-1.761790,0
-2.038721,0.530251,0
-2.124241,0.448827,0
-1.611332,0.172184,0
-1.505594,-0.559161,0
-2.054050,0.535790,0
-1.061675,-0.283914,0
1.158552,0.580528,0
-0.695455,0.413098,0
-0.277396,-1.178090,0
-2.320315,-0.037259,0
-0.320560,1.052446,0
0.129202,0.420806,0
-0.667698,-0.374253,0
-1.722536,0.121132,0
-0.569490,-0.941357,0
-0.886033,-0.589279,0
-0.629312,-0.198603,0
-0.023199,0.691818,0
-0.697540,0.747513,0
-0.610427,1.022032,0
-0.741160,-0.172929,0
-1.541042,-0.559701,0
-0.274810,-0.734933,0
-0.990699,0.186435,0
-0.965535,0.380934,0
-0.790777,1.475495,0
-0.866663,-0.106948,0
-0.609716,0.107007,0
-1.719506,0.450557,0
-0.994785,0.922950,0
1.115772,1.121646,0
-1.466702,1.156106,0
-0.117884,1.078813,0
-1.114362,-0.599951,0
-0.933110,-0.538962,0
-1.354041,0.776499,0
-1.221167,0.428876,0
-0.077285,-0.051882,0
0.367487,-0.364841,0
-0.414288,-0.298276,0
-0.913779,1.031352,0
-1.415937,0.008238,0
-1.057989,0.777080,0
-1.959179,1.369269,0
-0.237496,-0.091890,0
-0.105564,0.063239,0
-0.027407,0.221214,0
-1.127044,0.428155,0
-0.219069,0.244070,0
-0.069620,1.317624,0
-1.181933,-0.764752,0
-1.759862,1.583277,0
-1.163947,0.625392,0
-0.924251,1.140403,0
-1.731928,-1.218577,0
-1.090308,-0.318849,0
-0.061386,0.536711,0
-2.066333,0.324380,0
-1.325997,-0.470843,0
-1.126790,-0.842322,0
0.857225,-0.216071,0
-1.456593,-0.588865,0
-1.582124,0.182402,0
-2.200751,-0.014548,0
-0.658008,-0.296367,0
0.235982,0.523861,0
-1.988503,0.053715,0
-1.693181,-0.619072,0
-1.491366,0.333497,0
-0.320180,-0.294983,0
-0.716120,-0.217845,0
0.318581,-0.574128,0
-0.858368,0.212878,0
0.651682,0.494063,0
-1.703462,0.171133,0
-1.145880,0.306213,0
-1.151350,-0.501950,0
-0.705168,-1.211785,0
0.008503,-0.491363,0
-1.542170,1.043515,0
-0.369494,1.385258,0
-0.465594,0.007408,0
-0.368351,-1.026090,0
-0.798045,-0.394026,0
-1.160107,-0.984148,0
-0.225985,-0.728737,0
-1.360430,-0.492032,0
-0.824345,2.082598,0
-2.439888,0.161895,0
-2.635901,-0.967165,0
-1.629196,-0.836189,0
-1.798094,-0.342929,0
-0.845508,-0.785416,0
-0.866100,-1.076920,0
-1.529017,-0.594718,0
-1.185313,0.171667,0
0.867166,-0.633362,0
-0.985551,-1.693626,0
-1.802210,0.597651,0
-0.932832,1.575836,0
-0.717870,-0.225831,0
-0.618465,0.996120,0
-0.347702,-0.907268,0
-1.024996,0.379377,0
-1.294843,-0.660429,0
-0.981198,-1.296402,0
-1.286513,0.739816,0
-1.807211,-0.261654,0
-2.533876,-0.142645,0
-1.772386,0.269078,0
-1.616584,-0.234554,0
-0.567357,0.105507,0
-0.746403,-0.568266,0
-1.168014,0.605666,0
-0.623251,-0.946723,0
-1.384782,-0.005548,0
-0.571166,1.587240,0
-1.608620,-0.088208,0
-1.042037,-0.573095,0
-1.317388,0.637194,0
-2.714613,0.257355,0
-0.110998,0.605297,0
-0.912795,0.543359,0
0.007413,-1.566690,0
-0.720267,0.172646,0
-0.860872,0.786381,0
-0.339332,0.387530,0
-0.858594,0.180843,0
-0.715932,0.124762,0
-1.200890,0.359207,0
-0.665454,0.603629,0
0.198310,0.234016,0
-1.944203,-0.364599,0
-1.133992,1.281106,0
0.285093,1.136955,0
-1.383996,0.833198,0
-0.886713,0.799590,0
-2.058662,-1.742183,0
-0.972054,0.096016,0
0.123591,0.399032,0
-1.190757,0.389573,0
-2.313218,0.207857,0
-1.260798,0.650569,0
-0.968542,0.067562,0
-1.171241,0.238088,0
-1.513747,0.134376,0
-1.142918,-0.078096,0
-0.015785,1.025117,0
-1.086342,-0.232112,0
-1.567433,-1.177938,0
-0.455341,-1.731141,0
-1.032406,-1.067138,0
-0.829190,-0.095507,0
-0.769034,0.092292,0
-0.820395,0.475959,0
-1.236205,0.023844,0
-1.863352,-0.345863,0
-1.437966,0.954943,0
-0.042383,0.928266,0
-0.835565,0.802250,0
0.263454,0.505759,0
-0.857334,0.521292,0
-0.664328,0.591117,0
-1.972877,-0.185880,0
-0.043951,-2.002702,0
0.333101,0.193527,0
-0.601109,1.350917,0
-0.862051,-0.217699,0
-0.810941,-0.083563,0
-1.064537,-0.005986,0
-0.735779,-0.941809,0
-1.163604,0.314684,0
-2.307328,-0.038432,0
0.029309,1.575667,0
-1.590379,-0.638388,0
-0.215284,0.049015,0
-1.180330,0.002193,0
0.155627,-0.679332,0
-0.931890,0.560474,0
-0.641062,0.391296,0
-1.012289,-0.655130,0
-0.646551,0.352053,0
-1.525287,0.914304,0
0.061572,-0.031816,0
-1.148999,0.424805,0
-0.944985,-0.341654,0
-0.498872,0.473392,0
-1.508299,0.239153,0
-2.140586,0.658724,0
-1.281974,0.162602,0
0.604404,0.930669,0
-1.103488,-1.451674,0
-1.181547,-0.442223,0
-1.794083,-0.450293,0
0.013579,0.095956,0
-1.884403,-1.048999,0
-1.166733,1.022027,0
-0.637956,-0.830829,0
-1.325064,0.711796,0
-1.003834,-0.379675,0
