0.815345,0.678852,1
1.288669,1.089203,1
1.110595,-0.224263,1
1.300028,-0.254361,1
-0.398616,0.408600,1
1.311153,-0.179606,1
0.562596,-0.726327,1
1.155364,-0.582205,1
1.068161,-1.032269,1
-0.346918,-1.331411,1
1.834166,-0.844703,1
0.724723,-1.524852,1
0.347435,0.745022,1
1.722620,-0.871473,1
0.108790,-0.581899,1
2.135637,-0.309550,1
-0.082356,0.824858,1
0.938107,-0.551147,1
1.785973,-0.281611,1
0.519579,-0.011118,1
1.243321,-1.169408,1
1.742292,-1.170824,1
1.700499,0.210167,1
1.562829,0.353964,1
1.031618,0.051158,1
0.096252,0.339100,1
0.786789,0.462742,1
1.179234,-0.529440,1
-0.440062,-0.538146,1
1.196160,0.424330,1
1.785866,0.342863,1
0.845598,0.516487,1
0.665055,-0.543662,1
1.491705,1.057365,1
1.143326,-0.858033,1
0.555988,-1.293780,1
0.396416,0.484311,1
1.260368,-1.862002,1
0.775917,0.100984,1
0.058217,-0.753684,1
0.958294,0.075888,1
1.239209,-0.472457,1
0.049002,-1.085212,1
0.591689,1.413152,1
0.930348,-0.309764,1
0.997873,-0.729702,1
1.525787,-0.582820,1
0.990145,0.735195,1
0.804942,1.066644,1
2.247839,-0.866864,1
0.418677,0.713605,1
1.515269,-0.527452,1
0.865660,0.212820,1
0.633092,0.823370,1
0.823641,1.316333,1
0.127856,0.008497,1
1.050522,-0.298705,1
1.190184,0.187934,1
1.750650,0.470920,1
2.365369,0.469114,1
0.701686,0.744017,1
1.494390,-1.015000,1
1.216501,-0.800285,1
0.261188,-0.294783,1
0.175975,1.347554,1
1.515730,0.126677,1
2.476905,-1.119440,1
1.408874,0.819934,1
1.788350,0.309316,1
1.153843,1.408173,1
0.581247,0.187867,1
1.241962,-0.441303,1
0.939711,-0.408658,1
2.082154,-0.097947,1
0.549147,0.500061,1
0.742318,-0.475285,1
0.758636,-0.416077,1
1.340082,1.129398,1
0.471854,0.124323,1
-0.114567,0.231623,1
0.413834,0.713500,1
0.483969,-0.744030,1
1.899067,1.203778,1
-0.444623,0.898353,1
0.016380,0.515862,1
1.736942,-0.752096,1
-0.077805,-0.051557,1
2.799612,-0.239405,1
1.138388,1.036533,1
0.814731,-1.199216,1
1.587151,0.370025,1
1.481543,0.126158,1
1.620153,0.573910,1
0.694681,0.252027,1
1.009324,-0.582877,1
2.575158,0.171830,1
-0.166017,0.665244,1
1.043632,0.124264,1
1.075575,-0.585153,1
1.163833,0.979068,1
0.583558,1.435768,1
1.270076,-0.068131,1
0.354977,0.945596,1
1.097408,-0.448453,1
1.065105,0.811626,1
0.661279,-0.324365,1
0.913131,1.421596,1
0.673982,-0.338715,1
0.370956,-0.763947,1
1.716432,-0.489222,1
0.669298,0.563960,1
-0.436899,-0.502287,1
-0.162785,-1.020800,1
1.539321,0.591635,1
1.374098,0.260408,1
0.504364,0.334450,1
1.108840,0.906587,1
0.030888,-0.141332,1
0.907293,-0.815538,1
0.162627,-0.212946,1
2.003812,0.564607,1
1.442559,-1.075051,1
0.210076,-0.902354,1
1.963937,-0.214972,1
1.065481,-1.676489,1
0.896569,-0.005501,1
1.500895,0.896399,1
1.510804,0.713772,1
0.011999,-0.703435,1
2.453391,0.043462,1
0.296536,-1.161719,1
0.280185,-1.555438,1
0.768834,-0.828898,1
2.109376,0.386370,1
0.906511,-1.020207,1
2.154290,0.388636,1
1.539109,-0.458031,1
1.614402,0.918322,1
0.717026,0.743170,1
0.924889,0.641121,1
-0.282209,-1.080100,1
1.639319,0.552070,1
0.691023,0.611059,1
0.494073,-0.065297,1
1.468424,-0.528143,1
0.557230,-0.006532,1
1.127861,0.814321,1
1.305014,-0.619845,1
1.064994,-1.412186,1
0.939061,-0.717575,1
-0.004429,-0.145968,1
1.314513,0.656899,1
0.512985,1.567365,1
0.916813,-1.032751,1
0.337722,-0.996722,1
1.734206,0.507814,1
1.180534,1.945092,1
1.654521,0.797755,1
-0.284162,0.368200,1
0.654388,-0.294133,1
-0.081842,-0.244241,1
1.133652,-1.577217,1
0.898051,-0.185088,1
0.658476,-0.491444,1
1.446682,0.549557,1
1.212282,1.731442,1
2.223281,-0.160834,1
0.813324,0.838573,1
1.273274,-1.158369,1
1.226109,-0.608308,1
0.890211,-0.695789,1
1.724795,0.652675,1
0.531800,-0.056448,1
1.533292,-0.050666,1
0.612281,0.218817,1
0.670623,0.059867,1
0.691250,-1.598501,1
-0.759698,0.380851,1
1.030608,0.213272,1
1.347555,0.749182,1
0.454482,-1.292400,1
1.399304,-1.766315,1
0.588539,-0.780113,1
0.688905,0.307245,1
1.354420,1.389453,1
1.382971,-0.736098,1
2.190667,-0.531504,1
0.989313,-0.544879,1
1.190049,1.355042,1
1.833536,-0.030164,1
0.503459,-0.312876,1
2.377381,0.519669,1
1.541178,-0.331200,1
1.079669,-0.382526,1
1.245002,1.026029,1
0.976531,0.366025,1
1.799719,0.125891,1
0.074113,-0.048894,1
0.564653,-0.187094,1
0.066461,0.359532,1
0.537815,0.412146,1
1.648572,-0.362796,1
0.379358,-0.320770,1
1.186049,0.249159,1
-0.587392,0.339943,1
0.660126,-0.267465,1
0.486652,0.237392,1
0.863710,-0.202609,1
-0.060754,0.343004,1
1.261804,-0.264026,1
2.689424,-0.610755,1
0.951187,0.058160,1
0.212880,0.349934,1
1.746810,-0.594469,1
0.999428,-0.399098,1
2.162261,0.008742,1
-0.663719,-0.254353,1
0.559614,0.347787,1
2.086278,-1.106703,1
1.871666,0.881984,1
2.103698,-0.864895,1
1.079465,0.056687,1
2.354197,-0.428410,1
1.524277,0.078199,1
1.036440,0.168135,1
-1.217619,-2.347132,1
1.810546,0.188966,1
0.625261,-0.234992,1
1.393108,0.412823,1
2.236159,-0.199172,1
-0.544545,0.661648,1
1.026983,-0.253057,1
1.995222,-0.505746,1
0.880671,0.249896,1
-0.256379,-0.877108,1
1.612533,-0.110404,1
1.495903,-0.532889,1
0.346155,0.210324,1
-0.335157,0.275969,1
1.974592,-0.131041,1
-0.019146,0.092308,1
0.434528,-0.323971,1
1.428047,0.163948,1
2.108095,-0.289217,1
2.115616,0.809493,1
1.021523,0.284443,1
1.532534,-2.113517,1
0.940289,0.099450,1
1.037969,-0.576210,1
2.427973,-0.259619,1
1.208304,-1.244400,1
0.169899,-0.811863,1
1.368332,-0.303166,1
0.650788,-0.055705,1
3.041647,0.393718,1
0.780444,2.001412,1
0.475856,0.587199,1
0.651392,-0.621703,1
1.165911,0.292029,1
0.176855,0.131165,1
-0.503237,-0.236090,1
2.304498,1.751525,1
0.832940,-0.112823,1
0.924674,0.061258,1
1.176408,-0.285784,1
0.141933,1.086149,1
-0.065503,-0.323205,1
1.585413,0.335424,1
0.896023,0.723216,1
1.149558,-0.404652,1
1.852310,-0.229165,1
0.701071,-0.371884,1
0.573403,-0.654860,1
0.741787,0.091163,1
0.842651,0.236332,1
1.061105,0.652368,1
1.294754,-0.104387,1
1.466081,1.000445,1
0.422621,-0.423913,1
1.161328,-0.488811,1
1.272391,-1.122864,1
1.772191,0.725535,1
1.264825,0.218551,1
0.866775,-0.907748,1
0.207195,-0.220973,1
0.768440,-0.912899,1
-0.206126,0.066720,1
0.671665,-0.154832,1
0.753475,0.082058,1
1.417187,-0.473116,1
1.777213,-0.245170,1
-0.534886,-0.775819,1
1.549988,0.316092,1
2.439655,0.461835,1
0.579598,0.688862,1
1.357312,-1.478033,1
1.146167,0.262246,1
0.712201,-0.159874,1
0.368963,-0.649734,1
1.712748,0.287535,1
1.818902,-0.136284,1
2.532088,-0.562973,1
1.024899,1.254942,1
0.576329,-0.497215,1
2.214411,2.043495,1
1.314324,0.523452,1
0.541008,-0.779052,1
1.596807,-0.262700,1
0.059467,0.519504,1
0.866441,1.449179,1
1.346283,-1.045638,1
1.479101,0.427609,1
0.400345,0.008594,1
0.841129,-0.194679,1
0.750604,-0.831688,1
0.700356,-0.823454,1
0.568415,-0.157414,1
1.268880,0.402629,1
1.673065,1.191471,1
0.696391,0.154493,1
0.062432,0.799237,1
0.257065,0.762664,1
0.643545,0.572670,1
1.418235,-1.638593,1
2.020954,-0.495031,1
2.182698,0.213175,1
1.095314,0.771524,1
1.941902,0.259628,1
0.646581,1.860178,1
2.122020,0.776600,1
1.567650,0.264185,1
0.965930,-0.842922,1
1.149831,0.245769,1
0.110856,-0.975109,1
0.313015,0.128273,1
0.489276,1.173385,1
1.577279,-1.118808,1
0.755496,-0.212542,1
0.877749,-0.709328,1
2.033021,0.368302,1
1.162937,-1.061514,1
-0.134249,-0.067263,1
0.300410,1.283217,1
-0.107394,-0.644877,1
0.234120,0.006504,1
0.958090,-1.077651,1
-0.974032,0.027481,1
1.091031,0.025700,1
1.011019,-0.121767,1
1.561689,0.011234,1
1.373120,0.981193,1
0.150064,1.893553,1
-0.000543,-0.624679,1
1.603022,-1.429834,1
1.183500,0.406504,1
-0.067895,0.485890,1
0.253609,-0.051851,1
1.007717,0.575003,1
1.497038,-0.555612,1
0.781262,0.561464,1
1.920886,0.614097,1
0.743816,0.848271,1
0.958122,-1.011143,1
0.477617,0.774523,1
1.208005,-1.301724,1
0.778738,-0.312382,1
0.482317,-0.706674,1
3.488415,-1.309281,1
1.479465,-0.020963,1
1.597610,-0.160249,1
0.545071,0.768519,1
-0.421249,-0.558239,1
1.660730,-0.564180,1
1.275564,-0.790351,1
0.824489,0.901486,1
0.541787,0.428065,1
0.392738,0.857113,1
1.727290,0.546996,1
2.892996,-0.106722,1
0.200141,-1.318354,1
0.546448,0.100147,1
1.596331,1.084440,1
0.682295,1.231095,1
0.897168,-0.330301,1
0.442108,0.129420,1
2.296905,1.204561,1
-0.083473,0.349850,1
0.508307,0.471425,1
-0.086535,-1.106379,1
-0.085888,-0.547303,1
1.563652,-0.956498,1
0.309624,-0.644955,1
1.631841,1.027643,1
0.767391,0.328033,1
0.641650,-0.090746,1
0.773909,-0.060210,1
1.811161,0.624099,1
0.816285,-0.666968,1
1.200076,0.401220,1
1.448733,1.731323,1
0.852069,-0.545088,1
1.070182,0.808060,1
0.493613,0.173556,1
1.191784,-0.567340,1
0.623100,0.561339,1
1.765439,-0.383044,1
0.997018,-1.193030,1
1.733107,-0.731529,1
0.379102,-0.634383,1
-0.088953,0.116889,1
0.293493,1.136175,1
1.945504,-0.013300,1
-0.144315,-0.058074,1
2.219102,0.760597,1
0.456710,0.182228,1
-0.754864,-0.268479,1
-0.171522,-1.329799,1
-0.103357,-1.378981,1
-0.337028,-0.746388,1
0.052860,0.086408,1
1.250464,-1.122787,1
0.211762,1.571816,1
-0.522555,-0.572106,1
2.084057,0.009150,1
0.768258,-0.057729,1
1.390378,-0.770913,1
1.310130,1.288682,1
0.781864,-0.645302,1
1.376500,-1.375351,1
1.101248,0.650737,1
0.941086,0.078167,1
0.141712,1.198802,1
0.720286,-1.783622,1
1.388746,1.155026,1
1.173872,0.252697,1
1.231967,-0.507318,1
1.372074,0.218676,1
0.724658,-0.032695,1
0.636456,-0.354226,1
0.237300,-1.553633,1
2.009363,-0.132223,1
0.832665,0.275406,1
1.345696,0.086613,1
1.195554,0.268213,1
1.797575,0.631964,1
1.078320,0.451806,1
1.959975,-0.176177,1
-0.236546,0.102601,1
-0.110767,-0.214792,1
1.817894,1.000878,1
1.614432,-0.355978,1
0.805744,-0.341924,1
1.133360,-0.526290,1
0.885902,0.126383,1
1.003377,-1.249663,1
1.186009,-0.641802,1
0.008422,0.251165,1
0.913990,-0.579134,1
0.333816,-0.337227,1
0.137127,-0.932643,1
2.096733,0.648783,1
2.666693,0.424883,1
2.305272,-0.890817,1
1.485149,-0.014111,1
0.711132,0.525310,1
0.526416,-0.803357,1
1.952782,1.060692,1
-0.315296,-0.450903,1
0.420398,-0.266234,1
1.452502,1.390025,1
1.128667,0.114768,1
1.914640,-0.126856,1
1.268127,1.327975,1
0.680662,-1.858672,1
-0.796244,-0.535081,1
1.480641,-0.583569,1
1.366632,0.322872,1
-0.047721,0.397167,1
1.688748,-0.943593,1
0.138783,-0.500450,1
1.018202,-1.409663,1
-0.437947,0.753192,1
1.209486,-0.641322,1
0.647317,-0.495783,1
1.090051,1.409628,1
0.978561,0.202820,1
-0.166392,0.631644,1
0.924203,-0.344138,1
1.613776,1.431452,1
0.943801,-0.874502,1
1.153417,-1.105582,1
1.365495,1.036502,1
0.580475,-0.187897,1
1.451585,0.219643,1
3.132267,-0.835461,1
2.141029,0.627392,1
1.689317,-0.129990,1
0.533008,-0.097063,1
0.583759,0.561067,1
1.692659,-0.920514,1
-0.073983,-0.468349,1
1.290520,2.200588,1
1.217692,-1.271810,1
0.697875,0.554159,1
1.492793,1.339246,1
1.246336,-0.496051,1
0.252281,-0.698523,1
1.273575,-0.015316,1
1.926246,0.571039,1
2.394440,0.238478,1
1.067773,-1.210632,1
1.743008,-0.482610,1
1.278123,-0.681463,1
1.577789,-0.552701,1
1.129088,0.937568,1
1.699896,0.113070,1
1.066512,0.474255,1
1.725246,-1.010223,1
4.698028,-1.177405,1
-0.227575,0.983760,1
0.342546,-1.122886,1
1.465578,-0.361220,1
2.071658,0.917146,1
-0.787460,0.800892,1
1.062774,-0.189371,1
1.695483,-0.305479,1
1.765107,-0.996598,1
1.104738,-0.079146,1
1.008579,-0.623286,1
0.425557,-1.214755,1
0.692091,-0.661313,1
1.027897,0.754539,1
1.582988,-1.319496,1
0.242655,0.720410,1
0.324743,0.415824,1
0.611249,0.937254,1
1.080818,-0.475011,1
1.649816,0.409067,1
1.269572,0.732013,1
0.510697,0.993718,1
-0.002927,0.421876,1
-0.023382,0.772230,1
0.668559,-1.115946,1
0.721177,1.850793,1
0.916670,0.110215,1
0.716613,1.493509,1
-0.336445,-0.561994,1
0.253516,-0.471691,1
-0.682627,-1.023846,1
1.693510,2.589966,1
0.605916,-0.910547,1
1.812124,-0.923987,1
0.827909,-0.053761,1
-0.085990,0.950446,1
0.626262,1.385657,1
0.338376,-1.481462,1
0.066401,0.563540,1
1.296230,-0.446088,1
2.886572,0.970657,1
0.122785,0.037291,1
0.718513,-0.612310,1
0.975553,0.208481,1
1.455068,0.891962,1
2.008328,-1.009654,1
0.215500,0.534869,1
1.361134,0.161316,1
1.344262,0.616670,1
1.757943,0.034108,1
1.394988,-0.568956,1
1.886620,1.215995,1
0.680767,1.424409,1
0.650521,-0.043441,1
1.217315,-1.839368,1
1.971482,0.841236,1
0.852365,0.678537,1
1.178967,1.022117,1
-0.991177,-0.339350,1
0.884061,1.080020,1
-0.170914,0.603545,1
1.534248,1.134713,1
1.679818,0.342084,1
1.149968,-0.653199,1
0.535994,1.214482,1
1.699759,1.147530,1
0.581943,0.094882,1
-1.231614,0.049246,1
0.627197,0.659380,1
0.520817,0.035231,1
0.866736,-1.401392,1
1.883793,0.259199,1
1.248485,0.117482,1
0.444827,1.085795,1
0.777495,-0.559164,1
0.639978,-0.280159,1
1.000154,-1.603689,1
-0.999937,-0.387730,1
-0.420811,-1.276030,1
0.430717,0.765158,1
1.266786,-1.386748,1
2.325426,0.613338,1
0.543251,-0.618113,1
1.236563,0.233500,1
0.747999,0.319542,1
1.211701,-0.087131,1
1.231815,2.471580,1
1.411020,0.326693,1
1.385862,0.016504,1
1.717077,-0.201685,1
0.413278,0.931646,1
1.748100,0.402566,1
2.305563,0.537606,1
1.067761,3.121755,1
0.488029,0.628991,1
1.294644,1.408670,1
0.442548,-0.845728,1
1.145853,2.130986,1
0.481129,-0.473340,1
1.654447,0.442655,1
0.889691,0.610408,1
1.342915,2.436968,1
0.760753,-0.256451,1
0.547333,0.006961,1
1.224616,1.258299,1
1.167770,0.318840,1
1.212974,-0.520235,1
0.314885,0.779978,1
0.575115,-0.463972,1
0.341771,0.252285,1
0.530296,0.394048,1
1.057434,0.516567,1
-0.395936,0.148631,1
1.996134,0.546549,1
0.585055,0.026288,1
1.347639,0.123752,1
0.721132,0.146441,1
1.541337,0.107014,1
0.908295,0.602783,1
1.410644,-0.129472,1
0.781431,-0.079935,1
1.455710,0.694191,1
-0.343141,-0.851414,1
-0.010162,0.328199,1
1.059149,-1.309377,1
1.022325,1.123242,1
1.196217,-0.730496,1
0.119138,-0.716977,1
2.745396,-0.960741,1
-0.096120,1.096641,1
0.634156,-0.902008,1
1.122153,0.647962,1
0.326501,-0.552474,1
1.111039,0.245943,1
2.051863,0.093638,1
0.486997,-0.563950,1
1.379239,0.940415,1
0.695472,1.948286,1
0.257896,1.541475,1
0.509316,-0.244637,1
-0.317685,-0.555892,1
0.702382,-0.096662,1
1.068019,-0.665620,1
1.824459,0.945204,1
0.944428,-0.988150,1
0.562359,1.325267,1
1.269247,0.481172,1
2.473693,0.245484,1
0.781823,0.161860,1
2.282364,-0.383191,1
1.044566,-0.245805,1
-0.164156,0.664593,1
2.148105,-0.493090,1
2.354795,-0.362961,1
0.871391,0.245436,1
0.134420,0.366849,1
-0.122678,-0.537618,1
0.866487,0.914295,1
1.269847,0.836113,1
2.014537,0.091426,1
1.855177,0.546414,1
0.967809,-0.887859,1
0.791435,0.253728,1
2.191852,-0.565484,1
0.029815,1.505414,1
-0.771219,-1.317957,1
0.439984,-0.261938,1
1.467535,1.001010,1
1.913875,-0.830223,1
1.838603,-1.027282,1
2.053330,1.464735,1
3.209600,1.077862,1
0.912107,-0.103451,1
1.850222,-0.925263,1
0.769558,0.087681,1
2.089321,0.322579,1
-1.146533,0.469013,1
1.839393,-0.528239,1
1.268083,0.615270,1
2.380277,0.369339,1
0.437361,0.644128,1
0.280886,-1.409613,1
0.244142,0.548986,1
0.535816,-0.087215,1
0.316023,-0.909338,1
0.901584,1.416480,1
-0.277856,-0.521515,1
1.589135,0.937143,1
2.156116,0.827200,1
0.202244,-0.655372,1
1.569685,-0.594024,1
0.510373,0.924454,1
1.128797,0.240602,1
0.709351,0.511098,1
1.497338,0.206817,1
0.801136,-0.271678,1
-0.005349,0.052680,1
1.341737,-0.855093,1
1.352775,0.320599,1
1.084819,-0.079202,1
2.059068,0.147528,1
0.838795,-0.172367,1
1.734958,-0.137448,1
2.165178,-0.586990,1
1.336031,0.148834,1
-0.184343,0.942355,1
1.376384,1.895129,1
1.344259,1.169699,1
0.829633,-1.888397,1
0.683052,0.178047,1
0.813245,-0.093071,1
0.832370,-0.992776,1
2.001990,-1.469221,1
-0.182614,-0.174984,1
0.571687,-0.088339,1
2.627986,-0.038016,1
2.166186,-1.251330,1
0.358226,-0.577031,1
0.543222,-0.944063,1
1.152598,-1.335519,1
1.796347,0.777670,1
0.893669,-0.531998,1
0.761144,0.011455,1
1.108860,1.515417,1
0.584066,0.582353,1
0.268805,0.359357,1
0.487855,0.507895,1
0.880800,0.479649,1
1.445203,0.455754,1
2.039886,1.280038,1
0.816557,-1.232400,1
2.529329,1.101603,1
-0.354335,0.299452,1
0.797817,-0.203807,1
1.302733,0.385290,1
1.102627,-0.338939,1
0.568311,1.328677,1
-0.418096,0.119144,1
0.622410,-0.707637,1
1.151707,1.083745,1
1.475286,0.684266,1
-0.029202,1.318628,1
0.395025,1.267195,1
0.652602,-1.411888,1
0.479179,-0.202216,1
0.479987,-0.639170,1
0.481462,-0.385665,1
1.710646,-0.712596,1
1.193596,-0.002687,1
0.666620,0.007283,1
1.897504,0.650192,1
1.816004,0.371309,1
1.671782,0.124913,1
1.074684,0.112757,1
1.025638,-1.060729,1
0.502627,1.360513,1
0.594359,0.635643,1
0.688821,-0.305194,1
1.946059,-1.415317,1
0.301033,-0.348191,1
0.343790,-0.159003,1
0.512757,0.198030,1
1.152520,0.315075,1
1.032799,-1.625190,1
1.297008,0.874088,1
0.701727,-1.222666,1
1.982785,0.513381,1
0.902764,-0.616525,1
1.781943,0.036929,1
0.927157,0.076193,1
1.120374,0.593989,1
0.447053,-0.387966,1
0.246286,0.401907,1
-0.409469,1.101368,1
1.096730,0.328552,1
1.334280,0.188693,1
1.205666,0.855932,1
1.279504,0.760790,1
0.071705,-1.085722,1
2.195137,-0.883555,1
1.137115,-0.619336,1
0.789651,0.460744,1
0.866071,-0.186809,1
0.993613,-0.598641,1
0.169129,-0.321171,1
1.197931,-0.354789,1
2.029885,0.384801,1
0.317477,-0.424885,1
0.480739,-0.106475,1
0.487058,-0.257436,1
-0.167587,-2.188434,1
0.305527,0.183538,1
0.903411,-0.387792,1
0.452863,-0.272016,1
0.439296,0.292447,1
0.607296,-0.078025,1
1.023719,0.303838,1
1.454011,0.601441,1
0.889474,0.116317,1
1.402656,-1.627994,1
1.275417,-0.136048,1
0.829841,-2.608254,1
2.082573,0.688694,1
1.103849,-1.067059,1
1.087613,-1.911859,1
1.022058,0.364762,1
1.309253,0.265489,1
-0.847463,-0.653790,1
0.392265,-0.888357,1
1.593811,-1.317348,1
2.091200,0.399894,1
1.421703,2.107136,1
0.412763,1.257633,1
0.509591,-0.291754,1
1.315758,-0.580254,1
1.923577,-0.466043,1
0.137362,-0.999125,1
1.082629,-0.164196,1
1.753401,-0.414933,1
1.907544,0.275921,1
1.694813,0.572506,1
1.825000,0.170840,1
2.130358,1.556569,1
1.614206,-0.909950,1
0.781626,-0.198250,1
1.239222,-0.292236,1
2.671020,0.468316,1
1.695637,0.768849,1
2.607456,1.085076,1
0.345916,-0.744450,1
1.218984,0.395913,1
1.394659,1.640425,1
0.773266,1.283885,1
0.642056,-1.739260,1
0.896565,-0.695185,1
-0.770092,-0.117349,1
1.205224,-0.476915,1
-0.461611,-0.876503,1
-0.229067,0.040515,1
2.243977,-0.545119,1
0.249630,-0.701683,1
1.866847,-0.351114,1
1.432974,-0.154333,1
0.759154,0.763884,1
1.558007,0.410342,1
0.401727,-0.128449,1
-0.280709,-0.107987,1
0.091257,0.793238,1
0.562763,1.591405,1
0.217466,1.653231,1
0.226287,-0.471589,1
0.822206,0.355608,1
1.243786,-1.507426,1
1.170868,0.003197,1
2.311801,0.286740,1
0.997895,-0.254655,1
1.644403,-0.049393,1
0.038896,-0.403346,1
0.296861,-0.816076,1
-0.163679,0.875169,1
0.186961,0.478407,1
0.271742,-0.779891,1
0.756074,-1.111026,1
2.804867,-0.161018,1
-0.467589,-0.324494,1
0.043889,0.227314,1
0.225345,0.996702,1
1.354825,-0.426609,1
1.031315,0.372991,1
-0.180391,0.256600,1
1.589337,0.334340,1
0.710770,-1.544277,1
1.534464,-1.064793,1
2.094770,1.236627,1
0.990222,0.224349,1
0.653362,0.273234,1
1.319555,0.276486,1
0.363135,0.319675,1
0.617261,-0.200925,1
1.834888,-0.627261,1
1.879973,0.614808,1
2.118306,0.392921,1
0.034131,-0.705195,1
1.131039,1.387108,1
0.157447,-0.585338,1
1.624605,0.064288,1
0.893603,-0.342085,1
-0.351297,-1.009560,1
-0.652559,0.975479,1
0.788855,0.272148,1
1.693958,-0.333350,1
0.047440,0.987490,1
1.191320,0.228624,1
1.269452,-0.156638,1
1.866811,0.032053,1
1.805189,0.810328,1
1.607934,-1.837184,1
1.229745,-0.427828,1
0.518990,1.068884,1
0.580474,-0.103664,1
0.284947,0.029372,1
1.248726,0.638201,1
0.600442,1.064349,1
0.959854,2.076927,1
1.131732,-0.229164,1
0.406382,-0.818425,1
-0.950156,0.894705,1
0.483606,-0.497827,1
1.953881,-0.728132,1
1.554178,0.452568,1
0.108490,1.520397,1
1.100727,0.892637,1
1.987911,-1.035163,1
2.112173,0.474665,1
1.191869,0.716026,1
1.530132,-0.272209,1
0.341252,-0.984943,1
2.721700,0.231113,1
2.298403,0.059726,1
2.268558,-0.189842,1
1.446226,1.959356,1
1.550832,0.242387,1
1.309978,-0.203460,1
-0.216285,-1.548781,1
1.153750,0.327197,1
2.047756,-0.167640,1
0.276276,0.462762,1
1.890887,-0.651975,1
0.364108,0.852335,1
1.304060,-0.474389,1
-0.051334,-0.258024,1
1.299908,-0.536064,1
0.367267,-0.521417,1
1.032143,-0.770609,1
1.922061,1.389224,1
2.799159,-0.674072,1
0.113985,-0.813969,1
-0.264339,0.033717,1
1.599731,-1.526375,1
0.442453,-0.202202,1
1.212171,-0.540794,1
1.691377,0.227751,1
0.463132,0.002935,1
0.626102,0.432575,1
1.166243,-1.431721,1
1.233928,-0.251087,1
1.389508,0.106256,1
1.413084,0.246164,1
0.781606,-0.132769,1
0.373968,0.477689,1
1.406283,0.573899,1
0.452066,-0.525371,1
1.321474,-0.071828,1
0.254542,-0.320313,1
-0.305437,-1.633791,1
1.391633,-0.732506,1
2.924924,0.997515,1
1.562378,0.101453,1
1.591975,-1.165283,1
1.531636,0.582241,1
0.249269,-0.239873,1
1.593828,1.210391,1
0.660056,-0.342762,1
1.031587,-0.749851,1
2.165524,-0.109260,1
1.526380,-0.508455,1
2.624727,-0.400428,1
0.886452,0.923477,1
0.707964,1.121077,1
1.217611,0.709140,1
1.394848,-0.290587,1
2.062890,-0.285115,1
0.167842,-0.593458,1
1.495771,-0.729304,1
1.589638,-0.633308,1
1.331365,-0.326318,1
0.965667,0.430401,1
0.211572,0.268509,1
0.881233,0.490662,1
3.081870,0.126599,1
1.617136,0.131679,1
0.139889,-0.789119,1
-0.693023,-1.425777,0
-1.461779,-0.325680,0
-1.460541,1.280759,0
-1.293914,-0.539751,0
0.457817,0.839196,0
0.230834,1.253961,0
-1.730391,1.140298,0
-1.795688,-1.980233,0
-1.442209,-1.519627,0
-0.456202,-0.713774,0
-0.225821,-0.976829,0
-0.320295,0.851743,0
-0.952203,0.657585,0
-1.570644,-0.750529,0
-1.494922,-0.593508,0
-0.769363,0.363743,0
-1.030918,-0.291226,0
-0.049240,0.183775,0
-0.878106,0.731963,0
-0.521488,-1.901743,0
-1.359218,-1.432837,0
-1.285490,0.329272,0
0.312943,-0.239220,0
-1.929118,1.764851,0
-0.340396,-1.714923,0
-0.736642,-0.359411,0
-0.652453,0.222962,0
-2.214547,-0.652869,0
-2.243069,0.535412,0
-1.850254,0.727906,0
-0.738021,-0.590853,0
-2.575064,-0.144235,0
-0.991053,-1.088368,0
-1.002497,0.025737,0
-1.184639,-0.958362,0
-2.052016,-0.762112,0
-0.223968,0.392633,0
-1.641679,-0.157238,0
-0.820915,-0.090396,0
-1.642611,0.076024,0
-1.241478,-0.790545,0
-1.758625,0.489522,0
-0.593217,0.520555,0
-1.808573,1.079712,0
-2.810177,0.839510,0
-0.778835,-0.137302,0
-1.116563,-1.592430,0
-0.645698,-0.449542,0
-1.439126,-1.386513,0
-0.893173,-0.266755,0
-0.214047,1.064999,0
-0.832717,-0.896215,0
-0.183068,0.146352,0
-0.858511,-1.086259,0
-1.276900,-0.939805,0
-1.060014,0.555219,0
-0.469369,-0.044459,0
-0.899146,-0.084305,0
-1.760607,-1.306608,0
-1.675068,-0.182159,0
-1.426987,-0.597498,0
-2.112256,-1.308113,0
-2.101983,0.590907,0
-1.733565,-0.020996,0
-2.035852,0.599325,0
-1.079576,-0.321475,0
0.025934,1.537726,0
-0.054697,-0.824925,0
-0.401439,-0.405209,0
-2.118489,-1.275706,0
-1.488591,-0.038626,0
-1.705167,-0.531414,0
-1.789120,-1.153158,0
-2.589245,-1.361478,0
-0.990572,0.697300,0
-0.378168,-0.090662,0
-0.908494,-0.935149,0
-0.582278,0.558522,0
-1.245559,-0.497784,0
-0.508111,0.291561,0
-0.733398,0.432152,0
-0.918353,0.104448,0
-0.233843,0.057639,0
-0.901444,-0.326610,0
-1.424818,-1.236455,0
-1.098675,-0.418662,0
0.002040,0.071229,0
-1.501638,0.048670,0
-1.995939,-0.164985,0
-2.157816,0.351178,0
-1.377811,1.474372,0
-0.850652,-0.339069,0
-0.810695,0.456458,0
-1.775408,0.601585,0
-1.507933,-0.344153,0
-1.947979,0.487366,0
-1.204447,0.395421,0
-0.517250,-1.229963,0
-1.294992,0.226122,0
-1.423536,-0.447287,0
0.085062,0.593343,0
-0.486455,-0.133620,0
-0.508945,1.013720,0
-1.275012,-0.332223,0
-0.674524,-0.344629,0
-0.431717,0.736232,0
-2.030444,0.387964,0
-0.540627,0.200289,0
0.079457,-1.292699,0
-1.170349,0.680937,0
-1.083131,-0.081810,0
-1.414673,0.733403,0
0.270866,0.914329,0
-0.089290,0.344792,0
-1.439623,0.690556,0
-2.365801,-0.338457,0
-1.643156,-0.019769,0
-1.923744,-1.130424,0
-1.452508,0.932764,0
-0.260663,-0.530913,0
-0.034846,-2.236145,0
-0.623563,-0.254450,0
-0.639057,0.259536,0
-3.306455,-0.535932,0
-2.453084,-0.099779,0
-0.614408,0.315998,0
-1.293328,-0.162328,0
-0.009877,-0.343587,0
-1.520109,0.559033,0
-0.981919,1.635682,0
-0.560818,0.322211,0
-1.761166,0.861656,0
-1.265139,0.629635,0
-1.616439,0.804158,0
0.837419,1.061537,0
0.063843,1.144152,0
-1.436289,0.331936,0
-0.869271,-1.357337,0
-1.882745,0.182468,0
-0.630203,0.566707,0
-2.111000,-0.560469,0
-1.007010,0.474321,0
-1.641079,0.005359,0
-1.894474,0.380048,0
-2.045547,0.274496,0
-1.052446,0.582092,0
-1.760853,-0.829087,0
-0.917692,0.168137,0
-0.822662,-0.078352,0
-1.369680,0.844361,0
-0.903254,0.681301,0
-1.151200,-1.032442,0
-0.595557,0.124176,0
-1.704535,-0.072807,0
-1.663085,0.184212,0
-1.093666,0.109317,0
-2.148347,0.287496,0
-0.695544,-0.507237,0
-1.138046,-0.115686,0
-2.523666,0.330724,0
-0.524128,-0.106481,0
-1.275710,-0.018460,0
-0.168418,-1.267374,0
-1.714151,0.147368,0
-2.579077,-1.664918,0
-0.817953,0.519320,0
-1.878551,0.568670,0
-1.471795,-0.095801,0
-0.615552,0.179554,0
-0.411675,0.198794,0
-1.610379,0.613643,0
-2.153636,-1.915187,0
-0.846872,0.484492,0
-0.773274,0.751866,0
-2.194129,0.068022,0
-0.866612,0.423902,0
-0.554875,-1.943880,0
-1.383331,-0.951939,0
-1.656934,-0.756309,0
-1.564892,2.542593,0
-0.628331,-0.121495,0
-1.062057,-1.524194,0
0.404801,0.198900,0
-0.462686,0.996519,0
-0.941483,-0.224478,0
-1.259897,-0.109249,0
-0.963027,0.657852,0
-1.226259,0.928666,0
-1.671084,-0.246383,0
-1.422736,0.423552,0
-0.518533,1.421075,0
-0.777504,0.375713,0
-2.367166,0.633430,0
-1.298003,0.251957,0
-1.517239,-0.455946,0
-0.546670,2.028952,0
-1.454278,0.105125,0
-1.626053,-0.320240,0
-0.774073,0.285420,0
-2.005454,-0.652882,0
-0.384067,-0.263345,0
-0.263872,0.064482,0
0.048364,0.265051,0
-1.177740,-1.449886,0
-1.927208,0.071858,0
-1.382898,0.306720,0
-0.737011,0.898921,0
-0.812988,-0.066215,0
-0.064406,0.646357,0
-2.038553,-0.748763,0
-0.883247,-0.427112,0
-1.061836,0.082095,0
-1.847946,-0.649740,0
-1.117039,0.071416,0
-0.667627,-0.921921,0
-1.507928,0.062948,0
-0.988668,-0.056002,0
-0.664087,0.021174,0
-0.386813,-0.870040,0
-0.556597,0.486872,0
-1.233860,0.451413,0
-1.070909,1.101481,0
-2.259166,0.211422,0
-0.410535,0.222464,0
-0.452425,-0.547506,0
-2.533764,1.244218,0
-2.713621,-0.373330,0
-1.368015,0.450258,0
-2.750571,-1.527180,0
-0.849461,0.558423,0
0.244347,0.066258,0
-0.001975,-1.481726,0
-1.093039,0.456719,0
-0.494540,0.431123,0
-1.236757,1.203599,0
-1.907476,-0.822237,0
-0.239468,1.134942,0
0.133461,1.051052,0
-1.040150,-0.086240,0
-0.667655,0.801896,0
-2.193706,-1.383353,0
0.398890,-0.515015,0
-0.646102,0.284072,0
-1.012230,0.378517,0
-0.446249,0.023002,0
1.223437,-0.233185,0
-1.135366,-1.076939,0
-0.659001,0.497535,0
-1.833039,-0.536291,0
-0.337482,-0.259748,0
0.731304,-0.268480,0
-1.167802,0.293663,0
-1.538156,0.125213,0
0.299745,0.281251,0
-0.978525,0.859601,0
-0.626422,-0.519401,0
-1.262204,-0.180255,0
-1.955865,0.790146,0
-1.043922,1.188430,0
0.120462,0.215928,0
0.561505,0.310022,0
-0.007542,-0.015856,0
-0.614828,-0.477603,0
-1.190377,-0.802850,0
0.132812,-0.186888,0
-0.146944,-0.250647,0
-1.081751,-0.928221,0
-1.475011,0.748943,0
-1.164994,-0.653030,0
-0.249440,0.020001,0
-1.635598,-0.986026,0
-0.752406,0.186690,0
-0.049943,1.261112,0
-0.723885,0.127479,0
-1.175829,-0.108082,0
-2.115802,0.284654,0
-1.743181,-0.525408,0
-0.217084,-0.104185,0
0.335503,-0.274246,0
-1.801637,1.356954,0
-0.201166,-1.009211,0
-0.184011,-0.126282,0
-2.143201,-0.996628,0
-0.567203,-0.261329,0
-1.055225,-1.418878,0
-1.385043,0.378007,0
-0.520628,0.912293,0
-0.238861,-0.396499,0
-1.301991,1.054018,0
-1.008476,-0.408233,0
-0.443940,1.072109,0
-1.806917,-0.854772,0
-1.970277,1.827638,0
-1.070003,0.566767,0
-1.962685,0.128780,0
-1.155605,0.799048,0
-1.136683,-1.417151,0
-1.700801,0.239124,0
-0.755545,-1.293360,0
-1.572457,0.000555,0
-0.695215,-0.197015,0
-0.833227,-0.223306,0
-1.287286,-0.820530,0
-1.308409,-1.626562,0
-2.253237,-0.735540,0
-0.933946,0.085730,0
-1.734937,-0.067382,0
-0.964713,-0.723330,0
-1.628592,0.067536,0
-2.131126,0.420582,0
-1.261242,0.305426,0
-1.613958,-0.721419,0
-0.730334,-0.968083,0
-0.094691,0.492736,0
-1.540928,0.142925,0
-1.073316,2.174511,0
-0.593581,0.442999,0
-0.926522,1.231267,0
-1.660227,0.732645,0
-0.459478,0.408790,0
-1.387782,1.240369,0
-1.252617,-0.486166,0
-0.728971,0.688352,0
-0.971827,-0.894793,0
-0.187151,0.480369,0
0.572363,0.548497,0
-0.610098,-1.120831,0
-1.039082,0.433210,0
-0.286321,-1.694808,0
-0.343148,0.752536,0
-1.735951,-0.239186,0
-1.375380,-0.541136,0
-0.720879,-0.847846,0
-2.615761,-0.629058,0
-0.910534,-1.362849,0
0.163291,0.813863,0
-1.215283,-0.799904,0
-1.075484,0.264517,0
-0.478491,-0.132093,0
0.138564,-1.151526,0
-1.481435,-1.085826,0
-0.532008,1.007972,0
-1.907499,-1.223584,0
-1.985877,-1.233291,0
0.279096,0.272673,0
-1.447539,-0.429781,0
-0.554409,-0.103011,0
-2.105368,0.542639,0
-1.348990,-0.258170,0
-1.460855,1.584294,0
-0.847423,-0.056298,0
-0.037493,-0.105159,0
-2.886187,0.526367,0
0.251083,0.792495,0
-0.073759,-1.474052,0
-1.568023,-1.322376,0
-1.301722,-0.094732,0
-1.157822,-0.383915,0
-0.271538,0.300519,0
-0.801708,0.488046,0
1.346543,-0.468518,0
-1.436440,-1.034753,0
-1.618414,-1.375318,0
-0.954755,-0.166944,0
-1.567329,-0.328743,0
-0.202383,0.894756,0
-0.202206,-0.514455,0
-1.905019,1.439081,0
0.398566,2.246173,0
-0.019466,0.422037,0
-2.052101,-0.737256,0
-1.470988,-1.396731,0
-0.971874,-1.383794,0
-1.018741,-0.557352,0
-1.770143,-1.131000,0
-1.090388,-0.062099,0
0.497286,0.855369,0
-0.815000,1.079227,0
0.008418,0.523207,0
-2.691039,1.756446,0
-1.262627,-0.219154,0
-0.250166,-1.489146,0
-0.878335,-0.606929,0
-1.007726,-0.789970,0
-0.030931,0.219166,0
-0.089435,-0.796462,0
-1.640527,-0.001788,0
-0.606861,0.524066,0
-0.194997,0.455320,0
-0.593279,0.544407,0
-2.041448,-1.396616,0
0.053854,-0.669625,0
-2.673035,-0.300464,0
-0.613926,-0.377250,0
0.920380,0.200282,0
-0.711087,0.244128,0
-1.252424,0.511627,0
-2.073691,-0.760024,0
-0.897149,0.730426,0
-0.153354,0.665740,0
1.053605,0.118942,0
-1.184779,-0.866601,0
-0.010971,0.758073,0
-1.839445,-0.807173,0
-1.716362,-0.265267,0
-1.411071,0.606819,0
0.104793,0.888378,0
-0.391481,-0.021399,0
-0.232198,-0.206478,0
-0.653266,-0.585841,0
-1.140404,1.516513,0
-1.466639,-1.519177,0
-0.269469,0.685231,0
-1.583528,-1.014575,0
-1.245584,0.457505,0
-1.244260,0.705000,0
-0.816653,0.665900,0
-0.748006,-0.074943,0
-1.916189,-0.209915,0
-2.131829,0.149117,0
-1.389977,-2.399029,0
-0.350514,-0.808079,0
-0.123142,-1.019830,0
-0.400736,0.190327,0
-1.203300,0.239774,0
-1.622835,0.984766,0
-1.228747,0.487096,0
0.401217,-0.126367,0
0.110762,0.046683,0
-2.466158,1.149783,0
-0.587170,-0.292527,0
-0.614454,-0.399292,0
0.132073,0.327531,0
-0.727433,-0.557817,0
-1.159015,0.960240,0
-0.398802,0.334399,0
-1.228607,-1.410032,0
-1.294133,-0.277830,0
-3.242036,-0.153808,0
-0.827386,-0.973914,0
-0.975010,0.280818,0
-0.086712,-1.421070,0
-1.243454,0.689890,0
-0.398264,-0.625981,0
-1.816214,-0.559532,0
-1.016426,0.155859,0
-1.638146,0.343288,0
-2.499307,0.144875,0
0.343934,-1.058198,0
-1.605644,-1.307641,0
-1.628565,0.636512,0
-0.930257,0.174402,0
-1.942824,-1.148094,0
-1.519289,-0.192728,0
-2.852008,0.329385,0
-0.601904,-0.955982,0
-1.631628,0.259889,0
-0.925864,0.176671,0
-0.654107,1.296930,0
-0.688191,-0.724128,0
-1.363069,1.377314,0
-1.171073,0.979298,0
0.882852,1.397950,0
-0.544939,-0.718921,0
-0.480989,-0.401341,0
-2.035784,0.630260,0
-2.621772,1.321290,0
-0.492724,-0.494281,0
-0.849895,0.041627,0
-1.247732,1.535992,0
-0.517093,-0.737477,0
-1.325932,-0.167665,0
-1.815235,-0.465267,0
-1.881082,2.205771,0
-1.415184,0.354396,0
-1.056770,0.141068,0
-1.101067,0.624852,0
-0.612546,0.548931,0
-0.149063,-0.743433,0
0.187658,0.218144,0
-0.648266,0.446629,0
-0.507777,-0.938970,0
-1.300288,-0.285886,0
-0.810731,-0.247334,0
-2.213432,-0.379447,0
-1.509923,-0.178613,0
-1.265182,-0.114676,0
-1.271095,-0.086514,0
-0.257054,0.088067,0
-0.509682,0.106302,0
0.356081,0.964590,0
-0.827222,-0.573025,0
-1.091623,0.112234,0
-0.958052,0.640864,0
-2.044086,0.113066,0
-1.421544,-0.316855,0
-2.293773,1.064644,0
0.240451,-0.045401,0
1.160152,-0.933678,0
-1.452343,-0.044693,0
-0.920111,-0.750564,0
-1.552943,-0.411298,0
-1.752389,0.165750,0
0.549948,-0.011447,0
-1.614907,-0.106576,0
-1.426080,0.328671,0
-2.176414,0.178974,0
-1.720787,0.017409,0
-1.010242,-0.778267,0
-0.767724,-0.953587,0
-0.421542,-0.388658,0
-0.583176,-0.978095,0
-0.447873,-0.087726,0
-1.204072,1.031318,0
-1.560579,-1.002822,0
0.060437,-0.900094,0
-1.274587,-0.550974,0
-1.518446,-0.469025,0
-0.752165,0.607995,0
-0.518067,-0.356394,0
-0.560077,-0.015363,0
-0.984448,-0.293301,0
-0.655604,-0.021059,0
0.253673,-0.200137,0
-1.617582,0.539489,0
-1.396976,-0.739222,0
-1.366260,-0.458654,0
-1.347167,-0.061096,0
-0.687189,-0.488121,0
-1.312726,0.736457,0
-1.086327,0.832982,0
-1.671309,-0.073985,0
-0.284213,0.684355,0
-0.987655,0.398393,0
0.308972,-0.803841,0
-0.340618,0.416270,0
-0.377324,0.294696,0
-0.581862,-0.350985,0
0.139109,0.596424,0
-0.720386,1.422729,0
-2.152915,-0.027966,0
0.101296,-0.975762,0
-0.327509,-0.309124,0
-2.548557,0.419808,0
0.340069,1.286549,0
-2.993333,1.132681,0
-1.769709,-0.557631,0
-0.488724,-1.195594,0
-0.579181,1.164931,0
-1.125077,-1.219227,0
-1.563287,-0.378107,0
-0.874843,0.088830,0
-1.460820,1.292923,0
-1.573700,-1.495828,0
-0.120788,-0.233559,0
0.154743,0.933024,0
-0.436515,0.719363,0
-2.339493,-0.860543,0
-2.010861,1.271557,0
-1.220152,-0.170022,0
-0.711934,0.922337,0
-0.942539,0.220165,0
-0.699273,-0.032097,0
-1.010958,0.296794,0
-0.399268,-0.157135,0
-1.218253,1.455262,0
-0.989004,1.429472,0
-1.167450,0.315404,0
-0.761432,0.463429,0
0.085626,-0.235845,0
-1.148953,0.087816,0
-1.475743,0.382243,0
-1.240913,1.331413,0
-0.338256,-1.206308,0
-0.139745,-1.557543,0
-1.097774,-0.413109,0
0.399783,0.581314,0
-2.435338,-0.178598,0
-0.217347,0.139892,0
-0.880471,-0.905070,0
0.355661,0.448015,0
-0.897565,-1.273544,0
-1.649216,-1.396048,0
1.127799,-0.971130,0
-1.423351,-0.541477,0
-1.400990,-0.060930,0
-1.772626,-0.830781,0
-1.769961,-0.730053,0
-2.352475,-1.206592,0
-0.622006,0.045111,0
-0.985197,-0.547769,0
-1.358771,0.271359,0
-2.184422,0.231278,0
-2.257923,0.188879,0
-2.142966,-0.259022,0
-1.490613,0.316032,0
-0.157062,-0.035000,0
-1.385038,-1.147994,0
-1.500733,-1.644235,0
-1.065918,0.069686,0
-0.955870,0.214515,0
-1.635915,-0.921011,0
-0.131753,-1.777658,0
-0.988008,-0.240621,0
-1.190307,-0.539942,0
-0.155398,0.468351,0
-0.456507,1.139319,0
-0.880628,0.803604,0
-1.717860,0.974209,0
1.002648,0.143989,0
-0.250768,-0.312977,0
-2.219122,0.975087,0
0.135492,0.311210,0
-0.671823,-0.045544,0
-1.201364,0.078398,0
-0.966668,-0.800954,0
0.446324,-0.331559,0
-0.734621,-0.297255,0
-1.999549,-0.506471,0
-0.026429,0.115588,0
-1.237419,0.608288,0
-0.857566,-0.796191,0
-1.960225,-0.778625,0
-0.362643,-0.194312,0
-0.218136,-0.298156,0
-1.619741,0.569997,0
-1.751000,-1.277033,0
-0.499112,0.639908,0
0.467646,-0.786918,0
-0.202892,-1.065363,0
-1.609489,0.252005,0
-0.801504,0.266438,0
0.370096,-0.141711,0
-2.598061,0.470482,0
-2.285099,0.312576,0
-0.778578,-1.674829,0
0.288774,-0.797911,0
-1.273085,0.998481,0
-0.180141,0.808375,0
-1.018257,0.935510,0
-2.177901,0.730379,0
0.111753,-2.149642,0
-2.966553,-0.837923,0
-0.778518,0.700263,0
-1.035616,-1.091615,0
-0.639273,0.769144,0
-0.478875,-0.890266,0
-1.494754,-1.507859,0
-1.551374,1.337680,0
-0.840574,-1.021939,0
-0.638104,-0.888322,0
-1.238101,0.379001,0
-2.601718,-0.724590,0
-0.847220,-0.014624,0
-1.624189,-1.511448,0
-1.085382,1.491272,0
-2.037361,1.104750,0
-1.144664,1.605063,0
-0.370728,0.005067,0
-1.107956,-0.187444,0
-0.775666,-0.703714,0
-1.078221,0.135226,0
-1.859763,0.476936,0
0.627313,-0.262129,0
-0.122812,0.581523,0
-0.730119,0.321037,0
-2.342196,-0.558397,0
-1.602296,-0.399306,0
-0.675666,0.208960,0
-1.462496,0.363203,0
-1.095118,-0.042011,0
-0.870125,-0.731917,0
-1.738191,-0.909296,0
-0.427162,-0.316219,0
-0.448869,0.325506,0
-1.511935,-0.667454,0
-2.042038,0.234663,0
-2.331895,-0.039339,0
-0.752598,-0.755407,0
-2.303616,0.020835,0
-1.066345,0.428721,0
-0.272096,-0.104902,0
-0.252944,0.284284,0
-1.593163,-0.794061,0
-0.477545,-1.003932,0
-0.036101,0.008689,0
-2.038187,0.333783,0
-0.772051,-1.639107,0
0.262567,1.037043,0
-2.089709,-0.482725,0
-0.091172,-0.552744,0
-0.941378,-0.165011,0
-0.610669,-0.477445,0
-0.067849,-1.396750,0
-0.781848,-1.078586,0
-1.349512,0.451258,0
-2.364866,-1.309387,0
-2.070465,-0.304772,0
-0.539612,1.056455,0
-0.226637,0.723780,0
-1.636210,0.228631,0
-0.831402,0.311964,0
-0.585548,-0.438014,0
-0.973759,-0.249614,0
-1.255797,0.494240,0
-0.706009,-0.050890,0
-1.468235,0.585742,0
-0.740978,-0.400366,0
-0.346457,1.428597,0
-1.706299,0.823133,0
-1.121977,-0.038176,0
-0.439506,1.067153,0
-2.757882,-0.133777,0
-1.782496,0.480659,0
0.337753,-1.120657,0
0.217403,-0.361130,0
-1.822461,0.034560,0
-1.120830,-0.238479,0
-1.746311,-0.311779,0
-1.099676,1.811487,0
-1.039883,-0.350988,0
-0.611797,-0.221874,0
-1.064970,0.478954,0
-0.338502,0.030852,0
-0.287277,-0.181250,0
-0.873473,0.053478,0
-0.441051,0.774655,0
-0.020966,-0.680354,0
-0.969444,-0.415102,0
-1.250282,0.907834,0
-0.864080,-0.464482,0
-1.193049,0.394940,0
0.276228,-0.336690,0
-2.395144,2.402300,0
-0.774680,0.220846,0
-1.157058,0.903737,0
-1.173749,-1.614020,0
-0.453334,1.215278,0
-1.494923,-0.287077,0
-1.570252,-0.061826,0
-1.321652,-0.605037,0
0.177833,-1.681416,0
-0.133802,-0.391753,0
-0.198523,0.114116,0
0.343600,-0.296045,0
-0.706497,-1.337008,0
-1.226241,-0.367194,0
-0.860174,0.158738,0
-1.111335,-1.124975,0
-1.165949,-0.386492,0
-0.223795,0.216645,0
-0.545501,-2.055862,0
-0.444105,-0.220589,0
-0.666369,-1.081990,0
-0.282871,0.152521,0
-2.031850,-1.019560,0
-0.998289,0.553909,0
-0.588718,0.463281,0
-1.085054,-0.281657,0
-0.297469,-0.544048,0
-1.270115,-0.652675,0
-0.337072,0.146309,0
-1.058168,0.279189,0
-0.479285,0.990308,0
-2.190711,1.333776,0
-0.558998,1.154103,0
-0.542416,1.006843,0
-1.474221,0.069153,0
0.457797,-1.116620,0
-0.700613,-0.388807,0
-0.681754,0.352368,0
-0.208490,-0.341922,0
-1.867897,0.366469,0
-1.058847,0.350458,0
-2.124203,-0.797655,0
-1.136717,0.501718,0
-1.549471,-0.783193,0
-1.333433,-0.789782,0
-1.131128,0.293795,0
-1.151195,0.212945,0
-0.049987,0.053670,0
-0.664937,0.535991,0
-0.099282,0.635008,0
-2.533100,0.505439,0
-1.607995,-0.876972,0
0.543737,0.075367,0
-1.292387,-0.325401,0
-0.882423,0.707802,0
-0.746852,-0.779300,0
-1.907054,-0.247335,0
-0.606798,-0.004047,0
-0.610407,-0.725481,0
0.491473,-0.284045,0
0.077450,-1.200938,0
-1.351621,0.479960,0
-0.542496,-0.482126,0
-2.149587,-1.020088,0
-1.474700,1.719855,0
-2.060278,0.183794,0
-1.302532,0.568972,0
-1.749442,-0.039999,0
-0.646598,0.400594,0
-1.119473,-0.596820,0
-1.515358,-0.988591,0
-0.601890,0.092116,0
-1.455828,1.026457,0
0.065878,-1.801982,0
-1.076795,0.414338,0
-1.454349,-0.773538,0
-0.712697,0.197654,0
-0.118984,-0.132916,0
-0.614497,-0.547903,0
-1.427097,0.109135,0
-1.296631,-0.772782,0
-1.273510,-0.253658,0
-1.292156,0.473126,0
-3.348500,0.448387,0
-1.212599,-0.034379,0
-3.307626,-0.484797,0
0.017984,1.335706,0
-0.783783,0.109744,0
-1.242687,0.078839,0
-0.100304,-0.690186,0
-0.034162,1.037643,0
-1.655179,-0.230509,0
-0.478448,-1.130093,0
-1.105755,-0.395050,0
-2.076601,-0.066513,0
-1.202733,0.596436,0
-0.359772,0.106529,0
0.437831,0.619388,0
-1.029463,-0.183844,0
-2.078937,-0.274104,0
-1.057387,-0.471624,0
-1.488577,0.664404,0
-1.428267,0.902599,0
-0.242691,0.429346,0
-1.248048,-1.328743,0
-1.495922,0.830022,0
-1.302841,-0.737779,0
-0.554605,0.414808,0
-1.357961,0.864622,0
-1.690218,0.456997,0
-2.061223,-0.082990,0
-0.584513,0.376321,0
-0.048927,1.052312,0
-1.466400,0.079655,0
-1.708983,0.229584,0
-0.913629,0.453207,0
-0.270952,-0.383910,0
-0.709834,0.371439,0
-1.672344,0.793836,0
-0.914147,-0.120197,0
-0.414400,0.487842,0
-0.390807,-0.628795,0
-0.511379,-1.172158,0
-1.871106,0.159630,0
-0.432400,0.195827,0
-1.844671,1.024594,0
0.032860,0.000406,0
-0.017794,2.098079,0
-1.414869,-0.815645,0
-1.407742,-0.489551,0
-1.081544,-0.112583,0
0.037576,-0.409505,0
-1.923509,-0.462419,0
-1.219838,-1.070606,0
-0.467504,-0.237237,0
-1.247441,0.759515,0
0.146530,-0.685876,0
-1.666631,0.041315,0
-0.681314,-0.670729,0
-1.134744,-0.506479,0
-1.059971,-0.390838,0
-0.352789,0.395262,0
-0.398963,-0.001938,0
-1.680361,-0.706506,0
-1.628590,-0.730373,0
-1.041220,1.300831,0
-0.727667,0.998128,0
0.078786,0.610790,0
-1.535062,-0.227152,0
-1.236840,0.899652,0
0.789899,0.960849,0
-1.782087,0.438612,0
-0.402714,-0.488819,0
-2.492456,1.506736,0
-1.572795,0.032633,0
-1.624890,-0.174058,0
-1.029777,0.466416,0
-0.569770,0.338935,0
-1.066615,0.275414,0
-0.582114,0.904833,0
-1.589207,-0.267782,0
-1.240307,-0.243326,0
-0.121202,-0.621836,0
-0.551319,-1.245227,0
-0.283301,-0.494228,0
-1.439964,-1.144292,0
-2.269166,0.738383,0
-2.219669,1.234953,0
-1.277761,-0.802699,0
-0.815087,0.151423,0
-0.183481,0.204081,0
-0.133101,0.209202,0
-0.148147,0.038565,0
-0.800144,-0.146786,0
-0.473728,1.811994,0
0.126204,0.705743,0
-0.670704,0.493280,0
-3.158654,-0.451233,0
-0.428899,0.612988,0
-0.994794,0.545824,0
-1.245077,-0.210284,0
0.459311,0.001445,0
-0.632448,-2.152881,0
-1.373775,1.702538,0
0.195111,-0.803577,0
-2.085211,0.048234,0
-0.365738,-0.351690,0
-0.029606,0.390379,0
-0.926272,0.869459,0
-1.533008,-0.189831,0
-0.153458,0.206666,0
-0.920780,1.369280,0
-1.741895,-0.454627,0
-1.505675,-0.461350,0
-1.362494,0.257703,0
-1.014060,-0.276440,0
-0.089986,-0.354937,0
-0.220862,0.150946,0
-0.307996,-0.392088,0
-0.731322,0.396165,0
-1.305116,0.167896,0
-1.690263,-0.111750,0
-1.791086,0.163177,0
-1.248888,0.122330,0
-1.271145,0.424494,0
-1.148179,-0.000337,0
-1.141111,0.520791,0
-0.359478,-0.170244,0
-1.199498,-0.618947,0
-1.212184,-0.880309,0
-1.437338,-0.567040,0
-0.816403,0.467825,0
-1.602550,1.603777,0
-0.661400,-0.030514,0
-1.677801,-1.651870,0
-2.076192,-0.314653,0
-1.051043,0.519059,0
-1.942980,-0.044431,0
-1.549644,0.919441,0
-0.994457,-1.186095,0
-2.067531,0.610136,0
-1.278733,-0.092383,0
0.266009,0.951021,0
-0.910405,-0.600660,0
1.000191,0.639902,0
-0.664741,-0.250780,0
-1.294849,-0.611129,0
-0.663053,-0.157741,0
-1.440403,-0.197647,0
-0.558115,-1.198596,0
-0.155711,-0.581082,0
-2.320600,0.463323,0
-1.852611,0.103556,0
-0.663287,0.447684,0
-1.204146,1.291285,0
-0.179790,-0.371898,0
-0.515610,0.442590,0
-0.852153,1.233275,0
-0.854805,-0.934052,0
-1.321408,-0.879652,0
-1.284056,-0.736910,0
-2.315957,0.368725,0
-0.595873,-1.555110,0
-2.388846,-0.741722,0
-0.932124,0.742483,0
-0.858152,-0.470463,0
-0.980570,0.047564,0
-1.677705,-0.007509,0
0.336737,-1.844907,0
-1.884518,-0.990056,0
-0.203624,0.478465,0
-0.675456,-0.583627,0
-2.293695,-1.214013,0
-2.229138,-0.515639,0
-1.776020,0.993005,0
-0.079443,0.874189,0
-1.352282,0.108511,0
0.018747,0.598697,0
-1.536824,0.347605,0
-0.876950,0.765122,0
-0.848344,0.091388,0
-1.412896,0.326033,0
-0.190132,-0.301477,0
0.245566,-1.042170,0
-1.376593,-0.161858,0
-1.351426,-0.805303,0
-0.681092,0.227686,0
