0.440492,1.054863,1
-0.430488,-0.843650,1
1.139381,0.437142,1
0.951132,-0.426329,1
0.638452,-0.224313,1
0.965333,-0.822112,1
-1.176927,-0.152401,1
1.025432,-0.378057,1
1.446161,0.409196,1
2.019219,-0.286549,1
0.222056,0.590127,1
0.954825,0.198284,1
0.540748,-0.482636,1
0.707932,-0.168592,1
0.763103,0.098152,1
1.800941,0.727720,1
0.124179,-0.351214,1
1.328463,-0.296506,1
1.189548,-1.189816,1
1.432350,-0.863235,1
0.576375,-0.399816,1
1.381969,1.767742,1
1.654490,-1.031391,1
0.820470,-0.960164,1
0.949206,-0.300050,1
0.931554,1.107009,1
1.167623,0.017136,1
1.656802,-0.750542,1
1.146277,-0.449818,1
0.968785,0.093709,1
1.944791,0.371210,1
2.889471,-0.023278,1
1.621247,0.127172,1
0.526864,0.532908,1
1.517212,-0.584728,1
1.166322,1.323327,1
1.863956,0.562928,1
0.444048,-0.352331,1
0.753628,0.156196,1
1.383676,-0.489050,1
0.861730,-0.512849,1
0.455724,1.332179,1
0.834404,-0.124955,1
0.833760,0.339053,1
-0.293328,0.620434,1
1.052267,-0.259120,1
1.874287,-0.607884,1
0.633008,-1.992809,1
0.041404,0.850644,1
0.853006,0.502262,1
2.108752,-0.245738,1
1.000141,-0.941954,1
1.319097,0.046623,1
0.633045,-0.678444,1
1.753313,-0.399572,1
0.734298,1.014788,1
0.010471,1.043050,1
-0.197297,-0.644481,1
1.893605,0.109840,1
1.173371,-0.714213,1
-1.305761,0.428250,1
1.761989,-1.216041,1
1.340610,-0.936957,1
0.518907,-0.406165,1
1.245903,-0.369836,1
1.029531,-0.692430,1
0.996036,0.176224,1
1.162417,0.203245,1
0.444105,-0.120694,1
1.363900,-0.240753,1
1.489807,-0.431640,1
0.252486,0.002445,1
0.585162,-1.197439,1
1.287301,-0.020256,1
0.900780,-0.452362,1
0.975253,-0.357854,1
0.828021,0.143924,1
-0.141975,0.390670,1
1.653430,0.105906,1
1.896279,0.103024,1
0.680213,-0.415952,1
1.168644,-0.519756,1
1.620456,1.284393,1
1.366340,1.549713,1
-0.178958,1.459242,1
1.536719,0.115917,1
0.515767,0.699671,1
1.901741,-0.666604,1
0.454122,-0.742762,1
0.337619,-1.245483,1
1.554990,0.199361,1
1.884969,0.150952,1
0.852751,-1.439630,1
1.325791,-0.342182,1
0.827841,0.013838,1
-0.541742,0.889107,1
0.454127,0.570868,1
0.679780,0.104050,1
1.767038,-0.376743,1
-0.899128,-0.923280,1
-0.026936,-0.240441,1
0.888192,0.459139,1
0.798417,1.530600,1
1.646957,0.830977,1
1.372693,-1.065528,1
0.528793,2.201775,1
1.020424,-0.444676,1
1.363630,1.177226,1
1.501185,0.932340,1
1.128639,-0.293633,1
0.805837,-1.499953,1
2.507823,-1.249813,1
0.150572,0.545635,1
1.708212,-0.560975,1
1.743476,0.244814,1
0.082315,-0.587519,1
0.590297,-1.002447,1
-0.173711,0.091388,1
0.619046,0.516396,1
0.257257,0.301187,1
2.125304,0.936537,1
1.211638,-0.943484,1
0.641543,0.826537,1
0.339045,1.446644,1
-0.050734,0.423422,1
0.661899,1.309316,1
-0.012695,-0.171025,1
-0.099048,1.042244,1
1.358377,0.891404,1
0.866121,0.203943,1
0.529138,-0.194527,1
1.689197,0.664443,1
1.118223,0.691967,1
1.047595,-0.314193,1
0.183597,-0.768237,1
2.024846,0.786380,1
1.880853,-0.327349,1
0.457501,-1.462293,1
2.743856,-1.297848,1
0.522955,0.090019,1
0.326918,0.231954,1
-0.001764,1.206705,1
1.241532,1.032894,1
1.959094,-1.191954,1
1.117371,-0.217653,1
0.762807,-1.891983,1
0.240682,0.088571,1
1.841087,-0.132738,1
0.204406,0.982906,1
0.579547,0.105168,1
0.843335,-0.047036,1
1.057503,0.445428,1
2.752060,-0.243569,1
0.971581,0.251744,1
0.924906,-0.176480,1
1.578278,0.153753,1
0.562584,-0.512286,1
1.082054,-1.072462,1
2.252438,0.898427,1
1.197440,-1.699297,1
0.654453,0.598763,1
-0.515973,0.611634,1
0.278778,-0.076719,1
1.015201,-0.120508,1
1.168792,0.168649,1
-0.167575,0.890245,1
1.451430,-0.128474,1
0.102402,0.101842,1
0.653073,0.841342,1
0.743517,0.389378,1
0.340559,0.763768,1
1.547741,-1.175796,1
1.667411,1.076866,1
-0.399190,0.563990,1
0.364176,-1.737793,1
1.965250,-0.378009,1
1.212050,1.215717,1
0.429709,1.221525,1
1.857666,0.251389,1
0.076894,-0.756435,1
0.516723,0.696090,1
1.382066,0.704268,1
2.751561,1.409263,1
2.179582,-0.137481,1
1.918799,-0.318077,1
0.581142,1.532013,1
0.881204,-1.244705,1
0.008835,-1.144171,1
2.515342,-0.221049,1
1.685819,-0.791197,1
1.944227,-1.839000,1
1.359382,0.086971,1
0.155620,-0.985811,1
0.533833,-1.203049,1
0.148310,0.097660,1
1.931116,-0.756415,1
1.814188,0.015587,1
1.124416,0.420609,1
0.014789,-0.281076,1
1.040216,0.248714,1
0.868809,1.168396,1
0.546637,0.969445,1
0.460348,-1.221367,1
0.891787,0.634993,1
1.274263,-0.459834,1
1.896132,0.433756,1
0.346900,0.690013,1
0.010132,0.750411,1
0.060730,0.761259,1
1.017675,1.855711,1
0.323110,-0.481325,1
0.013391,0.499891,1
1.194946,-0.676399,1
1.823152,-0.702200,1
0.497522,-0.485360,1
1.960274,-0.447278,1
0.911174,1.137889,1
0.014928,0.641417,1
-0.345587,-0.686827,1
0.523921,0.054689,1
0.780891,0.051939,1
1.240128,-0.142696,1
1.614278,0.365928,1
1.850732,1.025802,1
0.919750,-0.291487,1
2.486106,1.057925,1
0.938067,0.631608,1
0.359235,0.288045,1
0.885957,1.278069,1
0.375744,0.847126,1
0.059738,0.101509,1
1.293420,-0.673424,1
0.079898,0.863149,1
2.190786,-0.196864,1
1.564245,1.578590,1
-1.200837,-0.967519,1
2.163364,-0.314184,1
1.238315,0.518569,1
0.533453,0.282046,1
-0.881295,0.719542,1
1.730459,-2.221731,1
0.502191,0.025802,1
0.601678,0.278202,1
1.142129,0.113362,1
1.513480,0.046530,1
0.998356,-0.687643,1
1.142492,0.259699,1
1.771760,-0.895172,1
1.143070,1.606071,1
0.003101,0.728864,1
1.113594,0.894039,1
1.304860,0.113913,1
1.213334,-0.775773,1
2.358298,-0.619011,1
0.690216,0.074975,1
1.537926,-0.582600,1
0.510386,1.403823,1
1.727581,0.074877,1
1.691229,-1.692689,1
0.917147,-0.422421,1
1.770558,0.533217,1
2.054782,1.256971,1
1.258647,0.051199,1
0.916070,0.035376,1
1.429468,1.092031,1
0.946976,0.214168,1
1.644576,-1.267616,1
0.451480,-0.489392,1
0.489114,-0.939466,1
1.388285,1.030063,1
1.519041,1.459305,1
-0.009132,0.478057,1
2.875924,0.066933,1
2.008315,-0.383429,1
1.653748,0.526483,1
1.446946,0.756716,1
1.180709,-1.425282,1
1.886282,1.070991,1
0.480454,0.129562,1
0.632455,-0.251627,1
1.997053,-1.435416,1
1.487371,0.124853,1
0.646718,0.133332,1
0.967312,-0.156520,1
1.566847,0.114750,1
-0.190708,0.552010,1
0.287278,0.575432,1
0.179080,0.953826,1
0.518993,-1.188943,1
0.665109,0.309195,1
-0.065457,0.876723,1
0.997680,-0.211441,1
-0.274970,1.221616,1
0.037369,-0.064852,1
1.127439,-0.822782,1
0.848043,0.194291,1
0.788849,-0.465817,1
0.659583,0.220599,1
0.761202,-0.122385,1
0.956582,0.247747,1
1.570178,0.412146,1
0.145730,-0.109852,1
2.379257,-0.401294,1
1.825380,0.463535,1
0.118977,-2.066480,1
0.970434,0.211797,1
1.320061,-0.196639,1
2.206201,-0.905609,1
2.423956,0.530338,1
2.028017,0.791678,1
1.128992,0.475351,1
0.680257,1.359192,1
0.684524,-1.007841,1
2.008533,-0.660616,1
1.799903,0.239880,1
1.026209,-0.178224,1
1.239721,-0.743956,1
2.356834,1.010155,1
0.963588,0.676122,1
1.916101,-0.310243,1
0.060261,0.218251,1
0.732714,0.207147,1
1.317582,0.570608,1
1.415218,-1.030458,1
1.214621,0.971430,1
0.693385,0.191316,1
0.765016,-0.027942,1
0.741449,-0.058059,1
0.627598,1.034126,1
-0.254667,-0.954488,1
0.648108,0.540252,1
0.556397,0.614761,1
0.106160,0.845220,1
1.756741,-0.781917,1
0.764668,0.629358,1
0.841460,0.837374,1
2.722204,-1.393720,1
1.878935,1.579761,1
2.409179,-1.138389,1
-0.080756,-1.670620,1
0.174680,-1.057110,1
1.893011,-1.136812,1
1.183288,-0.515768,1
1.392112,-1.021320,1
1.280712,0.108398,1
0.070791,0.826389,1
0.683252,-0.494293,1
0.962033,0.140945,1
0.170090,-0.104985,1
0.707060,1.338335,1
0.642082,0.147971,1
1.856590,-0.826901,1
0.707179,-0.770212,1
0.654625,0.669772,1
1.367335,0.863607,1
0.980708,0.673441,1
0.829006,-0.447015,1
1.523546,-0.090689,1
1.438015,-0.387195,1
-0.534196,-0.513588,1
0.332977,1.067241,1
0.836454,-0.963230,1
1.159132,-1.250674,1
0.979390,0.153182,1
1.200153,0.762049,1
0.738572,0.704841,1
2.545173,0.181975,1
0.459814,0.827705,1
-0.824927,-0.322665,1
0.105285,-0.932268,1
0.730161,-0.984164,1
1.558278,0.293991,1
1.835004,0.419493,1
-0.161604,0.934921,1
1.895045,0.910767,1
0.023163,-0.297045,1
1.105682,-0.521902,1
-0.410000,0.930203,1
1.900111,-0.989214,1
-0.261606,-1.397799,1
0.943765,-1.330856,1
0.700978,-0.350921,1
-0.161979,0.328177,1
-0.140502,-0.634170,1
0.739815,-0.927850,1
0.940023,0.627414,1
2.054887,0.018306,1
0.079850,-0.771251,1
1.848723,0.742778,1
2.087457,-1.055268,1
1.128204,0.081859,1
1.721284,0.543174,1
0.492514,-0.158874,1
2.316246,-1.175872,1
1.603678,-1.859405,1
1.626672,-0.083517,1
1.408099,0.458068,1
0.409807,0.801086,1
1.155880,-1.076100,1
1.985050,-0.846972,1
1.039629,-0.337682,1
2.028351,-0.325431,1
0.771128,-0.613091,1
0.160357,0.467005,1
1.429452,-0.597038,1
-0.331304,-1.282072,1
0.808865,-0.615095,1
0.678212,-0.820213,1
2.285341,-0.261547,1
1.867639,-0.509015,1
0.885441,-0.044426,1
-0.201806,0.326106,1
2.137510,-0.330304,1
0.800253,-0.571811,1
0.531649,-1.591253,1
1.237743,-0.086223,1
-0.016262,-1.108191,1
1.156578,-0.037865,1
1.274875,0.270442,1
2.323595,-0.758334,1
1.388291,-0.560392,1
0.802143,0.261461,1
0.534742,0.118127,1
0.264315,-1.862268,1
1.871282,0.200192,1
1.451903,1.647013,1
1.251896,0.368991,1
0.525615,-1.010056,1
-0.581238,-0.950469,1
0.755509,-0.880793,1
-0.595220,0.136896,1
1.068808,0.105547,1
0.966205,0.632360,1
0.607074,0.016125,1
0.088540,-0.701898,1
1.588974,-0.185154,1
0.205954,0.497215,1
0.463355,-0.168450,1
0.795625,-0.125631,1
1.205475,-0.178134,1
0.107176,0.136290,1
1.657818,-0.022872,1
1.510449,-0.582204,1
1.294949,0.746199,1
0.539867,-0.332636,1
1.453254,1.007851,1
2.040020,1.139055,1
1.477242,0.679107,1
0.548029,0.495701,1
1.041697,1.148142,1
2.167412,0.703176,1
-0.190195,0.046990,1
0.801701,-1.267163,1
1.695125,-1.016192,1
1.575354,-0.420150,1
2.856051,0.110040,1
0.216871,0.633929,1
1.764290,-1.116815,1
1.160854,1.161505,1
1.354209,1.111033,1
1.164630,0.302839,1
0.772299,0.188775,1
0.048674,-0.543428,1
-0.055435,-1.071021,1
1.935451,0.327675,1
1.059926,0.316003,1
1.481296,0.373077,1
0.490232,0.696933,1
1.869161,-0.139765,1
1.246017,0.020275,1
1.379074,0.332171,1
0.832125,0.770755,1
1.452542,-0.284253,1
1.359081,-0.256826,1
-0.145925,0.043236,1
1.454889,-0.383351,1
1.119998,0.172857,1
-0.351957,-0.352074,1
0.982988,1.145692,1
0.324687,-0.742628,1
0.615164,0.600619,1
0.058184,0.303301,1
-0.068971,-0.418078,1
0.911607,1.431415,1
-0.149260,-0.403486,1
1.679128,0.547900,1
1.386592,-0.483147,1
-0.322258,0.537213,1
0.268497,0.502200,1
-0.435061,-0.156886,1
1.574525,-0.621531,1
0.482878,0.755410,1
1.160450,-1.625342,1
1.309829,-0.534593,1
0.762217,0.598929,1
0.725405,0.711863,1
-0.070242,-2.140879,1
1.279665,-0.859303,1
0.012876,-1.551244,1
1.102502,-0.616906,1
1.695211,0.596164,1
0.544603,0.203696,1
1.085406,-0.520400,1
0.806818,0.534281,1
-0.486509,0.065201,1
1.923419,-0.284050,1
1.007057,-0.338153,1
0.564451,-0.871767,1
1.496299,-0.292250,1
0.175369,-0.658199,1
1.529158,-0.109305,1
0.142040,0.032990,1
2.070257,0.532150,1
1.450015,0.111429,1
0.250548,0.503960,1
-0.136899,-0.474683,1
1.712319,-1.066790,1
-0.659090,-0.150773,1
1.168242,0.788476,1
1.258003,-0.861516,1
0.745664,-1.466323,1
0.490527,0.488611,1
2.253465,-0.104122,1
-1.057720,-0.715849,1
0.985670,0.456069,1
1.864760,-0.452452,1
1.777521,1.456007,1
0.694746,0.505624,1
0.213830,-0.454238,1
0.933373,0.295043,1
1.194911,-0.451407,1
0.593145,0.165325,1
1.654478,-0.528261,1
1.761609,-0.887641,1
1.820582,-0.740427,1
1.511392,0.273645,1
1.516752,0.941692,1
1.279851,1.089126,1
-0.157293,1.330702,1
0.382488,0.476468,1
1.018599,-0.912466,1
0.686544,1.119123,1
1.804483,0.601153,1
0.384677,0.027080,1
0.684671,-0.019940,1
0.829567,-0.288670,1
1.255035,-0.723944,1
0.917709,-0.323794,1
2.186077,0.154739,1
0.283920,-1.777946,1
0.704206,-1.478560,1
1.361404,0.334153,1
0.244036,-1.600222,1
2.138601,0.386563,1
-0.673887,0.205020,1
-0.470115,-0.861601,1
0.471633,-0.195266,1
1.246117,1.177706,1
0.464339,-0.205146,1
1.230506,1.034135,1
2.217317,1.570985,1
1.084422,-0.015141,1
1.927063,0.193847,1
-0.016649,-1.346431,1
-0.055824,0.534210,1
0.163760,0.226467,1
1.321560,0.017250,1
0.987913,0.883497,1
1.020409,-0.931355,1
-0.602882,0.138437,1
0.829662,-0.047571,1
0.563003,0.048168,1
0.106648,0.460103,1
1.439239,0.790651,1
1.594950,1.709791,1
1.586412,0.434022,1
2.300607,0.158696,1
0.904663,-0.744317,1
1.031746,0.670199,1
0.464174,2.340989,1
1.831967,0.315779,1
2.635665,-0.893910,1
1.391964,0.567131,1
0.624983,-0.247596,1
1.328049,0.057116,1
1.870422,0.623695,1
0.394636,0.852219,1
0.764942,-0.756637,1
1.650941,0.127914,1
1.971204,-0.701881,1
1.002282,0.797168,1
-0.164130,-0.113989,1
1.415832,0.711240,1
1.657410,-0.255987,1
1.816805,0.496601,1
1.581103,-0.707813,1
1.024895,-0.559784,1
0.194245,0.194943,1
1.803237,-0.966661,1
0.500136,0.705399,1
1.961938,-0.183226,1
1.268721,-0.067051,1
1.593965,-1.033875,1
2.566517,0.162080,1
1.224660,0.442856,1
-0.213196,-0.263676,1
0.465981,1.681577,1
1.253606,0.022225,1
1.205062,0.397510,1
0.506303,0.341795,1
2.258077,-1.048541,1
0.782068,-0.623622,1
0.049114,-1.599146,1
1.936547,0.085776,1
1.536755,-0.522911,1
1.114649,-0.457769,1
0.878851,0.364068,1
2.115812,-0.424125,1
0.629169,-0.437574,1
1.791573,0.703111,1
-0.214445,-1.245827,1
1.763164,-0.653403,1
1.335978,0.612110,1
0.488255,0.022127,1
0.870198,0.792970,1
0.511913,0.584831,1
0.551839,-0.324543,1
-0.608820,1.644518,1
0.174650,-0.678963,1
0.365584,0.759281,1
1.196863,0.829446,1
0.775444,0.192434,1
2.514495,0.462252,1
1.784192,0.524877,1
-0.032220,-0.449005,1
-0.128890,0.889644,1
3.126834,-0.144990,1
1.292054,0.461349,1
1.439217,0.426121,1
1.423142,-1.034758,1
1.825401,0.726314,1
0.756607,-0.926951,1
1.706209,0.570826,1
0.639723,0.026829,1
2.993650,0.581093,1
2.779391,0.540826,1
0.617968,-1.401107,1
0.387856,0.176327,1
2.198363,0.995235,1
2.319956,0.601055,1
2.395466,0.658562,1
2.006450,-0.609417,1
3.227376,1.207051,1
0.467248,-0.100875,1
0.601962,0.386761,1
0.749387,-0.209471,1
0.562724,-0.364888,1
0.545366,0.373805,1
0.692386,0.245401,1
1.168400,-0.949762,1
1.194071,0.653080,1
1.082730,0.692964,1
0.650027,-0.874518,1
0.368862,0.201897,1
0.711399,0.343175,1
1.077246,0.520562,1
1.385828,-0.000656,1
1.607629,-0.168630,1
-0.171934,0.934006,1
1.753006,-0.408053,1
1.255819,0.714231,1
0.406085,1.049794,1
0.548107,0.974865,1
-0.646168,-0.311547,1
1.213823,0.387481,1
0.622544,-0.496646,1
1.712081,0.699767,1
0.473677,0.487957,1
1.736491,0.604545,1
0.758123,0.172562,1
1.296337,-0.329493,1
0.837214,0.436810,1
0.437167,-1.243199,1
0.205071,0.296333,1
1.696314,0.499954,1
0.218100,-0.113498,1
0.472466,0.408938,1
0.535956,0.460551,1
1.501174,-0.897161,1
1.522781,0.167614,1
0.030264,0.958042,1
1.295304,0.171876,1
1.223600,1.592022,1
0.708040,0.374148,1
1.633061,-1.226318,1
0.802102,-1.189458,1
1.220138,-1.273811,1
0.820951,1.128774,1
0.383203,-0.723824,1
2.385503,0.424471,1
1.313300,-0.170659,1
1.736143,-0.435382,1
2.713505,0.617353,1
1.556241,0.871488,1
1.248589,0.961529,1
-0.631459,-1.147569,1
2.113611,-1.194219,1
0.738098,-0.064230,1
0.464658,-0.377768,1
0.154479,0.413275,1
0.550989,1.780579,1
0.885695,1.048322,1
0.041341,0.099636,1
0.293134,0.038664,1
1.079128,0.188029,1
-0.408035,-0.778969,1
1.228037,0.638994,1
0.946161,0.870533,1
0.785941,0.420149,1
1.729288,0.719814,1
-0.689702,0.289617,1
0.503157,-0.024534,1
0.654773,0.293436,1
2.021890,-0.632737,1
1.517479,-0.568744,1
0.117230,-0.140205,1
1.196768,-1.872344,1
2.071202,-1.049536,1
0.797363,-1.008042,1
0.388742,-0.608695,1
1.483877,-0.248101,1
1.388290,0.750249,1
0.878014,0.298543,1
0.837715,-0.513548,1
0.223306,-0.209631,1
0.405332,-0.775444,1
-0.030410,-0.585385,1
1.777704,0.342275,1
1.177989,0.679996,1
0.517116,0.718254,1
0.879238,1.670724,1
3.115382,-0.072342,1
0.515395,0.978553,1
2.509783,0.447639,1
-0.101974,-1.524940,1
1.546824,0.859441,1
0.644965,-0.125011,1
-0.215757,-0.371943,1
1.875187,-1.746894,1
1.206482,1.209378,1
0.319628,0.128864,1
0.505682,1.614764,1
1.585964,2.724611,1
1.249865,-1.491048,1
0.392346,-0.948543,1
1.094382,-0.431882,1
1.478339,-0.702754,1
0.912065,1.123169,1
0.397585,-0.470852,1
0.799836,-0.026682,1
0.474040,-0.155379,1
0.860984,-0.417205,1
1.543926,-1.915270,1
0.915060,0.338899,1
1.309127,-1.399087,1
-0.985400,1.513419,1
1.172520,-0.357466,1
0.439111,0.691347,1
0.874238,-0.139720,1
2.067952,-0.578805,1
-0.351635,-0.432976,1
1.583399,0.073036,1
0.901544,-0.090292,1
1.881641,-0.284382,1
1.296720,0.337564,1
-0.066431,0.431413,1
2.608641,-0.702698,1
0.542705,1.223288,1
0.537734,1.075139,1
2.539184,0.779023,1
1.066980,1.753439,1
1.170027,-0.218206,1
1.812530,0.819679,1
1.100745,0.050994,1
1.112466,-0.483661,1
0.472007,-0.316695,1
0.974378,0.175632,1
1.584337,-0.518353,1
2.049238,-0.307852,1
0.910618,0.467024,1
2.050067,-1.580573,1
1.088733,-1.257543,1
0.590520,2.080877,1
0.338772,0.199745,1
0.619914,2.425044,1
0.085753,-1.100612,1
1.813064,-0.246784,1
1.918860,0.690003,1
1.095126,0.335781,1
0.849485,0.928105,1
1.559643,-1.029994,1
0.328523,0.372241,1
2.736904,0.763873,1
0.072727,-0.836967,1
1.874577,0.056981,1
0.844959,0.112439,1
0.207595,-0.241968,1
1.626860,-1.367801,1
0.656042,1.014550,1
0.996699,-0.963562,1
-0.263514,0.336838,1
0.893976,-0.099295,1
0.839001,0.260188,1
1.464051,-1.423353,1
1.612781,1.168373,1
1.533905,0.388876,1
0.838230,-0.307235,1
0.438042,0.347266,1
0.314640,0.634131,1
0.598202,-0.681628,1
1.734732,1.762052,1
1.049218,-0.271245,1
1.454114,0.705565,1
-0.125322,0.459210,1
1.023471,-0.461474,1
-0.036554,0.265649,1
2.471097,-0.590345,1
0.521487,-0.023185,1
0.912255,-0.267061,1
2.105740,-0.084193,1
1.472620,0.806933,1
1.857610,0.100453,1
0.098541,0.949342,1
1.642419,0.771420,1
0.235073,-0.269134,1
0.798160,0.760186,1
0.151438,0.106643,1
0.909157,-1.166965,1
2.109320,-0.601572,1
0.438866,-0.845308,1
1.037675,-1.307931,1
0.009034,-0.559990,1
0.141907,-0.579239,1
1.904561,-2.050404,1
0.303262,-0.810972,1
0.761587,0.061853,1
1.876977,-0.633848,1
0.626522,0.692552,1
0.888147,0.304429,1
1.226562,-0.335302,1
-0.037315,0.161402,1
0.663200,0.515157,1
-0.163259,-0.447363,1
0.871475,1.401033,1
0.340641,-0.317313,1
1.070379,-1.487865,1
-0.238266,-0.366143,1
1.224848,-0.839638,1
0.959201,0.615874,1
0.865596,-0.055089,1
0.967982,0.016882,1
0.959084,0.639541,1
2.337924,0.160093,1
0.568850,-0.790393,1
1.908734,-0.695330,1
1.254568,0.462709,1
0.825338,0.240365,1
0.216148,-0.790095,1
-0.101316,1.740657,1
1.170291,-0.369897,1
2.565512,-0.178544,1
0.382257,1.154621,1
1.142616,-0.639353,1
1.039508,-0.314010,1
0.713887,1.280753,1
1.422332,-1.874777,1
1.578430,-0.911992,1
0.509219,0.624598,1
0.023076,-0.119045,1
2.306656,0.939186,1
1.610978,-1.415603,1
1.528298,0.836853,1
-0.366337,-0.432917,1
1.668553,-2.139548,1
0.741830,-1.581049,1
0.580592,-0.484898,1
0.929695,1.264897,1
1.205305,-0.584804,1
0.939730,0.144759,1
1.709498,-0.314304,1
0.733361,-0.780809,1
1.352543,-1.198583,1
-0.216676,-0.736485,1
0.171679,0.536876,1
1.756293,-0.421684,1
0.874976,0.746762,1
0.216449,-0.889245,1
2.234194,-0.580905,1
0.356974,-1.294099,1
2.705925,1.433434,1
-0.239597,-1.083448,1
0.086362,0.928118,1
-0.096405,-0.508888,1
1.619147,-0.818536,1
2.525511,0.684489,1
1.420774,-0.617104,1
2.417485,-0.899052,1
0.696275,-0.977621,1
0.381304,-1.009630,1
1.978693,-0.884426,1
1.341140,-0.098693,1
1.025031,0.357198,1
1.925268,0.541975,1
0.273123,-0.133925,1
2.026236,-0.186722,1
2.641270,0.377311,1
1.038164,-1.013201,1
0.750862,-1.164746,1
1.113676,-0.420546,1
0.291899,-0.341417,1
3.012740,-0.366211,1
-0.239561,-1.066497,1
1.319266,0.087560,1
0.852165,-0.099277,1
2.791845,-0.509921,1
0.788381,1.141591,1
1.993805,-0.135285,1
0.097806,-0.172726,1
0.209847,0.111039,1
0.028053,-1.051549,1
0.611264,-1.210755,1
1.555753,0.745957,1
1.004009,-0.567566,1
0.687516,0.126447,1
0.536548,-0.175146,1
1.112457,-0.637652,1
0.552111,-0.208695,1
0.506598,-0.675304,1
-0.355029,-0.111801,1
1.240733,1.309546,1
1.911868,-0.471534,1
1.849834,0.284676,1
1.583347,-0.627674,1
0.676538,0.625653,1
-0.025313,-0.072045,1
1.567567,0.234843,1
0.946263,-0.696510,1
0.115039,-0.086527,1
1.912826,-0.030021,1
1.544958,-0.637675,1
1.838471,-0.312184,1
1.501866,-0.397251,1
0.790513,0.235807,1
0.743065,0.227947,1
1.448805,-0.537943,1
-0.020793,0.239774,1
1.680132,-0.939991,1
1.658962,0.451252,1
0.906618,-0.650878,1
1.344230,-1.260112,1
2.219157,-0.856589,1
0.731297,2.471791,1
0.213149,-0.097574,1
2.823537,0.212056,1
1.025627,0.237965,1
-0.564476,0.280905,1
1.192382,-0.848282,1
1.662474,-0.292802,1
0.789593,-0.312498,1
1.099437,0.594156,1
1.680689,0.185383,1
0.487908,0.158724,1
0.038585,-0.448356,1
0.867362,-0.543359,1
2.089248,0.468236,1
-0.102094,0.282543,1
0.680382,0.783399,1
0.712964,-0.036647,1
1.162841,0.698970,1
1.037609,-0.499024,1
1.596693,-0.847418,1
0.525481,0.054391,1
0.410220,1.698963,1
0.683645,-0.764376,1
0.215854,-0.085612,1
0.700770,-0.171184,1
0.724441,-0.036630,1
1.715538,-0.547725,1
-0.256698,-0.155282,1
1.010799,1.333604,1
0.772046,-1.255277,1
1.261117,-0.128880,1
0.005767,0.995365,1
1.039353,-0.828975,1
0.938449,0.572722,1
1.587599,0.618828,1
1.491037,-0.227803,1
1.604517,-0.384398,1
1.635423,-0.436869,1
2.096394,-0.168242,1
-0.215060,-0.361031,0
-1.269472,0.050823,0
-1.253064,0.000345,0
-1.295608,0.936049,0
-0.535721,-0.416472,0
-1.000032,-0.550035,0
-1.094589,0.116374,0
-0.464028,-1.101294,0
-2.055021,-0.099988,0
1.312258,-0.300925,0
-0.767837,0.653876,0
-0.203800,0.704308,0
-1.626779,-0.027513,0
-0.617012,1.276376,0
-0.395381,0.912492,0
-0.747382,-0.356653,0
-0.294625,1.823888,0
-0.394812,-0.998891,0
-1.774331,0.320612,0
-0.510461,-0.055819,0
-0.490422,-0.586312,0
-1.726497,0.928862,0
-0.596839,0.644765,0
-1.988711,0.073288,0
-0.397860,-0.544525,0
-0.190200,-1.255548,0
0.033184,-0.672796,0
-1.927738,-0.577341,0
-1.647357,-0.531746,0
-0.776584,-0.198486,0
-1.104337,0.611950,0
-0.589263,0.623660,0
-0.797525,0.759567,0
0.999100,-0.262114,0
-0.331756,-0.372357,0
-1.944315,-0.545647,0
-2.432232,0.133931,0
-2.228170,-1.511870,0
-0.559764,0.209659,0
-3.325176,1.194375,0
-1.072886,-0.081538,0
-1.242685,0.118319,0
-1.186270,0.706800,0
-0.095470,0.608734,0
-0.074767,-0.503769,0
0.620280,-0.441046,0
0.266541,0.540291,0
-1.903425,0.462098,0
-0.038655,-0.319485,0
-0.719962,0.194780,0
-0.804880,0.094932,0
-1.692950,-0.427088,0
-1.457457,0.638207,0
-0.832710,0.295089,0
0.236158,0.002882,0
-0.688767,-1.301721,0
-0.549599,-0.429282,0
-1.490859,1.708423,0
-1.980420,0.110454,0
-1.644126,-0.108873,0
-0.494881,-0.022936,0
-0.462349,-0.226522,0
-1.328198,-0.465919,0
-3.041559,-0.219855,0
-0.254645,1.336475,0
-0.827030,0.144832,0
-0.690061,0.762439,0
-0.782109,0.719439,0
-0.994942,-0.492838,0
-0.214250,-1.193675,0
-1.233081,0.632154,0
-1.029252,0.378032,0
-1.475541,-0.093149,0
-1.578655,-0.605157,0
-0.535047,0.377176,0
-0.376656,-0.091994,0
-0.728733,0.827305,0
-0.575945,-0.658114,0
0.369610,0.984210,0
-0.356368,0.322442,0
-1.010939,-0.396120,0
-0.656390,0.258160,0
-0.766523,1.108953,0
-1.163308,0.702833,0
-1.169834,-0.016733,0
-0.328722,-1.588319,0
-1.256196,0.408581,0
-0.723379,0.284229,0
-0.836671,1.586092,0
-2.032634,0.337964,0
-0.697110,0.415409,0
0.026025,-0.745507,0
-0.018235,0.368067,0
-1.058092,0.418091,0
-2.411535,0.869817,0
-1.372724,1.041523,0
-1.817601,0.032746,0
0.115397,0.003670,0
-1.017723,-0.127004,0
-2.489324,2.683528,0
-0.504765,-1.274124,0
-1.170529,1.507784,0
0.116110,0.681026,0
-0.578966,0.528307,0
-0.991825,0.568517,0
-0.643604,-0.481058,0
-1.418743,-0.242715,0
-1.685382,-0.326926,0
-2.411785,-1.072745,0
-1.109005,0.062553,0
-0.056063,-0.839066,0
-0.825438,0.695836,0
0.317954,0.909346,0
-0.678746,-0.117436,0
-1.347512,-0.783663,0
-0.538650,0.440982,0
-0.332318,1.312770,0
0.062898,-0.499733,0
-0.126045,0.264307,0
-2.383555,-1.429828,0
-1.457951,-0.140133,0
-1.377268,-0.342081,0
-1.664061,0.974973,0
-1.272531,-0.101212,0
-1.081638,0.297070,0
-0.097906,-0.512484,0
-0.844173,0.591229,0
-0.973217,-1.077408,0
-0.184137,0.513738,0
-1.412528,-0.147186,0
-1.199002,-0.842311,0
0.331102,2.181716,0
-0.499538,-0.469694,0
-0.959450,-0.241292,0
-1.719862,-1.638001,0
-1.260975,-0.653686,0
-1.877854,-0.963296,0
-0.917945,1.531080,0
0.724419,-0.531716,0
-0.733942,-0.865950,0
-0.601345,-0.351129,0
-2.374634,-0.764754,0
-1.946221,-0.747787,0
0.178581,-0.139044,0
-1.034416,0.040567,0
-0.929000,0.157708,0
-1.685184,-1.499894,0
-0.730355,-0.174422,0
-0.833060,-0.439021,0
-0.839879,0.168260,0
-1.735938,0.891982,0
-1.263870,0.840194,0
-1.120136,0.888393,0
-1.550259,1.131949,0
-0.057003,-0.300007,0
-1.181781,1.015795,0
0.096404,0.394346,0
-0.006852,-0.739988,0
-1.104923,0.815668,0
0.206847,0.263313,0
0.525021,-0.980521,0
-1.546654,-0.850350,0
-1.051250,-0.529050,0
-0.753204,-1.750757,0
-1.367414,-1.502241,0
-2.036047,-0.753605,0
0.566584,-0.066756,0
0.529340,0.069961,0
-0.613072,0.619256,0
-0.317255,1.346188,0
-0.172754,-1.414504,0
-2.313826,-0.239060,0
-0.680348,0.214717,0
-0.766146,-0.406007,0
-0.217442,-0.920179,0
0.733558,0.158176,0
0.206980,0.085891,0
0.024966,0.107289,0
-1.709353,-0.310937,0
0.801118,-0.405414,0
-1.283763,-1.488590,0
-0.774960,0.575475,0
-1.029073,0.530408,0
-1.298576,-0.354644,0
-0.018925,0.295204,0
-2.774057,-0.361339,0
-1.856551,0.500930,0
-0.779260,0.357549,0
-1.757960,2.117881,0
-0.391456,0.013351,0
-0.516161,0.015430,0
-1.903582,-1.032148,0
-0.165737,-1.561419,0
-1.618935,-0.364060,0
-1.410539,-0.982385,0
-1.153863,0.782827,0
-1.931288,0.188704,0
-1.395390,0.306729,0
-0.135570,0.442524,0
-1.473798,-0.544609,0
-0.761010,0.696285,0
-0.443113,0.653102,0
-0.838148,0.350136,0
-0.544151,-0.030310,0
0.048652,0.257411,0
-0.981029,0.087254,0
-0.903209,0.468411,0
0.141319,0.690318,0
-1.036970,-0.386611,0
-2.411393,-1.393921,0
-0.930561,0.451842,0
-0.212986,-0.060883,0
-0.319678,-0.284396,0
-0.544919,2.183490,0
-0.744763,-0.377445,0
-0.556706,0.267189,0
-1.874687,-2.046956,0
-1.789660,0.032010,0
-0.188919,1.795001,0
-0.004567,0.036354,0
-1.807042,-1.809281,0
-0.184615,1.314974,0
-0.846157,0.006812,0
-1.198531,-0.252440,0
-0.715618,-0.407096,0
-0.176262,-1.231135,0
-0.555499,-2.690332,0
-1.068087,-1.338320,0
-1.149251,0.268021,0
-1.780521,0.454475,0
-1.508382,-0.149218,0
-1.118983,0.614060,0
-1.703253,-0.018267,0
-0.687090,-0.436009,0
-1.948770,0.195628,0
-0.435001,-1.319567,0
-1.559590,0.270175,0
-1.118331,1.103993,0
-1.891557,0.661638,0
-0.575310,-0.651375,0
-1.690801,0.612744,0
-2.004875,-0.390762,0
-1.587420,-0.350679,0
-0.427180,0.004965,0
-2.524045,-1.415399,0
0.013679,0.098650,0
-2.372708,1.948881,0
-1.067048,0.067191,0
-1.588461,0.706487,0
0.253760,-0.047908,0
-0.500517,-1.300726,0
-1.799113,0.050701,0
0.540810,0.363194,0
-1.755015,0.443448,0
-0.554929,-0.389582,0
-1.629565,-0.381141,0
-0.690590,0.951411,0
-0.444980,-0.870316,0
-0.780094,-0.483672,0
-2.142188,-0.310308,0
-1.504375,-0.356324,0
-1.102376,0.450963,0
0.101570,-0.025004,0
-0.574149,0.506679,0
-0.944343,-0.850083,0
-1.282127,-0.150229,0
-1.157892,1.466201,0
-0.548145,0.191785,0
-2.125806,1.126761,0
-2.087279,0.347981,0
0.906040,0.605449,0
-0.105478,0.216360,0
1.026924,1.037314,0
0.549878,-1.150015,0
-1.289796,0.001007,0
-0.672726,-0.004863,0
-0.685263,-1.249739,0
-0.701481,-0.424150,0
0.716060,-0.430982,0
-0.649333,-0.158711,0
-0.880671,0.251806,0
-1.007197,0.371896,0
-0.908724,1.292399,0
-1.900967,-0.053889,0
-0.461614,1.654961,0
-1.380817,0.823899,0
-0.859043,-0.942140,0
-1.144981,0.110408,0
-0.947370,-0.694129,0
-0.208050,0.583879,0
0.076215,-0.287497,0
-2.306311,-0.992490,0
-0.711367,0.868171,0
1.267202,-0.368565,0
-1.105048,0.005876,0
-0.000884,-1.008262,0
-2.293123,2.182124,0
-1.037854,-0.936084,0
-0.365535,-0.771591,0
-1.117666,1.789487,0
-0.274632,0.242254,0
-0.040235,0.695266,0
-1.000790,0.318543,0
-0.444801,1.237821,0
1.145339,0.780055,0
-0.387009,-0.448391,0
0.093732,0.056497,0
-0.836675,-0.340883,0
-0.631929,-0.394938,0
-0.994366,-0.513308,0
-1.057520,0.559074,0
0.347044,0.404081,0
-1.675268,-0.393235,0
-1.314175,0.214657,0
0.001069,-0.082725,0
-1.724865,0.143172,0
-1.112553,0.674477,0
-1.217589,0.992819,0
-2.241114,-0.363525,0
-0.985108,-0.444053,0
-0.308941,-0.696142,0
-1.839197,-0.660084,0
-0.880087,0.800100,0
-0.616760,0.404265,0
-1.772548,0.004297,0
-1.194311,0.456563,0
-0.916110,-0.872654,0
-0.768681,0.090182,0
-0.576754,-0.836654,0
-0.999600,0.527682,0
-1.095094,1.821261,0
-2.191315,-0.419156,0
-0.595683,0.810787,0
-1.794348,1.091681,0
-1.088182,-0.725946,0
-1.839200,1.949222,0
-0.137092,0.201769,0
-1.801505,0.621674,0
0.059407,1.719349,0
-1.855903,-0.196625,0
-1.158028,1.201349,0
-1.684346,-0.453188,0
-1.757086,0.400210,0
-0.601858,-0.617478,0
-1.782225,0.680989,0
-1.902139,0.680750,0
-1.782222,0.547170,0
-1.235654,-0.544093,0
-0.346715,-0.551211,0
-0.542828,-1.382109,0
-1.230048,0.437730,0
-2.013477,-0.420396,0
-0.233784,1.178691,0
-1.907644,0.040769,0
-2.277354,0.713733,0
-0.696681,-1.357444,0
-1.266867,0.481294,0
-2.692503,-1.304331,0
-1.379594,1.068964,0
-0.085430,-0.382937,0
-0.026925,-1.367771,0
-0.948080,-0.683840,0
-2.102686,1.654452,0
-1.106665,-0.096563,0
-2.191811,-0.483187,0
-1.444161,0.721762,0
-0.760881,-0.679468,0
-0.206626,-0.394438,0
-1.787041,0.779490,0
-0.842973,-0.914815,0
-0.988474,0.893898,0
-0.255420,1.161795,0
-0.310937,0.477671,0
-1.577425,1.126181,0
-0.267037,1.730269,0
-0.158117,-0.761502,0
-0.278430,1.041066,0
-0.960688,0.213084,0
-0.900149,0.259004,0
-0.197906,0.466938,0
-2.675708,-0.293050,0
-0.955977,0.494947,0
0.169840,-1.201065,0
-0.405757,-0.459484,0
-0.620032,1.052932,0
-1.571297,-0.425523,0
-0.441188,0.230742,0
-1.412846,1.124442,0
-1.793290,-0.598446,0
-0.042283,0.462364,0
-2.308391,-0.002872,0
-0.834647,0.159303,0
-0.372655,-1.118209,0
-0.789116,-1.289696,0
-2.066754,-0.154267,0
0.032631,1.026800,0
-0.604329,1.473116,0
-0.909098,0.878502,0
0.898667,-0.021520,0
0.174005,0.839669,0
-0.813487,-0.021173,0
-1.209381,-1.101725,0
-0.757103,0.072104,0
0.124259,-0.486401,0
-0.637950,-0.614919,0
0.551905,0.066674,0
-1.513708,-0.078577,0
-0.539474,0.672586,0
-1.100077,1.258043,0
0.429353,-0.311568,0
-1.323514,-0.813262,0
-1.083760,-1.180469,0
-1.528252,-0.948458,0
0.626365,0.797656,0
-1.266647,-0.313482,0
-1.024572,-0.434985,0
-1.024951,-0.822714,0
-1.360711,-0.102366,0
-0.919175,-0.267838,0
-1.648700,-1.010710,0
-2.034598,-0.635534,0
-1.714943,0.340245,0
-0.796356,-0.907108,0
-2.555613,0.972303,0
-1.012232,-0.377106,0
0.250676,0.115908,0
-2.239489,-0.055947,0
-1.952696,0.292270,0
-1.847539,0.191864,0
-1.020797,-0.056900,0
0.415571,-0.789284,0
-0.459215,0.218995,0
-0.485247,-0.279841,0
-0.905181,-0.320044,0
-3.176107,-1.046004,0
-1.321089,0.072744,0
-1.539010,-0.309685,0
-1.426956,0.947614,0
-1.821782,-0.411536,0
-1.725992,-0.304324,0
-0.440508,1.680027,0
-0.408008,0.730204,0
-0.570374,-1.281866,0
-0.674955,0.981016,0
-1.931960,0.869870,0
-0.724435,0.099941,0
-0.092500,0.101439,0
0.068142,0.670858,0
-0.085216,0.078408,0
-0.241589,0.232043,0
0.734177,-0.190441,0
-1.025152,-0.682448,0
-1.730067,-0.722953,0
-0.972220,-0.828574,0
-0.389928,0.293533,0
-1.065123,-0.039718,0
-1.587261,-1.624366,0
0.284216,-0.228974,0
-1.793882,0.014901,0
-0.849826,1.168468,0
-0.339970,0.095223,0
-1.368621,1.220161,0
-1.116305,-0.122873,0
-1.297156,0.034649,0
-1.069293,0.157317,0
-0.693294,0.661283,0
-0.728129,1.311633,0
0.296679,0.550895,0
-0.806574,0.142638,0
-2.562334,-0.043439,0
-0.856443,-0.118758,0
-1.252643,-2.039855,0
-1.706515,0.061306,0
0.515438,-0.538563,0
-1.973865,-0.540259,0
0.924836,-0.717181,0
-1.681034,1.068527,0
-1.333107,0.388403,0
-0.985886,-0.937418,0
-1.752409,-0.467467,0
-0.714792,-0.777143,0
-1.306664,0.838392,0
-0.910584,0.041176,0
-1.105472,0.962814,0
-0.300241,0.659756,0
-1.540876,0.214551,0
-0.571677,0.421410,0
-1.102843,-0.344596,0
-3.615657,0.298683,0
-1.153809,-0.401620,0
-0.347435,-0.167029,0
0.073244,-0.623805,0
-1.368539,-0.272483,0
-0.798775,-1.262674,0
-1.300961,-0.237470,0
-2.298901,-0.611788,0
-0.076388,-0.717901,0
-1.434341,2.014881,0
0.414652,-0.584811,0
-1.504422,1.086207,0
-1.481442,1.872543,0
-2.541550,-1.770432,0
-1.563021,0.031488,0
-1.603444,-0.052034,0
-2.066044,-0.423535,0
0.079811,-2.132269,0
0.079521,-0.303858,0
-1.788786,-0.080760,0
-0.861798,-0.922211,0
-0.808750,-2.394778,0
-0.523109,-0.738726,0
-0.880327,0.545389,0
-2.794701,-0.291702,0
-1.605850,-0.560098,0
-0.885351,-0.042921,0
-1.200410,0.129083,0
-1.469923,1.151422,0
-1.116022,-1.413705,0
-0.217273,-1.087778,0
-1.647716,1.660058,0
-0.197588,-0.417115,0
-0.874968,-1.390809,0
0.368753,0.518470,0
0.309073,0.589829,0
-1.183435,-0.132200,0
-1.236869,0.340294,0
-0.783177,0.632822,0
-0.491616,2.376322,0
-0.913537,-0.498676,0
-2.679597,0.036788,0
-1.916510,0.415459,0
-0.824574,0.578641,0
-0.614477,-0.741336,0
-0.052336,0.860546,0
-0.647768,-0.273214,0
-1.229382,-1.227647,0
-2.097417,-0.238064,0
-0.305968,0.509294,0
-2.264873,-0.959781,0
-1.302314,1.228334,0
-1.554400,-0.313308,0
-2.715510,-0.331279,0
-1.035600,-0.378038,0
-0.810107,-0.131126,0
-1.235145,-0.330010,0
-1.171770,0.154989,0
-1.096009,0.514073,0
-0.730420,0.228682,0
-1.390437,-0.296774,0
0.121943,-0.774386,0
-1.428807,-0.307904,0
-1.052895,-0.338975,0
-1.090394,-0.727493,0
-0.367828,1.398734,0
-0.130784,1.146076,0
-1.877924,0.864935,0
-2.012028,-0.940721,0
-1.154557,-0.874606,0
-1.011995,-1.162711,0
-1.752949,-1.173215,0
-1.008464,1.173941,0
-2.295758,0.006162,0
-0.917990,-1.230462,0
-2.428386,-0.178834,0
-0.828082,-0.811588,0
-1.094550,1.033885,0
-2.598527,0.060957,0
-1.077487,-0.591633,0
-0.980372,-0.451707,0
-0.432306,-0.211288,0
-1.448583,-0.416654,0
-1.548210,-0.435920,0
0.005401,0.579326,0
-1.710827,1.024228,0
-2.584598,-0.374366,0
0.213281,0.861112,0
-1.196592,0.921856,0
-2.272213,-2.343307,0
0.342125,0.351486,0
-0.306994,-0.009445,0
-1.041209,-0.127025,0
-1.474454,-0.187735,0
-1.406916,1.271947,0
-0.025603,1.411357,0
-2.316349,-0.374522,0
-0.872960,-0.378731,0
-1.383763,-0.755131,0
-1.838300,-0.161909,0
-0.572502,-1.293495,0
-1.032217,0.387311,0
0.372328,-0.916411,0
-0.817084,0.150135,0
0.625916,-0.158874,0
-1.890636,-0.501408,0
-1.229147,0.824629,0
0.888681,-0.587538,0
-0.998620,0.055950,0
-0.667836,1.569498,0
-0.686375,0.319728,0
-0.101581,0.154640,0
-1.376195,-0.760150,0
-0.198414,1.470870,0
-0.253097,0.046688,0
-0.865754,-0.878773,0
-1.623852,0.700248,0
-1.380780,0.526818,0
0.780961,-0.158196,0
-1.708756,-0.289248,0
-0.586719,0.269402,0
-0.318894,-0.924924,0
-1.037833,0.308975,0
-0.069002,-1.075984,0
-0.974386,1.187178,0
-1.430189,-0.168524,0
-0.591723,-1.065077,0
1.415034,-0.320507,0
-1.481365,-0.927038,0
-0.099673,-0.590968,0
-1.589156,1.790239,0
-1.239067,0.169582,0
-2.591644,-1.488252,0
-1.507546,1.244071,0
0.166389,-1.959619,0
-1.781113,-0.175913,0
-1.110065,0.801351,0
-2.017644,-0.930580,0
-1.416228,-0.651633,0
-1.462382,-0.836107,0
-1.624228,-0.927208,0
0.120148,-0.330847,0
-0.476624,-0.496901,0
-0.666283,0.538389,0
-1.145849,0.525651,0
-0.494592,0.019939,0
1.143777,1.095881,0
-0.091321,0.748104,0
-0.171804,-2.484910,0
-1.379076,0.040910,0
-1.950594,-1.026768,0
0.128580,2.144866,0
-2.098439,0.598446,0
-1.313484,0.158990,0
-0.605902,1.165074,0
-0.299615,0.782464,0
-0.802529,-0.635163,0
-1.564428,-0.707315,0
-1.571920,-0.298895,0
-0.631228,0.543947,0
-1.338719,0.722071,0
-0.534163,-0.791261,0
-0.657640,0.120659,0
-0.578269,-1.336677,0
0.086850,-0.660820,0
-0.626913,-0.402620,0
0.219234,-0.615001,0
-1.121844,-1.275042,0
-2.650812,0.004058,0
-0.401563,0.096597,0
-0.530766,-0.985507,0
0.114711,1.005466,0
-0.168359,1.340210,0
-1.977174,1.605492,0
-1.948242,-0.112393,0
-0.686092,-0.346968,0
-0.813099,0.420045,0
-1.871206,1.087451,0
-1.601432,0.065432,0
-2.286721,-0.402107,0
-1.704528,0.178615,0
-1.072076,0.623742,0
0.457820,-0.079092,0
-1.198712,0.122356,0
-0.095469,-0.416736,0
0.202605,-0.222039,0
-0.173112,-0.585953,0
-2.159564,0.720926,0
-2.308834,-0.370296,0
-1.792710,0.603108,0
-0.629803,0.406937,0
-0.552186,0.987515,0
-1.711864,-0.572258,0
-1.892589,1.081810,0
-0.118706,0.151924,0
-0.986756,-1.213702,0
-1.136328,-0.887736,0
-1.232288,-0.083159,0
-1.470882,-1.211577,0
-1.199116,-1.334163,0
0.105059,0.717360,0
-0.795266,-0.158316,0
-0.842060,-0.145330,0
-1.897166,-0.002760,0
0.273562,0.259759,0
-1.525474,0.118690,0
-0.279766,1.474765,0
-0.882870,-0.615582,0
-0.492530,-0.358960,0
-0.956202,-0.232113,0
-1.330629,-0.557946,0
-2.341146,-0.171737,0
-2.363182,0.277172,0
-1.881979,0.188792,0
-1.376987,-0.933300,0
-1.558538,-0.180270,0
-1.394698,1.349653,0
-0.160347,1.778778,0
-1.389639,-0.338176,0
-1.693177,-1.044909,0
-0.706389,-1.427810,0
-2.448588,0.850067,0
-1.666108,0.266129,0
-1.299606,0.813877,0
-2.633084,0.520252,0
0.443043,0.714466,0
-1.441194,-0.774732,0
-1.154098,-0.610859,0
-0.205154,-0.559877,0
0.291376,-0.709463,0
-0.912450,-0.548665,0
-0.844926,-0.672216,0
-1.284633,-0.398235,0
0.380120,-0.434103,0
-1.287677,-0.402647,0
-1.719812,0.450636,0
-0.239222,-0.240397,0
-1.741052,0.669567,0
-0.696629,0.605599,0
-0.177456,-0.440488,0
-0.479977,-0.966380,0
-0.150556,-0.225420,0
-1.251671,0.174532,0
-1.466756,0.603413,0
-0.577586,1.423127,0
-1.913908,-0.974332,0
-0.964371,0.297849,0
-1.142558,-0.020177,0
-0.885374,-0.286778,0
-0.021891,-0.168478,0
-1.859878,0.488234,0
-1.302184,-0.574548,0
-0.908262,-0.002155,0
-1.624449,-0.285223,0
-0.876298,-1.195943,0
-0.809956,-1.208127,0
-1.543973,-0.299961,0
-0.430675,0.026609,0
-2.013606,0.863263,0
-1.264156,0.429088,0
-1.406092,-0.320461,0
-1.316149,0.610640,0
-1.100773,-0.699156,0
0.486736,-1.557626,0
-1.723581,0.703590,0
-1.159779,1.037249,0
-1.049795,0.820074,0
-0.140462,-1.078067,0
-1.338113,-1.243790,0
-0.832172,-0.149635,0
-0.890876,-1.194636,0
-0.502402,-0.257724,0
-0.543421,0.144840,0
-0.162284,-0.888112,0
-1.136615,-0.457149,0
-1.336416,0.019986,0
-1.527824,-0.089133,0
-1.479656,0.402979,0
-1.289616,-1.189118,0
0.211447,0.590926,0
-0.633242,-0.434894,0
-0.438251,0.667098,0
0.464254,-0.410545,0
-1.660744,0.112855,0
-2.348488,-0.633708,0
-1.707107,-0.997252,0
-0.649185,1.380526,0
-1.612696,0.952078,0
-0.122607,0.278034,0
-0.990841,0.491357,0
0.190223,-0.403913,0
-0.259626,1.586515,0
-0.644396,-0.581644,0
-0.624480,-2.402847,0
-0.464189,-0.500201,0
-0.503695,-0.065409,0
0.743511,0.886719,0
-0.877899,-0.647714,0
-0.728300,-0.166523,0
-1.164493,-0.269773,0
-1.170916,-0.501315,0
-1.437716,-0.436375,0
-1.396579,-0.406320,0
0.308095,-0.627331,0
0.078940,-0.088185,0
-0.671179,0.045215,0
-0.267589,1.193230,0
-0.728273,-0.309577,0
-0.497782,1.658474,0
-0.040362,-0.459701,0
-1.015933,-0.661667,0
-0.028024,-0.995482,0
-1.449752,0.504280,0
0.797866,0.826530,0
-1.848496,-0.084128,0
-0.155142,0.042125,0
-0.351398,-0.818425,0
-1.423288,-0.008235,0
-1.440061,-0.029285,0
-1.219153,0.746237,0
-0.479583,0.911442,0
-0.488650,0.146028,0
1.071773,-0.377366,0
-0.274198,0.774994,0
-2.258547,0.014042,0
-1.590860,0.248558,0
-0.183982,-0.240788,0
-1.944829,0.302566,0
-1.906947,1.209474,0
-0.630385,-1.397127,0
-1.846498,-1.011052,0
-0.737296,0.636745,0
-1.409167,-0.064653,0
-1.174674,0.320210,0
-0.103215,-0.080655,0
-1.297038,-0.422903,0
-1.311329,0.310473,0
-1.728163,-0.595149,0
-2.629393,0.676610,0
-0.381638,0.266613,0
-0.497146,-2.104236,0
-1.689032,-0.007722,0
-2.258057,0.641536,0
-2.244032,-0.372525,0
-0.539530,0.601571,0
-0.697452,-0.662594,0
-1.510926,0.233411,0
-1.128217,-0.211314,0
-1.327644,0.370617,0
-0.729409,-0.833768,0
-1.131100,0.132280,0
-0.071793,0.868365,0
-1.364306,0.177891,0
-2.390753,1.042171,0
-1.457365,0.297729,0
-1.996051,0.750936,0
0.042344,-0.236095,0
-0.938773,-0.639667,0
-0.101916,1.271019,0
-0.519158,-2.489031,0
-0.100140,-1.308021,0
-1.629484,-0.444139,0
0.428090,-1.104274,0
-0.297650,0.190229,0
-0.941244,-1.742283,0
-0.928663,-0.396680,0
-0.914386,0.536668,0
0.551629,-0.422734,0
0.273178,0.025509,0
-1.448993,-0.548695,0
-0.397449,-0.649510,0
-2.108718,-0.712916,0
-0.314491,-1.050529,0
-0.367547,-0.339812,0
-1.950757,1.211105,0
-1.352309,0.401970,0
-0.460860,0.316364,0
-1.828452,-0.358349,0
-1.769702,1.226952,0
-0.157509,-0.706310,0
-1.804977,-2.307658,0
-0.758491,0.576315,0
-1.567898,-0.812260,0
-0.406889,0.937914,0
-1.160034,0.646475,0
-0.565535,0.055115,0
-0.630710,-0.718235,0
-0.944413,-0.791009,0
-0.862923,0.565719,0
0.259441,-0.233436,0
-2.051899,-1.765787,0
-0.366450,0.505354,0
-0.804202,-0.646932,0
-0.695087,0.794573,0
-1.092730,-0.152585,0
-1.165959,-0.681455,0
-1.126809,0.643543,0
-0.745982,-0.735525,0
-0.559616,0.133308,0
-0.358810,0.332335,0
-1.873321,0.344999,0
-1.460438,-0.896759,0
0.081774,-0.121120,0
-0.962277,-0.355287,0
-1.531886,-0.192302,0
0.276259,-0.947504,0
-0.934187,-1.971264,0
-2.106412,-0.436571,0
-2.035077,-0.265880,0
-0.503990,-0.520433,0
0.049378,0.007626,0
-1.344649,-0.673612,0
-1.264844,-1.072606,0
-0.443011,1.413719,0
-1.255166,-0.083828,0
-1.251592,1.486763,0
-1.103446,-1.202455,0
-1.071765,0.234807,0
-1.622273,1.224927,0
-0.315217,1.167531,0
1.174029,0.824072,0
-0.014294,1.167447,0
-0.387195,-0.135633,0
-1.646544,-0.281255,0
-1.119086,-1.026686,0
-2.041439,-0.289223,0
-2.181181,0.611840,0
0.300775,-0.261961,0
-0.891645,-0.214222,0
-1.079325,-3.132765,0
-1.431239,0.024707,0
0.155884,-1.269161,0
0.776497,0.893872,0
-0.668794,0.978968,0
-0.237627,-1.245988,0
0.046365,0.280789,0
-1.278229,0.205484,0
-1.198756,1.104794,0
-0.613834,-0.673766,0
-0.055596,0.400012,0
-0.380203,0.436740,0
-0.428605,-1.204688,0
-0.433307,-0.290867,0
-1.253157,0.007118,0
0.164775,0.368888,0
-0.816415,-0.421613,0
-1.204264,-0.304212,0
-0.468196,-0.057369,0
-2.229018,-1.200148,0
-0.790271,0.999028,0
-1.629954,-0.017057,0
-0.785950,-0.270811,0
-1.232290,-0.304779,0
0.537374,-0.492784,0
-1.369284,-1.642871,0
-1.542718,0.212933,0
-2.022970,0.667135,0
-0.810295,-0.828560,0
-1.197365,-0.425559,0
-0.757765,0.579390,0
-1.017250,-0.896918,0
-1.996002,-1.057306,0
-0.684476,-0.601169,0
-1.208640,0.251869,0
-1.214867,-0.199170,0
-0.550040,0.001083,0
-1.424059,-2.122997,0
0.960534,-0.544202,0
-2.130496,0.775318,0
0.540036,-0.494284,0
-2.149688,-1.384326,0
-1.164485,0.779113,0
-1.120763,0.713553,0
-0.890320,0.442744,0
-1.822046,0.452060,0
-1.932209,0.406033,0
-0.655786,0.823355,0
-0.260295,-0.939438,0
-0.909686,0.069252,0
0.392030,1.062050,0
-1.087489,0.559430,0
-1.166868,1.098701,0
-0.623209,0.022077,0
-1.055391,-0.534700,0
-2.370276,-0.657602,0
-0.514804,0.572748,0
-0.748720,-0.601429,0
-0.961949,-0.269703,0
-1.107947,0.980132,0
-1.087979,0.182717,0
-1.564528,0.396673,0
-0.819443,0.210133,0
-0.610442,-1.050811,0
-0.918286,1.169630,0
-1.610413,0.501974,0
-1.712043,-0.889000,0
-0.800415,1.151118,0
-0.692699,0.934101,0
-1.369014,-0.677045,0
-0.765103,0.602986,0
-1.311168,0.790050,0
-1.659704,0.586841,0
-1.033297,-0.639314,0
-0.609100,1.381775,0
-0.325801,0.503869,0
-1.337527,-0.085914,0
-0.415933,-0.721503,0
-1.300303,-0.426266,0
-0.405313,-0.497674,0
-0.216151,-1.080905,0
-1.974192,-0.695701,0
-1.053625,0.773045,0
