0.973368,-0.328267,1
2.926526,-0.832727,1
0.662800,-0.002632,1
0.813651,-0.039234,1
1.800559,-0.463163,1
0.160264,-1.116363,1
0.244654,-0.186391,1
1.084843,0.002546,1
1.672427,-0.527768,1
1.836465,-0.617924,1
0.539193,-0.127848,1
0.465559,-0.901213,1
0.503845,-1.215916,1
1.607228,-0.909827,1
0.132843,0.271539,1
0.431544,0.965166,1
0.660051,-0.643542,1
0.882614,0.431411,1
0.257800,0.560884,1
1.345114,-1.121261,1
1.125535,0.689636,1
0.946893,0.446645,1
1.467486,-0.269949,1
2.518092,-1.392479,1
0.073141,-0.662898,1
-0.152127,-0.502591,1
2.916937,-1.030239,1
2.486913,-0.341302,1
1.544931,-0.372268,1
1.987746,0.489520,1
1.731290,-0.398986,1
1.985212,-0.741157,1
2.459253,-0.846092,1
0.632675,-2.191117,1
1.221023,-0.580049,1
1.005413,-0.887298,1
0.847503,0.107685,1
0.586757,1.885886,1
-0.036825,0.028449,1
1.832376,0.010041,1
-0.595999,-0.058594,1
1.808062,-0.558960,1
0.162484,0.361007,1
0.643850,-0.070675,1
1.465420,0.450221,1
0.486404,0.007658,1
0.343196,-0.692676,1
1.287072,1.311832,1
0.392079,0.120763,1
2.270945,0.670692,1
1.754069,-1.145620,1
0.332240,-0.000268,1
1.834788,-0.179994,1
0.931914,0.124358,1
1.645715,-0.629266,1
1.822324,-0.469210,1
2.583491,0.357370,1
2.060489,-0.005315,1
0.661915,0.413261,1
1.723996,0.937407,1
1.686336,0.301951,1
2.379733,1.283864,1
0.757173,-0.457656,1
0.257496,-0.635252,1
0.777594,-0.227583,1
-0.266131,1.500924,1
0.911696,0.186222,1
0.310065,-1.331637,1
0.394834,1.605945,1
1.601690,-0.355487,1
0.947029,0.931391,1
3.146696,-0.292375,1
0.292595,-0.611026,1
1.204278,-0.713931,1
1.279098,0.315418,1
2.327757,1.105473,1
1.026961,-0.442366,1
1.288770,0.773479,1
1.784386,0.229359,1
1.637943,-0.666741,1
0.673351,-0.729236,1
1.710018,0.887746,1
0.801476,-0.311510,1
0.977719,0.101107,1
0.595327,-0.704104,1
1.420881,0.228210,1
-0.247563,0.551704,1
1.110985,1.544286,1
1.494568,1.309973,1
2.743101,0.311825,1
1.803452,1.505379,1
0.596099,0.013901,1
0.472831,1.125537,1
-0.122642,0.002317,1
-0.112673,0.444295,1
0.636208,1.590352,1
0.807856,0.320847,1
1.464614,1.001294,1
1.972108,0.034947,1
1.583639,-0.605006,1
0.798376,0.132504,1
0.907445,-0.661960,1
1.116989,-0.528278,1
2.063857,0.654692,1
1.546462,-0.414753,1
-0.850393,-0.007099,1
-0.659154,1.423121,1
0.326354,0.519920,1
0.377426,1.066687,1
0.879035,-0.515020,1
-0.007460,-0.020369,1
1.144651,0.602543,1
0.493531,-0.837386,1
1.591359,1.109003,1
1.721533,-0.377159,1
1.229356,1.910901,1
1.785792,-0.054526,1
1.350090,0.585496,1
1.100662,-1.089370,1
2.441648,-0.405243,1
0.747050,0.118753,1
0.139129,-0.477497,1
1.752932,-0.479176,1
-0.151700,-1.071526,1
2.270547,-0.706447,1
0.615237,0.870966,1
0.809714,0.260769,1
0.329103,0.932806,1
0.971253,-1.308899,1
0.410370,1.360763,1
1.092241,0.595672,1
1.256701,-0.543876,1
1.340541,2.218234,1
0.777532,0.211161,1
1.029950,0.845730,1
1.861693,0.455708,1
0.720774,-0.258441,1
1.158973,-0.437499,1
1.941810,0.058321,1
-0.770916,0.184104,1
0.756007,0.218526,1
1.924724,0.286641,1
0.120318,-0.288708,1
-0.179244,0.273035,1
1.087091,-0.874754,1
-0.126236,-0.252846,1
0.182539,-1.531458,1
1.377492,0.451541,1
1.042680,1.447769,1
0.201735,0.623558,1
1.600410,0.709719,1
1.371802,1.166999,1
0.808696,0.613591,1
1.184202,-1.010608,1
0.356570,0.424555,1
0.405765,0.698258,1
1.668701,-0.981509,1
0.130943,-0.168417,1
0.311466,-0.153079,1
0.580894,-0.587735,1
-0.055365,0.584890,1
1.139978,-1.021819,1
-0.007108,-0.308158,1
0.585998,-0.209027,1
0.150303,1.318425,1
0.788389,-0.473408,1
-0.289873,-0.898048,1
1.084207,0.366723,1
1.394296,-1.304594,1
-0.052357,-0.133816,1
2.173427,0.348306,1
0.050104,0.149593,1
0.026876,0.430877,1
-0.274325,0.204042,1
0.810710,1.751074,1
1.215507,0.008129,1
0.373100,-0.205651,1
1.609809,0.269300,1
1.244296,-1.488119,1
1.727816,0.614062,1
1.410037,0.192624,1
0.671425,1.760167,1
1.560206,-0.543680,1
-0.193333,1.530575,1
0.641780,0.404676,1
1.153310,0.905522,1
1.252094,0.212610,1
1.365253,-1.634959,1
2.160202,-0.229128,1
0.263372,-0.199773,1
1.939823,0.382821,1
1.370531,-0.080704,1
2.774781,0.345445,1
0.950354,-1.120010,1
0.558336,-0.439068,1
2.056180,0.444315,1
1.393046,-0.042641,1
-0.044024,0.656840,1
1.261577,-0.010698,1
-0.402342,-0.859490,1
0.591641,-0.189518,1
2.100020,0.291858,1
0.338062,-0.869614,1
1.826483,-0.205692,1
1.271219,0.659909,1
0.403058,-0.171706,1
0.766099,-0.141313,1
0.966461,-0.026138,1
1.395005,-1.427011,1
0.766795,-0.042726,1
1.163240,-0.028298,1
1.268123,-1.542599,1
1.783980,-0.166644,1
1.179766,0.327603,1
1.066182,-0.325826,1
2.703734,0.022118,1
1.836791,0.395098,1
-0.531307,-0.727926,1
1.140521,1.047719,1
0.899966,0.124293,1
2.579076,0.539746,1
1.072699,-1.094217,1
1.412272,-1.105875,1
-0.067848,1.438747,1
1.019637,-1.022571,1
1.326715,-0.876689,1
0.225685,-0.620249,1
0.344224,-2.489889,1
1.238207,0.632536,1
0.844493,0.180862,1
1.258939,-0.168367,1
0.396952,0.297845,1
-0.646779,0.994197,1
0.167828,0.125168,1
0.165757,-0.015550,1
1.184318,0.694363,1
0.615179,-0.055940,1
1.060938,-0.179553,1
0.355058,0.837687,1
0.611277,-0.431095,1
0.160153,0.563524,1
0.544606,0.893264,1
0.964898,0.457796,1
1.765083,0.033670,1
0.296546,0.225004,1
0.830531,-0.256574,1
-0.201146,-0.321008,1
1.686519,-0.329178,1
2.054774,-1.024573,1
0.751999,-1.043368,1
1.189558,-0.654898,1
1.371457,0.934137,1
2.031331,-1.279619,1
1.102192,-0.805167,1
1.542395,-0.000181,1
1.313460,1.096354,1
2.133811,-0.918859,1
1.443122,0.685086,1
2.470446,-1.476622,1
1.580085,1.969236,1
0.356856,0.241916,1
0.204390,-0.241673,1
2.286667,-0.562437,1
0.871685,0.492904,1
-0.659940,0.430579,1
1.498131,1.122493,1
-0.105472,0.975815,1
0.466318,-0.611674,1
1.089763,-0.647147,1
0.783029,-1.414175,1
1.362453,-0.211426,1
0.942061,0.567228,1
1.907592,0.992029,1
1.225317,-0.107262,1
1.172684,-2.349415,1
1.775586,-0.258019,1
1.361427,0.698288,1
1.049653,-0.025951,1
1.231448,0.942478,1
0.991317,0.589000,1
1.467943,0.584042,1
0.374792,0.376832,1
0.094103,-1.723214,1
0.123234,-0.396540,1
1.288196,-0.422273,1
2.145397,0.201212,1
1.835431,0.210468,1
1.374318,0.949441,1
2.125842,-0.584987,1
1.515246,0.979863,1
-0.014656,-0.512864,1
1.931365,0.888786,1
1.985637,-0.472886,1
1.092533,-0.779639,1
0.825422,0.221337,1
-0.197215,0.004141,1
1.320952,-0.497523,1
0.166306,0.137228,1
0.198814,0.677578,1
2.095550,0.114475,1
0.451045,1.442882,1
2.871143,0.350425,1
1.376644,-0.351747,1
1.491484,-0.369822,1
1.866880,-0.739615,1
1.451029,0.601126,1
2.176963,-0.722149,1
0.349895,-1.544492,1
0.542042,1.383635,1
1.108167,0.164053,1
2.364608,0.951164,1
-0.134243,-1.157623,1
1.203024,-0.382082,1
0.265964,0.786213,1
0.720128,-0.342967,1
0.732280,-0.060321,1
0.122635,0.308066,1
0.908376,-0.363584,1
0.125793,-0.665912,1
0.783589,-0.066649,1
0.849354,1.267304,1
-0.138227,-0.259406,1
1.803114,-0.446031,1
-0.283053,-0.180944,1
1.580787,1.199775,1
0.292894,-0.614821,1
2.055050,-1.873215,1
2.122638,0.553503,1
1.517835,-0.686197,1
0.805503,-0.332752,1
1.537544,0.245919,1
-0.061598,0.195484,1
0.710098,-1.790580,1
1.524970,0.487538,1
0.416177,-0.539161,1
1.339612,-0.655835,1
0.804071,0.820725,1
-0.170224,0.053380,1
1.165713,0.211630,1
0.626170,-0.168744,1
1.624483,-0.352826,1
1.833032,0.345468,1
-0.039900,-1.757665,1
2.036782,0.045489,1
1.146240,-1.188783,1
-0.146627,-0.615326,1
0.047844,-0.371586,1
0.693249,0.651852,1
1.179115,-0.417966,1
1.244327,-0.227840,1
0.150543,-0.191912,1
0.075877,-1.225613,1
1.656341,1.096275,1
1.147390,-2.035607,1
2.237808,-0.031989,1
1.251745,-0.987857,1
0.940836,-0.375643,1
0.747813,0.188403,1
0.726208,-0.670194,1
-0.893567,-0.028947,1
1.391843,-1.351170,1
1.501682,-0.261628,1
0.811369,-1.069762,1
1.069733,-0.984245,1
1.581019,1.073847,1
2.207318,-0.471422,1
2.177902,-0.246105,1
-0.216318,-1.561646,1
1.086637,-0.147731,1
0.948021,0.035829,1
0.825091,-1.265556,1
0.680199,1.350287,1
0.325471,-0.026707,1
2.203919,2.350054,1
1.794694,0.687141,1
1.444891,-0.718716,1
1.546735,0.162224,1
-0.483247,0.224902,1
1.087329,-0.110766,1
1.720622,0.695306,1
2.353604,1.007427,1
1.273756,0.709599,1
1.598871,-1.477930,1
0.482931,-0.376356,1
0.791410,-0.337382,1
0.068461,0.295004,1
-0.108449,-0.254013,1
1.911597,0.354496,1
1.764912,-0.568007,1
-0.551064,-0.008376,1
0.830512,-1.513507,1
0.102145,-0.984053,1
-0.165209,0.559825,1
0.528315,0.732197,1
1.015603,0.683094,1
0.156755,0.925417,1
1.488648,0.582748,1
1.207573,0.046447,1
1.112905,-1.871492,1
1.772825,0.049407,1
1.650275,-0.644129,1
0.260766,1.552826,1
1.302683,-0.540200,1
1.532864,0.304702,1
-0.138199,-0.692394,1
0.740016,-0.439647,1
1.431185,-0.486166,1
1.100449,-0.028135,1
0.801981,0.374143,1
0.412836,-0.120553,1
-0.014417,1.766128,1
1.091216,-0.132162,1
0.886695,1.149412,1
0.045877,0.039724,1
1.302162,-0.289229,1
0.418206,0.425834,1
1.133282,0.337289,1
0.843965,0.250956,1
0.666590,-0.152328,1
3.354037,0.186342,1
1.383239,-0.656547,1
-1.108063,0.302992,1
1.718313,0.030264,1
0.695356,-0.470815,1
1.404739,0.873396,1
1.523615,-0.404114,1
1.828079,0.346900,1
0.956907,0.125679,1
1.287211,-0.006767,1
0.402285,0.089752,1
1.692576,0.275709,1
1.253753,-0.701525,1
0.846298,-0.916732,1
1.303299,-0.955848,1
0.638872,-0.167478,1
-1.134928,-1.164718,1
0.622098,-1.256178,1
0.542263,-0.101946,1
-0.674841,0.378807,1
1.006675,0.299242,1
-0.166226,-0.525486,1
0.720564,1.263528,1
0.717728,-0.296496,1
1.575895,-0.939804,1
0.712501,0.611341,1
0.300195,1.984399,1
1.174065,0.142083,1
1.936502,0.910691,1
1.750669,-1.253448,1
-0.382056,0.689392,1
-0.584533,-0.049483,1
1.272280,-0.919558,1
1.144536,1.111085,1
-0.339573,-0.184169,1
0.186135,-0.354131,1
1.122027,-0.199318,1
0.501203,-1.562463,1
1.464187,0.325153,1
0.590880,0.189048,1
1.090142,0.216025,1
1.712351,-0.666044,1
0.579367,-0.882582,1
0.683883,0.409042,1
1.472293,1.271124,1
2.142601,0.444138,1
-0.662405,0.719936,1
1.786698,-0.407672,1
1.188248,-1.276286,1
0.998129,-1.671665,1
1.799535,0.173077,1
1.841553,0.701811,1
0.520342,-0.322241,1
0.514387,-1.611213,1
0.088866,0.181173,1
1.705195,-0.681107,1
1.273694,0.326128,1
1.800940,1.390336,1
0.084551,0.257685,1
0.860935,-0.155392,1
0.040903,-0.749770,1
-0.659367,-0.219741,1
0.621358,-0.934062,1
0.609855,-0.310885,1
1.011802,0.697798,1
0.432377,-0.342436,1
1.015362,1.116107,1
0.903182,0.562528,1
1.287882,-0.131536,1
1.032892,-0.956133,1
0.179758,0.229600,1
0.791952,0.965811,1
0.565703,0.310165,1
-0.271163,-0.169556,1
0.542506,0.978336,1
0.954661,0.294611,1
0.321617,-0.573818,1
0.718826,1.036435,1
-0.120447,-0.792335,1
1.355900,-0.766915,1
1.197413,1.692727,1
1.238924,-0.635087,1
0.843120,-0.187491,1
1.169854,-1.010437,1
0.135295,1.193474,1
2.079958,-0.539942,1
0.124941,-0.181019,1
1.263372,0.787744,1
-0.216788,0.539365,1
1.039450,0.873388,1
-0.291157,0.459942,1
-0.095419,0.221724,1
1.252319,-0.396953,1
0.719306,0.072005,1
1.203545,0.351238,1
-0.300820,0.412052,1
1.401109,0.409826,1
1.285826,-0.145472,1
1.829794,0.553059,1
0.291583,0.007834,1
1.232127,-0.159941,1
0.862391,-1.524433,1
0.859226,-0.648830,1
1.233093,0.217173,1
0.877181,-0.257069,1
0.869554,-0.595784,1
0.261395,0.037591,1
0.443546,-1.206272,1
-0.035086,-0.512079,1
0.851430,0.646166,1
0.868758,-0.579810,1
1.770233,0.877858,1
1.109940,0.265599,1
-0.002919,0.076512,1
-0.350694,-0.696988,1
1.121792,0.385653,1
0.658440,-1.359167,1
0.114674,1.615825,1
1.554230,-0.641852,1
0.901212,0.595533,1
0.849725,-0.065452,1
2.161663,0.113176,1
0.504149,-0.334871,1
0.393969,-0.036800,1
0.545271,-0.699452,1
1.262168,0.028487,1
-0.079402,0.489344,1
1.226045,1.190573,1
1.743959,1.586097,1
0.916727,0.245150,1
0.844081,-1.173628,1
-0.040280,0.681748,1
0.212424,-1.386281,1
1.579666,0.459016,1
1.135867,1.832641,1
0.331355,0.065915,1
0.991908,0.185216,1
0.702504,0.527124,1
0.503787,-1.592390,1
0.869524,1.003428,1
-0.078204,-1.518539,1
2.095243,-0.243335,1
2.486774,0.144895,1
0.942944,-0.419925,1
0.949167,-0.874362,1
1.932740,-0.976648,1
0.738815,0.269294,1
0.643217,1.077540,1
-0.404401,0.021975,1
0.629699,0.088108,1
1.742184,-1.672180,1
1.188088,0.021743,1
-0.408558,0.908292,1
0.623742,-0.769662,1
0.593676,-0.108413,1
2.114789,0.003438,1
1.808970,0.742168,1
-0.103738,0.858554,1
0.143563,0.508953,1
1.261671,-1.415315,1
0.543091,0.672442,1
2.501452,-1.257797,1
0.627399,0.198719,1
1.052267,-0.305022,1
1.270271,-0.918759,1
0.752487,-0.877259,1
1.032230,-0.578657,1
1.347721,-0.253540,1
0.874527,0.243264,1
2.593152,0.413988,1
0.648655,-1.899459,1
0.985062,-0.290381,1
2.331667,-1.124066,1
0.504623,0.173484,1
1.294533,-0.511004,1
1.211611,-0.414201,1
1.582441,-1.114147,1
0.409235,-1.084301,1
2.098805,1.683805,1
1.594147,0.230678,1
1.071495,-0.011127,1
1.202679,0.743383,1
0.744521,-0.185907,1
1.182477,-0.094773,1
1.627000,0.001151,1
1.070330,1.022878,1
1.196001,1.061466,1
1.127321,0.750664,1
0.445064,0.382559,1
0.892781,-1.909932,1
0.800161,1.900137,1
1.360114,1.959711,1
1.915226,1.142561,1
0.571473,-0.565315,1
0.948421,-0.069661,1
1.689787,-0.336822,1
-0.456048,1.940393,1
1.578301,-1.138548,1
0.002994,0.356593,1
1.288863,0.997431,1
0.933191,0.239428,1
0.847158,-0.254353,1
1.843194,-0.041570,1
1.281620,0.261674,1
1.458855,0.082014,1
2.072467,0.187053,1
0.325147,-0.447690,1
0.291257,0.763278,1
1.063102,0.965882,1
1.842722,0.581880,1
0.546737,-0.114958,1
0.968236,-0.565278,1
0.985032,-0.115792,1
1.136879,0.017022,1
0.337213,0.083252,1
0.867068,-0.642400,1
0.397231,0.252383,1
0.910695,0.458538,1
0.258860,-0.598989,1
1.597533,-2.386375,1
1.146818,0.348646,1
0.453495,0.198654,1
2.067056,1.148441,1
0.036414,-0.776014,1
1.226525,0.055894,1
-0.534722,-0.122098,1
1.248696,-0.227067,1
0.220489,-1.666563,1
-0.054612,-0.462025,1
1.517373,-0.552848,1
0.722591,-0.207620,1
0.140315,0.770418,1
2.231489,0.132307,1
0.796565,1.124502,1
0.655193,0.227304,1
-0.101187,0.600930,1
0.583443,1.230949,1
-0.085920,-0.206297,1
0.552745,1.450875,1
-0.131852,0.340931,1
0.220407,0.775754,1
0.213842,-0.468911,1
0.653958,-0.696561,1
2.207989,-0.316146,1
-0.175798,-0.674411,1
-0.028943,0.459403,1
2.122715,0.452110,1
-0.288001,-0.982141,1
0.956725,0.993351,1
1.392879,-0.079162,1
-0.021638,-0.937242,1
1.723427,1.294860,1
1.232392,-0.829467,1
-0.280775,0.169463,1
0.424734,-0.853984,1
-0.173438,0.830488,1
0.617210,-0.291942,1
0.104169,-0.172268,1
0.480146,-1.344888,1
2.427823,-0.563410,1
0.585130,0.587471,1
1.148515,0.330771,1
0.634632,0.212291,1
0.524451,-0.179693,1
1.583983,0.763911,1
3.101209,0.907768,1
1.117096,-0.310254,1
1.107627,-0.327338,1
0.195032,0.819963,1
1.835406,0.194893,1
2.465294,0.409821,1
-0.212240,0.069107,1
1.035190,0.243211,1
0.600357,-2.400291,1
2.145006,-0.020484,1
1.612894,-1.380171,1
-0.370683,1.180723,1
-0.204995,-0.602279,1
1.275062,0.541489,1
0.598814,0.721296,1
1.972071,-0.281690,1
1.187605,0.231429,1
-0.135823,-0.416030,1
1.006281,1.212893,1
0.366017,-0.080615,1
0.788795,-0.002069,1
0.688069,-0.280807,1
0.230314,-0.158017,1
-0.212595,0.870435,1
-0.509665,-0.210388,1
1.297560,-0.115578,1
0.073186,0.136822,1
-0.244048,-0.859715,1
0.820950,-1.487222,1
1.130695,1.119723,1
1.789220,0.415900,1
1.418117,-0.952140,1
1.308574,0.346780,1
0.026242,-0.430909,1
1.154524,-0.512016,1
1.339339,-0.345357,1
2.623127,1.184934,1
0.367976,1.674702,1
3.547525,-0.219271,1
0.952348,0.021194,1
1.363986,0.154254,1
2.012041,-0.176374,1
1.256642,-0.136307,1
1.414310,0.390070,1
1.272247,1.151774,1
1.295470,0.983074,1
3.113973,-0.754310,1
1.549260,0.898475,1
0.573829,-0.403410,1
0.819185,1.286898,1
0.378879,-0.160877,1
2.225901,0.247069,1
0.206731,-0.549246,1
1.339616,0.326475,1
0.685699,-0.598948,1
1.286840,0.494264,1
2.538127,-0.653790,1
0.315104,0.279391,1
0.480842,-0.389594,1
0.939589,-1.636170,1
1.046568,-0.179717,1
0.764334,0.100078,1
1.819461,0.138296,1
0.496651,1.219965,1
-0.422820,-0.318385,1
2.052825,-1.200980,1
-0.037465,0.287803,1
2.142883,-0.084242,1
1.352174,0.067455,1
1.797816,0.288387,1
0.895607,-0.427839,1
1.486797,0.226782,1
1.569802,-0.462313,1
0.391115,0.502035,1
0.877708,0.716630,1
-0.375616,-1.680045,1
0.532005,0.883922,1
-0.307542,-0.191012,1
1.272437,1.139710,1
1.292641,0.271616,1
1.039326,0.767721,1
0.013009,0.036702,1
1.887193,-0.283805,1
-0.360063,-0.939445,1
1.999157,-1.694176,1
2.688904,-0.075711,1
1.437820,-0.488730,1
0.574615,0.721987,1
2.353267,-0.328333,1
1.511779,0.925711,1
2.464736,-0.058684,1
1.935107,0.772873,1
-0.661174,0.359406,1
1.082820,-1.552507,1
2.011182,-0.197203,1
0.293815,-0.396080,1
1.498150,0.776425,1
0.574691,-0.484015,1
0.822456,1.137982,1
1.550110,0.825578,1
0.554537,-0.336292,1
0.226214,1.031639,1
1.357208,-0.336384,1
2.258823,-0.523531,1
-0.776236,-0.584072,1
1.474945,-1.053483,1
0.032718,-0.242955,1
1.036549,-0.920703,1
-0.000021,-0.048364,1
1.005823,0.771777,1
0.270017,-0.351995,1
1.207730,-0.633558,1
0.782350,-1.047296,1
0.938634,-0.671119,1
1.640970,0.224658,1
0.320515,-0.537093,1
1.197892,-0.107842,1
1.617448,-0.571734,1
1.151285,1.181448,1
2.231365,-0.042144,1
0.807362,-0.603978,1
1.216682,-0.702836,1
0.643366,-0.103623,1
1.330715,-1.957215,1
0.962732,-0.674713,1
0.658613,-0.094521,1
1.436648,-0.761181,1
1.185759,-1.138670,1
-0.504153,1.128915,1
0.879786,-1.444167,1
0.334199,1.870147,1
1.112724,-0.427672,1
-0.071859,0.880524,1
0.372643,-0.046417,1
1.862712,-0.186596,1
0.426904,1.155807,1
1.408450,0.430193,1
0.933109,1.003904,1
1.394847,-0.958947,1
0.486226,1.371811,1
1.135423,0.622192,1
2.141199,0.070161,1
0.336853,0.715230,1
-0.333170,0.116027,1
1.370161,-0.624838,1
1.462164,0.073627,1
0.709921,-0.322482,1
0.202270,-0.212575,1
0.800215,0.227854,1
-0.440973,-1.374709,1
1.124658,-0.762657,1
1.278655,-0.836323,1
2.339510,0.848410,1
1.838521,0.489621,1
1.758685,0.130747,1
1.692299,0.440838,1
0.148553,0.211738,1
1.382803,0.629320,1
-0.098409,-0.527886,1
2.425588,-0.092385,1
1.831876,0.106373,1
1.197997,-0.027391,1
1.835215,-0.975115,1
1.437483,0.217902,1
1.387845,0.288912,1
2.215598,0.552733,1
0.884975,1.666806,1
1.055783,0.693985,1
1.352300,-0.018437,1
0.703057,0.882435,1
1.736832,-0.719172,1
0.116369,0.768115,1
2.259447,-0.152233,1
-0.597445,-2.086955,1
2.684754,0.733491,1
0.487810,0.076845,1
1.171532,-0.408373,1
0.673697,-0.411268,1
0.838225,0.151589,1
0.469455,0.161175,1
2.245210,0.197863,1
1.412797,-0.146428,1
0.885803,0.700248,1
0.340884,-0.990339,1
1.612297,-1.022098,1
1.571237,0.767036,1
0.626960,0.085117,1
1.393953,-0.270274,1
2.014877,-1.366602,1
0.780396,0.439441,1
0.453758,0.306025,1
-0.067760,-0.080486,1
0.872375,-0.351226,1
0.902856,1.345455,1
-0.158316,1.034867,1
0.901432,-0.374754,1
0.714464,-0.243321,1
0.636910,-0.466749,1
2.110618,-0.032175,1
0.490309,-0.294785,1
-1.293184,0.302799,1
-0.875088,0.361504,1
1.413076,1.080840,1
1.045365,0.637552,1
0.759498,0.947033,1
0.342602,0.421686,1
-0.549440,0.660524,1
1.471538,-1.625048,1
1.519248,-0.234527,1
1.514294,1.157801,1
1.185927,0.640852,1
1.332299,-0.495069,1
1.992997,-0.833121,1
0.970782,-0.874223,1
1.213376,-0.363873,1
-0.108409,-1.307696,1
1.826767,-1.138192,1
0.334952,-0.246226,1
1.372142,0.463657,1
1.876046,0.760231,1
1.257475,-0.693993,1
1.258902,0.880473,1
0.271153,1.741386,1
0.746441,-1.145819,1
0.875890,0.872001,1
2.714883,0.346489,1
1.414623,-0.937290,1
0.502210,0.425311,1
0.389705,0.604700,1
1.845058,0.063571,1
1.816524,-0.365428,1
0.008631,0.498066,1
1.473345,-0.226834,1
2.885140,-1.090593,1
0.988774,-0.837945,1
1.277176,-0.189445,1
1.072136,-0.088592,1
1.452009,0.648998,1
1.976757,0.572249,1
0.369547,0.243987,1
1.223248,1.069869,1
1.153617,-0.502612,1
1.133143,0.081353,1
-0.457282,-0.252801,1
2.180865,0.533385,1
2.002680,0.192188,1
0.418565,0.289582,1
0.785794,0.813038,1
2.483969,-0.582631,1
0.607132,-0.673931,1
0.541336,-1.334151,1
1.142847,-0.481183,1
-0.028281,-0.684519,1
0.253298,0.737190,1
1.975538,-1.277874,1
0.457973,0.119767,1
0.953218,0.359529,1
-0.453146,-0.705742,1
1.627085,0.159727,1
2.220053,0.103461,1
1.518847,-0.832802,1
1.345733,-0.752991,1
-0.586261,-0.268828,1
-0.300806,1.062052,1
1.064259,-0.442645,1
1.472780,0.223690,1
0.491223,-0.608083,1
2.608756,0.439679,1
1.025227,-0.306615,1
1.171338,-0.986576,1
0.664417,-0.423011,1
0.818596,-0.754979,1
-0.332571,-0.485344,1
2.093313,-0.097889,1
1.094230,1.262181,1
1.542251,0.915308,1
1.531028,0.799913,1
1.672504,-0.349682,1
1.042533,-1.080560,1
-0.398263,-0.525478,1
1.983087,0.573349,1
1.074350,-0.766578,1
0.222584,-0.583162,1
1.730138,0.590265,1
1.057884,0.749694,1
-0.619327,0.008243,1
1.756535,-0.142766,1
1.703237,-0.263616,1
1.005110,-0.960485,1
1.144872,-0.641352,1
2.028253,-0.075539,1
0.147790,-0.826871,1
1.747299,1.280097,1
1.620550,0.140038,1
0.430941,0.862235,1
0.308029,-0.238774,1
0.071123,0.820510,1
1.054623,0.269503,1
2.090266,0.705665,1
1.642045,0.118369,1
1.051367,-1.148681,1
1.625454,-0.253591,1
1.572318,-1.032616,1
2.015440,0.078182,1
1.014772,-0.548147,1
1.250339,0.696544,1
0.932275,1.270889,1
0.696088,-0.586382,1
1.382336,-1.482914,1
1.349112,-0.510724,1
1.002633,-0.429923,1
1.598556,0.122953,1
2.190842,-0.332482,1
1.774432,-1.177442,1
1.364559,-1.779263,1
0.752604,0.072484,1
-1.632676,0.032791,0
-1.791017,-0.347939,0
-0.523041,-1.186972,0
-0.742851,-0.709399,0
-0.387433,0.572469,0
-1.818156,-0.277499,0
-1.017147,-0.577232,0
-1.117039,1.433551,0
-0.426185,0.074186,0
-1.515347,-0.349927,0
-1.651254,1.090627,0
-0.539302,0.150379,0
-2.745823,-0.038992,0
-1.017546,-0.128941,0
-0.690433,-0.874633,0
-0.776472,-0.534938,0
-0.966927,-0.112937,0
-0.138271,0.059659,0
-0.911540,0.351144,0
-1.656709,1.245308,0
-1.529024,-1.157711,0
-0.580378,1.051438,0
-0.356060,0.743210,0
-2.004189,0.151979,0
-1.720066,-0.411544,0
-1.771598,-0.701540,0
-2.213936,0.561626,0
-0.970418,0.179947,0
1.314385,-0.000930,0
-0.854719,-0.566962,0
-1.480096,1.303289,0
-0.760152,-0.599602,0
-2.358833,-0.464283,0
-2.118486,-0.231742,0
-0.832683,1.036583,0
-2.285164,0.090870,0
-0.945541,1.859887,0
-1.150740,-0.093673,0
-2.074561,-1.254234,0
-1.675194,-0.078930,0
-1.754158,0.346119,0
-1.882841,-0.292884,0
0.539001,0.865926,0
-0.858213,0.254288,0
-1.153418,0.313007,0
-1.612740,-1.037136,0
-0.713453,0.744506,0
-0.666966,-0.039891,0
-1.211268,0.621317,0
0.460067,-0.997096,0
-0.218422,0.109384,0
-2.957559,-0.881861,0
-1.903961,0.973935,0
-1.878590,0.094955,0
-0.203120,-0.387445,0
-0.856265,0.717628,0
-1.261919,1.178704,0
-1.261216,0.522388,0
-0.157383,-0.053380,0
-1.546367,1.848996,0
-1.544285,-0.007397,0
-2.033105,-1.510277,0
-0.932927,-0.431128,0
-0.126399,0.292176,0
-1.146853,0.425608,0
-0.783425,0.291946,0
-1.305810,0.240654,0
0.300315,-0.510117,0
-1.270472,-0.731158,0
-1.188773,1.280035,0
-2.236432,-0.643614,0
-0.319277,0.415809,0
-1.643508,0.590537,0
-1.293036,-1.005420,0
-1.508738,0.154938,0
-1.074608,0.230434,0
-2.077460,0.721357,0
-1.469997,0.365792,0
-0.961112,0.182635,0
-1.783837,0.768121,0
-0.610771,0.128900,0
-1.297957,0.839549,0
-0.534544,1.422741,0
-0.604500,-0.001288,0
-1.410780,0.253940,0
0.167025,0.234061,0
-1.447209,0.144373,0
-1.338089,0.982525,0
-1.990503,0.031641,0
-2.054163,0.312243,0
-1.648723,0.444920,0
-1.525098,-0.205852,0
0.093670,-0.668024,0
-2.635287,0.785931,0
-1.022885,0.072631,0
-2.120401,-0.053198,0
-0.916639,-0.091096,0
-0.229233,0.201740,0
-2.640211,-0.734358,0
-1.113870,-0.387264,0
-1.039523,-0.897217,0
0.139432,-0.497227,0
-1.831251,-1.453002,0
-0.594706,1.317555,0
-0.929796,0.762113,0
-0.630472,-0.166870,0
-0.322955,-1.653768,0
-0.709454,-0.928500,0
-0.397264,0.256328,0
-0.835915,0.072296,0
-1.126320,0.579910,0
-0.348813,-0.779761,0
-1.684875,1.446788,0
-1.231458,-0.136851,0
0.330776,0.107518,0
-1.898291,-1.108506,0
-1.275486,0.046840,0
-2.607865,-0.393316,0
-1.262317,-0.149341,0
-1.420675,-0.157770,0
-1.745764,1.435876,0
-3.336527,1.785279,0
-0.674524,0.321083,0
-2.513465,0.569482,0
-0.959578,-0.270928,0
-0.802224,-0.238749,0
-0.942295,0.955424,0
-1.078196,-0.548784,0
-0.616866,-0.417773,0
-0.204686,-1.217372,0
-0.765517,0.838494,0
-0.329800,1.134498,0
-1.736187,-0.123572,0
0.523420,0.531661,0
-0.964148,-1.343573,0
-1.990355,0.503712,0
-1.949113,0.217300,0
-1.153892,-0.787445,0
-2.028516,1.280583,0
-0.516826,-0.906107,0
-1.796011,-0.535526,0
0.771839,0.267452,0
-1.556732,0.725877,0
-1.174159,-0.496745,0
0.176289,1.189762,0
-0.044646,-0.445598,0
1.053609,0.076606,0
-0.007321,-1.001656,0
0.003544,0.870523,0
-1.549395,0.118616,0
-2.073263,-0.756563,0
-1.949899,0.709920,0
-2.243428,-0.113999,0
-0.479776,0.067157,0
-0.485679,0.159800,0
-0.600690,-1.080419,0
-0.909834,-0.567834,0
-1.043775,0.077427,0
-2.484990,1.304587,0
-1.372053,0.438035,0
-1.583439,0.556490,0
-1.286333,0.271751,0
-0.927961,0.469512,0
0.138198,0.295735,0
0.477421,-0.249838,0
-0.243976,0.000747,0
-1.238523,-0.445279,0
-0.702471,0.660450,0
-1.076571,0.581093,0
-2.423896,-0.420295,0
0.266856,0.396739,0
-0.216631,0.619404,0
-0.911307,-1.549869,0
-0.531922,1.376846,0
0.108144,0.194028,0
-1.218157,-0.701326,0
-0.637045,-0.025153,0
-0.669902,0.075370,0
-0.906565,0.101597,0
-0.851077,1.682736,0
-0.844238,0.033491,0
-1.464531,-0.395192,0
0.113700,-0.232819,0
-1.368166,-0.001291,0
-1.992117,-0.315481,0
0.102857,0.316413,0
0.504284,-0.573219,0
-1.457110,-0.248955,0
-0.292438,1.096911,0
-1.539239,0.444924,0
-0.548204,-0.157876,0
-2.507413,-0.606751,0
-2.597636,-1.143021,0
-1.710905,-1.368532,0
-1.560426,-0.281309,0
-1.259760,0.234167,0
-0.661499,-0.448001,0
-1.004908,-0.950053,0
-0.881280,0.049027,0
-1.808719,-0.544754,0
0.802379,-0.276071,0
-1.391927,0.672481,0
-1.400440,-0.394627,0
-0.322215,0.344549,0
-2.768591,-0.427946,0
-0.231033,-0.395774,0
-0.694330,0.476115,0
1.235352,-0.090605,0
-1.507539,1.091205,0
-1.739432,0.070750,0
-1.853416,-0.186234,0
-1.139226,-1.625766,0
-0.802087,0.786417,0
-0.053581,0.946791,0
-1.157819,-0.325206,0
-1.646579,0.050329,0
-1.133493,1.378265,0
1.490607,1.022939,0
-2.909097,0.522963,0
-1.579084,0.207612,0
-1.189337,-1.667089,0
-0.489213,-1.269598,0
-0.373916,-0.666229,0
-1.262838,0.948754,0
-1.307979,-1.308664,0
-0.720211,-0.456047,0
-1.040500,-0.254439,0
-0.834594,-0.051311,0
-2.087369,0.444775,0
-2.642069,1.927365,0
-1.253398,-0.529276,0
-1.206316,-0.176647,0
-2.295959,-0.304812,0
-0.789600,-2.253890,0
-1.114353,-0.886110,0
-0.857987,-0.521357,0
-1.542464,-0.983159,0
-1.031208,-0.704666,0
0.023503,0.011199,0
0.197336,-0.270859,0
-0.565522,-0.932616,0
-1.702680,0.792417,0
0.354355,0.238071,0
-0.869036,0.415374,0
-0.816341,-1.032495,0
0.117248,0.321302,0
-1.544645,-0.723886,0
-1.280076,-0.859879,0
-0.886372,0.532634,0
-0.232676,-0.493931,0
-1.644420,-1.175623,0
-1.042073,0.197951,0
-1.354293,0.308533,0
-0.524326,0.130211,0
-1.512745,1.495265,0
-1.012540,-0.615841,0
-0.892169,0.475217,0
-1.996275,-0.130100,0
-1.103595,1.038604,0
-2.158057,-0.238107,0
-1.266161,-1.305571,0
-0.484851,-1.049248,0
-2.381752,0.365608,0
-1.085265,0.238328,0
-1.998885,0.082114,0
-1.940100,-0.760937,0
-0.483080,-0.291633,0
-0.643903,-0.534103,0
-1.203689,-0.877990,0
-2.117545,0.906998,0
-0.922876,0.916779,0
-0.312796,-1.140829,0
-1.713022,-0.071163,0
-1.507257,0.319074,0
-0.900219,1.034722,0
-1.489998,-0.156162,0
-0.281148,-0.593567,0
-0.713618,0.913011,0
-1.463722,-0.671138,0
-0.854980,0.610309,0
-1.860998,2.243363,0
-0.462707,-0.897825,0
0.467841,0.941038,0
-1.775152,-0.283793,0
-0.709743,0.370058,0
-0.177321,0.107876,0
-0.803305,0.219640,0
-0.837759,-0.354844,0
-0.403482,-1.096584,0
0.591917,-1.136865,0
-1.886342,0.890710,0
0.395609,-0.267243,0
-0.977504,0.600299,0
0.030933,0.291496,0
-0.362470,0.039472,0
-1.204465,-0.111386,0
-1.293689,0.224210,0
-2.396092,-0.453594,0
-0.976711,-0.372390,0
-1.210990,0.562169,0
-0.066095,0.619411,0
-1.493267,0.121024,0
-1.780127,-0.290178,0
0.599596,-0.191193,0
-0.399521,-1.725166,0
-1.022392,1.964153,0
-0.947411,-0.376707,0
-0.793798,1.354194,0
-1.385673,0.055868,0
-1.656169,0.328287,0
-1.680239,0.737482,0
-1.670921,-0.683635,0
-1.205078,0.778682,0
-1.816492,0.399253,0
0.473172,0.542926,0
-0.211328,0.710724,0
-0.176592,0.420982,0
-1.720839,-0.152546,0
-1.223596,-0.747839,0
-0.823667,-0.757821,0
0.009134,1.301169,0
-1.875710,0.829060,0
-2.130284,0.928534,0
-1.581761,-0.531743,0
-1.670829,-1.118083,0
1.074448,0.214520,0
-1.634343,0.496911,0
-0.626552,-2.053397,0
-0.878185,-0.800025,0
-0.959538,0.566229,0
0.579799,0.211164,0
-1.292535,0.088589,0
-1.376567,0.080290,0
0.474327,-0.551609,0
0.283359,1.338621,0
-1.436430,1.817715,0
0.011386,-1.041256,0
-0.591204,0.131415,0
-0.642188,-0.478976,0
-0.357950,-1.399729,0
-0.805928,-0.644435,0
-1.658201,0.112127,0
-0.735703,-0.558397,0
-0.851889,-0.284919,0
-1.690133,0.978606,0
-0.424534,0.335968,0
-0.279783,0.142944,0
-1.445320,-0.188064,0
-0.222921,-0.091105,0
-1.437890,-0.608943,0
-2.043565,-0.800940,0
-0.877942,0.842226,0
-0.367139,-0.678197,0
-1.636137,-0.206888,0
-2.666606,-1.061386,0
0.052689,0.650070,0
-1.844399,-0.327581,0
-1.091993,-0.026967,0
-1.835934,-1.729016,0
0.390323,0.109384,0
-0.224319,-0.344304,0
-1.753571,-0.306326,0
-1.172034,0.153012,0
-1.273577,0.649783,0
-1.294058,0.316917,0
-0.576436,1.500058,0
-0.848287,-0.387409,0
-1.616967,1.873862,0
0.589067,-1.193390,0
-0.274659,0.139867,0
-0.960965,-0.348908,0
-0.509609,1.195349,0
0.101243,1.123800,0
0.407802,-0.119006,0
-0.485866,-0.735141,0
-0.032580,1.007866,0
-1.308622,-0.931322,0
-0.247329,0.845037,0
-1.523311,0.041543,0
-1.450561,-0.757045,0
-0.664135,0.603722,0
-1.006218,-0.111521,0
-1.340352,-0.869009,0
-0.710053,1.200191,0
-0.926473,1.543853,0
-2.516297,0.706049,0
-0.965123,1.077254,0
-1.347330,-0.858619,0
-0.779751,-1.286188,0
-0.484097,-0.717426,0
-1.013432,0.519257,0
-1.834255,0.535008,0
-0.859538,0.902025,0
-0.477632,1.628419,0
0.694004,1.292979,0
-1.350655,-0.258020,0
-2.007972,0.339151,0
-1.210926,0.943432,0
-1.596076,-0.385099,0
-0.038375,-0.651548,0
-1.503220,-0.545862,0
-1.487520,0.525546,0
0.012329,-0.959783,0
-0.614939,-0.573401,0
-0.852391,0.921109,0
-1.831196,0.983844,0
0.513956,0.808550,0
-1.210892,-0.079450,0
-2.220535,1.308089,0
-0.631911,-0.378854,0
0.086068,-0.060048,0
-1.016407,-0.038894,0
-0.920386,1.030309,0
-1.802839,0.854107,0
-0.670597,-1.600740,0
-1.600881,0.020703,0
-1.769518,-0.162180,0
-0.543293,0.049758,0
-2.028881,-0.154488,0
-2.401537,-1.216449,0
-1.513200,0.771795,0
0.730937,1.180119,0
-0.945153,0.804212,0
-0.519423,0.214006,0
-1.436627,-0.178414,0
-0.250212,-0.342656,0
-1.897297,0.795963,0
-0.945441,-1.385003,0
-0.802051,-0.291019,0
-2.327683,0.231533,0
-2.180675,1.050087,0
-1.673458,1.042685,0
-1.210664,-0.150433,0
-0.236926,0.548348,0
-2.093619,-1.314750,0
-1.077020,-0.930033,0
-0.970156,-0.128200,0
-1.436284,0.776592,0
0.816373,-0.062237,0
-2.198156,1.527485,0
-1.745266,0.473407,0
-0.654099,-1.564633,0
-0.533700,-0.023554,0
-1.542479,0.108612,0
-1.471138,0.231269,0
-2.182437,0.075619,0
-1.730081,-0.211464,0
-0.580361,0.462375,0
-0.628410,-1.468123,0
-1.372271,0.198392,0
-0.163651,0.570015,0
-0.458868,1.820787,0
-0.590514,-0.921503,0
-0.640086,-0.891877,0
-0.926328,-1.110223,0
-0.911059,0.116716,0
-1.153375,0.246327,0
-1.304341,0.012886,0
1.627836,-0.411007,0
-0.852039,0.535989,0
-1.415138,-0.739651,0
-2.492819,-0.700556,0
-2.041384,-0.138732,0
-0.641910,0.365989,0
-0.142797,-0.519189,0
-0.691518,0.789824,0
-2.118120,-0.881015,0
-0.588268,0.246696,0
-0.296902,0.498262,0
-0.707029,0.319449,0
-1.053598,-0.445458,0
-1.204430,-0.156462,0
-0.444168,0.497364,0
-0.109031,-1.327974,0
0.224988,0.426850,0
-2.954575,1.004401,0
-1.756559,0.743566,0
-2.157522,0.726524,0
-1.676364,-0.268745,0
-0.520541,1.541191,0
-1.090454,1.145886,0
-2.360294,-1.418067,0
-1.587375,-0.837919,0
-1.350382,0.841575,0
-0.057245,-0.723565,0
-1.056324,0.900317,0
-1.499688,0.267070,0
-0.651266,0.984141,0
-1.445936,0.069921,0
-0.628958,0.374489,0
-1.539309,-0.927923,0
-1.320189,0.757108,0
-2.181386,-0.531942,0
-0.771909,-0.069693,0
0.563958,1.943698,0
-3.275944,0.450432,0
0.084651,-1.402023,0
-0.220620,0.088865,0
-0.292633,-0.307417,0
-1.741606,-1.501300,0
-0.482191,-0.177791,0
-1.597833,-0.451631,0
0.240068,-0.235950,0
-1.264422,-0.479038,0
-1.231425,-1.040311,0
-0.570511,-0.381737,0
-2.026735,-0.236265,0
-0.535441,0.261462,0
0.535522,0.179569,0
-0.754953,-0.035633,0
-1.781809,-0.504555,0
-0.899787,-0.306091,0
-0.428793,1.754617,0
-3.202098,-0.841248,0
0.139501,-2.137618,0
-0.401267,-0.444226,0
-2.176044,0.296859,0
-0.719291,-0.472126,0
-1.451639,0.277297,0
-2.099123,-0.410936,0
-1.394467,-1.016634,0
-0.083097,0.823369,0
-0.413842,1.257324,0
-2.246694,-0.797061,0
-1.801185,0.011602,0
-0.174433,0.494028,0
-1.569614,-0.044787,0
-1.268365,-0.718463,0
-1.812236,-0.979841,0
-1.660631,0.018836,0
-1.597000,-0.281649,0
-0.015806,0.838194,0
-1.310490,-0.261466,0
-1.111623,0.473104,0
-0.394782,0.189420,0
-1.520079,0.392247,0
-1.293781,0.225074,0
-1.255878,0.370032,0
0.000726,0.268608,0
-1.170320,0.333246,0
-0.619562,-0.176246,0
-0.306943,0.315136,0
0.245286,-0.173951,0
-1.681286,0.334895,0
-1.455806,0.427695,0
-0.469633,0.664308,0
-0.498109,0.942137,0
-0.727345,0.249382,0
-0.970207,-1.436372,0
-1.155859,0.202558,0
-0.863416,1.207804,0
-0.931624,0.287778,0
-2.285426,-0.097774,0
-1.014603,0.290024,0
-1.540442,-0.615539,0
0.089652,-0.547600,0
-2.710345,-1.097725,0
-2.428138,0.416405,0
-0.391624,0.692599,0
0.588357,-0.334888,0
-1.390030,-0.619893,0
-0.388281,0.757571,0
-1.158999,-0.034056,0
-0.147553,0.812169,0
-1.835891,-0.729057,0
-0.404557,0.008138,0
-1.433470,-0.386659,0
-0.765703,-1.185631,0
0.630218,1.061142,0
-1.513440,-0.086318,0
-1.874006,0.115552,0
-1.042736,-0.866507,0
-2.675499,-1.106833,0
-0.341351,-0.381821,0
-1.224041,-0.140951,0
0.364343,-0.596999,0
-1.092204,-0.376956,0
-0.172950,-0.244129,0
-0.374779,-0.953466,0
-0.792877,0.569178,0
-1.793791,-0.228212,0
-1.412475,1.004286,0
-1.210027,-0.618260,0
-0.150839,1.133446,0
-1.765708,-0.901754,0
-2.915180,-0.268090,0
-1.081668,0.108299,0
-1.400451,0.435843,0
-0.161505,0.328838,0
-2.271640,0.672976,0
-1.812735,-1.046091,0
-0.681470,-0.982788,0
-0.951208,1.247783,0
-1.059339,-0.816721,0
-0.677766,0.724000,0
-0.142213,0.117470,0
-2.113864,-0.114963,0
-1.589650,-0.942968,0
-1.587680,0.657454,0
-0.674779,-0.014077,0
-0.721088,0.064674,0
-1.580870,0.525942,0
-0.050070,0.303224,0
-1.617073,-1.252008,0
0.334994,0.285403,0
0.828402,0.358760,0
-2.606690,-0.982949,0
-1.095074,0.351094,0
-1.024368,0.688579,0
-1.447193,-1.007715,0
-1.533097,1.551422,0
-1.105441,0.599912,0
0.343593,0.005696,0
-1.616469,0.550708,0
-0.661219,-0.506781,0
-1.013631,0.599817,0
-1.097700,0.809391,0
-1.263232,-0.011920,0
0.052905,0.495965,0
-1.512095,0.910709,0
-1.193643,0.314587,0
-1.777313,-1.136163,0
0.133030,0.225288,0
-0.520227,-0.822737,0
-0.152446,1.193312,0
-2.025390,0.489407,0
-2.104561,1.041932,0
-0.687887,-0.212440,0
-2.074778,0.163793,0
0.267815,-0.678619,0
-2.381586,-0.268082,0
-0.294746,-0.889165,0
-1.430410,0.085133,0
-2.099353,1.030353,0
-0.441724,-0.788808,0
-1.561746,-0.635392,0
0.258535,-0.194217,0
-0.861538,0.298094,0
-1.262186,-1.562366,0
-0.824794,0.264108,0
-1.441054,0.110981,0
-2.983282,0.286608,0
-1.465937,-0.427821,0
-1.758369,-1.376857,0
-2.025951,-0.414618,0
-0.505903,0.790450,0
0.199131,0.388583,0
-1.160646,0.836301,0
-1.069761,-0.131698,0
-1.196153,-0.270283,0
-1.718839,-0.368432,0
-1.232799,0.086766,0
-0.721295,0.364430,0
-0.038574,-0.371475,0
-1.060221,0.929302,0
-1.171481,0.549692,0
-1.013094,-0.719346,0
-0.820382,1.077443,0
-1.605034,-0.323178,0
-0.092007,0.631190,0
-0.659646,0.319348,0
0.354621,-0.906311,0
-2.873725,-0.385798,0
-0.096612,-0.860921,0
-2.298646,-1.296015,0
-0.723039,-0.249033,0
-0.362030,0.182264,0
-1.771040,-1.231024,0
-0.618728,-0.421888,0
-0.973157,-0.711669,0
-1.367654,-0.199002,0
0.125681,-2.299604,0
-1.725494,0.558757,0
-0.620806,0.770013,0
-0.025030,-0.450258,0
-0.057802,-0.362535,0
-0.653103,-0.385616,0
-1.511006,-0.035551,0
-0.243969,-0.172881,0
-1.746782,-0.659904,0
-1.002456,-0.274413,0
-1.046305,1.423354,0
-0.160124,-1.050260,0
-0.831912,-1.486785,0
-0.803834,-0.425034,0
-1.391229,-0.244876,0
-1.760581,0.338024,0
-0.919659,-1.047397,0
-1.693533,0.097286,0
-0.903789,-0.952717,0
-1.119625,-0.189653,0
0.205073,-0.253056,0
-0.517524,0.116275,0
-0.197116,0.070104,0
-2.136249,0.079345,0
-2.895879,-0.422746,0
-1.165735,0.215820,0
0.435307,0.022658,0
-0.765103,0.759993,0
-0.407534,1.339184,0
-1.144684,0.764392,0
-1.244759,0.149335,0
-0.936414,0.793698,0
-0.688799,-0.489572,0
-0.304369,1.013709,0
-0.749192,-0.441218,0
-0.561275,0.297690,0
-1.829591,-0.105134,0
-1.509169,-1.393276,0
-0.093005,-0.385516,0
-0.084974,0.121549,0
-1.938588,0.633367,0
-2.084512,-0.278577,0
-1.051710,-0.114698,0
-0.824832,-0.468714,0
-0.477719,0.544763,0
-1.745007,-0.991535,0
-1.940015,-1.075563,0
-1.752536,0.324324,0
-0.626094,0.266918,0
-1.693950,-0.213692,0
-0.678570,-0.581474,0
-0.371219,-0.573841,0
0.384110,0.818987,0
-1.619662,0.476770,0
-1.640828,1.341354,0
0.158496,-0.078237,0
-0.533952,0.259729,0
-1.283873,0.757623,0
-1.823493,-0.636647,0
-1.737959,0.464662,0
-1.259290,-0.961157,0
-0.503236,-0.294032,0
-2.024700,1.397231,0
-2.982605,-0.292054,0
-2.713251,0.855536,0
-1.052667,0.065011,0
-0.711375,-0.128331,0
-1.859380,-0.017298,0
-1.190943,0.146354,0
-2.061279,1.009336,0
-1.319036,-0.975318,0
0.579910,1.164102,0
-0.486660,0.629682,0
-1.367590,1.735742,0
0.605759,1.194225,0
-1.897821,-0.958313,0
-1.733186,0.081300,0
-0.738270,1.302583,0
-0.439485,0.126089,0
-0.359595,-0.060248,0
-3.228289,-0.918475,0
-1.002051,-1.044825,0
-1.881345,0.938656,0
-1.293914,0.630335,0
-1.459212,0.079767,0
0.238774,0.660916,0
-1.987980,-0.253115,0
-0.826183,0.671166,0
-2.601639,-0.162629,0
-0.912639,0.555082,0
-2.357495,0.267234,0
-1.644707,0.398178,0
-0.898431,0.819447,0
-1.611371,0.415474,0
-2.576896,1.544712,0
-0.956814,1.576941,0
-0.959110,-0.631842,0
-0.932378,0.683272,0
-1.152679,0.032128,0
0.169197,-1.496531,0
0.694341,-0.617968,0
-1.976949,0.406967,0
-0.948215,0.044666,0
-1.387730,0.739499,0
0.539247,-0.572388,0
1.529122,0.486828,0
-1.568646,0.089636,0
0.044714,1.123202,0
-0.203871,0.291675,0
-2.089028,-1.718283,0
-1.190923,0.102574,0
-0.400384,0.394140,0
0.539428,-2.075123,0
-1.849429,0.207935,0
-1.276132,1.764973,0
-0.458564,-0.263219,0
-1.048805,-0.595755,0
-1.265525,0.074313,0
-2.123668,-0.818335,0
-1.884328,0.996086,0
-0.334592,1.040904,0
-0.409436,-2.335352,0
-0.816804,0.575313,0
-0.715785,-1.085536,0
0.356606,-0.115326,0
-1.689842,-1.108920,0
0.006382,-0.295945,0
-2.408511,0.223300,0
-1.296035,0.466948,0
-0.770311,-2.370346,0
-1.070783,2.434132,0
-1.093558,0.825800,0
-0.658531,-0.298615,0
-0.419310,0.570050,0
-0.000195,-0.104949,0
-1.385851,-0.898288,0
-1.509589,0.559925,0
-1.169743,0.167815,0
-2.627769,0.289542,0
-0.537472,-0.860038,0
-2.637649,-0.577771,0
-0.871943,2.157739,0
-0.577165,-1.106635,0
-0.607445,-0.290290,0
0.161072,1.641020,0
-1.625727,1.385035,0
-1.276409,0.909531,0
-0.835420,-1.408727,0
-1.485066,1.620506,0
-0.939159,0.558411,0
0.964073,0.285339,0
-1.893172,-0.490136,0
0.674710,-0.174625,0
-1.410103,-0.976107,0
-2.442594,-0.186654,0
-0.244327,-0.067601,0
-0.194601,0.120016,0
0.599885,1.533453,0
-1.055588,-1.846646,0
-0.339441,0.866479,0
-1.465928,-1.646590,0
-0.118034,0.384005,0
-0.173060,0.457629,0
-2.369295,0.367249,0
-1.869464,0.849943,0
0.113445,0.226672,0
-0.966642,-0.388987,0
-0.611123,-0.300262,0
-1.476727,0.064682,0
-0.120554,1.636055,0
-1.083686,-0.218753,0
-0.971424,-0.160708,0
-0.337788,0.736709,0
-1.696850,-0.023250,0
-1.612621,1.072067,0
-1.335707,-0.248931,0
-0.872570,-0.191433,0
-1.050279,-0.799307,0
-1.622895,1.019325,0
-0.612555,-0.300888,0
-1.805621,-0.723835,0
-0.278618,0.607826,0
-1.323280,-0.997814,0
-0.753644,-0.974661,0
0.055040,-0.548440,0
-0.710020,-1.013992,0
-1.190336,-0.573463,0
-1.219870,0.295920,0
-2.455216,0.488817,0
0.185435,-0.043834,0
-1.810041,-0.149752,0
-1.035100,0.298893,0
-1.408869,-0.233626,0
-1.398580,-0.040720,0
-1.177838,0.276757,0
-1.558340,-0.731204,0
-1.311043,0.051092,0
-0.263505,0.762606,0
-1.222585,0.605395,0
0.433602,-0.368800,0
-1.109396,-0.100508,0
-1.441227,0.751451,0
-0.717465,1.920634,0
0.363835,-1.412679,0
-0.145015,0.643206,0
0.008250,0.475679,0
-1.425270,0.436575,0
-1.337936,-0.034193,0
-1.729781,0.067946,0
0.045953,-0.963838,0
-0.534316,-0.468425,0
-2.113672,0.100047,0
-1.933578,-0.415580,0
-0.646936,-0.318869,0
-1.094727,0.744332,0
-0.901959,-0.444310,0
-0.047308,2.184948,0
-1.514645,-1.057368,0
-0.277411,-0.893737,0
-0.931955,0.228497,0
-1.641720,-1.136800,0
0.609923,1.540733,0
-0.398861,-0.284772,0
-0.521911,-0.820384,0
-0.069027,0.476564,0
-0.982427,-1.212984,0
-0.710835,0.594221,0
-1.272763,0.353193,0
-0.885010,1.486353,0
0.406708,-0.257141,0
-0.145048,-0.646838,0
-0.047836,1.003879,0
-1.697267,-0.090970,0
0.532294,-1.604273,0
-1.843147,0.540480,0
-0.624271,-0.112908,0
-0.497513,-1.073670,0
-1.328957,1.318280,0
-2.180296,-0.780001,0
-1.291535,0.978708,0
-0.998585,-0.027450,0
-0.332250,-0.306893,0
0.403773,-0.844431,0
-1.097525,-0.731235,0
-0.918862,0.219458,0
-1.013936,-1.435713,0
-0.546874,0.581319,0
-0.878656,0.513367,0
-2.281671,0.054404,0
-1.399539,-1.416340,0
-0.463793,-0.950726,0
-1.384559,-0.310336,0
-0.554164,0.613767,0
-0.992191,0.259733,0
0.001109,-0.514478,0
-0.996397,0.952596,0
-1.536428,1.219903,0
-1.150827,1.368425,0
-1.086131,0.359563,0
-0.596136,-0.388284,0
-0.050231,1.155907,0
-0.143864,0.100219,0
-0.349145,0.231773,0
-0.817287,-1.537360,0
-1.587435,-0.482451,0
-1.487635,1.419692,0
-0.029148,0.375203,0
-1.544476,-0.806433,0
-1.738877,0.969894,0
-1.031825,-0.074354,0
-1.391309,-0.014136,0
-0.333971,0.215041,0
-0.495088,-1.087364,0
-1.594586,0.154402,0
-1.376211,0.469917,0
-2.194103,-1.729575,0
-1.564747,-0.933595,0
-0.618763,0.293533,0
-1.343465,1.873442,0
0.125538,-0.484627,0
-1.597970,-0.951718,0
-1.804774,-1.034706,0
-1.142130,-0.621949,0
-0.753468,-0.672444,0
-1.509603,-0.272216,0
-0.811105,-0.578796,0
-2.735924,-0.447179,0
-1.298051,-0.312056,0
-1.703481,-0.660621,0
-1.409661,0.617398,0
-1.993310,0.099995,0
-0.696174,0.883178,0
-1.080516,0.214843,0
-1.180550,-0.904165,0
-0.965440,-0.156612,0
-0.514159,0.030834,0
-1.254239,-0.044678,0
-2.083829,-0.933350,0
-1.400211,0.572415,0
0.725412,0.355623,0
-0.085998,-0.402143,0
-1.563876,0.235261,0
-0.718059,0.588986,0
-2.333260,0.238827,0
-1.144312,-0.037910,0
-1.019046,-1.128273,0
-1.247329,-1.158791,0
0.013657,-0.394720,0
-0.881806,1.308084,0
-1.584739,-1.437244,0
-0.027840,-0.118070,0
0.558682,0.292222,0
-0.576426,0.793007,0
-0.771079,1.885050,0
-0.689752,-0.073401,0
0.163527,-0.370789,0
-1.262186,0.557738,0
-0.654238,0.738620,0
-0.680721,-0.222347,0
-1.184671,-0.241981,0
-0.516426,0.499507,0
-0.047155,-0.162536,0
0.133233,0.180958,0
-2.530118,-0.869156,0
-1.135811,-1.139132,0
-0.312313,-0.564193,0
-0.581743,0.295908,0
-2.125505,-1.076458,0
-1.469455,0.038347,0
