2.471626,0.187115,1
0.874396,0.664845,1
1.790097,0.289312,1
0.996264,0.419577,1
0.375620,0.369241,1
0.232182,-0.039653,1
1.154990,0.094440,1
1.147728,-0.348484,1
0.491184,0.094104,1
1.634842,0.627927,1
1.162928,0.659862,1
1.972410,-0.155677,1
1.448478,0.191235,1
1.463238,-0.449701,1
1.541393,0.338115,1
2.147357,0.338554,1
-0.088107,-0.811728,1
1.674377,-0.348977,1
1.543468,0.816303,1
0.257087,-0.059303,1
1.301409,-0.786004,1
1.485984,0.812317,1
-0.237588,-0.022559,1
0.548635,-0.897973,1
1.415589,-0.278078,1
1.979376,1.038589,1
2.420355,0.538369,1
1.218524,-1.222852,1
1.298603,-0.289297,1
2.735080,-0.892147,1
0.895248,0.859531,1
0.970570,0.120513,1
0.705174,0.793304,1
2.167254,1.228687,1
2.050705,-0.285722,1
0.848812,0.655482,1
0.839741,-0.255012,1
0.990796,0.402782,1
1.505765,0.669854,1
1.008334,-0.789582,1
1.409707,0.021086,1
1.634621,0.882007,1
1.826983,0.004951,1
1.249674,1.927952,1
1.133171,-1.464142,1
1.441741,-0.478981,1
1.828880,0.044256,1
1.964318,-0.329518,1
-0.434622,1.362027,1
0.368883,-0.219218,1
1.291755,1.029000,1
1.721615,-1.600777,1
0.928600,-0.408501,1
1.854780,-0.536469,1
2.493410,0.015619,1
1.466082,-0.371335,1
2.604570,-1.227980,1
1.328138,0.473251,1
0.231393,0.420400,1
-0.770499,0.268669,1
1.248831,0.585645,1
2.327197,0.507709,1
0.959661,-0.518082,1
1.077489,0.772382,1
1.023020,-0.070413,1
-0.401213,0.867288,1
1.503124,1.351345,1
0.055955,-0.250552,1
0.536251,0.092540,1
1.220898,0.793780,1
-0.342782,-0.720834,1
1.251922,-0.211862,1
0.464096,-0.815678,1
1.760409,-0.651827,1
0.479376,1.074552,1
0.153624,1.815912,1
0.890712,-0.066857,1
-0.153559,0.475214,1
0.900773,-0.175475,1
1.074063,0.105268,1
1.682469,-1.173902,1
1.682398,0.009814,1
0.429626,-1.100326,1
0.980639,0.245858,1
-0.308467,-0.763735,1
0.041314,0.923202,1
1.554027,-1.347475,1
0.393690,-0.420582,1
0.321394,-0.087123,1
1.997702,0.732718,1
0.183734,-0.659613,1
0.050187,0.601714,1
0.219203,0.390282,1
1.417382,0.860291,1
1.361874,-0.142685,1
1.561286,0.534980,1
0.502634,-1.224436,1
0.281624,0.232806,1
1.296676,1.304243,1
0.960077,1.077248,1
2.451954,0.544557,1
0.228369,0.196848,1
0.455707,0.132626,1
1.598211,0.844651,1
2.383789,0.154521,1
2.060936,-0.124018,1
0.356305,-0.640419,1
0.730541,0.194738,1
1.917459,-0.672723,1
0.643033,-0.235342,1
1.733932,-1.769163,1
-0.576895,1.259979,1
0.110104,0.991742,1
1.345506,-0.090979,1
2.038666,-1.278418,1
1.553668,-0.027166,1
0.273677,-0.836044,1
1.946612,-0.851018,1
1.219967,-0.765733,1
1.545736,0.824210,1
1.992293,0.374865,1
1.460584,-0.075965,1
-0.642300,-0.162231,1
1.452568,-0.719060,1
0.539472,0.974938,1
0.746156,1.000203,1
0.470995,-0.255519,1
0.737306,0.195485,1
0.234130,-0.732138,1
1.448776,-0.067364,1
0.969096,0.742408,1
0.106011,-0.179532,1
0.328276,0.138077,1
1.519163,0.272835,1
0.207010,0.515594,1
1.351628,-0.166824,1
1.515540,-0.975101,1
0.964451,-0.698874,1
0.670978,0.333813,1
1.580952,-0.290420,1
0.836247,0.331415,1
2.042069,-1.619236,1
2.750612,-0.271452,1
2.284677,0.330168,1
2.104598,-1.121967,1
0.036209,-0.996261,1
1.057090,-0.269483,1
1.952907,-0.127883,1
1.336938,-0.260017,1
0.079743,-0.474924,1
0.936463,0.238432,1
0.760751,0.806055,1
3.093494,0.781249,1
0.715846,-0.412770,1
1.199836,-0.471158,1
0.052881,-0.268425,1
1.520901,-0.864776,1
1.128276,0.192878,1
0.630495,0.049796,1
0.607856,0.608153,1
1.044639,0.491006,1
1.493170,-0.237319,1
0.765342,-0.962620,1
0.650758,-1.421758,1
1.132716,-0.094441,1
1.266172,-0.158632,1
0.467756,0.843486,1
1.476623,-0.385387,1
0.936539,0.364604,1
1.132628,-0.025275,1
1.049192,0.601982,1
0.749052,-0.508488,1
2.572274,-0.194377,1
0.103881,1.031137,1
1.993331,-0.199535,1
0.342827,-0.864750,1
2.376819,-1.705739,1
0.368407,1.142238,1
1.908018,-0.310058,1
0.738599,-0.057915,1
0.646264,1.228352,1
-0.258464,-1.097297,1
0.997291,-0.437435,1
1.691260,1.055822,1
1.513185,-0.462911,1
1.524403,-0.011172,1
1.174141,0.645216,1
0.600813,0.157728,1
0.650810,-0.195581,1
-0.213404,0.549846,1
1.329374,1.215485,1
0.824839,-1.170443,1
0.041408,-0.134875,1
1.974962,-0.869730,1
-0.652080,0.953531,1
0.395649,-0.251238,1
1.871989,0.158371,1
0.991824,0.414007,1
0.179878,-0.692240,1
1.138803,-1.206854,1
-0.055918,0.388227,1
0.886918,0.294806,1
1.861978,-0.675469,1
0.403850,-0.230097,1
2.504304,0.814824,1
0.337887,0.427821,1
1.241822,0.750272,1
1.123468,0.753861,1
1.516207,-0.754846,1
0.466524,-0.186196,1
0.842698,-0.154774,1
2.061672,-0.898990,1
0.576413,0.290698,1
1.059060,1.070977,1
0.983804,-0.173825,1
0.924175,-0.476206,1
0.960217,0.205261,1
0.628001,-0.277948,1
2.140790,0.285567,1
3.126855,0.094006,1
0.809127,-0.680507,1
0.792647,-0.704837,1
1.036063,0.283336,1
0.550128,0.670622,1
1.339443,-0.295928,1
0.124376,0.979942,1
1.387395,-0.290538,1
1.710887,0.311109,1
0.472405,0.879838,1
1.169280,-0.198830,1
0.735117,0.368452,1
-0.624429,-0.201841,1
1.642706,-0.057088,1
1.766997,-0.258303,1
1.521842,0.134829,1
1.782392,-1.187764,1
1.079374,-0.030280,1
2.070334,0.603439,1
1.642893,-1.077585,1
0.319540,-0.812416,1
-0.374527,-1.527246,1
0.056276,0.386589,1
1.766087,1.568905,1
1.086120,-1.158602,1
2.098786,-1.000836,1
0.400290,-0.216805,1
0.983722,-1.053298,1
0.621046,-1.202968,1
1.837441,-0.010242,1
-0.295608,0.378740,1
-0.189271,0.639735,1
1.270082,0.368067,1
0.950460,-0.136405,1
0.192984,-0.581083,1
0.681929,1.893194,1
1.418131,1.221733,1
0.208270,-0.366413,1
-1.148736,0.486525,1
1.439519,0.048463,1
-0.743298,0.332418,1
1.577370,0.292513,1
0.780424,0.567968,1
1.347030,0.179652,1
0.464006,-0.008438,1
-0.607886,-0.109564,1
0.547302,-0.414352,1
-0.059407,0.549563,1
0.820147,-1.067663,1
1.045822,-0.048823,1
1.963861,-0.307893,1
1.347817,0.866807,1
0.468816,1.319548,1
1.612502,-1.082461,1
1.968764,-0.849547,1
1.028815,-0.066817,1
0.890405,0.072235,1
1.505523,-0.889557,1
-0.075676,-1.023545,1
0.738853,0.723737,1
1.199036,-0.888127,1
1.185684,0.330572,1
-0.081517,0.248015,1
1.146996,0.106173,1
1.152720,-1.021856,1
1.800920,-0.424018,1
0.991881,0.440600,1
1.290532,0.145942,1
1.356190,-0.986935,1
2.431293,-1.056152,1
-0.064709,-0.815025,1
1.765164,-1.310927,1
0.385966,0.743614,1
0.927781,-0.662530,1
0.347865,-0.134854,1
0.930398,0.221058,1
0.689380,-0.119585,1
-0.026578,1.281931,1
0.592959,0.453011,1
0.991975,-0.287256,1
-0.133233,-0.637843,1
1.797984,-0.478578,1
1.065555,0.339058,1
0.142574,-0.398790,1
0.303073,-0.184322,1
3.576988,0.349384,1
0.732343,0.068990,1
0.977653,-0.334709,1
0.938424,0.265247,1
1.964789,-1.778869,1
2.005775,1.303660,1
0.167170,1.485218,1
1.243053,1.720472,1
0.654439,2.081212,1
0.696665,1.156650,1
-0.485475,-1.092784,1
0.166036,0.367066,1
0.386347,0.603837,1
1.349565,0.578169,1
0.970580,-0.117246,1
1.026352,1.212262,1
0.851890,1.201725,1
-0.098940,-1.250465,1
0.698310,0.590889,1
1.265359,0.801346,1
0.218703,0.464822,1
0.145239,0.369956,1
1.597618,-1.015702,1
1.632468,-0.428467,1
1.364332,-0.415050,1
1.147702,-0.332276,1
1.621740,1.132240,1
0.972318,0.657665,1
-0.304826,-0.001936,1
0.653332,0.739976,1
1.636538,0.829896,1
1.639122,-0.659724,1
1.261344,0.005308,1
0.762519,-0.487237,1
1.656013,1.196601,1
1.912732,1.029697,1
0.936051,-0.210599,1
2.163979,0.094353,1
0.338629,-0.242573,1
1.079671,-1.398360,1
1.994587,-0.685348,1
1.482221,-0.373301,1
0.268811,0.607852,1
-0.060538,-1.482087,1
0.209758,0.563323,1
0.966851,-0.639978,1
-0.269149,-0.148631,1
0.200996,0.273467,1
1.320964,0.547140,1
0.334496,0.024860,1
1.343630,-0.626520,1
1.413402,0.476467,1
1.402328,1.023424,1
0.854614,-0.429224,1
0.373967,-0.526419,1
0.842486,-0.049744,1
0.502712,-0.646884,1
1.808354,-0.590696,1
0.821554,-0.402092,1
1.328202,-0.768424,1
0.721641,-0.164918,1
0.817153,1.737044,1
0.859630,0.374890,1
0.588973,-0.318770,1
1.039782,0.028747,1
2.456551,0.058690,1
0.805384,-0.284347,1
0.275846,-1.091976,1
1.565241,0.625906,1
2.185593,-0.565759,1
0.070208,-0.512504,1
0.525526,-0.004020,1
0.895575,-0.240592,1
2.369349,0.803510,1
1.703439,0.405186,1
1.285559,0.501553,1
1.316106,2.409710,1
1.201785,-0.133206,1
0.778342,-0.396759,1
1.040149,-0.438833,1
2.178409,-0.534213,1
1.220018,0.350167,1
0.447339,1.031990,1
1.455721,1.618823,1
0.195762,-2.137372,1
0.529908,-0.351906,1
1.459242,0.330998,1
2.192757,1.333710,1
1.457955,-1.295961,1
1.111536,1.165075,1
2.189280,-0.127364,1
0.425895,-0.070990,1
1.520835,0.503943,1
0.245138,0.471444,1
1.792202,0.685955,1
1.389836,2.038314,1
1.354355,-1.439235,1
-0.830474,0.739018,1
-0.743290,-0.012483,1
1.157835,1.207037,1
1.466898,0.736276,1
0.961012,0.871290,1
0.968998,-0.217812,1
0.360336,-0.490021,1
0.610752,0.207735,1
-0.321742,1.097095,1
1.350111,0.727014,1
1.102172,-0.122072,1
0.437048,0.156983,1
1.435761,-1.293398,1
1.424819,1.038709,1
1.579058,-0.156025,1
0.255996,0.927208,1
1.874809,-0.515161,1
0.691693,1.092935,1
1.083986,-0.385245,1
1.901288,-0.415782,1
0.927291,-0.071848,1
1.261845,-0.254972,1
2.047756,-0.951806,1
1.179544,1.654250,1
1.931645,0.123370,1
0.678989,-0.313847,1
0.153787,-1.532989,1
0.806675,0.119098,1
0.365856,0.991600,1
2.351355,-1.026268,1
1.856957,0.182660,1
0.602087,0.219683,1
0.325274,-1.366073,1
0.177012,-0.745688,1
0.065536,0.183934,1
1.594298,-1.280914,1
0.835091,0.029712,1
1.521716,-1.720923,1
1.291843,-1.387828,1
1.181512,0.698552,1
0.863465,-0.598868,1
-0.220481,0.477902,1
0.894228,-0.304673,1
0.258119,0.041418,1
2.121796,-1.032284,1
1.821647,-0.605947,1
1.460354,0.067435,1
1.382101,0.109259,1
0.248375,0.320231,1
1.951084,0.657743,1
1.090046,0.868265,1
-0.313881,-0.603377,1
-0.725046,-0.012831,1
0.963418,0.642674,1
1.251456,-0.016464,1
0.025315,-0.395919,1
1.160013,-1.286139,1
-0.384878,-0.345634,1
1.433451,-0.537847,1
0.224457,-1.490177,1
1.292413,-1.457847,1
1.521832,0.600635,1
1.403997,-0.089033,1
1.003983,1.036098,1
0.521492,-0.608713,1
0.567001,0.097998,1
-0.267930,0.591661,1
0.213630,-0.882370,1
3.109232,0.490793,1
-0.119515,1.927557,1
0.937878,-0.463306,1
-0.213253,0.154442,1
0.038359,0.063583,1
0.567235,0.891714,1
0.337538,-0.994536,1
0.126459,-0.200179,1
2.385425,-0.991341,1
0.944086,0.871048,1
1.397003,-0.308815,1
0.370539,0.236835,1
0.919069,-0.566859,1
1.354925,-1.009457,1
1.005371,-0.737349,1
0.845142,0.635787,1
1.668696,0.103139,1
1.909216,-0.737862,1
2.020465,-0.013378,1
1.348013,-0.283894,1
1.174930,0.545894,1
1.251882,0.033765,1
3.339524,1.326518,1
0.688829,-1.586926,1
1.092983,-1.443485,1
0.006835,0.454910,1
0.638486,-0.602437,1
1.350261,-1.271376,1
0.682790,-0.187390,1
1.587958,-0.954850,1
0.387847,0.015653,1
0.989260,0.009888,1
0.817895,-1.153921,1
2.414000,0.241388,1
0.905245,-0.421970,1
0.151642,-0.272839,1
2.421872,-0.119567,1
0.544728,0.610429,1
0.537723,-0.336888,1
2.500798,-0.238501,1
1.186905,-0.091042,1
1.834173,-1.231979,1
1.686108,-0.491476,1
0.502092,-1.098719,1
-0.818392,0.123298,1
0.892061,1.076069,1
1.978810,-0.807092,1
0.445377,-0.782913,1
1.205677,-0.108019,1
1.217653,-0.008236,1
0.536919,-0.334512,1
0.492261,0.896081,1
-0.339068,1.133948,1
0.804992,0.249331,1
0.266453,-1.013043,1
0.796201,-0.689503,1
1.216205,-0.297213,1
2.106407,-0.709101,1
1.429529,-0.015989,1
1.275155,-1.133008,1
1.909820,0.382286,1
0.808884,-0.033061,1
2.519455,1.030226,1
0.068854,0.963113,1
2.195491,-0.591785,1
2.224252,-0.556232,1
0.184813,-0.761817,1
0.388142,0.965768,1
1.994148,1.040747,1
1.398609,-0.823679,1
0.283194,-0.622301,1
-0.058705,-1.018372,1
0.902240,1.838502,1
0.210347,0.460670,1
0.377975,0.632059,1
-0.780914,-0.422515,1
0.423339,-0.723605,1
1.502396,0.540648,1
0.735313,-1.830782,1
1.626973,-0.427293,1
1.218438,1.482278,1
1.165201,-0.925733,1
0.839026,0.777298,1
1.182487,0.222743,1
1.749511,-1.066270,1
2.595257,0.411951,1
1.918751,-0.017723,1
0.404830,-0.622966,1
0.775232,-0.610613,1
2.079100,-0.047131,1
0.930966,1.798230,1
2.252841,-0.097285,1
1.593358,0.478259,1
1.084740,1.260656,1
1.252611,-0.060542,1
2.030745,-0.160039,1
1.440572,-1.011385,1
1.908000,-0.976215,1
1.042831,0.110769,1
1.760727,0.568452,1
0.785204,-0.444481,1
0.881239,-0.404350,1
1.343671,0.122711,1
1.286459,-0.112930,1
1.185336,0.689029,1
0.037252,0.378771,1
1.312124,0.043298,1
0.656038,-0.899137,1
0.947529,-0.408082,1
1.423025,1.128196,1
1.013885,0.383465,1
1.004493,0.329340,1
0.253685,0.366797,1
0.366769,-0.192627,1
1.890912,0.570068,1
1.425923,-0.427058,1
0.856691,1.037530,1
1.417019,1.232919,1
0.557881,-0.570970,1
0.808787,-0.644981,1
1.579767,-0.309503,1
2.628402,0.273434,1
1.440261,-0.072284,1
1.680839,-0.512599,1
0.569645,-0.395166,1
2.520345,0.128827,1
0.643727,-0.129817,1
-0.098354,-0.519719,1
0.969085,0.766345,1
1.423580,0.250901,1
1.075791,-0.600655,1
0.695371,0.324834,1
1.100500,-0.185891,1
1.234050,-0.109925,1
1.466832,0.392069,1
1.649420,-0.480676,1
1.330496,0.508999,1
1.493388,-0.047719,1
0.780510,-0.721228,1
-0.104486,0.348870,1
0.901143,-0.904544,1
1.100120,-0.615221,1
1.511586,-1.018885,1
1.482054,-1.202191,1
1.230467,1.276913,1
0.680990,-0.520476,1
0.576851,1.290635,1
1.645122,1.633953,1
-0.995958,0.653296,1
0.239922,-0.605875,1
0.762623,1.405781,1
1.218042,-0.494532,1
0.012986,0.086640,1
0.952039,0.504946,1
0.860996,-0.563832,1
1.496895,0.190805,1
0.016152,0.199838,1
2.156410,1.474367,1
1.624029,0.166847,1
2.572339,0.093621,1
0.107996,0.005834,1
-0.894732,0.255592,1
0.389411,0.633285,1
0.025994,0.555400,1
-0.720609,-0.894178,1
1.869886,-1.319454,1
0.929686,0.795073,1
1.553291,0.056956,1
0.567131,0.424821,1
1.347618,-0.737251,1
0.223778,0.171623,1
1.552173,0.836009,1
0.226610,-1.200753,1
1.788937,0.787053,1
0.758790,1.449317,1
0.896930,-0.986822,1
1.037724,0.154123,1
1.996170,0.014902,1
0.537821,-0.890666,1
-0.092969,0.117757,1
1.173196,0.203726,1
1.854220,-0.516595,1
-0.173922,1.143256,1
1.850079,-0.724686,1
0.619088,-1.326205,1
-0.688915,0.503642,1
2.676431,-0.301344,1
1.224096,0.309021,1
1.028228,1.156198,1
0.207905,0.707827,1
1.463899,0.927002,1
0.581549,1.387454,1
1.251889,-0.558559,1
1.669300,0.030491,1
-0.193249,-2.153070,1
0.912559,-0.201962,1
0.882589,0.034876,1
0.901556,0.028917,1
0.863763,1.807178,1
1.977277,0.578459,1
0.377796,-1.131196,1
0.236174,0.144897,1
0.399171,1.802158,1
0.194946,-0.434020,1
1.691971,1.443864,1
1.140419,1.329928,1
1.297309,0.255761,1
1.824750,1.131691,1
1.322945,-0.188125,1
0.731772,-0.887441,1
2.082747,0.457455,1
0.547256,0.787899,1
-0.147418,-0.479177,1
0.765458,-0.746987,1
0.872784,0.428480,1
1.157760,0.212122,1
0.706998,-0.052687,1
0.303533,0.261170,1
1.715276,-0.612795,1
0.367826,-0.069713,1
1.292216,-1.722694,1
1.222583,-1.167532,1
0.528256,0.187783,1
1.827981,-0.506299,1
1.205461,0.735536,1
1.097501,-0.751017,1
0.695974,-0.659014,1
0.032530,-0.671327,1
1.287626,-0.168443,1
2.097211,0.155722,1
0.699007,0.380332,1
1.466226,-0.877227,1
1.931839,-0.398754,1
0.820629,-0.044978,1
1.342569,-0.151126,1
2.665072,0.474707,1
0.639011,-0.273425,1
1.199081,1.512552,1
0.197747,-0.137199,1
2.214775,0.185095,1
0.457606,0.659811,1
0.173004,0.317378,1
1.553577,-0.956186,1
0.428335,-0.516959,1
1.625669,-0.604619,1
1.486700,1.321609,1
1.305107,-0.308830,1
1.938552,0.391268,1
0.451313,-1.336392,1
2.515738,0.370738,1
-0.246096,-0.295682,1
0.252384,-0.476990,1
0.072140,1.636224,1
1.528364,-0.234935,1
0.896004,-0.858963,1
0.304490,0.369004,1
0.441110,0.290346,1
0.753605,-1.235093,1
1.146513,-0.286766,1
1.233124,-1.359200,1
0.435500,-0.914936,1
0.988023,0.482477,1
3.667270,-0.035601,1
1.237676,1.011665,1
0.095208,0.169190,1
0.652108,-0.645705,1
0.913577,0.243051,1
1.702663,0.982263,1
2.081847,-0.242084,1
1.288123,-0.692912,1
1.582235,0.010544,1
2.596085,0.318072,1
1.299185,0.503259,1
0.630497,-0.786591,1
0.848481,-1.216970,1
0.540000,-0.922398,1
0.824558,0.193846,1
0.591825,0.766089,1
2.305830,1.327502,1
0.806056,-0.266128,1
0.733061,-1.067774,1
0.932948,-0.239739,1
0.072922,-0.154592,1
1.304525,0.132087,1
0.474590,0.567828,1
1.368254,-0.952715,1
1.978175,-1.556333,1
1.402984,0.968996,1
1.529119,0.268643,1
0.974024,-0.049562,1
1.185042,-1.010025,1
0.755691,-0.044604,1
0.982422,-0.681818,1
2.692970,0.372623,1
1.695189,-0.811706,1
1.003139,-0.676684,1
1.200903,-0.513959,1
0.083673,1.357442,1
1.572232,0.408978,1
-0.004482,-0.321288,1
0.541642,0.147050,1
0.282476,0.560025,1
1.278735,-1.838817,1
0.927314,1.233364,1
0.761192,0.455600,1
0.549045,0.984535,1
1.238518,0.554840,1
0.693602,-0.466111,1
1.934045,-0.843904,1
1.466926,-1.048309,1
0.785323,-0.808135,1
1.435601,-1.120430,1
1.425898,-0.955255,1
0.820143,-0.695096,1
2.139891,-0.494738,1
1.073717,-0.091107,1
1.650961,0.882601,1
1.385166,-1.162213,1
1.223033,-0.024182,1
2.640504,-0.989737,1
1.993671,-0.832667,1
1.542483,-1.094769,1
0.076173,0.073181,1
0.524371,-1.354683,1
1.400480,-0.468946,1
1.622075,-1.802126,1
1.169463,0.060936,1
1.899550,0.746129,1
1.105601,-0.223290,1
-0.668695,0.337701,1
1.079109,1.178988,1
1.690751,1.248480,1
1.531662,-0.382961,1
0.351269,0.065847,1
1.672198,0.109913,1
1.401668,0.376838,1
2.138118,-1.031584,1
1.811747,0.201938,1
0.767943,-0.209980,1
0.618909,0.666258,1
1.884788,0.299442,1
0.162744,-0.885274,1
0.789801,0.705352,1
0.748528,0.154071,1
1.945616,0.465530,1
0.040809,0.082453,1
0.560095,-1.005075,1
-0.120957,0.560101,1
2.726002,-1.021828,1
0.355871,-1.285392,1
1.941510,-0.870918,1
1.152765,0.240670,1
1.464757,-1.813357,1
0.680924,0.390014,1
1.612945,-0.202116,1
1.752492,-0.927652,1
1.775382,-1.131218,1
0.529362,-0.473062,1
1.552214,0.568863,1
-0.406880,0.180973,1
0.648665,-0.314455,1
1.679075,-1.121634,1
2.635223,0.117599,1
0.930028,-0.488581,1
-0.320751,-0.568379,1
0.488664,1.306405,1
-0.070433,0.562826,1
-0.593003,-0.382220,1
2.592808,0.521339,1
1.252671,-0.789059,1
0.033511,-1.090963,1
1.117050,-0.547294,1
1.038369,-1.049052,1
-0.004786,0.593823,1
2.672036,-0.108132,1
1.326362,-0.388062,1
3.148153,-1.655270,1
1.417479,-0.244033,1
1.290557,-0.801283,1
0.656644,1.295597,1
0.687356,-0.383715,1
1.011364,-1.311364,1
1.096398,-1.278671,1
1.653390,-1.390397,1
1.685686,-2.352925,1
1.556994,0.350356,1
1.189885,0.067857,1
1.248071,0.762339,1
0.445801,-0.259389,1
0.323779,-0.626991,1
0.313016,-0.841878,1
-0.208935,0.007402,1
1.089858,-1.033360,1
0.335569,-0.583784,1
-0.469301,-0.315844,1
0.416993,-0.390424,1
1.130179,0.219878,1
1.356001,-0.009546,1
0.723564,-0.011274,1
1.764396,0.417190,1
1.588750,0.056775,1
2.235844,-0.818837,1
1.070550,0.595983,1
1.163722,-0.453231,1
1.125623,0.034396,1
0.947223,0.689178,1
1.097418,-0.224594,1
0.919096,0.243023,1
0.888013,0.834970,1
1.754733,-0.049932,1
0.425783,0.868977,1
0.825490,0.789315,1
2.048000,0.116752,1
1.737047,-0.484804,1
0.293433,1.858600,1
0.316690,-0.264511,1
1.042812,-0.457739,1
2.766983,-0.239922,1
1.131641,0.305619,1
-1.256155,0.192322,1
1.909781,-1.075029,1
0.514584,0.134134,1
1.702863,1.357625,1
1.301825,1.016226,1
1.539946,1.021850,1
2.001695,0.032442,1
1.515972,-0.118035,1
0.373091,0.581469,1
1.322281,-1.213455,1
1.856146,0.659043,1
0.299263,-1.331281,1
1.562117,-0.054412,1
0.617090,-0.431791,1
0.831062,0.246984,1
0.847460,-0.587901,1
0.216319,0.573491,1
1.554680,-0.658449,1
0.951686,-1.249846,1
0.417386,-0.050879,1
1.896403,-0.893359,1
2.180592,-0.673069,1
1.131047,0.959168,1
0.424297,-0.118457,1
1.255521,0.782586,1
2.139514,0.594734,1
2.398351,1.943260,1
-1.018604,-0.173281,1
0.805530,-0.085069,1
1.234645,0.334229,1
1.432980,-0.611136,1
1.453885,-0.523067,1
-0.146474,1.208100,1
1.324362,-0.385748,1
0.724885,-0.227046,1
1.808687,0.297357,1
-0.411289,0.334126,1
-0.185198,0.132460,1
-0.110380,0.623495,1
1.322043,-0.256074,1
0.797916,-0.036642,1
2.585431,-0.818131,1
0.874763,0.721807,1
1.149109,-0.355665,1
1.116677,-0.896209,1
1.587394,0.084108,1
0.635705,-0.508558,1
-0.198528,1.051443,1
1.044482,1.161439,1
1.862546,0.453008,1
1.836643,0.950403,1
1.389821,0.188678,1
-0.005409,-0.174081,1
0.556235,-0.368222,1
1.755932,-0.042978,1
1.143505,0.637839,1
1.439145,-0.783910,1
1.721923,0.943538,1
0.896479,-0.808181,1
0.471071,0.635830,1
1.219992,0.948313,1
0.680416,-1.362173,1
1.389704,0.514966,1
2.035485,0.177263,1
1.931526,-0.167421,1
2.295985,-1.556253,1
0.090084,-0.177242,1
1.773079,0.326444,1
0.601030,1.294422,1
-0.318719,-1.157314,1
2.070769,-0.079830,1
0.262398,0.640151,1
2.565169,-1.126147,1
-0.256084,-0.425895,1
0.876737,-0.601931,1
2.036038,0.674957,1
1.706346,-0.167124,1
1.577007,-0.274305,1
0.322599,0.623697,1
3.235007,1.359172,1
1.061688,0.681029,1
0.727097,0.538004,1
1.036172,1.095548,1
-0.347858,0.082075,1
0.784974,0.433080,1
1.204085,-1.067721,1
0.667063,-0.401274,1
0.948781,0.439940,1
0.473513,-0.395248,1
-0.434394,1.063380,1
1.476031,-1.030623,1
1.706054,0.634451,1
0.922220,-0.840034,1
0.593694,0.075026,1
2.362458,0.576440,1
0.579729,0.429637,1
0.137326,-0.217748,1
0.366605,-0.206927,1
0.300069,0.807564,1
0.654700,-0.108811,1
1.984621,0.950316,1
0.788996,-0.927619,1
1.641675,1.092470,1
-0.385969,0.403264,1
1.656502,-2.012134,1
1.450094,0.801769,1
1.560998,0.128825,1
2.437301,1.071042,1
1.632332,1.255216,1
1.628611,1.037926,1
1.866142,0.399045,1
1.984825,-0.482093,1
-0.701377,-2.399054,0
-0.944308,0.092035,0
-0.755234,0.409781,0
-2.653533,0.362619,0
-0.472088,1.602737,0
-0.766024,-0.177758,0
-2.470970,0.989807,0
-1.781347,0.074704,0
0.014926,0.042810,0
-0.807816,-0.994519,0
-0.400707,-1.596610,0
-0.867496,0.867420,0
-1.153977,0.158613,0
-1.528569,-0.135689,0
-1.777628,0.105355,0
-1.255478,-1.454303,0
0.930258,0.004173,0
-2.258171,0.278013,0
-0.071673,-1.174474,0
-1.744593,0.821667,0
-2.171621,-0.613111,0
-1.086311,0.031085,0
-1.123073,0.642342,0
-0.615255,0.497143,0
-0.348221,0.084756,0
-2.712873,-0.630847,0
-1.492616,-0.155606,0
-0.759922,0.238361,0
-0.462727,-1.524996,0
-0.760668,0.073085,0
-0.614385,0.963859,0
-1.424440,-0.978769,0
-0.507465,-0.536748,0
-2.233668,-0.123481,0
-1.323846,0.535929,0
-1.245339,-0.863238,0
-0.988531,0.826276,0
-1.020669,-0.832576,0
-1.148597,-0.338035,0
0.500109,0.347872,0
-0.016404,-1.256269,0
-0.518206,-0.734454,0
-0.497980,0.730986,0
-0.833291,0.197756,0
-3.359003,0.100182,0
-0.585018,-0.543163,0
-1.279101,-0.670766,0
-0.969700,0.060682,0
-1.740074,-0.095337,0
-0.611989,-0.292726,0
-1.183738,0.798166,0
-0.804866,1.638352,0
-0.515834,0.122148,0
-0.337742,1.223830,0
-1.889178,0.133252,0
-1.613282,-1.139296,0
-0.501622,1.218450,0
-1.280952,1.044519,0
-0.125663,-1.071256,0
0.010475,0.305033,0
-1.941210,1.300225,0
-0.765549,-0.086958,0
-1.657052,1.171932,0
-0.992769,0.814023,0
-1.240508,0.595447,0
-1.935265,-0.225608,0
-0.453682,1.318814,0
-1.111631,-0.703415,0
-0.502241,-0.605821,0
-0.247080,0.342241,0
-1.247664,0.014779,0
-0.327544,-0.284541,0
-1.525349,1.046296,0
0.224790,0.970585,0
-0.837724,1.043965,0
-1.780649,-0.158363,0
-0.191048,0.507920,0
-1.529088,0.558902,0
-0.521087,-0.062109,0
-1.229283,-2.101167,0
-0.137433,-1.046710,0
-0.963520,0.392323,0
-1.012238,-0.475001,0
-0.745172,-0.508009,0
-0.939136,-0.575458,0
-1.265618,1.479503,0
-1.675051,0.421622,0
-1.116416,1.349382,0
-1.180067,-0.201608,0
-2.156152,1.337938,0
-1.412499,0.186594,0
0.043387,-0.287184,0
-0.350116,0.659536,0
-1.056044,-0.136928,0
-0.571379,0.539875,0
-1.769687,-0.567609,0
-2.426416,-0.189354,0
-0.343414,0.466570,0
-2.706577,0.577859,0
-2.576566,0.009249,0
-1.701956,-0.506019,0
-2.103785,-1.055130,0
-1.357327,0.537243,0
-0.450562,-0.369351,0
0.945260,0.324933,0
-1.214880,0.588511,0
-0.441102,0.853901,0
-0.249706,0.542574,0
-1.943719,-0.062267,0
-0.582039,1.547979,0
-1.243858,-0.612474,0
0.017512,1.326758,0
-2.230881,-1.683734,0
-0.916776,-0.645611,0
-1.666292,0.213340,0
-2.601834,-1.012126,0
0.828329,1.215676,0
-0.562936,0.208177,0
-1.269074,0.755697,0
-0.499525,0.796410,0
0.412210,-0.029048,0
-1.232863,-0.057821,0
-1.884134,0.870807,0
-1.425949,0.494140,0
0.561243,-1.175505,0
-1.836390,0.555156,0
-0.495770,0.649700,0
-1.294888,0.528290,0
-0.990336,0.172036,0
-1.381407,-0.931956,0
1.031232,0.058830,0
-0.049504,-0.130109,0
1.099602,-0.267636,0
-0.548459,1.280565,0
-0.463756,-0.606436,0
-1.081009,1.027805,0
-1.723380,-2.150270,0
-0.986549,0.603532,0
-1.801268,-0.090814,0
-0.287718,0.106088,0
-0.160354,-1.154299,0
-1.483603,0.836385,0
-0.972708,0.779902,0
-2.714232,0.295658,0
0.372480,1.219942,0
-1.862249,-0.020320,0
-0.854669,-1.406471,0
0.534706,-0.144786,0
0.159114,0.771946,0
-1.087566,0.646407,0
-1.529862,-0.073667,0
-1.039983,-0.097644,0
-1.776220,1.335020,0
-1.339428,1.270054,0
-0.687724,-0.266425,0
0.518440,0.330539,0
-0.923158,-0.641421,0
-0.195305,-0.015953,0
-2.455901,0.284200,0
-2.169839,-0.366351,0
-1.749517,-0.687953,0
-2.134019,0.799949,0
-0.918681,-0.387302,0
-2.295155,1.043498,0
-1.683564,0.810283,0
-0.108058,-0.110324,0
-1.140328,-0.530311,0
-0.448785,-0.111681,0
-1.076936,0.015618,0
0.216808,-0.505170,0
-0.695801,-0.281324,0
-0.443235,-1.100310,0
-1.617942,0.097168,0
-0.544848,-0.370139,0
1.147173,-0.300877,0
-0.804016,0.876479,0
-0.443559,-0.460445,0
-1.338953,-1.022398,0
-0.856047,0.460655,0
-1.315357,0.602340,0
0.383339,-1.827065,0
-1.197407,0.627811,0
2.118294,-1.462077,0
-2.081651,0.762019,0
-1.033452,1.357180,0
-0.843113,-0.062084,0
0.097654,-0.751277,0
0.096797,-0.458907,0
-0.184676,-1.200527,0
-1.942353,-0.984098,0
-1.486568,-0.431587,0
0.180807,-1.283677,0
0.905838,-0.670771,0
-1.529884,1.004405,0
-2.144174,-0.094968,0
-1.127293,-0.056340,0
-1.199860,0.909421,0
-1.143067,-0.256104,0
-1.920164,0.293895,0
0.022245,-0.073935,0
-0.624736,0.729463,0
-2.165273,0.112282,0
-0.951918,-0.921490,0
-2.468094,0.432945,0
-1.701955,-0.347777,0
-2.492030,0.248185,0
-0.657737,-0.009847,0
-0.551267,-0.762655,0
-0.837007,-0.277650,0
-0.727361,-2.305547,0
-0.817575,0.547054,0
0.363203,-0.688053,0
-1.586572,0.338237,0
-1.952917,0.747240,0
0.310247,0.711963,0
0.157682,-0.328457,0
-1.493118,1.343004,0
-1.740552,-0.237543,0
-0.292205,0.053015,0
-0.677854,0.590054,0
-0.663798,-0.530003,0
-1.357171,0.990031,0
-0.566571,0.460121,0
-1.690892,0.286636,0
-0.556636,-1.409828,0
-0.761814,0.573126,0
-0.965347,0.415431,0
-0.802290,-1.716750,0
-3.086618,-0.187812,0
-1.116159,-1.313900,0
-0.616728,0.093669,0
-1.266169,-1.492687,0
-0.382695,-0.323449,0
-1.715383,-0.388029,0
-0.679996,-0.097729,0
-1.711431,0.912825,0
-0.712234,0.929168,0
-0.269205,1.010528,0
-1.321030,-0.227225,0
-1.001248,0.560958,0
-0.447535,-1.544889,0
-1.000283,0.311625,0
-1.095479,1.199538,0
-0.305791,0.365150,0
-0.583813,0.381037,0
-0.752145,1.804966,0
0.400548,-1.040375,0
-2.246047,-0.223161,0
-2.212780,-0.373255,0
-2.006835,-0.854581,0
-1.170577,1.648003,0
-1.071438,-0.203738,0
-1.093054,1.060413,0
-1.388324,0.682822,0
-2.331979,-0.421942,0
-0.055764,0.002173,0
-2.037291,-0.259634,0
-0.549663,-0.453065,0
-0.826951,-0.461103,0
-0.681720,0.410623,0
-1.439632,-0.962102,0
-0.778646,1.820282,0
-1.761953,1.708361,0
0.097053,0.168160,0
-0.376143,-0.352006,0
-1.061308,0.353117,0
-0.836068,-0.429616,0
-0.518347,-1.452167,0
-1.236367,-0.079006,0
-1.677537,-0.565316,0
-4.758702,1.269561,0
-0.300999,-1.008729,0
-0.129836,-0.525216,0
-1.878782,0.069048,0
-1.412866,-0.022745,0
-1.522258,-0.138083,0
-1.075428,0.556477,0
-0.291933,0.137482,0
-0.472021,1.068278,0
0.451033,0.256939,0
-1.448467,-1.643785,0
-1.569177,-0.006937,0
-1.360445,0.333605,0
-1.133192,-1.048803,0
-0.058157,-0.083977,0
-1.238007,0.661955,0
-1.203897,-0.367630,0
-0.476040,-0.618846,0
-0.587885,1.404453,0
-1.552429,-0.359041,0
-1.755225,1.244124,0
-0.951128,0.318656,0
-0.492969,0.160679,0
-0.727306,0.796576,0
-2.184821,-0.325367,0
-2.075157,-0.478086,0
-1.020182,0.239458,0
-1.489290,0.642425,0
-0.853867,0.368791,0
-0.345049,0.754211,0
-0.923075,-0.631459,0
0.298306,1.433120,0
-1.441616,0.766716,0
-0.442831,0.027563,0
-0.045521,-0.219241,0
-1.918100,0.251846,0
-2.518475,-0.652338,0
-1.429475,-0.050712,0
-0.314589,0.851020,0
-0.077348,-0.209887,0
-0.590080,0.723386,0
-1.670939,-2.334335,0
-0.327240,-0.728933,0
-1.500747,1.422985,0
-1.502790,-0.138829,0
-0.699593,0.291847,0
-1.520659,1.897584,0
-1.813841,0.434289,0
-1.523341,0.708426,0
-1.065072,0.130220,0
-0.621414,-0.555447,0
-1.679220,-0.287650,0
0.151978,-0.953315,0
-1.286319,1.120366,0
-0.348406,-0.135399,0
-1.064347,1.075076,0
-1.179216,-1.167547,0
-0.949257,-0.855952,0
-2.246768,-0.081547,0
0.265788,0.502721,0
-2.113995,-0.202952,0
-1.209655,-0.439148,0
-2.602660,1.075816,0
-0.171891,-1.270271,0
-0.004708,0.477697,0
-1.712382,0.324601,0
-2.212867,1.882137,0
-0.491341,0.267536,0
-1.925561,0.364451,0
-0.852115,-0.594542,0
-1.228849,0.191766,0
-0.708218,0.752198,0
-1.240578,-0.230224,0
-2.088813,0.569485,0
-1.047277,0.307032,0
-0.536866,0.903258,0
0.388645,-0.480752,0
-0.065535,-0.208276,0
-1.761798,0.465410,0
-1.414737,-0.271761,0
-0.333614,-0.318395,0
-0.442777,0.311998,0
-0.953036,-0.292253,0
-0.142875,-0.735446,0
-0.112092,0.595750,0
-1.732442,-0.170075,0
0.652062,0.088539,0
-2.929196,-0.005441,0
-1.596696,-0.490809,0
-1.795459,-0.588905,0
-0.496496,-0.085466,0
-2.024105,-1.119605,0
-0.608555,0.035950,0
0.336386,-0.099681,0
-0.050994,-0.130563,0
-1.478620,0.049950,0
-2.234721,2.227254,0
-0.867735,-1.660615,0
0.410030,-1.125329,0
0.373764,-0.208865,0
-1.131511,-0.395018,0
0.028387,0.308511,0
-1.071194,-0.041277,0
-1.201565,-0.449632,0
0.624306,1.878655,0
-1.090944,0.441568,0
-0.756245,-0.114109,0
-2.539911,-0.104230,0
0.340004,-1.844162,0
-0.514806,1.024265,0
-1.699459,-1.239124,0
-0.414959,0.025568,0
-0.194135,0.998883,0
-0.510389,0.244900,0
-0.808782,-0.195709,0
-2.060514,0.955041,0
0.058728,-0.233335,0
-1.321325,-1.006143,0
-2.599989,0.882329,0
-0.004656,-0.539503,0
-1.142845,-2.309074,0
-0.855154,0.119732,0
-1.615411,0.008480,0
-2.505582,-0.511317,0
-1.500000,-0.341119,0
0.139483,-0.251947,0
-1.931599,0.496058,0
-0.238693,0.599054,0
-0.482175,0.704924,0
-0.995936,-0.400749,0
-1.713624,1.209558,0
-1.583011,-1.025235,0
-0.953065,-0.094154,0
-1.005921,-1.186496,0
-0.469502,1.576599,0
-1.332363,-0.344972,0
-2.255269,0.513320,0
-1.568682,-1.355675,0
-0.908905,-0.107974,0
-0.212064,-0.461678,0
-0.923770,0.279391,0
-1.632608,1.128027,0
-1.324966,-0.132004,0
-1.489817,0.009066,0
-1.006793,0.999334,0
-1.572568,0.745323,0
-0.603033,-0.718167,0
-0.685415,-0.111892,0
-1.574689,0.615600,0
-1.917716,-0.887034,0
-2.091795,0.808984,0
-1.121050,0.732115,0
-1.505180,0.382843,0
-0.562184,-0.296507,0
0.122167,0.893848,0
-1.355825,-1.742744,0
-1.434942,-0.891356,0
-0.968732,1.768031,0
-1.491768,-0.025969,0
-0.864281,0.040322,0
-1.548543,-0.721479,0
-0.098403,-0.746046,0
-1.618558,0.957890,0
-1.499048,0.307473,0
-1.951419,-1.083302,0
-0.441831,-0.473740,0
-2.367720,0.295512,0
-0.794544,-0.698915,0
-0.623698,0.377013,0
-0.024147,-1.153391,0
-0.511377,0.056207,0
-1.804289,-0.349868,0
-1.552090,0.217596,0
-0.141368,-1.179269,0
-2.141820,-0.241634,0
-1.272658,-0.931470,0
-0.873068,-0.920879,0
-1.416519,0.665643,0
-1.667105,0.041540,0
-2.244628,-1.692140,0
0.274297,-0.967896,0
-2.088926,0.116825,0
-1.415314,-0.233836,0
-0.133910,-0.021153,0
-0.983220,0.883963,0
-1.138774,0.521492,0
0.585563,1.002304,0
-1.684603,0.925326,0
-1.620104,0.141402,0
-0.328540,0.052138,0
-1.279168,0.494950,0
-1.897240,1.400402,0
-0.281107,-0.016594,0
-0.059500,0.853424,0
-0.629036,-0.777911,0
-0.948794,-0.467339,0
-1.250134,0.273918,0
0.086491,0.091209,0
-1.731186,0.834540,0
-1.718521,0.046877,0
-0.875641,-0.666198,0
-0.730404,-0.096665,0
-1.579013,0.363666,0
-0.544378,-1.194768,0
0.009458,-0.422770,0
-0.038173,-0.883910,0
0.419248,-1.662553,0
-1.859200,-0.992852,0
-1.415285,-1.134473,0
-0.666293,0.079844,0
-1.798959,0.287696,0
-1.121470,-0.127316,0
-1.130580,0.174969,0
-1.127950,-0.296567,0
-1.225012,0.104554,0
-1.496769,-0.554384,0
-0.843295,0.090285,0
-1.846159,0.459520,0
-1.917403,-0.690262,0
-0.662370,0.478269,0
-0.777634,0.179251,0
-1.738671,-0.898633,0
-2.006390,0.337739,0
-0.404364,0.586133,0
-1.590545,-0.927146,0
0.434626,1.044072,0
-1.054257,-0.602647,0
-0.379918,-1.283182,0
-1.845726,-1.978062,0
0.368225,-0.146507,0
-0.853909,0.947055,0
-0.736114,-0.715267,0
-0.439671,-1.131549,0
-0.588957,-0.961245,0
-0.750584,-0.211985,0
-0.120359,-0.956096,0
-1.616207,0.189867,0
-2.131823,0.618017,0
-1.362507,-0.454664,0
-0.936067,-0.418934,0
-0.679284,0.553513,0
-1.004323,0.022438,0
-0.897935,-0.263348,0
-0.439634,0.472577,0
-0.730605,-0.110196,0
-1.230221,0.334021,0
-1.445312,0.203599,0
-2.796085,-0.262058,0
-0.621077,0.771391,0
-1.777795,1.485048,0
0.043894,-0.587780,0
-0.164941,-0.426273,0
-1.135336,-0.892925,0
-0.403229,-2.178376,0
-0.987930,0.801376,0
0.740558,0.268920,0
-1.108899,-0.165112,0
-1.692943,-1.781349,0
-0.039372,0.756778,0
-0.588523,-0.526202,0
-0.675929,-0.873492,0
-0.228089,0.337794,0
-3.416335,-0.334348,0
-0.495692,-0.049549,0
-1.689452,-0.571075,0
0.474917,0.361169,0
0.288169,0.495679,0
-0.980234,-0.716668,0
-1.013637,-0.282589,0
-1.152195,-0.658268,0
-1.479762,0.831084,0
-1.059516,0.867435,0
-1.320562,0.595962,0
0.455425,0.263485,0
-1.341864,0.971513,0
-0.787113,1.020667,0
-1.291382,-0.888940,0
-1.585166,1.066103,0
-1.693253,-0.644177,0
-1.848572,-0.778183,0
-0.036229,1.197338,0
-0.673057,-0.873013,0
-1.215676,-0.810396,0
0.467572,0.105558,0
-2.052130,-0.982605,0
-1.995153,-0.774447,0
-0.055024,0.204034,0
-0.909703,-0.766364,0
-0.850962,-0.112958,0
-1.570424,-0.297882,0
-0.413109,1.884481,0
0.116890,0.807292,0
-1.256373,-0.021184,0
-1.386743,0.077716,0
-2.138013,-0.969420,0
0.236967,-0.163945,0
0.156215,1.323485,0
-0.307471,0.765034,0
-0.469094,-0.077162,0
-0.557055,0.374990,0
-1.574136,1.603778,0
0.259114,0.444260,0
-0.523311,-1.542005,0
-0.804629,-0.662889,0
0.077709,-0.475575,0
-1.102788,0.585619,0
-1.256324,0.772342,0
-1.370868,0.502178,0
-1.783687,-1.697488,0
-0.978563,1.503821,0
-1.346442,-0.018913,0
-1.027906,0.081500,0
-1.103020,-0.696364,0
-2.779152,1.470361,0
-0.933447,-0.246680,0
-1.717788,1.559532,0
-1.292507,-0.502961,0
-0.693185,-0.857237,0
0.098901,-0.220427,0
-1.596790,-0.545010,0
-1.613212,-0.456560,0
-0.544315,-0.275969,0
-0.386947,-0.595119,0
-0.480392,-1.787652,0
-1.355346,1.112388,0
-0.597166,-0.052121,0
-0.401657,0.768003,0
-1.893671,-0.739351,0
-2.285196,-0.331309,0
-0.154112,0.144525,0
-1.572379,0.619389,0
-0.964777,0.646206,0
-0.472311,-0.524554,0
-1.297475,0.209883,0
-1.306144,0.015897,0
-0.839385,0.346363,0
-1.397872,-0.749053,0
-1.740991,0.464631,0
-0.438092,1.120562,0
0.179783,0.326562,0
-1.270093,-0.182208,0
-0.773553,1.012306,0
-0.688085,-0.201316,0
-0.307595,-0.451185,0
-0.466466,2.397737,0
-1.885823,-0.577011,0
-0.950336,-0.690623,0
-2.348480,-0.547106,0
0.969858,-0.403152,0
-0.149591,-0.095412,0
-1.014050,1.143486,0
-1.177886,-0.871879,0
-0.670681,0.707864,0
0.172710,0.242466,0
0.327984,0.512969,0
-0.390357,0.497768,0
-1.104315,0.772477,0
-1.129437,0.854582,0
-2.175853,-0.976764,0
-1.370390,-0.664709,0
-0.667217,-0.008401,0
-1.348636,-0.641160,0
-0.713940,0.214151,0
-1.093974,-0.284191,0
-1.099464,-0.332121,0
-0.675656,-0.818514,0
-1.049518,0.107504,0
-0.200567,-0.603203,0
-1.648058,-0.665129,0
-0.803501,-0.431769,0
-1.206596,0.401310,0
-1.323453,0.520208,0
0.500155,-0.208189,0
-0.973957,-1.038183,0
0.084880,0.655855,0
-0.582954,-1.304335,0
-1.824521,0.001914,0
-1.039911,0.233773,0
-1.394647,0.090439,0
-1.226982,0.445775,0
-1.240721,-0.215627,0
-0.611025,-0.923439,0
-1.103513,0.954592,0
0.234587,-0.422639,0
-0.969198,0.337796,0
-2.007871,0.454255,0
0.657657,-1.309747,0
-0.381065,0.751253,0
-1.136093,-0.597163,0
-1.813119,0.227429,0
-1.242046,-1.148870,0
-0.671191,-1.173414,0
0.594853,-0.822790,0
-0.722352,0.174064,0
0.454813,0.366647,0
1.142566,0.253588,0
-2.611816,-0.288529,0
-2.931196,-0.029906,0
-1.281984,0.503601,0
-0.028941,-0.157570,0
-1.519468,1.259400,0
-1.249866,0.452227,0
-1.260678,0.294960,0
-0.962561,0.036310,0
0.168229,1.073404,0
-1.785302,-0.489779,0
-0.140693,0.033109,0
-1.886606,-0.289542,0
-0.716693,0.593433,0
-1.354546,0.736761,0
-0.368673,-0.763364,0
-0.671842,0.762628,0
-1.258921,0.047186,0
-0.753821,0.077224,0
-1.865233,-0.184068,0
-1.394852,-0.175600,0
-0.275355,-1.509003,0
-0.850065,-0.022149,0
-1.350270,-0.412693,0
-0.342470,0.560031,0
0.391452,-0.230247,0
-0.748739,-0.656075,0
-0.393857,-1.028277,0
-1.982770,-0.193852,0
-0.616640,0.263949,0
-0.216945,-0.200135,0
-2.855424,1.151507,0
-0.002735,-0.697052,0
-0.350099,0.987468,0
-0.221030,-0.015045,0
-1.259011,0.636711,0
-1.670662,-0.267309,0
-1.609185,0.928493,0
-0.935443,0.452960,0
-0.089866,-0.898787,0
-1.032852,0.632400,0
-1.250764,-0.290811,0
-1.767181,0.845879,0
-1.537470,0.565892,0
-0.277788,0.838163,0
-0.581687,0.006060,0
-1.040918,1.183718,0
-1.294429,-0.210485,0
-2.413970,0.616821,0
-2.303102,0.803169,0
-1.131373,-0.486841,0
-1.120527,-0.364592,0
-1.098665,0.321371,0
-2.106470,-0.063630,0
-0.691231,-0.178303,0
0.282268,-0.119125,0
-1.684612,0.220364,0
-2.091534,0.496373,0
0.039252,-1.071087,0
-0.702893,-0.016401,0
-2.006176,-0.670376,0
-2.014354,0.111906,0
-0.319260,-1.175004,0
0.145002,0.974614,0
-1.552619,0.702230,0
-0.795542,-0.360164,0
-0.555462,0.617718,0
-1.520121,-0.709450,0
-1.323703,-0.651833,0
-0.239453,0.442464,0
-3.024081,-1.043535,0
-1.478269,-0.151164,0
-0.702605,0.063820,0
-0.660681,-0.262722,0
-0.815847,-1.010823,0
-1.003524,0.260284,0
-1.029692,-0.545914,0
-0.889099,-1.317045,0
-0.599953,0.133643,0
-2.399531,1.357226,0
-0.544508,0.603653,0
-1.316885,-1.243569,0
-0.596416,0.633802,0
-1.762382,-0.252797,0
0.113455,0.836949,0
-0.551355,-1.659996,0
-1.449899,-1.384829,0
-1.137528,-0.455336,0
-1.249446,0.733068,0
-1.710968,0.146764,0
0.179046,-0.238924,0
-0.034694,0.154160,0
0.106094,-1.169436,0
-1.410224,-2.178615,0
-0.675353,0.246891,0
-0.930258,-1.004840,0
-0.968682,0.843406,0
-0.755975,-0.581533,0
-1.573910,-1.677840,0
-0.949478,0.273036,0
-1.253687,-0.295034,0
-0.456240,-1.384676,0
-0.684170,0.712928,0
-0.364503,0.723273,0
-1.043294,0.184666,0
-0.318839,0.372602,0
-0.679744,-0.826013,0
-0.040669,-0.100774,0
-0.023049,0.118870,0
-1.741762,-0.973435,0
-2.150762,0.075013,0
-1.397793,-0.092966,0
-0.276937,-1.005921,0
-1.069633,0.410660,0
-0.859845,-0.071130,0
-0.407488,-0.176797,0
-0.553981,-0.247644,0
-0.966369,-0.041639,0
-1.753693,-0.020541,0
-0.773482,1.109387,0
-0.837210,-0.780010,0
-1.162073,-0.128284,0
-2.725642,1.185746,0
-1.665501,-1.288900,0
-0.787443,0.402545,0
-1.848431,0.141474,0
-0.171523,-0.728424,0
-0.849112,-1.523034,0
-1.829195,-0.617774,0
-1.934018,0.122545,0
-2.348164,-0.716614,0
-1.285117,-0.498879,0
-1.180057,1.143858,0
-2.073078,0.393150,0
-1.533115,0.048803,0
-2.123690,0.167369,0
-0.125920,-1.532983,0
-1.478536,0.365171,0
-0.397861,0.307138,0
-3.681090,-1.130653,0
-0.325190,-0.836964,0
-1.966047,-0.072117,0
-1.480348,0.462136,0
-3.042604,0.727560,0
-1.220869,1.011921,0
-1.546914,-0.566690,0
-0.456581,-0.678865,0
-1.245369,0.400311,0
-0.605851,-0.445590,0
-0.945064,0.442785,0
-1.220869,0.453953,0
-1.750209,1.670634,0
-0.663550,-0.575774,0
-1.907107,1.157211,0
-0.752700,0.362845,0
-1.152929,-0.863401,0
-0.022839,-0.766954,0
-1.585083,-0.225016,0
-0.386979,-0.742542,0
-0.318158,0.720048,0
-0.597265,0.297727,0
-0.963925,0.248116,0
-0.898985,0.439619,0
-1.867911,0.833971,0
-1.354758,-0.612944,0
0.152865,0.787735,0
-1.494509,-1.067803,0
-3.184753,0.833539,0
-1.240688,-0.213409,0
-1.523131,0.833992,0
-2.484272,-0.087008,0
-1.433585,0.363077,0
-1.966191,-0.196987,0
-0.709723,0.040117,0
-0.374473,-0.281117,0
-1.310094,-0.829036,0
-1.538615,0.984056,0
-1.011008,0.722951,0
-1.604163,-0.122881,0
-1.587892,-0.663932,0
-0.572089,-0.662379,0
-0.228207,-0.989902,0
-1.172431,-1.135999,0
-2.573037,0.337702,0
-2.349855,0.659787,0
-1.358287,-0.757249,0
-1.414693,0.694186,0
-0.965916,1.648694,0
-1.850093,-0.289342,0
-2.514201,-0.669228,0
-1.290140,-0.129634,0
-2.237203,-1.364720,0
-0.916493,-0.040628,0
-2.107152,-0.678062,0
-1.414327,0.712347,0
-0.685596,-0.551879,0
-1.656532,1.205406,0
-1.620934,0.185870,0
-2.081518,-0.598389,0
-1.602950,-0.309527,0
0.514631,0.582867,0
-1.566732,-1.024159,0
-1.429181,-0.245923,0
-2.506105,0.970007,0
-1.203180,1.125204,0
-1.380628,0.367873,0
-0.157502,-0.330187,0
-0.183096,0.537421,0
-1.518847,-0.508586,0
-0.878267,0.302404,0
-1.441230,1.423580,0
-0.366896,-1.297723,0
-0.716142,0.165112,0
-1.072305,-0.854713,0
-1.959839,0.249619,0
-1.971449,0.438387,0
-0.872553,-1.165513,0
-0.222793,-1.362493,0
-1.573983,0.229546,0
-0.383920,-0.082407,0
-2.381713,-0.753095,0
-0.908727,0.146337,0
-1.877758,0.519757,0
-0.160822,-0.179779,0
-0.828840,0.413860,0
0.384020,1.264355,0
-0.704417,-0.406648,0
-0.119299,0.689403,0
-1.208061,-0.900136,0
-1.354540,0.404972,0
-0.257208,-0.079634,0
-2.039607,0.202642,0
-1.770657,1.163328,0
-1.673107,0.158413,0
-1.558695,1.366105,0
0.058706,-1.204672,0
-1.911553,-0.157686,0
-0.650914,-0.413031,0
-1.039516,-0.996640,0
-2.564950,0.598264,0
-1.410769,-1.234631,0
-0.049087,0.659117,0
-0.532599,0.740867,0
-0.326847,0.304789,0
-0.004265,-0.272823,0
-0.514089,0.070265,0
-1.469708,0.101847,0
-1.022141,-0.257208,0
-0.949596,-0.013795,0
-2.860696,0.323943,0
-0.620771,0.319741,0
-1.344188,0.358598,0
-0.930171,-0.025959,0
-1.126164,1.349771,0
-0.508926,0.944782,0
-0.927004,-0.231526,0
-0.903748,1.513626,0
0.058118,1.743632,0
-1.155493,-0.087360,0
-0.229864,0.932096,0
-1.023492,1.244491,0
0.170349,0.989636,0
-0.578513,0.383548,0
-1.170290,-0.950026,0
-0.390198,0.292757,0
0.627883,-1.137275,0
-1.945354,-0.047828,0
-1.273316,0.932633,0
0.516392,-0.320794,0
-1.591097,1.128265,0
-0.375193,0.753675,0
-2.620495,0.750617,0
-0.839944,-1.076100,0
-0.774457,0.093344,0
0.190307,-0.313699,0
-1.715565,-0.545363,0
0.462115,-1.670597,0
-0.990001,-0.334898,0
-0.286208,1.034875,0
-1.318089,-0.681034,0
-1.884465,0.403069,0
-0.809043,-0.476668,0
-1.870496,0.630247,0
-2.469094,0.330146,0
-1.661916,-1.516230,0
-0.505445,-0.124073,0
-1.210721,-0.683464,0
-0.798881,0.833161,0
-3.041452,-0.987617,0
-0.403421,-0.154015,0
-0.721458,-0.265864,0
-1.175506,0.634060,0
-1.470339,-0.370011,0
-1.568798,-0.938096,0
-0.949479,0.576779,0
-1.142650,0.828203,0
-2.189877,-0.530289,0
-1.127411,0.410877,0
-1.137180,-0.405238,0
0.663726,1.076231,0
-1.067745,-0.591407,0
-1.891146,1.109020,0
-0.529584,0.074403,0
0.108141,-0.564446,0
-1.523352,0.248475,0
-2.243340,1.265313,0
-0.880112,0.785479,0
-0.568245,-0.667017,0
-2.694617,-1.303305,0
-0.435113,-0.141856,0
0.351637,-0.863846,0
-2.415559,0.223843,0
-2.581810,-1.614469,0
-1.686450,0.285277,0
-1.384405,-0.364251,0
-1.745249,-1.253982,0
0.324900,-0.170603,0
0.091591,0.878557,0
-2.179319,-0.418372,0
-1.338388,0.292784,0
-1.311249,0.236819,0
-1.431768,0.433769,0
-1.573925,-0.766067,0
-0.126964,1.435978,0
0.164386,1.078715,0
-0.932416,-0.442347,0
-1.677218,0.894925,0
0.024188,0.149790,0
-0.282350,-0.209059,0
0.105126,-0.836944,0
-0.804661,-0.134020,0
-0.449191,0.669583,0
-1.150589,-1.678294,0
-2.262019,-0.285127,0
-1.430038,0.039773,0
