1.030703,-1.002264,1
2.717295,0.830436,1
1.073286,-0.357354,1
0.776047,-0.313046,1
0.951621,-0.611939,1
2.754815,-1.831487,1
0.157421,-0.388631,1
0.588559,-0.510553,1
0.722208,-0.825013,1
1.242520,-0.042328,1
1.268361,0.709058,1
1.000572,-1.235539,1
-0.292374,-1.208617,1
1.652808,0.798061,1
0.735187,-1.293294,1
1.637255,-1.681276,1
0.902205,-0.999239,1
1.118996,0.273086,1
1.224109,-0.191325,1
0.952587,-0.319505,1
0.771007,-0.711665,1
1.149698,2.167807,1
-0.374486,0.462489,1
0.173009,-0.751847,1
1.955821,-0.530228,1
0.400006,0.586819,1
1.329782,-0.038743,1
2.289862,-1.074234,1
0.194572,-1.190220,1
1.793840,-1.397550,1
1.407971,-0.277460,1
2.860020,-0.314336,1
2.687741,0.616093,1
0.021061,0.393797,1
1.409591,0.948985,1
1.320063,-0.374568,1
1.038066,-0.286311,1
0.381212,0.935298,1
0.857284,-0.253326,1
0.224188,0.940452,1
0.618461,0.967029,1
-0.901336,-0.908353,1
1.279178,0.325714,1
0.809540,-0.016600,1
0.859429,0.074938,1
0.460625,-0.088755,1
0.085241,0.295585,1
1.885717,-0.869323,1
0.832268,-0.050569,1
1.634567,-1.781093,1
0.460253,-0.685281,1
-0.243357,-0.042942,1
0.392932,0.492625,1
1.387984,0.884031,1
0.761837,-0.273147,1
0.572293,0.595419,1
0.561009,-0.823453,1
0.947392,-0.412617,1
1.012780,-0.471456,1
1.287002,1.490364,1
2.100664,-1.094789,1
1.427541,0.059697,1
-0.334836,-0.247651,1
1.071738,1.196906,1
1.635563,-2.274503,1
0.447722,1.485949,1
1.217290,1.348834,1
0.808307,-1.673443,1
-0.274742,-0.189248,1
1.296275,-0.065575,1
0.871350,-0.960978,1
1.808675,0.619259,1
2.044442,-0.186628,1
1.588383,-1.097623,1
1.171149,-0.306841,1
1.605017,0.041342,1
1.017021,0.869806,1
-0.072153,-0.574731,1
0.526614,-1.450990,1
0.675214,-0.545112,1
1.711264,0.239126,1
1.293410,0.180689,1
-0.217479,-0.429251,1
1.832564,-0.587696,1
0.471082,-0.029255,1
1.779070,0.701094,1
0.605836,0.694671,1
0.720318,-0.364203,1
0.646474,0.452948,1
1.641447,0.480665,1
3.120886,-1.576648,1
1.320883,-0.138754,1
0.852736,0.319547,1
1.469185,1.167018,1
0.111194,0.354758,1
0.729574,-0.434180,1
1.395250,-0.443858,1
-0.487328,-0.025166,1
1.254851,-0.287425,1
0.440281,0.651167,1
0.882021,1.000637,1
0.640048,-0.663309,1
0.524063,-0.949284,1
1.435229,-0.556050,1
1.213997,1.252858,1
0.853686,-0.188855,1
0.932206,-0.893762,1
1.294186,1.031179,1
0.267461,-1.281091,1
0.746577,-0.366054,1
1.136472,0.562330,1
1.949489,1.318063,1
-0.009378,-0.337093,1
0.645729,-0.895619,1
-0.105518,1.892182,1
-0.367927,-0.313246,1
2.308714,1.045017,1
1.835226,0.072299,1
2.041860,-0.366473,1
0.598125,0.374715,1
0.297301,0.292348,1
-0.188736,-1.155426,1
1.794537,-0.835891,1
0.961203,-1.004878,1
1.971591,1.912226,1
1.662700,-1.024324,1
1.247322,0.536382,1
1.523319,0.086048,1
0.890070,-0.450193,1
1.153346,-0.132667,1
2.535584,0.953386,1
0.970051,0.412715,1
0.652446,0.467432,1
1.371875,1.440518,1
2.077908,-0.589514,1
0.952103,0.183489,1
0.113156,-0.402503,1
0.365929,0.273033,1
1.003917,0.294982,1
1.317426,-0.779470,1
0.516706,0.776670,1
0.016529,-1.278651,1
2.144522,-1.121281,1
0.775040,-0.229446,1
0.641282,-1.209575,1
0.533104,1.463254,1
1.621337,0.472907,1
0.925004,-0.487808,1
-0.104666,-1.568881,1
1.060808,0.757038,1
1.854543,0.157324,1
1.242196,-0.740063,1
0.182481,-1.006539,1
1.641862,0.234527,1
2.352018,0.892218,1
0.528370,0.636812,1
1.503264,-0.456021,1
1.082357,1.359523,1
0.940547,-0.592787,1
0.209827,0.368254,1
0.955460,-0.378638,1
0.434180,-0.391067,1
0.973511,0.866264,1
0.132907,0.345222,1
0.595814,1.064518,1
1.745127,0.260363,1
1.667981,-0.794869,1
2.285307,0.322897,1
1.091475,0.738452,1
1.938473,0.853936,1
0.783711,0.047364,1
0.291991,-0.338099,1
-0.221669,-1.052468,1
-0.692407,0.497100,1
0.658209,0.659930,1
1.535521,-0.559680,1
0.416054,-0.818646,1
2.121207,0.119990,1
1.079987,0.329863,1
1.032691,-0.378460,1
0.756277,-1.026862,1
-0.475406,-1.484179,1
0.616908,-1.438064,1
0.263120,0.166614,1
1.759798,1.088253,1
0.189830,-0.400842,1
1.568504,0.072932,1
0.554558,1.151449,1
1.593274,0.130525,1
0.946863,-0.078841,1
0.244194,0.920827,1
1.448054,-0.273929,1
0.644056,-1.501703,1
1.415024,0.470482,1
1.337660,-1.007406,1
1.233464,0.644963,1
1.752172,0.698927,1
1.611457,-0.371659,1
0.598837,0.820772,1
0.643445,-2.090074,1
0.750379,1.410961,1
0.660532,1.264635,1
1.307437,1.331682,1
0.671432,-0.019645,1
1.804806,0.308901,1
-0.139426,-0.103621,1
1.722212,-1.140273,1
2.641581,0.998184,1
1.952321,-0.320240,1
-0.017945,1.466389,1
0.944840,-0.599953,1
0.405254,1.123827,1
2.835674,0.697698,1
2.040782,-0.342585,1
-0.395967,-0.126043,1
-0.460829,0.884385,1
0.666304,1.884091,1
0.914390,-1.188983,1
1.325756,1.587832,1
0.588259,0.097892,1
0.163045,-0.591701,1
0.946347,0.218916,1
1.037803,-0.923320,1
1.989276,0.043292,1
-0.234739,-0.964972,1
1.092295,-0.443303,1
0.311068,-0.084426,1
1.231659,0.799110,1
0.792729,-0.209577,1
2.204445,-0.942960,1
1.383818,0.298361,1
2.104869,-0.347425,1
1.679108,1.560674,1
1.292248,0.540475,1
1.006392,-0.408526,1
0.659876,-0.996530,1
1.765206,-0.802717,1
0.878895,-0.050216,1
1.791341,0.296062,1
1.018902,-1.589923,1
3.600504,0.169587,1
0.978419,-0.596889,1
0.438587,-0.260748,1
0.630308,-0.887701,1
1.061022,0.548579,1
0.162688,0.086008,1
1.635000,1.326352,1
2.062025,-0.265003,1
1.849746,0.528971,1
-0.127403,-0.145844,1
0.833371,-1.035223,1
1.741449,-0.208470,1
1.632598,1.335739,1
0.270481,-0.601194,1
1.572010,0.139069,1
0.370447,0.857745,1
0.246090,0.827503,1
-0.474783,0.435729,1
1.363792,-0.379747,1
1.507684,0.361022,1
1.291773,1.047474,1
0.047678,-0.643249,1
0.363996,-0.292316,1
-0.321881,-0.570460,1
1.860612,0.000313,1
-0.142986,0.388171,1
1.578340,0.831100,1
2.354319,-0.007521,1
1.806347,1.341761,1
1.440087,-1.461504,1
0.923333,0.476272,1
0.325041,1.486321,1
0.810159,0.503448,1
1.357062,-0.331263,1
0.077137,1.829656,1
1.091253,1.171618,1
0.323371,0.138859,1
1.211824,0.793026,1
1.226156,0.884567,1
0.202580,-0.082126,1
1.054378,0.693250,1
0.404773,-1.905980,1
1.442979,-0.339994,1
0.314378,-1.149039,1
1.101942,-1.623237,1
0.239830,-0.153918,1
1.203673,0.252384,1
1.877779,-0.837946,1
0.268835,0.629453,1
1.450397,-0.528610,1
1.623956,0.082355,1
1.474054,0.813489,1
-0.079020,0.365391,1
2.027689,-0.607379,1
1.795111,0.923948,1
0.609464,1.814102,1
-0.109064,-1.315079,1
0.518733,0.327597,1
0.165131,0.276401,1
1.047167,-0.596863,1
0.432846,1.194198,1
1.699486,-0.162383,1
0.791713,-0.463598,1
1.946408,-0.575732,1
1.135011,-0.224084,1
2.100094,0.769346,1
0.708275,-1.461870,1
-0.050806,1.122508,1
-0.348271,-0.494642,1
0.450859,-0.272066,1
1.024722,-0.330988,1
0.371052,-1.023455,1
2.020680,0.875375,1
0.108493,0.323000,1
0.907664,0.437377,1
0.940071,1.400830,1
1.040808,0.649276,1
0.265668,1.057784,1
1.950163,-1.058027,1
0.748218,0.790835,1
1.088986,0.243155,1
0.424971,-0.642264,1
0.478755,-0.261821,1
0.143052,0.517916,1
1.739432,0.630216,1
0.663390,0.129067,1
0.546937,0.552753,1
1.761403,0.068080,1
0.735577,-1.265222,1
0.277287,-0.644844,1
0.378735,-0.411785,1
0.535492,-0.740262,1
1.206496,-1.187553,1
1.480711,1.554919,1
0.632225,-0.785808,1
0.582186,0.874342,1
0.639922,-0.562336,1
0.396178,1.741188,1
1.242064,-0.793904,1
1.511991,0.479381,1
-0.145294,-0.655085,1
2.877953,0.052511,1
0.860847,-1.646016,1
1.494205,0.082337,1
1.492732,-1.434406,1
2.474702,-1.473969,1
0.731554,-1.369196,1
0.283965,0.521098,1
0.459036,-1.059425,1
0.386851,1.323433,1
0.307205,1.501976,1
1.376581,-1.201126,1
1.379185,0.539323,1
-0.746791,0.312939,1
1.147990,-0.230749,1
1.410382,-0.305487,1
0.741505,-1.217098,1
1.835265,-0.164947,1
1.530736,-0.382719,1
0.720192,1.645888,1
0.290703,0.625110,1
-0.200516,-0.094157,1
0.684993,-0.575747,1
1.807160,-0.488900,1
1.059787,-0.743981,1
0.925495,0.288933,1
0.336278,-0.303926,1
-0.219145,0.770336,1
1.033994,1.972702,1
1.862428,1.005010,1
0.192651,0.173753,1
1.171844,-0.089278,1
0.967854,1.739059,1
1.054557,0.994167,1
1.276887,-0.311676,1
2.116451,0.311918,1
2.606554,0.267531,1
0.890600,0.447877,1
1.609768,-1.160401,1
1.057089,0.685680,1
0.572585,-0.249770,1
1.039357,1.065796,1
1.270968,0.421025,1
0.071407,-1.353104,1
0.979673,0.979131,1
1.729914,0.722742,1
0.204491,-0.014010,1
1.132110,-1.020190,1
1.402780,0.187989,1
1.223214,0.619571,1
0.034517,-2.298030,1
2.602091,1.569907,1
1.035066,-1.046895,1
2.535728,0.852847,1
1.662706,-0.450066,1
1.969294,0.560027,1
2.549349,1.232715,1
0.258461,-1.729535,1
0.584241,0.323043,1
-0.489672,0.015483,1
-0.353858,-0.767925,1
0.843760,0.764230,1
-0.622233,-0.582792,1
1.429376,1.181429,1
2.201649,-0.202528,1
0.629468,-0.311724,1
1.116332,0.944958,1
1.919221,0.821781,1
0.731924,0.393839,1
0.108724,0.443786,1
0.857520,-0.513173,1
0.996996,-0.886033,1
0.980258,-0.175144,1
1.339965,0.625951,1
-0.269030,-1.376527,1
0.548569,-0.636709,1
1.368551,-0.834965,1
1.416379,-0.727751,1
0.691345,-0.330530,1
1.270515,-0.858906,1
1.381183,1.062026,1
1.639530,-0.081310,1
0.390356,-0.125447,1
2.444780,0.631657,1
2.142608,0.329223,1
1.452695,0.438584,1
2.084729,1.111292,1
-1.440674,-0.349756,1
0.292690,0.803658,1
1.827790,1.492938,1
0.344914,-1.259378,1
0.416345,-0.366015,1
0.844759,0.549377,1
1.475702,-0.018447,1
0.138789,1.133896,1
0.216140,0.957574,1
0.204146,-0.665178,1
1.490271,1.296185,1
1.850026,-0.645435,1
-0.639353,-0.406418,1
-0.251183,-0.127253,1
0.678056,-0.323445,1
1.676493,0.682102,1
1.916157,1.078419,1
0.750518,-0.404204,1
0.813629,0.953320,1
1.084605,0.553760,1
-0.071849,0.641703,1
1.253827,-1.062569,1
0.231309,-1.777281,1
1.277257,1.590536,1
0.546103,0.228156,1
0.159955,0.386884,1
1.180861,0.699643,1
0.120187,-0.188300,1
1.197369,0.147041,1
0.201264,-0.967508,1
0.489142,-0.306734,1
0.626670,0.890041,1
0.991497,0.207255,1
2.828266,-0.248786,1
0.593847,0.247569,1
1.272881,0.175565,1
0.727756,0.213063,1
1.539795,0.010679,1
1.764607,-0.048070,1
-0.063972,0.708033,1
1.157227,-0.146441,1
0.207430,-0.096526,1
1.194342,0.323132,1
1.423763,0.538538,1
0.067468,0.191894,1
0.711570,0.407322,1
1.277413,-0.698919,1
0.431647,0.341630,1
1.806532,0.086484,1
0.398651,0.134293,1
0.368323,-0.724853,1
0.295125,-0.250713,1
2.130218,0.212608,1
1.546148,-0.391320,1
0.428207,0.011926,1
0.355368,0.450496,1
0.702006,-0.922961,1
0.883588,-0.511568,1
0.877544,-0.819902,1
0.611397,0.177941,1
0.641487,0.532475,1
0.232071,2.539385,1
1.614172,0.202357,1
1.129587,-0.105733,1
1.191052,-0.401881,1
0.865571,-1.263530,1
0.162632,0.628794,1
1.442649,0.987063,1
0.098508,-0.135222,1
1.539460,0.296730,1
0.721078,-0.285870,1
-0.111452,-0.118905,1
1.273672,-0.092732,1
-0.436324,-0.106301,1
0.549863,0.493032,1
0.558736,-0.292720,1
-0.408662,0.163191,1
1.431997,0.522601,1
-0.916555,-1.052578,1
0.976573,1.639083,1
0.341439,0.724412,1
0.444498,0.960038,1
1.092732,0.550867,1
1.027485,-0.454265,1
2.383570,-0.504677,1
-0.363250,-0.644806,1
1.220658,0.647760,1
0.810747,0.829865,1
0.155612,-0.850444,1
1.199871,-1.090340,1
1.779244,0.780766,1
1.347337,-1.906195,1
1.868397,0.532116,1
1.274180,1.537136,1
1.200235,0.147144,1
2.182547,0.553694,1
1.728893,0.796158,1
-1.060966,0.440574,1
1.554832,0.079483,1
-0.128121,-0.497950,1
1.214241,-0.100687,1
0.890526,-0.256443,1
1.068449,0.928665,1
0.094644,0.325320,1
0.900873,1.833228,1
1.173406,-0.891981,1
2.679143,-1.033778,1
1.004516,-0.777791,1
1.155321,0.243700,1
1.151015,-0.111619,1
0.904068,0.454798,1
0.022534,0.144512,1
0.923727,0.594178,1
2.569331,0.798094,1
0.505852,-0.898211,1
0.648776,-0.082954,1
1.100929,1.015860,1
1.864730,0.115596,1
1.846666,0.690810,1
2.077073,-1.527257,1
1.041215,0.302201,1
2.175997,0.968429,1
0.454862,-0.121387,1
1.370668,1.148588,1
1.151067,-0.413974,1
1.409133,0.770122,1
0.624406,0.473945,1
0.137737,-0.652322,1
1.735181,1.060333,1
0.234716,-1.003648,1
2.779890,0.122678,1
1.768381,0.751333,1
1.083320,-0.347567,1
0.351865,-0.446811,1
0.692414,-0.766234,1
1.452252,-0.800448,1
0.602629,0.253348,1
0.000680,-0.352888,1
-0.595803,-0.943747,1
1.075575,0.086742,1
-0.238207,-0.133031,1
1.477105,-0.388296,1
0.760913,-0.245437,1
1.417463,-0.665237,1
1.149618,0.676393,1
1.037056,0.891878,1
1.394710,1.067479,1
0.908993,0.319972,1
1.635253,0.340895,1
1.821030,-0.360906,1
0.053467,-0.448680,1
0.922048,0.885367,1
2.593076,-0.026540,1
1.002888,-0.199280,1
1.380342,0.235722,1
1.215545,-0.230691,1
1.754878,-0.900780,1
2.091818,1.305368,1
1.414427,-0.108914,1
0.531990,0.287350,1
1.161056,-0.973770,1
1.897233,1.556809,1
1.455955,-0.453620,1
1.713917,0.413693,1
1.053472,-1.167872,1
3.060010,-1.521306,1
0.099149,0.982659,1
3.185549,0.736143,1
0.031069,-0.948708,1
1.138915,-0.269693,1
1.651308,-0.176618,1
1.101204,0.214190,1
1.147132,-0.961606,1
-0.150379,0.095691,1
0.180895,0.833449,1
2.214656,0.512951,1
1.227184,0.499654,1
0.031716,-0.754189,1
2.301284,0.314578,1
1.402399,0.614325,1
2.453778,-0.749397,1
0.246730,-0.683673,1
0.357150,-0.809599,1
-0.241435,0.373435,1
1.558853,-1.021231,1
-0.066012,-0.343678,1
0.385732,-0.059411,1
1.475966,1.058569,1
1.103849,1.318075,1
2.356794,1.194127,1
1.768059,-0.561095,1
-0.265737,-0.304027,1
1.593205,0.587023,1
-0.155479,0.426388,1
0.530405,2.582022,1
0.448056,-0.700881,1
0.400634,0.506460,1
-0.230536,0.176692,1
1.144605,0.903066,1
0.892820,0.405185,1
0.940620,0.993708,1
1.620442,-0.009978,1
0.810179,1.180388,1
0.238038,0.668945,1
0.815547,1.269725,1
0.345335,1.149981,1
0.791302,0.427193,1
0.906669,1.013280,1
1.162406,0.458587,1
1.522708,0.046460,1
-0.254350,-0.920292,1
2.575362,-0.694822,1
1.471549,1.361621,1
0.805195,1.477463,1
0.284151,-1.204569,1
1.157637,0.429832,1
0.142548,-0.497281,1
1.433017,0.789818,1
0.470704,0.628784,1
0.474457,1.686863,1
0.368720,-0.329642,1
0.458546,-0.074562,1
1.196929,-0.027732,1
1.231037,-0.180789,1
2.442871,0.594661,1
2.436165,0.767269,1
0.908695,0.352549,1
0.930403,-0.470415,1
0.007606,-0.651298,1
1.050828,-0.101497,1
1.820329,-0.744167,1
1.090070,-0.975598,1
0.903813,-0.582999,1
2.704770,-0.256514,1
0.706243,0.129939,1
0.981600,0.649764,1
1.723913,0.373137,1
1.086817,-0.257810,1
0.509345,0.538454,1
0.064952,-1.188200,1
-0.114011,0.410751,1
-0.394066,-1.052165,1
1.329072,0.506070,1
1.109812,-0.596646,1
1.448547,0.535319,1
1.384665,-0.786566,1
0.790770,0.230200,1
0.660096,0.626576,1
0.398778,-0.633363,1
0.769667,-0.553753,1
1.514401,-0.813076,1
-0.153515,-0.940467,1
1.372376,1.137016,1
1.345419,-0.139986,1
0.510322,1.696151,1
0.499984,-0.145095,1
1.591074,-1.508842,1
0.652270,0.299225,1
0.863994,-0.553038,1
0.580080,-0.371727,1
-0.146083,-0.768959,1
1.310534,-0.770771,1
0.292829,-0.264142,1
0.355919,-0.823124,1
1.548760,-0.234430,1
2.160722,0.941465,1
0.469393,1.681956,1
0.915378,-0.954719,1
0.885511,-0.220058,1
0.483885,0.569470,1
1.743666,0.945474,1
1.443511,0.910351,1
1.871473,0.018411,1
-0.749388,0.950502,1
0.670393,0.259727,1
-0.036416,-0.210252,1
0.748174,-0.081191,1
0.536396,0.838029,1
1.297545,0.578363,1
0.920152,0.184407,1
1.391874,-1.162334,1
0.601854,-0.645211,1
1.383257,-0.830330,1
-0.018760,-1.126110,1
1.138903,-0.198207,1
1.586949,-0.076348,1
1.668447,0.206144,1
1.658747,-0.122223,1
1.760951,-0.439901,1
2.092203,-0.057678,1
0.018596,0.034284,1
1.266571,-0.584118,1
0.338034,-0.547746,1
0.894612,-0.293658,1
-0.493857,-0.261538,1
1.653798,0.481802,1
-0.366398,0.083552,1
1.016207,0.288789,1
0.566934,-1.159205,1
0.998238,0.816024,1
1.340745,-0.733901,1
1.444559,1.251513,1
-0.587637,0.177897,1
2.059972,0.559440,1
1.058164,0.270928,1
1.521395,-0.258331,1
0.634643,0.983456,1
1.427359,0.032048,1
-0.054369,0.480895,1
1.326074,1.793759,1
-0.260651,1.220968,1
1.618243,-0.668692,1
0.338540,0.509825,1
1.885430,-0.471220,1
1.350231,-0.316345,1
0.433676,0.602017,1
0.440403,0.003394,1
1.963280,0.280849,1
1.508650,1.185066,1
1.579021,0.349897,1
1.116305,-0.543937,1
-0.719470,-1.296472,1
1.017324,-0.853591,1
1.285224,0.525709,1
0.382059,-0.028747,1
0.972024,-0.433471,1
0.249784,0.961310,1
1.788441,-0.737205,1
1.019637,-0.319499,1
0.745198,-0.799623,1
1.641561,-0.147472,1
1.963141,-0.032621,1
0.250652,-0.839862,1
0.664558,-0.747785,1
0.899550,0.907557,1
0.348070,0.492353,1
-0.613926,0.887743,1
1.384172,1.117757,1
1.835886,-0.284213,1
0.251439,1.087419,1
0.158550,0.688180,1
-0.174084,0.106273,1
-1.025743,-2.130422,1
0.812306,0.598954,1
-0.788659,-0.460805,1
1.267021,0.371048,1
2.452078,-1.360951,1
0.167382,-0.066648,1
1.550199,-1.431430,1
1.839970,-1.677074,1
0.235652,0.593711,1
0.091621,2.091389,1
1.041091,-0.353525,1
0.225362,0.106157,1
0.807020,-0.885915,1
1.425025,-1.000276,1
1.721660,-1.240828,1
0.743111,-0.907103,1
1.375669,0.066486,1
0.546867,-0.819774,1
2.025961,0.865992,1
1.213296,-0.139998,1
0.610935,0.617723,1
0.042422,1.215043,1
-0.017298,-1.251075,1
0.687734,0.156135,1
-0.305776,0.488354,1
1.713905,0.817607,1
1.807677,-0.963120,1
1.146192,0.483990,1
0.440141,0.620006,1
0.541667,-0.101581,1
0.655730,-1.304105,1
0.954625,0.471498,1
0.290111,0.210356,1
2.407085,-0.626349,1
0.357600,-0.278180,1
0.270710,0.311405,1
1.173330,-1.334556,1
1.625280,-0.132665,1
0.919045,-0.603968,1
0.838004,0.617770,1
1.412986,-0.924520,1
1.265813,-0.990930,1
1.112665,1.142891,1
0.576498,-0.390197,1
1.949357,-0.520241,1
3.101527,0.808089,1
0.881540,0.321451,1
1.386767,-0.536603,1
1.065003,2.002253,1
1.459420,-0.670586,1
1.703357,2.653405,1
1.033013,0.601984,1
1.007256,-1.534693,1
0.863828,0.543295,1
1.088315,0.373222,1
0.262390,-0.637885,1
1.668464,-0.169188,1
1.499696,0.538579,1
0.205550,-0.004327,1
2.168908,0.497640,1
0.376458,-0.151383,1
0.249534,-0.105370,1
0.084193,-0.138753,1
1.721361,1.385775,1
0.515122,0.964180,1
1.820913,0.167923,1
0.475173,0.013545,1
1.454688,-0.316912,1
0.466091,0.218311,1
0.880714,0.077358,1
0.520743,-0.040254,1
1.568113,-0.112767,1
1.665987,0.760036,1
1.023784,0.414148,1
2.154898,0.926175,1
2.172938,0.001638,1
0.064447,0.027965,1
-0.833812,1.523172,1
0.680265,0.659801,1
-0.837617,-0.411837,1
-0.285563,-0.307501,1
0.034572,-0.414061,1
1.285460,1.034763,1
0.970555,-0.178188,1
0.653717,0.022508,1
-0.404183,-0.390807,1
1.052411,0.558390,1
1.418809,-1.605443,1
1.448818,0.975871,1
1.165463,0.283459,1
0.430415,0.385303,1
1.117015,0.940982,1
0.878653,-0.863350,1
0.689705,-1.494678,1
0.497283,-1.181951,1
0.775088,-0.054003,1
0.409185,-0.843380,1
1.731041,0.861453,1
1.312624,-0.508994,1
2.803891,-0.781303,1
1.475498,0.933325,1
1.545311,-0.047664,1
-0.442953,-0.320798,1
1.562997,-0.723323,1
1.581316,-0.411520,1
2.312223,-0.939708,1
0.626516,-1.070953,1
2.370724,0.432606,1
0.437604,0.024500,1
0.945273,0.281357,1
0.921347,-0.367637,1
1.164462,-1.495055,1
1.522341,0.294711,1
0.692389,0.249699,1
0.856265,1.195598,1
1.316894,-0.937870,1
1.395612,0.038499,1
0.143010,-1.411099,1
0.788400,0.278935,1
1.941489,1.658470,1
1.656680,0.207756,1
0.578864,-0.115292,1
1.941237,0.484282,1
0.525114,-0.429640,1
1.033676,-1.229051,1
1.846174,1.997410,1
1.236789,0.227959,1
-0.180221,-0.320730,1
1.950763,0.442734,1
0.720095,-0.735183,1
0.912618,-0.372187,1
0.427076,0.524514,1
1.331411,1.095685,1
0.047170,-0.306920,1
0.958932,0.478002,1
1.140937,-0.417884,1
-0.480673,-0.420524,1
-0.191088,-0.209244,1
1.071457,0.031434,1
0.173764,0.983258,1
2.435893,-0.058248,1
1.718899,0.562213,1
1.050878,1.328222,1
1.811295,0.589509,1
3.117784,0.322360,1
1.796307,-0.512027,1
2.361564,-1.256451,1
0.996563,-0.291809,1
1.401720,0.149687,1
0.625778,0.381343,1
1.966609,-0.328309,1
1.097021,-1.017172,1
2.320519,-0.947031,1
-0.323198,-0.218661,1
1.117943,1.111320,1
0.370285,0.715231,1
-0.108797,0.330140,1
0.357856,-0.060616,1
0.724952,-0.721474,1
0.543284,0.456342,1
1.689717,-0.703903,1
0.844062,1.139209,1
2.635298,-1.049714,1
2.051016,-0.004560,1
2.600966,0.901183,1
0.501873,-0.043194,1
1.519381,-0.817436,1
-0.249235,-0.039267,1
1.565051,-0.317425,1
0.263804,0.465885,1
-0.980866,-0.341592,1
0.106331,-0.575451,1
0.585349,0.447102,1
1.724987,0.559714,1
1.919368,-1.207984,1
1.144231,-0.148191,1
1.090775,1.226035,1
-0.048514,0.329204,1
1.258073,0.072178,1
0.916533,-0.809295,1
0.989745,0.369066,1
1.592632,0.037934,1
0.958705,0.188404,1
1.965155,-0.148018,1
-0.096908,1.358298,1
0.723368,-1.161181,1
0.303928,0.393774,1
0.998043,-0.791927,1
0.001501,-0.888990,1
0.789231,0.627986,1
2.029926,-0.875212,1
1.730215,0.036489,1
2.128305,-0.570523,1
1.107427,0.985592,1
0.231990,-1.161193,1
1.156781,0.101122,1
1.563483,-1.059780,1
0.851831,0.262676,1
-0.061588,-0.209351,1
0.557415,1.403246,1
0.500511,-0.785535,1
1.084179,-0.255232,1
0.989743,0.100895,1
1.135111,0.036351,1
1.449522,-0.155647,1
0.886349,-1.339185,1
1.013723,0.136350,1
0.551118,-0.114345,1
0.282004,0.062069,1
2.071943,-1.170945,1
0.206779,0.354380,1
1.258702,0.352456,1
0.365636,0.555641,1
1.423853,0.545455,1
-0.155880,-0.441680,1
0.278440,2.223195,1
0.602390,1.578726,1
1.192820,-1.008982,1
1.858220,0.541518,1
2.300569,0.140109,1
1.317474,0.049936,1
1.731303,0.988952,1
-0.147054,0.221527,1
0.941711,0.818848,1
2.192622,-1.590009,1
1.584727,0.689769,1
0.313041,-0.499944,1
1.287299,0.713412,1
-0.460489,-0.005890,1
0.643355,-0.943706,1
0.325063,1.098621,1
1.221559,-0.781056,1
1.421214,0.267655,1
1.191603,-0.847232,1
-0.134309,-0.625515,1
1.609024,0.566629,1
-0.608600,-0.614771,1
1.196908,-0.466695,1
-0.048442,-0.208366,1
1.443820,-1.293834,1
1.504914,-0.187086,1
1.695055,1.184297,1
2.098958,-0.223786,1
1.190434,1.430046,1
0.376017,-0.033397,1
1.424606,0.035683,1
1.236203,0.108503,1
-0.596186,0.447879,1
0.584630,1.050941,1
0.338148,0.031187,1
0.325777,-0.461819,1
1.399835,-0.582395,1
1.277531,-1.402327,1
1.129223,0.567264,1
1.364240,-0.607641,1
0.844694,0.151136,1
0.701515,0.063831,1
1.508712,1.022186,1
0.828953,-0.471772,1
2.062827,-0.515798,1
1.898066,0.109000,1
2.332607,-0.038624,1
0.895062,0.595268,1
0.795390,-0.392444,1
-0.119346,-0.917744,1
1.441827,0.277808,1
2.342293,-0.969854,1
0.707617,0.494310,1
0.329187,-0.747253,1
0.470267,-0.341323,1
0.521435,-0.270258,1
1.287355,-0.218000,1
1.752459,-0.061625,1
2.900502,0.428924,1
0.840504,0.543213,1
2.059303,-0.523524,1
2.043110,0.501687,1
0.626023,-0.252607,1
-0.194254,0.293290,1
0.507782,0.287797,1
0.933859,0.395331,1
0.991013,0.377804,1
0.475188,-0.208357,1
0.339683,-0.863770,1
1.441054,-0.463303,1
-0.655672,1.080854,1
1.298504,-0.556500,1
-0.023354,0.080301,1
1.434122,0.066243,1
1.966225,-1.930341,1
1.841077,-1.338022,1
1.195353,0.273995,1
1.259106,-0.446562,1
1.565099,0.108437,1
0.025403,0.818506,1
1.291280,-0.101502,1
1.490795,1.244132,1
2.372367,-0.575373,1
0.106858,1.110079,1
0.169354,0.223453,1
0.473774,-0.578346,1
1.480205,-2.688127,1
1.919142,0.980063,1
1.697047,-0.296545,1
0.543264,-1.690328,1
0.760132,0.353704,1
1.425056,-1.755965,1
2.289591,-0.648954,1
0.227695,-0.004669,1
1.630160,-0.896455,1
1.556916,1.409529,1
2.012612,-0.704591,1
1.960407,0.578449,1
2.083358,-0.389151,1
2.407616,1.116408,1
-0.111669,0.192001,1
1.137014,-0.638194,1
1.157630,-0.944370,1
-0.338367,-0.685859,1
0.991874,0.153465,1
1.909810,-0.109783,1
1.571600,-0.072758,1
-0.866536,0.777286,1
-0.288362,1.117125,1
0.252954,-0.260197,1
0.475233,0.143644,1
1.023036,-1.164703,1
0.494636,0.727475,1
1.210407,-0.297006,1
0.274618,0.423823,1
1.951723,-0.122794,1
0.175234,0.288520,1
-0.586594,-0.994250,1
1.346369,-1.172020,1
0.751724,-0.375392,1
0.829522,-0.183242,1
1.064294,1.398002,1
0.566824,-0.202293,1
1.035573,0.721182,1
1.613931,0.282737,1
2.063930,-1.127256,1
1.552609,-0.337648,1
0.634914,-0.581208,1
0.076985,-0.277935,1
0.001923,0.669380,1
1.262334,-1.700646,1
0.921705,-0.072673,1
2.292228,-0.111212,1
0.367892,-0.857265,1
0.134329,0.383583,1
0.422817,-0.319704,1
0.576422,0.341467,1
-0.278266,0.673366,1
-0.101003,-0.829301,1
2.200909,1.161275,1
1.045619,1.106107,1
0.956765,-0.206662,1
1.664257,-0.150795,1
2.190825,-0.093106,1
2.482355,0.203683,1
1.420722,-0.333886,1
1.856474,0.816227,1
1.361951,0.736432,1
1.090260,0.473742,1
1.164951,-0.274924,1
1.545113,-0.646733,1
0.899609,0.729570,1
1.872500,0.663340,1
0.845859,-0.390013,1
0.309557,-1.159724,1
1.290384,-0.701836,1
1.005949,-0.406796,1
1.158249,-0.131385,1
0.347790,0.745533,1
-0.065399,0.372631,1
0.011527,-1.038684,1
1.193060,-0.877669,1
0.755020,0.310914,1
1.006964,-0.065240,1
1.648588,-0.861645,1
2.405163,-0.134935,1
0.006408,-0.123790,1
1.130758,-1.410588,1
1.595580,-1.274586,1
-0.315407,0.105450,1
0.056895,-0.068958,1
1.358242,0.628803,1
1.566127,-1.147556,1
0.296915,0.890960,1
1.134781,0.015657,1
0.609186,-0.846681,1
0.831161,1.150153,1
1.691830,-0.827547,1
0.868902,0.574938,1
1.161293,1.293750,1
1.544770,0.447614,1
1.204189,-0.018709,1
0.627133,-0.093689,1
0.686537,-0.149708,1
1.268930,-0.693081,1
0.284477,-0.611566,1
0.033245,0.564774,1
0.627235,0.447600,1
2.337609,-0.691062,1
0.482957,-0.826503,1
1.514401,1.299193,1
0.463877,-0.575000,1
1.019553,0.780476,1
0.525651,-0.210941,1
1.162960,0.241586,1
0.841486,-0.023383,1
0.906950,0.310971,1
0.028691,-0.422846,1
0.686360,0.387846,1
1.524550,-1.869418,1
-0.272253,0.210617,1
0.683868,0.796363,1
1.516418,-0.010307,1
-0.455176,0.475990,1
0.823330,0.728091,1
1.363131,-0.815330,1
0.800252,1.135692,1
0.943856,-0.881721,1
2.368873,1.170943,1
0.370205,0.683826,1
1.639311,-0.790294,1
1.236205,-0.793359,1
1.824151,-0.442855,1
2.867014,0.611422,1
1.118949,0.072766,1
0.497722,-0.636808,1
1.702891,0.267636,1
1.289057,0.443268,1
0.930201,0.695024,1
0.061368,-0.215549,1
1.737067,-1.899568,1
0.593125,0.085777,1
1.148963,-0.730545,1
1.205359,1.236906,1
0.434375,-0.568108,1
1.201221,0.217359,1
1.647602,-0.114802,1
1.357884,-0.846372,1
2.602068,0.637112,1
2.837279,0.874475,1
0.390002,-1.988748,1
0.961837,-1.174173,1
2.121530,0.777670,1
1.522854,0.547456,1
1.828411,1.285540,1
0.338231,0.012234,1
2.220748,-0.860835,1
0.327218,0.420090,1
1.936868,-0.543095,1
1.356757,-0.233788,1
3.673962,-1.625250,1
1.153912,-2.615735,1
-0.013011,-0.873372,1
2.169186,0.518509,1
0.431417,-0.563645,1
1.130266,0.086097,1
1.739428,0.037951,1
1.699837,-0.184657,1
1.456372,-0.730051,1
2.024701,0.891552,1
0.752650,-0.104404,1
1.017234,0.576908,1
1.765348,-0.191708,1
-0.246228,1.349792,1
-0.771648,-0.080460,1
1.175155,1.552876,1
0.849025,0.066992,1
0.704391,0.243554,1
1.430846,0.819452,1
-0.897191,-0.363922,1
-0.307029,1.261771,1
-0.587058,-0.546847,1
0.775415,0.291773,1
1.357744,-0.517696,1
2.586119,0.296054,1
3.112671,-1.177778,1
1.174019,-0.284576,1
1.953449,-0.495193,1
-0.637951,0.697753,1
0.494157,0.225069,1
0.930755,-0.456652,1
1.387895,0.163485,1
1.017464,0.223031,1
2.751697,0.996385,1
0.116817,0.684605,1
2.291874,-1.480535,1
0.606285,-1.064457,1
0.104927,-0.890402,1
2.446945,0.842472,1
2.181159,0.948330,1
1.652658,0.523270,1
0.958743,-0.941684,1
1.567818,-1.843041,1
0.651702,0.468174,1
1.553808,0.693319,1
0.481659,0.389328,1
-0.580630,-0.045385,1
1.990367,-0.187009,1
0.861290,-0.022814,1
1.584739,0.687038,1
1.187550,0.572750,1
1.045177,1.061172,1
1.867365,0.623227,1
0.289876,-0.158372,1
1.661327,0.249775,1
1.161408,-0.253426,1
-0.067120,-0.485504,1
-0.685522,0.469293,1
0.175889,-1.132974,1
1.319293,0.309190,1
-1.130066,0.907848,1
1.996291,1.260885,1
0.333749,0.806794,1
1.072941,0.924430,1
0.970054,-0.233121,1
-0.274569,0.125641,1
1.488923,-0.398117,1
0.141749,-1.034021,1
1.311457,0.124546,1
0.494616,0.910520,1
1.996515,-0.247419,1
1.302169,0.195747,1
-0.457560,0.908590,1
2.356566,0.820943,1
1.159486,0.580242,1
1.971837,0.329663,1
0.987671,-1.144308,1
1.001103,-0.229941,1
0.905469,-1.218110,1
0.884713,0.479521,1
0.939610,0.676946,1
1.598653,-0.945953,1
1.969107,-0.515782,1
1.351465,-1.488412,1
0.796964,1.009767,1
0.584340,0.595616,1
1.335357,0.505020,1
-0.157867,-1.546359,1
1.013826,-1.788538,1
0.103127,-0.718969,1
1.658339,-0.714076,1
1.169037,-1.378742,1
0.650970,0.543966,1
1.270052,1.053424,1
0.340172,-0.288886,1
0.782704,-0.538125,1
0.222555,-0.302710,1
0.174735,1.470947,1
2.302595,-0.047648,1
1.305262,-0.442634,1
1.592431,-0.065494,1
0.649750,0.939048,1
0.147046,1.553833,1
0.583347,0.245940,1
-0.061571,-1.502675,1
1.010810,0.586808,1
0.845963,-0.383599,1
0.739548,1.235053,1
0.961650,1.193800,1
2.189628,0.324566,1
1.393057,-0.641435,1
1.437540,-0.545391,1
0.606466,0.982885,1
1.845684,1.148965,1
1.246295,0.625617,1
0.633495,0.280424,1
2.218251,0.035553,1
1.557687,-0.395211,1
-0.055071,0.905599,1
0.313773,-0.104429,1
-0.761389,-1.591455,1
2.282327,-0.879711,1
0.532223,-0.242559,1
1.305993,-1.602960,1
-0.136255,-0.934075,1
0.587200,-0.070141,1
2.147754,0.236211,1
0.856215,-0.588485,1
0.337749,0.296690,1
0.492910,-0.786451,1
0.490448,-0.644530,1
2.435857,-0.205741,1
0.735137,0.788338,1
0.087344,0.209272,1
1.199686,-1.092038,1
2.127220,-0.533776,1
1.530139,0.619238,1
1.307119,-0.507548,1
1.206146,1.106299,1
0.353475,-0.130726,1
2.858605,-0.360639,1
0.078763,0.700560,1
0.890793,0.436709,1
1.025391,0.228339,1
0.133575,-0.979624,1
0.043570,0.987000,1
1.955651,-0.396761,1
0.757022,0.625202,1
-0.343930,1.084510,1
1.139384,-0.098323,1
1.209248,0.418543,1
0.283435,0.138382,1
0.425668,0.115956,1
0.470965,1.357977,1
0.617908,0.113016,1
1.759901,0.689019,1
0.407494,0.047918,1
1.174618,-0.870591,1
-0.217175,0.426959,1
1.343279,-0.482449,1
0.649253,0.967721,1
0.358847,0.745143,1
1.987167,0.650526,1
-0.303157,1.372029,1
0.105333,0.481371,1
0.294244,-0.137420,1
1.270621,-0.755587,1
0.782938,-0.667848,1
1.181964,-0.204596,1
2.082836,-0.287048,1
2.427236,2.208875,1
1.424451,-0.529418,1
0.322771,-2.095619,1
0.189939,0.184731,1
0.933968,-0.407512,1
0.438902,-0.592994,1
1.225666,1.080565,1
1.951904,1.124959,1
0.286590,0.231239,1
0.168491,-1.004358,1
-0.092087,-0.305934,1
2.309641,1.190596,1
1.180563,0.145956,1
0.193042,1.348155,1
1.643029,-0.174780,1
1.768351,-0.279160,1
1.008962,-0.279089,1
1.751281,0.103728,1
1.123402,0.404606,1
1.249414,-0.078690,1
1.989281,0.446727,1
0.814014,-0.509476,1
1.165028,0.315653,1
0.720197,-0.856125,1
2.733464,-0.170685,1
1.083641,0.908210,1
1.681187,1.736422,1
1.862489,0.906742,1
2.152254,0.839654,1
0.394913,-0.223435,1
0.918757,0.298563,1
1.486839,-0.193068,1
0.372279,-0.821702,1
0.197650,0.381965,1
0.712627,-0.218525,1
3.294849,-0.725579,1
2.183583,0.510874,1
2.032067,-0.464732,1
0.789589,-0.668263,1
1.283332,0.059240,1
1.476317,0.605095,1
0.449822,-0.415184,1
1.147355,-0.799317,1
1.073628,0.428789,1
0.814772,0.714680,1
1.205188,1.016472,1
0.222941,0.415556,1
0.541691,0.801016,1
0.521679,1.033449,1
0.912847,0.622036,1
1.232161,1.202200,1
1.162938,-1.287750,1
1.609776,-0.584297,1
1.842287,-0.570148,1
0.490032,-0.642822,1
1.541796,-0.479901,1
-0.972108,-1.072156,1
1.360699,0.582676,1
1.004858,0.877182,1
0.747882,-0.143824,1
0.674137,1.276181,1
0.956992,0.458777,1
0.462174,-1.379266,1
0.622586,1.975117,1
1.988670,-1.220394,1
1.277497,-0.206632,1
1.375596,-0.985625,1
1.668897,-0.247787,1
1.365461,0.261318,1
1.192860,0.887959,1
0.025239,0.992437,1
0.169427,-1.713976,1
-0.414356,-1.028280,1
-0.294505,0.546230,1
1.063721,0.434034,1
1.699893,0.409387,1
0.762927,0.982206,1
1.071449,0.019299,1
1.367185,-0.089430,1
1.068834,0.147916,1
1.852024,0.282329,1
1.737400,0.028920,1
1.790557,0.708109,1
1.447162,-0.093959,1
1.215228,0.307094,1
-0.524679,-0.606048,1
1.926428,-1.107035,1
1.405638,-0.338796,1
2.161016,0.153273,1
0.927904,1.023408,1
1.690219,-0.482802,1
0.471129,-0.999309,1
0.904453,0.933028,1
1.459251,0.172167,1
1.292260,0.368783,1
1.520864,0.049715,1
1.193348,0.103285,1
1.925967,0.351661,1
2.317301,-0.388435,1
1.994232,-0.195950,1
1.299058,-0.087841,1
2.533769,-1.276125,1
1.762885,0.960911,1
1.572591,-1.649600,1
1.400915,0.836338,1
0.862921,0.826663,1
1.223342,0.412920,1
1.358579,-0.165445,1
1.869798,-0.540290,1
0.017179,-1.035466,1
1.743326,0.922324,1
2.592469,0.231062,1
0.937790,-0.425490,1
0.155173,-0.994926,1
0.246273,0.168122,1
-0.411097,0.454386,1
2.920206,-1.047356,1
0.526590,0.692618,1
0.987894,-0.140903,1
1.492101,-0.262878,1
0.547952,1.363454,1
1.085041,0.126995,1
0.741245,-0.681883,1
1.205782,-1.223054,1
2.639736,-0.848394,1
1.754422,0.270912,1
-0.579368,-0.387437,1
0.595917,-1.926724,1
1.744575,-0.397267,1
-0.185597,0.322584,1
0.314101,1.336650,1
0.625735,-0.260766,1
0.742027,1.205031,1
0.253831,-0.515304,1
1.197479,-0.977651,1
1.091920,-1.234645,1
1.782995,-0.933650,1
1.385767,0.491840,1
-0.237248,0.243026,1
0.204034,0.458321,1
1.795933,0.602192,1
1.334663,0.304079,1
1.023871,0.038562,1
0.619207,0.607167,1
1.754562,0.085103,1
1.773102,-0.336042,1
-0.219097,-0.524579,1
1.593843,-1.517116,1
0.099544,-0.379735,1
0.806367,-0.314017,1
0.444606,-0.003125,1
1.332174,-0.055196,1
0.984225,1.544389,1
0.140674,0.242565,1
1.881152,0.145416,1
1.005964,0.071091,1
2.243826,1.367982,1
-0.236810,-1.312947,1
1.756118,0.652152,1
0.340059,-0.440636,1
1.560667,0.556989,1
1.822697,0.894322,1
1.629064,0.065330,1
1.096105,0.286482,1
1.667608,-0.913661,1
0.969888,-0.066310,1
1.160976,0.524824,1
-0.011963,0.119858,1
1.204721,-0.142949,1
2.617844,0.581292,1
-0.078428,0.894303,1
1.021216,0.700635,1
0.675396,-0.156055,1
0.534603,-1.030571,1
1.186512,0.984363,1
0.562528,1.142959,1
2.883888,-1.335737,1
0.704883,0.005220,1
0.655481,-2.841132,1
0.998594,-0.307073,1
0.640269,0.164956,1
0.786983,0.850054,1
2.276839,-0.204289,1
3.105638,0.766113,1
2.002742,-0.359082,1
0.184622,-0.118371,1
0.280242,0.268358,1
1.663725,0.171114,1
0.566128,0.180008,1
0.545317,-0.258999,1
2.126557,-1.268565,1
1.613607,-0.126529,1
-0.088623,0.301995,1
1.085868,0.357606,1
1.132920,0.531354,1
1.306508,-0.051319,1
0.026566,-0.397528,1
1.236862,0.535525,1
1.312194,0.655592,1
0.892609,0.081020,1
1.917280,0.584800,1
2.202710,-0.899589,1
-0.270701,0.480898,1
1.740722,-0.526726,1
2.186463,1.458509,1
0.517058,-1.489855,1
-0.069039,-0.269122,1
1.759717,-0.586872,1
-0.083603,-0.103597,1
-0.201238,-0.314414,1
0.103647,0.187868,1
0.524316,-0.469177,1
1.471271,-0.268580,1
-0.023194,0.975455,1
0.086054,-0.274516,1
-1.373849,-0.361270,1
2.184557,-0.115245,1
1.248047,-0.131005,1
0.705638,0.359200,1
0.737114,-0.936999,1
0.240906,-0.164067,1
-0.284604,-0.467579,1
-0.329957,1.182790,1
-0.139458,-0.922442,1
0.600173,-1.434439,1
0.040568,1.054614,1
1.425805,0.718501,1
1.513665,-1.004332,1
0.746203,0.966915,1
1.360414,-0.600216,1
1.634689,0.985601,1
0.726948,0.069528,1
1.497927,-0.585585,1
1.493438,0.815002,1
1.497517,0.399557,1
0.222912,0.289073,1
0.473522,-0.808064,1
2.440380,-0.502358,1
-0.028023,-0.732296,1
0.874725,-0.434670,1
1.899685,-0.372262,1
1.648772,-0.149613,1
0.717853,-0.388989,1
1.481563,0.048600,1
0.987024,-0.319374,1
0.096983,1.026022,1
0.901992,0.046307,1
0.754305,0.305523,1
2.248497,-0.784990,1
1.489902,0.278184,1
1.066804,0.497257,1
1.797845,1.207160,1
1.837267,0.628170,1
1.597202,-0.254100,1
1.314640,1.439986,1
1.178158,-0.024240,1
0.854991,0.242586,1
1.183587,-0.485940,1
0.895582,-0.614474,1
1.296256,1.192246,1
1.028222,-1.081404,1
0.487924,0.502879,1
0.583401,-0.963902,1
2.370348,-1.017378,1
1.701097,-1.035824,1
2.038800,0.089833,1
0.174206,0.337240,1
0.316569,-0.194473,1
0.597021,0.017419,1
0.125663,-0.854339,1
1.539192,-0.160867,1
1.349603,-0.061012,1
0.257017,0.379088,1
2.692294,-0.807685,1
0.106608,0.136494,1
2.289661,0.407079,1
1.698845,-0.039322,1
-0.131011,0.386281,1
0.859254,0.355115,1
-0.193207,-0.274124,1
3.008228,0.338546,1
0.592830,-0.085445,1
1.702291,-0.960967,1
1.153415,0.707637,1
1.751336,-0.875625,1
0.952221,0.732720,1
2.142788,-1.917413,1
0.690408,0.780695,1
1.834655,-0.026546,1
0.568591,0.860746,1
1.302578,-0.487204,1
1.568474,0.682442,1
0.037098,-0.199621,1
2.529668,-0.587434,1
1.792362,0.835013,1
2.134380,-0.539316,1
0.930008,0.054159,1
1.100704,-0.711287,1
1.323197,-0.382399,1
1.605948,-0.056222,1
1.362633,0.440024,1
0.623103,-0.914948,1
-0.643148,1.092245,1
1.138591,-0.613297,1
0.779547,-0.496002,1
1.766058,0.592877,1
1.953506,0.671765,1
1.263924,-1.334303,1
1.273358,-0.608371,1
1.078539,0.638856,1
-0.025833,0.555550,1
0.640713,0.381240,1
0.198423,0.671203,1
2.717980,-0.172345,1
1.155277,0.227904,1
1.164231,1.030559,1
0.716676,0.850323,1
0.705197,0.305827,1
1.286863,-1.631305,1
1.419180,-0.375039,1
0.197550,0.373804,1
0.428216,-0.729880,1
2.153850,-0.007225,1
0.919023,-0.315366,1
1.464800,-0.414382,1
1.812219,0.058782,1
1.835367,0.218025,1
0.341082,0.203022,1
2.330301,0.651458,1
1.680522,-0.091959,1
2.249471,0.562842,1
-0.130123,0.781780,1
0.589655,0.211383,1
1.400500,-0.194028,1
0.514826,0.530845,1
0.662844,-0.805975,1
1.547957,0.534007,1
2.498128,-0.611543,1
0.074018,0.822997,1
0.499647,-0.778765,1
1.680239,-0.693844,1
0.418107,0.941259,1
0.898818,-1.169750,1
-0.276459,-0.091377,1
-0.067582,0.099412,1
0.294081,-0.676273,1
1.042489,-0.073889,1
-0.296798,0.245286,1
1.673918,-1.894038,1
1.068608,0.462038,1
0.022800,0.785155,1
2.321960,-1.026142,1
1.685735,0.082861,1
0.334280,-0.705322,1
1.502621,-0.089192,1
1.566835,0.422406,1
0.371466,-0.283428,1
0.098469,1.407298,1
1.229534,0.012306,1
-1.033248,-0.228433,1
0.659841,0.313596,1
1.450457,0.491349,1
0.299342,-0.329530,1
1.573538,-0.712481,1
0.067759,0.269508,1
-0.665361,1.038070,1
-0.213161,0.843849,1
1.334030,-0.085058,1
1.214778,0.701484,1
1.182494,0.973363,1
0.321685,1.309898,1
1.558254,-0.258351,1
0.337118,-0.106510,1
0.715997,-1.199915,1
0.491662,0.690968,1
1.149662,-0.674883,1
0.844431,-0.244656,1
0.878827,0.085482,1
0.197675,-0.984056,1
0.413303,-0.786427,1
1.282618,0.266393,1
1.783062,0.388871,1
1.496717,-0.372659,1
-0.637036,1.252057,1
1.355898,-0.774490,1
-1.197430,-0.967665,1
0.396192,0.971736,1
0.604322,0.835878,1
0.681410,-0.858649,1
0.804825,0.262707,1
2.193410,-0.917762,1
1.269084,0.590717,1
1.717351,-1.178588,1
0.980709,0.130927,1
0.188536,-0.499486,1
-0.192844,0.585177,1
1.191300,-0.195358,1
1.903413,-0.540870,1
0.425787,-0.516149,1
1.381827,0.210181,1
2.427190,0.408063,1
1.213972,-1.538075,1
0.439275,-0.578694,1
0.569519,-1.100509,1
1.870621,0.051203,1
1.284150,0.894332,1
1.412521,0.087505,1
1.438641,0.315120,1
1.326329,-0.532853,1
1.966513,-1.747492,1
1.026806,-1.655233,1
1.943255,-0.478350,1
0.610678,0.069718,1
0.997370,1.398764,1
1.609251,-0.112262,1
1.148748,0.439185,1
1.708505,1.232029,1
0.779774,0.768721,1
-0.265098,0.571670,1
0.255957,1.943844,1
1.667958,-1.225840,1
0.920480,-0.320654,1
1.603364,0.762665,1
1.157359,0.474810,1
-0.222294,-0.603731,1
0.541857,0.241349,1
1.758816,0.346594,1
1.124417,-0.365607,1
1.586022,0.184894,1
1.114472,1.249702,1
1.656028,0.545103,1
0.982496,-0.600305,1
0.553636,-0.812611,1
0.411959,1.373779,1
1.628331,0.869203,1
1.298561,-1.031710,1
0.880161,1.499394,1
0.410761,-0.797480,1
1.271499,-0.476086,1
1.060540,0.638470,1
0.449823,-0.808077,1
1.270334,0.581806,1
0.953420,-0.695973,1
0.906551,1.620102,1
0.789049,1.497507,1
0.194777,-0.097772,1
1.073494,0.454952,1
0.136969,-0.125686,1
1.183369,0.425016,1
1.790488,0.332802,1
1.114598,-0.814842,1
-0.524373,-0.502816,1
0.875475,1.037129,1
1.207741,0.062232,1
1.148232,-0.110377,1
0.631574,0.350092,1
1.444258,0.412731,1
0.746990,-0.685749,1
1.862237,0.802480,1
0.574341,-0.032816,1
-0.051695,1.385628,1
1.138685,-0.200750,1
0.518618,2.326583,1
0.664686,-0.812754,1
0.567846,0.438233,1
0.985538,0.093458,1
1.149652,0.450052,1
0.092228,-0.398274,1
0.486300,0.509707,1
0.953146,0.244979,1
0.848557,0.707902,1
0.663272,-0.402502,1
0.792789,0.934161,1
0.362939,1.421044,1
0.995007,-0.696941,1
0.503286,1.013153,1
0.558475,-0.549234,1
1.735234,1.216788,1
1.704282,-0.063921,1
0.113644,0.525912,1
1.043265,0.526823,1
2.726612,-0.306211,1
0.441559,0.537292,1
1.229252,-1.665670,1
-1.371739,-0.358941,1
1.063738,0.646197,1
1.101884,-0.225441,1
2.507735,-0.362954,1
2.578370,0.244550,1
1.927580,-0.124821,1
0.741246,0.982015,1
1.022682,0.112527,1
0.879985,-0.129661,1
0.864963,-0.030178,1
2.462999,0.338373,1
1.725821,0.245094,1
1.060548,-1.338742,1
1.167140,-0.198366,1
0.815132,-0.426928,1
0.097583,0.339165,1
0.736971,-0.571076,1
1.975815,0.142743,1
0.766849,0.612139,1
-0.179692,-0.894743,1
1.358272,1.936082,1
1.450456,0.498028,1
1.135075,0.989959,1
0.865563,-1.248482,1
1.260006,-0.004373,1
0.664830,0.977803,1
0.920150,-0.292618,1
1.734565,0.354963,1
2.258599,0.520423,1
1.943882,-0.147701,1
0.468505,0.847254,1
0.848532,-0.064799,1
1.518247,0.314274,1
0.979447,0.678315,1
0.770922,1.006186,1
0.498695,0.423738,1
0.517517,0.777356,1
2.036271,-0.480950,1
0.479931,0.115751,1
0.777894,-0.791088,1
1.330046,1.108509,1
2.331658,-1.476695,1
1.615868,1.416492,1
1.090387,0.432327,1
0.960199,1.094132,1
0.355970,-1.187378,1
0.221251,0.240998,1
0.661846,-0.779851,1
1.461863,0.491452,1
0.196869,-0.311525,1
0.777895,0.336788,1
0.106033,-0.627520,1
0.448078,0.422271,1
0.299768,-0.259660,1
0.551515,-0.999359,1
-0.244959,0.033481,1
0.632730,0.045100,1
0.446402,-0.972539,1
1.019472,0.054250,1
0.404061,-0.029427,1
1.885664,0.973427,1
1.489013,0.923516,1
2.838186,0.282912,1
-0.204359,-0.444730,1
1.309651,0.214128,1
0.923503,0.628205,1
0.642887,-0.406551,1
0.641831,1.076645,1
0.911859,1.386634,1
-0.028656,1.511225,1
0.806210,1.341280,1
1.551071,-1.139883,1
1.451752,-0.219757,1
1.616396,0.949153,1
-0.191053,-0.139426,1
1.563764,0.220432,1
1.161123,0.064131,1
1.335599,0.141694,1
1.993477,-1.516522,1
2.147660,0.970445,1
1.281742,-1.673987,1
1.818198,-1.217378,1
1.281867,0.249477,1
0.322884,0.082249,1
1.680265,-0.728114,1
2.135122,-0.567883,1
1.221212,1.054594,1
1.119524,0.029857,1
1.755038,0.259053,1
2.091794,0.221784,1
1.742991,-0.377222,1
0.160578,0.658326,1
1.495678,0.145581,1
0.885518,0.683001,1
0.431766,-0.909868,1
0.711198,1.866307,1
1.302746,0.820018,1
1.337806,-1.395504,1
0.204312,-0.464203,1
1.399832,-0.234387,1
1.704641,0.644086,1
-0.395435,0.082583,1
1.261809,-0.557628,1
-0.335814,0.508640,1
1.971851,-0.168447,1
0.658763,-0.100572,1
-0.092810,-1.470254,1
1.501828,-0.535133,1
-0.101519,0.819055,1
0.356634,-0.479440,1
0.582263,1.019668,1
1.121108,-0.576104,1
1.582046,0.246219,1
1.528847,-0.790818,1
0.298296,-0.090053,1
1.240987,-0.744896,1
1.140832,-0.478965,1
0.731976,0.107778,1
1.069563,1.451567,1
1.316321,-0.852679,1
1.148885,-0.299110,1
1.310798,0.918739,1
0.395897,-0.809208,0
0.810141,-0.315224,0
-2.692778,-0.318323,0
-0.442784,1.092891,0
-0.713625,0.139958,0
-1.132097,-0.091139,0
-0.845583,0.040796,0
-3.374930,1.461993,0
-1.158413,1.267644,0
-0.837436,-0.157650,0
-0.390007,-0.154300,0
-0.404144,-0.390078,0
-0.881081,-0.192032,0
-1.546453,-0.025557,0
-0.414199,-0.177663,0
-0.568013,1.286515,0
0.077863,-0.409309,0
-1.415593,-0.665734,0
-0.205815,0.285432,0
-0.419337,0.719716,0
-1.669548,0.516179,0
0.353695,0.221151,0
-1.415831,0.715292,0
-1.368111,0.308487,0
-0.325120,-0.320824,0
-1.379824,0.159370,0
-1.906964,-0.454465,0
-0.936092,0.186573,0
0.522580,0.263044,0
-1.419116,-0.358648,0
-0.626342,-0.017818,0
-1.290192,0.510708,0
-1.757395,0.843972,0
-0.758403,-1.155474,0
-1.309559,-1.245099,0
-0.483875,-0.226390,0
-2.687531,0.941978,0
-0.833353,0.682704,0
-1.648331,-0.130867,0
-0.631766,-0.232639,0
-1.181505,-0.073312,0
-0.788582,0.348824,0
-1.471649,0.240923,0
-2.046189,0.925890,0
-1.083838,0.058446,0
-0.801502,-0.453438,0
-0.866460,0.070748,0
-1.526921,-0.103177,0
-0.383325,-0.273981,0
-0.984511,0.212778,0
0.087278,1.714879,0
-0.016917,-0.145485,0
-1.726671,2.414408,0
-2.165101,-0.085931,0
0.428803,-0.107448,0
-0.372953,-1.090564,0
-0.132068,-0.754710,0
-0.557670,0.176548,0
-1.634869,0.645622,0
0.471930,1.012722,0
-1.592179,-0.508902,0
-1.955536,0.742283,0
0.278899,0.299623,0
-1.858239,-1.205035,0
-1.151059,0.184764,0
-2.427360,-0.108349,0
0.091185,-0.468924,0
-1.903809,0.665223,0
-0.015658,-0.966664,0
-0.467506,0.704005,0
-0.646760,-0.499446,0
-1.967011,-1.164367,0
-2.240062,0.190062,0
-0.990120,0.368359,0
-0.340022,-0.729174,0
-1.412236,0.376611,0
-2.487463,-0.483791,0
0.459455,-0.213735,0
-1.291333,-0.444732,0
-1.145184,0.389531,0
-0.031829,1.270362,0
-0.813712,1.577234,0
-1.763634,0.002653,0
0.335012,0.807644,0
-2.538145,0.277508,0
0.301768,0.830418,0
-1.626502,1.754513,0
-1.998795,-1.408033,0
-1.442032,0.204198,0
-1.077324,-0.302545,0
0.446140,-1.849879,0
-1.970211,-0.621660,0
-1.587794,1.207505,0
-1.367865,0.181744,0
-0.197956,-0.962882,0
-3.021832,0.886268,0
-2.290505,-0.622026,0
-1.915908,0.880415,0
-1.361984,-0.971422,0
-0.105304,0.266051,0
-0.750869,0.082761,0
-1.478699,0.337698,0
-1.624209,-0.114496,0
-1.701541,-0.083112,0
-1.114160,0.598434,0
-1.027103,-0.745365,0
-1.227867,-0.063277,0
-0.978116,-1.105600,0
-0.261531,0.906405,0
-0.608280,-1.633721,0
-0.837697,1.794837,0
-0.206398,-0.209541,0
-1.679166,0.735258,0
-1.812529,-0.558503,0
-1.085820,0.085493,0
-1.340869,0.232260,0
-0.495104,-0.506254,0
0.230397,0.313673,0
-1.058818,0.978411,0
-2.674104,-0.062073,0
-1.917047,-0.001473,0
-1.317310,-0.742924,0
-0.981398,-0.360001,0
-1.652813,1.483923,0
-1.260688,-0.389716,0
-0.073905,0.277796,0
-1.769912,-0.209434,0
-0.421369,2.072544,0
-1.077375,-0.589908,0
-0.947792,-0.918543,0
0.121081,0.503901,0
-1.245582,0.059278,0
-1.884493,-0.511873,0
-0.706753,-1.757794,0
0.071215,0.676472,0
-3.184478,0.462892,0
0.405648,-0.291872,0
-0.881539,-1.266165,0
-1.550723,-2.884817,0
-2.583768,0.863697,0
-1.931865,-0.879347,0
-1.718628,0.599195,0
-0.685285,0.106965,0
0.475814,-0.517040,0
-1.972261,0.699348,0
-1.716326,0.584572,0
-1.127082,-1.496546,0
-0.748159,0.330904,0
-1.258814,-0.012017,0
-2.211443,-0.698160,0
-2.419689,-0.231019,0
-2.387819,-0.291266,0
-0.851077,-1.063641,0
0.091036,-1.086981,0
-1.851745,1.227371,0
-1.651335,0.156734,0
-1.047805,-0.101272,0
0.087717,0.005299,0
-0.862445,0.382994,0
-1.898639,1.081518,0
-1.332198,0.177013,0
0.097128,-1.447078,0
-0.921351,1.268356,0
0.327012,0.185480,0
1.202739,0.075494,0
-2.155794,1.023178,0
-0.184570,-0.433572,0
-0.192365,0.120778,0
0.385934,-1.262397,0
-1.248673,-0.332948,0
-2.010457,-1.022787,0
-1.572298,-0.437372,0
-2.369610,0.149412,0
0.198121,-0.573769,0
-0.188658,-0.805703,0
-0.543736,0.701299,0
-1.952225,2.427859,0
-1.648550,1.794899,0
-1.177236,-0.375979,0
-0.825002,1.087297,0
-1.439981,-0.871010,0
-1.518943,-0.326502,0
-2.169387,-0.430265,0
0.388576,-0.128227,0
-1.193617,1.914940,0
-0.849410,0.261840,0
-2.980862,1.057362,0
-1.092864,0.309356,0
0.827370,-0.602108,0
-1.977952,-0.452577,0
-2.237235,-1.623027,0
-0.869714,1.961187,0
0.391171,0.678130,0
-1.301994,0.496004,0
-1.854142,0.137141,0
0.163106,-0.237001,0
-1.080628,-0.085821,0
-2.029470,-0.807353,0
-1.247071,1.578761,0
-0.185703,-0.366901,0
-2.635730,-0.093713,0
-1.207566,0.153202,0
-0.888193,-0.348683,0
-2.670594,-0.278792,0
-0.400699,-0.297979,0
0.412737,0.724441,0
-1.841093,1.366060,0
-0.657379,0.232448,0
-1.096285,0.865460,0
-0.835719,0.454515,0
0.499858,0.464547,0
-1.059446,-0.393864,0
-1.621088,0.393426,0
-1.768452,0.746255,0
-0.362222,-0.379005,0
-1.403125,0.273851,0
-2.251078,0.139609,0
-3.245463,0.298201,0
-1.243271,0.039609,0
-0.069136,0.408822,0
-0.703701,-0.677132,0
-0.953477,-0.848834,0
-0.772435,-0.455214,0
-2.260550,-0.326288,0
0.101577,0.501441,0
-1.106594,-0.024331,0
-1.578319,-0.990116,0
-0.645885,0.177833,0
-1.329069,-0.211619,0
-1.175364,1.035423,0
-1.605980,0.528284,0
-0.922919,-0.039559,0
-0.879137,0.994092,0
-1.531701,1.506866,0
-0.955281,0.515695,0
-2.079609,0.764439,0
-0.811520,-0.264484,0
-0.918492,-0.527842,0
-0.080521,0.236082,0
-1.669481,-0.573332,0
-0.622673,0.462170,0
-1.939990,-0.204112,0
-0.537258,0.778072,0
-1.293508,-0.378738,0
-0.124632,0.262391,0
-1.396964,-1.650249,0
-1.032757,-0.279705,0
0.443702,-0.201533,0
-2.530760,-1.326691,0
-2.176209,-0.237372,0
0.389555,-0.749316,0
-1.944130,-0.014209,0
-0.594900,0.621644,0
-2.077600,0.201960,0
0.175788,0.398577,0
-1.765857,0.289662,0
-1.161937,-0.131463,0
-0.128345,0.288488,0
-1.447017,0.046476,0
-1.167346,0.638711,0
-2.009539,0.696794,0
-2.947826,-0.064598,0
-1.299839,0.598644,0
-3.152560,0.751635,0
-0.946214,-0.353306,0
0.068794,-1.667250,0
-1.520650,-2.120217,0
-2.379598,-0.264352,0
-0.542344,-2.285215,0
-1.133690,0.101914,0
-0.527866,-0.470312,0
-0.334780,-0.286492,0
-0.136199,-0.879392,0
-0.718936,1.551905,0
0.364476,0.081394,0
-1.630901,-0.423837,0
-1.976960,-0.049578,0
-1.359342,0.206503,0
-0.695450,-0.142616,0
-0.973281,-0.154151,0
-1.439018,0.524671,0
-0.683179,0.282613,0
-1.185368,0.084907,0
-1.841297,0.725895,0
-0.574490,0.268986,0
-0.846745,-0.342223,0
-0.535067,0.583428,0
-1.190691,1.143164,0
-1.979839,0.433157,0
-1.129500,1.257801,0
0.470023,0.507300,0
-1.269983,0.104331,0
-0.676276,0.268567,0
-1.726308,1.065195,0
-0.174051,-1.090729,0
-2.191131,-0.945289,0
-2.518235,0.446418,0
-1.004384,-0.924440,0
-0.775637,0.412393,0
-1.460907,0.181955,0
-1.261652,-0.046797,0
-0.133569,-0.376328,0
-1.268037,-0.832452,0
-1.419451,0.904730,0
-1.107898,-0.246436,0
-0.760833,0.297498,0
-0.304261,0.444460,0
0.151156,1.353894,0
-1.118993,0.762433,0
-1.313485,-0.000776,0
-1.831662,0.991312,0
-1.537574,0.320212,0
-1.080397,-0.749072,0
-2.501478,0.319976,0
-1.218540,0.209597,0
-0.336103,-0.231678,0
-1.509477,0.556189,0
0.222169,0.055105,0
-0.937068,0.433144,0
-1.396981,0.315678,0
-0.280154,-0.404729,0
-0.388375,0.865240,0
-2.531115,-0.670846,0
-0.752439,0.698707,0
-1.394339,0.061571,0
-1.231971,0.002175,0
-1.675345,-0.358119,0
-0.966211,-0.337516,0
-0.887090,-0.154566,0
-1.736480,-0.266435,0
0.398450,0.096923,0
-0.293861,0.349412,0
-2.420888,0.080599,0
-1.428847,-1.281438,0
1.144742,-1.289894,0
-2.018373,0.285612,0
-1.460134,0.953814,0
-0.045139,0.451974,0
-0.583598,0.172387,0
-0.533937,-0.917998,0
-0.963526,0.365327,0
0.070527,-0.019564,0
-1.427850,-0.754836,0
-0.578525,1.174221,0
-1.374027,-0.704016,0
-1.159218,1.221159,0
-1.241998,1.202192,0
0.516253,-0.148356,0
-0.801455,0.329362,0
-1.539819,-1.209853,0
-1.244155,-0.135355,0
-0.866049,0.274433,0
-0.449825,0.519053,0
-0.221704,0.337219,0
-0.610740,0.826335,0
-0.652528,1.097530,0
-1.076590,-0.041031,0
0.476973,0.714124,0
-0.789719,0.861937,0
-0.174229,1.209089,0
-1.570899,-0.181963,0
-0.389498,-0.034997,0
-1.436026,0.685912,0
-0.031964,0.046111,0
-0.680032,-0.089250,0
-1.531921,-0.413303,0
-1.390997,0.092686,0
-2.555493,1.099280,0
-1.100966,-0.901455,0
-0.671036,-0.033514,0
0.247393,2.546732,0
-1.844207,0.134818,0
-0.739291,0.305867,0
-1.429862,-0.045909,0
-1.142670,0.944321,0
-1.357855,0.369854,0
-0.402796,0.108895,0
-1.255221,0.274366,0
-1.591273,-0.457965,0
-0.564101,0.946251,0
-0.944628,0.993086,0
-1.210929,-1.326970,0
-2.459877,0.537701,0
-1.258982,-1.284155,0
-1.359813,0.855673,0
-1.124997,1.960629,0
0.101385,-0.729966,0
-0.310960,0.727249,0
-1.668088,-1.112662,0
0.330315,1.062976,0
0.088420,-0.152545,0
-1.620663,-1.122071,0
-0.307239,-0.024009,0
-1.688467,-0.267947,0
-1.528513,0.193404,0
-0.180674,-0.360723,0
-1.377420,-0.863799,0
-1.266143,-0.133305,0
-0.941243,-0.238558,0
-1.764265,-0.895108,0
-0.287764,0.722250,0
0.039118,-0.059788,0
-0.897746,-0.051903,0
-1.984296,0.317743,0
-0.765551,-0.715365,0
-0.792761,0.263599,0
-1.283099,2.060409,0
-1.148156,0.179329,0
-0.250632,-1.717093,0
-2.912058,0.090354,0
-1.354062,0.738849,0
-0.877189,0.683839,0
-1.906943,-0.332227,0
0.663436,0.106182,0
-1.910224,0.407487,0
-0.561290,-0.592775,0
-1.324476,0.102417,0
1.343972,0.404333,0
-1.430493,-0.572524,0
-0.308058,0.733487,0
-1.600362,1.596739,0
-2.600379,-0.147859,0
0.475072,0.289596,0
0.423106,1.071504,0
-1.353142,-1.093397,0
-1.957153,0.108650,0
-1.456845,0.845167,0
-2.699902,-1.429860,0
-2.859146,0.787388,0
-0.693223,-0.202506,0
-1.397735,-1.229541,0
-0.191547,-0.892194,0
0.008658,0.645516,0
-1.743141,0.143906,0
-0.388713,0.721868,0
-1.258769,0.552943,0
0.636000,-0.969415,0
-0.357055,0.706188,0
0.973695,0.039291,0
0.399218,1.132897,0
-2.656251,0.493236,0
-1.522458,-1.849913,0
-0.522604,-1.003433,0
-0.378783,0.245228,0
-1.080479,1.518129,0
-1.757400,0.382389,0
-1.171113,-1.892611,0
0.101133,-0.647817,0
0.020210,-0.828487,0
-1.500991,0.991011,0
-1.278630,-0.901922,0
-0.940256,-0.616016,0
-1.265303,-1.032683,0
-1.176961,-1.242589,0
-2.333769,0.065547,0
-1.300403,0.196343,0
-1.885658,0.238821,0
0.027345,0.816657,0
-1.702056,0.507093,0
-1.146120,0.980366,0
-0.711909,-0.630011,0
-1.313235,0.472537,0
-1.438265,-0.066166,0
-0.150685,-1.402150,0
-1.190412,0.639427,0
-1.690560,0.306397,0
-1.166534,-1.687914,0
-0.596287,0.272760,0
-0.611657,0.090328,0
-1.093844,0.262380,0
0.236625,-1.426697,0
-1.117753,-0.248886,0
-1.470054,0.091515,0
-1.656226,0.570996,0
-1.483306,-1.226033,0
-0.769303,-1.281263,0
-2.517906,-0.218557,0
-0.291081,0.664957,0
-0.989829,0.891800,0
-1.096884,1.196769,0
-0.578752,0.958512,0
-1.621944,-0.308493,0
-0.555223,-1.181912,0
-0.579783,-0.207772,0
-1.125656,-0.165308,0
-0.597942,-0.292650,0
-2.198647,0.046199,0
-1.287999,-0.802465,0
-1.167305,1.258483,0
-1.650819,0.082183,0
-0.659585,-0.811679,0
-1.707048,1.270093,0
-0.716157,0.744084,0
-0.426660,-1.118498,0
-2.774581,1.553087,0
0.656762,1.519993,0
-0.062766,0.459495,0
0.526790,0.794182,0
-1.543434,-0.110406,0
0.687264,-0.038958,0
-0.535174,0.073357,0
-2.736280,-0.374857,0
-0.260700,0.837525,0
-1.663801,-0.772722,0
-0.524961,0.178035,0
-3.056433,0.292811,0
-0.851220,0.282994,0
0.348576,0.318284,0
0.230369,-1.702194,0
-1.364916,-0.412908,0
0.105309,-0.175549,0
-1.599411,0.430766,0
-0.380946,0.935375,0
-0.988279,-0.427978,0
-1.380790,-0.035087,0
-0.189605,0.104950,0
-1.580085,0.506161,0
0.195691,-0.124670,0
0.174225,1.106408,0
-0.729591,-0.665425,0
-1.282743,-0.178855,0
-0.897042,0.642295,0
-1.766891,-0.367213,0
-0.656458,0.843677,0
-1.852527,-0.633043,0
-1.723169,-0.198079,0
-1.862866,0.916499,0
-1.295316,-0.424518,0
0.267327,-0.898967,0
-1.810582,-0.542697,0
-0.634421,0.188680,0
-0.323172,2.168872,0
-0.801684,0.199202,0
-1.456617,-1.140080,0
-2.159589,-0.265518,0
-0.165027,0.879434,0
-0.688616,0.934436,0
-0.741032,0.647746,0
-1.046600,0.773010,0
-1.396621,0.055756,0
-1.834108,-0.094132,0
-0.376385,0.571487,0
-0.396354,-0.768834,0
-0.489457,0.542953,0
-0.104935,1.619686,0
-1.246093,0.528854,0
-2.224152,0.594483,0
-0.683813,0.868282,0
-0.761038,-1.865186,0
-0.022530,0.498532,0
-0.900325,-1.485216,0
-0.360374,-0.189609,0
-0.316113,0.469362,0
-0.411260,-1.152718,0
-0.871822,1.958344,0
-0.120179,-0.217829,0
-0.745474,0.528411,0
-2.170544,0.566834,0
-2.004163,0.590816,0
-1.926410,1.454685,0
-1.199204,0.069518,0
-0.456317,0.332623,0
-0.636390,-0.326783,0
-0.530354,-1.217252,0
-0.778432,-0.969154,0
-0.405530,-0.396968,0
-1.809161,0.074052,0
-1.256177,0.660717,0
-1.928831,-1.505501,0
-1.167771,0.213172,0
-1.274006,-0.165161,0
-0.513322,1.174838,0
-0.578764,-0.417135,0
-1.780345,-0.841512,0
-1.038893,-0.780696,0
-0.843440,-0.731228,0
-1.618268,-0.918277,0
-0.295344,-0.416305,0
-1.292045,-0.123164,0
-0.729938,0.295132,0
-1.832253,0.595236,0
-0.435715,1.212190,0
-1.249534,0.382518,0
-1.954316,-1.669833,0
-0.477984,0.529010,0
-2.568033,-0.209264,0
-0.309904,-1.574593,0
-1.265967,0.229849,0
-1.617444,0.238401,0
-0.968307,-0.982013,0
-0.651267,-0.601667,0
-2.094235,-0.149287,0
-2.164246,-0.308983,0
0.289431,0.255313,0
-1.418841,0.049985,0
-0.719544,-0.046601,0
-1.311387,0.665071,0
-0.165202,0.277704,0
-1.904057,0.420037,0
-0.025356,-0.437433,0
-1.619877,1.499883,0
-0.656757,-0.032625,0
-1.178906,-1.461880,0
-1.107493,-0.831242,0
-2.335403,-1.081384,0
0.334026,-0.870428,0
-1.009814,0.664410,0
0.166290,0.165614,0
-0.107352,0.046023,0
0.592471,-1.329463,0
-1.360627,0.512562,0
0.079431,-0.481541,0
-0.982540,-0.367607,0
-1.543710,-1.089270,0
-1.001240,-0.146316,0
0.152156,-0.110551,0
-1.246032,-0.213746,0
0.767043,0.094056,0
-0.751407,-0.574055,0
-2.278479,0.086846,0
0.148367,0.302516,0
-2.280284,-0.370924,0
-2.532766,0.438523,0
-3.518481,-0.352986,0
-1.206540,1.042567,0
-1.875852,0.958828,0
-2.020590,-1.036235,0
-2.171342,-1.346789,0
-1.654721,-0.928279,0
-0.648258,-0.701314,0
-1.164976,0.613292,0
-1.340663,-1.065621,0
-0.129923,-0.484621,0
-1.133260,-0.486151,0
-1.106937,0.422219,0
-0.219644,-1.585456,0
-1.167065,0.043003,0
-1.580741,-0.150011,0
-0.514869,0.889821,0
-0.012538,0.827829,0
-1.779195,-0.038460,0
-0.779597,0.357898,0
-1.501260,-0.278699,0
-1.132724,0.806653,0
-1.120025,0.224461,0
-0.442535,0.444401,0
-0.987193,0.062459,0
-0.625813,-0.368024,0
-0.870251,1.373495,0
-1.727475,0.526796,0
-1.048801,0.176338,0
-3.063123,0.218221,0
-0.423577,0.450240,0
-1.700678,0.642927,0
-1.315586,-0.348366,0
-0.557195,0.312593,0
-2.148488,-1.079555,0
-1.234370,-1.245262,0
-1.006932,1.337868,0
0.400484,0.056237,0
-0.938025,-0.907836,0
-1.921403,-0.178882,0
0.438381,-0.337232,0
-0.914067,-0.971591,0
-1.566710,-0.441970,0
-0.464861,-0.260332,0
-0.295446,-0.004443,0
0.126937,-2.424737,0
0.017492,1.590613,0
-1.110283,-1.206697,0
0.107247,-0.614072,0
-0.719558,1.206889,0
-1.486522,-0.765023,0
-0.506024,0.526263,0
-0.029612,1.167038,0
-0.706875,0.755796,0
-0.766374,-0.123671,0
-0.803274,-0.293563,0
0.858884,0.876769,0
-2.531978,0.675229,0
-0.818059,0.486046,0
-2.110281,1.350241,0
-1.852533,-0.949253,0
-0.143319,0.843619,0
-2.516944,-0.895915,0
-0.608602,0.567333,0
-2.259249,-0.048417,0
-0.963704,-0.146770,0
-0.673804,-0.041445,0
-1.601234,-0.032804,0
-0.396697,0.920603,0
-0.335474,0.412345,0
0.002859,-1.178911,0
-0.524134,-0.303078,0
-1.225861,1.581174,0
0.070738,0.797446,0
-1.458151,-0.180029,0
-1.759566,-1.495366,0
-1.080925,0.671805,0
-1.379933,0.347081,0
-2.833769,0.042557,0
0.022997,-0.914021,0
-0.773354,1.580463,0
-1.553859,0.295119,0
-1.236196,0.466690,0
-1.555854,0.259736,0
-0.833534,1.368195,0
-1.324245,-1.044017,0
-1.152918,-0.137149,0
-0.640366,0.720286,0
-1.592950,-0.038692,0
-0.431670,0.270615,0
-0.475860,0.616019,0
-1.594374,-0.418955,0
-1.455099,-0.459043,0
-0.513454,0.658534,0
0.251606,-1.032025,0
-2.029045,-0.281619,0
-1.485510,0.605101,0
-1.151335,-0.163685,0
-1.794356,-0.481884,0
-0.112362,0.833903,0
-0.779524,0.603285,0
-0.411404,-0.928579,0
-1.130259,-0.086376,0
-0.582565,-1.396803,0
-1.725325,-1.382025,0
0.427143,0.513170,0
-0.426056,0.303507,0
0.089828,-0.149628,0
-1.640188,-1.635982,0
-1.631784,-0.469450,0
1.016905,0.573970,0
-1.842041,0.264403,0
-1.658096,-0.304130,0
0.010390,0.793398,0
-1.323906,0.099207,0
-1.041321,-0.897580,0
-1.137593,-0.407025,0
-1.725726,1.333106,0
-0.634646,1.421485,0
-0.027073,0.997571,0
-0.519616,-0.860819,0
-0.302528,-0.260794,0
-1.378832,0.354764,0
-1.579139,-0.560666,0
-2.687052,-0.250511,0
-1.862703,-0.228911,0
-0.116408,0.277492,0
-0.791564,0.266313,0
-1.934528,0.474484,0
-0.276933,-1.092793,0
-0.174108,0.105269,0
-0.623481,0.843719,0
-1.836638,0.067207,0
-0.682881,-0.341532,0
-1.603851,1.350328,0
-2.036287,-0.717563,0
-1.208071,-0.442524,0
0.047716,-0.696518,0
-2.151155,0.198037,0
-1.491705,-0.422423,0
-2.222604,-1.001313,0
-0.577540,-0.101187,0
-1.969646,0.227111,0
-2.023799,0.355676,0
0.404605,0.301566,0
-2.000279,0.513329,0
-0.341447,-0.257252,0
-1.609279,0.670589,0
-0.596806,0.719100,0
-0.843295,-0.084730,0
-1.377839,-0.542462,0
-1.114604,0.066474,0
-0.963812,0.261475,0
-0.544964,1.413186,0
-0.025291,-0.194091,0
-0.925725,-0.453949,0
-1.284414,0.106081,0
-1.850604,-0.002049,0
-1.915063,0.737100,0
-1.535484,0.277695,0
-1.489315,0.015318,0
-1.351722,-1.319242,0
-0.280986,0.425336,0
-0.776463,0.505738,0
-0.736862,0.326248,0
-0.298681,0.150001,0
-1.257008,1.067669,0
-1.651363,-0.036278,0
-1.325227,-0.108157,0
-0.007007,-1.145315,0
-1.710721,0.735686,0
-0.193915,-1.065783,0
-1.354020,0.252942,0
-2.770498,0.231893,0
-0.245421,-0.047264,0
-0.502231,0.350305,0
-0.196139,0.691841,0
-0.757166,-0.518236,0
-0.851412,0.298929,0
-0.079794,0.344375,0
-0.803179,-0.390172,0
-1.304230,-0.388484,0
-2.174728,1.483931,0
-0.612953,0.049150,0
0.135380,0.848803,0
-0.617618,0.180142,0
-0.638047,0.588546,0
-1.267348,0.137151,0
-0.144001,-0.203490,0
-0.693033,1.620309,0
-1.649578,-0.635073,0
-0.010408,-1.081841,0
-1.590146,-0.961571,0
-0.972829,-0.367896,0
-1.861464,0.989222,0
-1.536912,0.578669,0
-1.905892,-0.481677,0
0.321394,1.260411,0
0.441627,0.300436,0
-0.545908,-0.054648,0
-2.421322,0.136496,0
-1.917148,-0.691717,0
-0.248354,-0.124257,0
-2.088626,0.017360,0
-2.360747,-1.260302,0
-1.407363,0.406080,0
-1.735481,1.024642,0
-1.873015,0.269383,0
-1.162303,-0.382429,0
-0.784907,0.908886,0
-0.747981,-1.389981,0
-1.065645,0.506523,0
0.491475,-0.767864,0
-0.858731,-0.780787,0
-1.227175,-1.199454,0
-0.424770,-0.850270,0
-1.817948,2.078936,0
0.610238,-0.059371,0
-0.398097,-0.824149,0
-0.399095,0.107605,0
-0.029085,0.091748,0
-0.224911,-0.872378,0
-0.864690,0.083027,0
-1.025217,0.446980,0
-0.704515,-0.951733,0
-1.602161,0.179441,0
-0.631405,-0.533403,0
-0.736501,-0.801199,0
-1.802739,0.299175,0
-1.491345,-0.333702,0
-0.879053,-0.423878,0
0.133493,0.930999,0
-0.446304,-0.513997,0
-0.822505,0.263425,0
-0.703081,-0.705942,0
-0.012015,-0.715911,0
-1.725795,0.081008,0
-1.073107,1.233091,0
-1.147193,0.564106,0
-0.482315,-1.116516,0
-0.415960,-1.293213,0
0.044495,-1.708474,0
-0.540492,0.609350,0
0.116173,-0.550210,0
-1.059726,0.670547,0
-0.406026,-0.043714,0
0.453771,0.536350,0
-1.911811,0.582716,0
-1.381416,0.207120,0
-1.481785,0.981121,0
-0.775707,0.868025,0
-1.106194,-0.871783,0
-2.119022,0.111195,0
-1.329901,-1.591068,0
-0.832425,-0.496081,0
-1.505661,1.486205,0
-2.138451,0.109690,0
-0.160715,0.146504,0
-1.459204,1.217427,0
-0.807342,-0.433619,0
-0.968826,0.451155,0
-0.208229,-0.084066,0
-0.224881,-1.695721,0
-1.075678,-0.321466,0
-1.342352,-0.540841,0
-0.150166,0.534848,0
-0.251655,-0.177889,0
-1.269501,0.119072,0
-2.333240,-0.250467,0
-1.082856,-0.145156,0
0.004598,0.030701,0
-0.880785,0.020362,0
-1.864216,1.384485,0
-1.114550,0.173373,0
-0.977467,0.278494,0
0.176889,0.408159,0
-1.051300,-0.562765,0
-0.121880,0.503145,0
-1.310744,-0.330087,0
-0.540131,-0.783025,0
-1.773802,0.987002,0
-2.261063,1.221748,0
-0.640050,0.709874,0
-1.012931,-0.799376,0
-1.662153,0.171062,0
-1.972240,0.474208,0
-1.161632,0.976600,0
-2.076031,-0.831593,0
-0.455141,-0.460437,0
-0.560612,0.354846,0
-1.674897,0.788900,0
0.839297,-0.473402,0
-1.261685,-1.155648,0
-0.045254,-0.293585,0
-0.008386,-0.756196,0
-0.914556,-0.932782,0
-1.742319,0.722989,0
-0.936653,0.323877,0
-1.178467,-1.204657,0
-1.298583,-0.358550,0
-1.320719,-0.051436,0
-1.595438,0.649690,0
-1.147714,0.037283,0
-0.896502,0.955860,0
-0.190707,-0.927180,0
-0.900967,0.620996,0
0.359087,0.511480,0
-0.594809,-0.453991,0
-1.823621,-0.584041,0
0.245901,0.844531,0
-0.659065,-0.420588,0
-0.451790,0.770592,0
-0.847444,0.081887,0
-0.363670,-0.038240,0
-2.481380,-0.037597,0
-0.722571,-0.824653,0
0.143024,-1.410983,0
-1.251142,1.309895,0
-3.368694,0.957544,0
-0.855309,-0.758455,0
-2.001688,0.980489,0
-1.523609,0.640758,0
-1.260100,0.615171,0
-1.855998,1.084016,0
-1.057563,-0.513754,0
-1.280392,0.088902,0
-0.604317,-0.531056,0
0.189541,-1.905224,0
-0.433242,-0.523984,0
-1.316835,0.209761,0
-0.907085,0.661600,0
-1.404962,0.163257,0
-1.353086,1.282710,0
0.214378,-0.085530,0
-0.784460,-0.272558,0
-2.035575,0.133134,0
-0.031421,-0.238598,0
-0.243104,0.511958,0
-1.610937,-0.508243,0
-1.747575,0.077609,0
-0.363234,0.660262,0
-1.551768,0.204670,0
0.761475,0.103511,0
-0.775852,1.300757,0
-0.331016,-0.450503,0
-0.052208,0.392975,0
0.460099,-0.974860,0
-1.349292,0.258304,0
-0.955881,-0.382732,0
-1.292324,0.190625,0
-1.128581,0.719629,0
-0.806397,0.033565,0
-0.681445,0.348466,0
-0.379321,0.106457,0
-1.389426,0.198904,0
-1.853568,0.053363,0
-1.883989,0.229358,0
-1.070766,0.120489,0
-1.331738,0.035330,0
-2.202970,0.039793,0
-2.110757,-1.148945,0
-1.510528,-0.442663,0
-0.528230,0.561193,0
-0.396920,0.193418,0
-1.007778,-1.168221,0
-0.420143,-0.613470,0
0.217211,0.545653,0
-1.052467,-0.127385,0
-1.515984,-0.739943,0
-1.406688,-0.399686,0
-0.106406,-0.475621,0
-1.091221,1.268110,0
-1.733866,0.333853,0
-2.852366,-0.402034,0
-2.059040,-0.003746,0
-0.607019,-0.848031,0
-0.344373,0.639088,0
-1.441641,-0.867439,0
-1.576272,0.706662,0
-0.089760,-1.005396,0
-2.658614,0.776543,0
0.062002,0.385054,0
-1.990024,-0.040858,0
-1.064537,0.033763,0
-0.436481,0.475568,0
-2.151877,-0.067730,0
-0.975062,0.670384,0
-0.006703,0.031153,0
-0.419955,-1.286025,0
-2.133454,-0.843877,0
0.184118,-0.303904,0
-0.743197,0.947048,0
-0.075481,-0.250509,0
0.402984,0.081834,0
-0.493952,-0.574713,0
-0.837643,0.773846,0
-1.060526,-0.651282,0
-0.293699,-0.175148,0
-2.068981,1.009987,0
-0.964582,-0.245095,0
-1.283222,0.861761,0
-0.786374,0.608695,0
-1.645997,-1.187793,0
-1.180317,0.336197,0
-2.050771,-0.544443,0
-0.860126,-0.672659,0
-1.433667,0.370278,0
-1.838526,0.860109,0
0.095241,-1.368583,0
-1.114157,-1.022265,0
-1.480495,-0.314341,0
-1.716613,-1.651585,0
-1.682976,0.452891,0
-0.280851,-0.099802,0
-0.566725,-0.478987,0
-2.087765,-0.304345,0
-2.497064,-0.424847,0
-1.343345,0.299587,0
-0.491593,1.600939,0
-0.660520,0.813680,0
-1.388551,1.300249,0
-1.612698,0.206140,0
-0.812831,0.478120,0
-1.169611,-0.290668,0
-1.021555,-0.752189,0
0.506392,-0.423613,0
0.444980,-0.507604,0
-0.927512,0.704047,0
0.472394,0.400088,0
-0.215989,-0.454211,0
-0.405222,0.033597,0
-1.259541,1.234645,0
-1.303160,1.521673,0
-1.483357,-0.028091,0
-1.819214,-0.091138,0
-2.044172,0.567258,0
-1.140713,-0.500743,0
-0.277219,0.939343,0
-1.333528,-0.081817,0
0.083599,0.623091,0
-0.438665,-1.328236,0
-1.845911,0.786699,0
-1.155039,0.100951,0
-1.306733,-1.508916,0
0.790875,-1.231410,0
-0.167482,-0.125630,0
-2.107890,1.285283,0
-0.652869,-0.164486,0
-1.024033,0.997047,0
-0.074938,0.941863,0
-1.132753,-0.328312,0
-1.308946,0.380780,0
-0.636869,-1.331869,0
-1.359396,0.259630,0
-0.027691,-0.099286,0
-1.829769,-0.154785,0
-0.276600,0.160872,0
0.338160,1.113929,0
-2.214036,0.007722,0
0.161215,-0.226798,0
-1.895106,-0.588797,0
-0.332017,1.172824,0
-1.215782,-0.607215,0
-1.311878,0.099914,0
-0.999828,0.037527,0
-0.835750,0.674467,0
-1.050335,-1.168130,0
-0.790733,0.114925,0
-1.153136,0.402806,0
-1.392294,0.348026,0
-0.731144,0.473937,0
-1.478345,-0.007229,0
-1.824816,0.053680,0
-1.765840,-1.212670,0
-0.066470,-1.273741,0
-2.201576,1.571098,0
-0.093695,0.978329,0
-0.304016,0.527252,0
-1.332645,0.017788,0
-0.194033,0.419055,0
-1.486067,0.096127,0
-0.423669,1.481338,0
-1.195483,0.633154,0
-0.554935,-0.752850,0
-1.855719,0.035865,0
-0.470593,0.308057,0
-2.260323,-0.046959,0
-0.606920,-0.395557,0
-1.328914,-0.230466,0
-0.810193,0.146904,0
-0.186095,-1.195699,0
-1.426740,-0.288140,0
-0.404154,0.079025,0
-2.162623,0.606065,0
0.528424,0.234401,0
-0.508728,-0.666034,0
-0.974423,0.717420,0
-1.654827,-0.275699,0
-1.447416,-1.123210,0
-2.022011,0.753427,0
-2.052572,-0.052539,0
-2.126801,-0.585726,0
-2.280070,-1.151446,0
-1.088703,-0.081863,0
-1.409090,0.022201,0
-1.849949,0.204565,0
0.439193,0.036675,0
-0.520602,-0.014114,0
0.756872,-0.266261,0
-2.127970,0.001435,0
-0.254620,0.151276,0
-0.888222,-0.017214,0
-1.765960,1.232680,0
-0.614344,0.634900,0
-1.663884,-0.324899,0
-1.063120,-0.313606,0
-0.957384,-1.086814,0
-1.428729,0.785284,0
-1.274767,-0.229242,0
-1.342570,0.122572,0
-1.346041,-1.678851,0
-0.833718,0.738964,0
-1.623198,-0.764956,0
-0.611583,-0.872143,0
0.233636,0.337540,0
-1.051451,-0.451250,0
-0.573608,0.295621,0
-1.071019,-0.265728,0
-1.148957,-0.378489,0
-1.403787,0.041261,0
-1.610498,-0.775441,0
-0.159826,-0.659843,0
-1.032195,0.992769,0
-0.571792,-0.913615,0
-1.024325,-0.512251,0
-2.926984,-0.605477,0
-0.916898,0.824508,0
-0.734318,0.226482,0
-1.773807,-0.292974,0
-1.199932,-0.957516,0
-2.160182,-0.024982,0
-2.167384,-0.576345,0
-0.826470,-3.356007,0
-1.153560,0.048947,0
-1.509007,1.176778,0
0.657885,0.059030,0
-0.874455,-0.526337,0
-2.220417,-0.612969,0
-1.142930,0.219699,0
-0.408401,-1.063832,0
-0.925492,-0.183715,0
-1.194195,-0.048269,0
-0.436257,0.992423,0
-1.042675,0.327980,0
-2.561033,-1.602981,0
0.393891,0.376893,0
0.076227,0.862339,0
-0.277514,-0.258737,0
-1.147859,-1.252565,0
-0.087413,0.962418,0
-1.209535,0.598321,0
-0.549915,-0.409912,0
-2.227511,-0.131301,0
-0.666620,-0.396008,0
-0.151027,0.903848,0
-1.486879,-0.432556,0
-0.605368,0.732411,0
-1.720205,0.276186,0
-0.776128,0.240480,0
0.367706,-0.527078,0
-1.200837,-0.363495,0
-1.900035,0.453786,0
-1.419191,0.267070,0
-0.676278,-0.818004,0
-1.103268,0.292061,0
-3.250644,0.499326,0
-0.973198,0.216398,0
-1.165759,0.272863,0
-2.305790,-0.104407,0
-0.546218,-0.439867,0
-1.945811,0.982487,0
-0.541045,-0.006360,0
-0.539312,0.897268,0
-1.611287,-1.089118,0
-0.914240,-1.209279,0
-0.362151,-0.152621,0
-0.176914,0.462925,0
-0.739189,-0.438874,0
-0.938919,0.212346,0
-0.045539,-0.296538,0
-0.491913,-1.130443,0
0.307496,1.505848,0
-1.887276,-0.308426,0
-1.665888,0.036663,0
-0.575636,-0.709958,0
-1.191997,-0.194398,0
-1.273290,1.035376,0
-1.034204,-0.476375,0
-0.422663,0.559237,0
-0.604251,0.327196,0
-1.184489,-1.675008,0
-1.762906,-0.130657,0
0.034601,-0.296995,0
-1.285539,-1.371411,0
0.535891,-0.715409,0
-1.472117,0.563566,0
-0.673027,-0.292338,0
-2.133929,0.347466,0
-1.038124,0.140464,0
-0.819288,0.222893,0
-0.517213,0.348929,0
-1.882823,1.182379,0
-2.453248,0.037995,0
0.219717,1.313996,0
-1.023247,-1.051228,0
-0.972264,0.831042,0
-1.446604,0.666798,0
-0.357997,0.090345,0
0.068765,0.975303,0
-1.526859,0.001085,0
-0.623745,-0.035390,0
-2.011848,0.526391,0
-0.735543,1.181852,0
-1.170801,-0.841713,0
-0.448587,-0.591346,0
-1.970010,-0.401537,0
-0.922775,0.843416,0
-2.449833,0.532679,0
-1.062908,0.755764,0
-2.483731,-0.591985,0
-0.930549,-0.151925,0
0.856492,-1.544406,0
-1.661127,-0.791394,0
-1.868626,0.709807,0
-2.102254,0.133615,0
-1.703021,-0.688468,0
-0.520919,0.699505,0
-1.459345,-0.812946,0
-1.330415,-0.419814,0
0.734213,0.186092,0
0.635700,0.791195,0
-0.415504,-0.103180,0
-0.200051,-1.069814,0
0.066504,1.104596,0
-2.632761,0.840412,0
-0.347243,-0.300609,0
-0.819411,0.090003,0
-2.187233,-0.518010,0
-0.252212,1.267284,0
-0.889972,0.496828,0
-0.351255,-0.298979,0
-1.117554,-0.355359,0
-1.004422,-2.067392,0
-0.923705,0.936373,0
-0.582375,-0.675512,0
-0.967475,0.253875,0
-0.001862,1.370956,0
-0.892091,-0.058368,0
-1.673761,1.111247,0
0.470889,-0.720485,0
-2.088843,-1.161045,0
-1.179648,-0.955811,0
-1.861457,-0.538375,0
-0.737247,0.021586,0
-1.576172,-0.120892,0
-1.877532,-0.133968,0
-1.876374,0.476175,0
-0.331377,-0.455066,0
-1.693807,0.075230,0
-0.336855,0.019511,0
-0.572331,-0.107335,0
-1.065876,-1.008117,0
-1.301626,0.776447,0
-0.975605,0.820681,0
-0.802962,1.101834,0
-1.771000,0.895499,0
0.058054,-0.222981,0
-0.637581,1.014781,0
-0.072146,0.207025,0
-0.122942,-0.270189,0
-0.696411,1.010673,0
-1.416852,0.004326,0
-1.605195,0.381921,0
1.386513,-0.795407,0
-1.208276,-0.219697,0
-0.521270,1.031827,0
-1.421194,-0.376864,0
-1.423735,0.819667,0
-2.260608,-0.575900,0
-2.348658,0.448088,0
-1.431973,0.395411,0
-0.004444,0.486639,0
-1.587533,-0.297805,0
-1.262193,-0.746558,0
-0.698213,0.122340,0
-1.121457,-0.239205,0
-1.113189,-1.105693,0
-2.566701,-0.360700,0
-0.310460,0.471004,0
-1.023148,1.137355,0
-0.851899,-0.476198,0
-0.596681,-1.207966,0
-1.363869,1.151756,0
-0.809071,-1.426718,0
-1.569528,0.767738,0
-1.391905,-0.826496,0
-0.996053,0.481925,0
-1.115106,0.373092,0
-0.595480,0.213130,0
-0.999270,-0.897771,0
-1.692868,-0.188777,0
-0.950738,0.183076,0
-1.576481,0.548026,0
0.117165,-0.440346,0
-1.043813,0.901958,0
-2.384468,-0.252555,0
-1.759472,-0.647374,0
-0.639440,-0.424223,0
-0.529213,0.064343,0
-0.769539,2.244062,0
-0.464314,1.319234,0
-1.804940,-1.031994,0
-0.686043,0.055511,0
-0.539941,0.427511,0
-0.293404,-1.435524,0
-0.109053,-0.159317,0
-0.245629,-1.405687,0
-0.133524,-0.868041,0
-0.926724,1.952710,0
-0.668925,-0.218808,0
-0.611716,-1.090288,0
-1.887756,-1.268983,0
-2.041177,1.068788,0
-0.834344,-0.344403,0
1.009698,0.559295,0
-0.941122,-0.999379,0
-0.650623,0.836379,0
-1.733271,0.354577,0
-1.011779,-0.347859,0
-2.153163,0.038504,0
-1.529122,-0.543265,0
-0.582461,-0.321787,0
-1.157502,-0.826755,0
-0.668615,-1.517865,0
-0.699675,0.207543,0
-2.156345,-0.290339,0
-1.463198,-0.010939,0
-1.039319,-0.166009,0
-0.888369,0.267531,0
-0.070617,-1.268075,0
-1.244477,0.141742,0
-2.091686,0.109706,0
0.205715,-0.210025,0
-1.737505,-1.423560,0
-1.171693,-0.077122,0
-0.079573,-0.541960,0
-1.423485,0.481719,0
-0.002316,0.198418,0
-0.387024,0.709131,0
0.973890,-1.258357,0
-1.641476,0.138658,0
0.517698,0.539079,0
-0.690300,-0.528276,0
-2.724802,-0.364772,0
-1.770536,0.354504,0
-1.339500,0.333150,0
-0.760032,1.676090,0
-0.592942,-0.704572,0
-1.850765,-0.275356,0
-0.799186,1.095733,0
-1.144292,-1.212408,0
-0.784452,-0.711124,0
-1.034375,-0.064171,0
-1.271063,-1.448556,0
-1.080536,-0.518209,0
-1.743168,-0.040918,0
-2.490327,0.818737,0
-1.099512,-0.846226,0
-0.849880,-0.410878,0
-0.600715,0.616637,0
-2.055548,0.621853,0
-0.396052,-0.452245,0
-1.382491,0.450295,0
-0.336438,-1.226725,0
-0.584091,-0.514751,0
-1.059747,-1.364499,0
-1.122498,0.942338,0
-1.224196,0.956563,0
-0.644071,-0.273790,0
-1.183137,0.586245,0
0.079272,-0.983583,0
-1.808593,-1.040747,0
-0.242996,0.508517,0
-1.454502,0.306922,0
-0.950711,0.436557,0
-1.047092,0.760240,0
-0.273627,-1.145767,0
0.019194,1.097211,0
-1.056033,-0.323797,0
-1.871229,-1.551870,0
0.332852,0.667834,0
-3.210129,1.554630,0
-1.159438,-0.074883,0
-0.552783,0.710296,0
-0.956664,-1.118398,0
-0.347777,-0.601039,0
-2.022668,-1.396992,0
-1.388998,0.136107,0
-1.142329,1.404224,0
-2.268406,0.782660,0
-1.221325,0.810697,0
-0.877117,-1.014473,0
-3.196610,-0.575786,0
-0.312243,0.200859,0
-0.531341,-0.874760,0
-1.328981,-0.360766,0
-2.774309,0.397893,0
-0.875729,-0.357074,0
0.482391,-1.137077,0
-1.443357,-0.746245,0
-1.581289,-0.067384,0
-0.814237,-1.187992,0
-0.252398,-0.258625,0
-2.078731,-0.320076,0
-1.057864,-0.211686,0
-0.139880,-0.886525,0
-1.407641,-0.518818,0
-0.665221,0.055057,0
-0.933594,-0.508278,0
-0.725069,-1.715645,0
-0.769421,0.070628,0
-0.946729,-0.561822,0
-0.126245,0.613869,0
-1.395974,0.131411,0
-0.394824,-0.950397,0
-1.049346,-0.060532,0
-1.497670,-0.486663,0
-1.359829,0.499848,0
-0.997646,0.832045,0
-1.751584,-0.767955,0
-1.043152,-0.929565,0
-1.306879,-0.469015,0
-1.997395,-0.166432,0
-1.233601,0.479897,0
-1.878957,-0.506747,0
-0.535881,0.807661,0
-2.434420,0.821122,0
-1.109049,-1.017397,0
-0.568815,0.927943,0
0.579300,-0.218161,0
-0.322067,1.303945,0
0.298214,0.338068,0
0.070331,-0.395319,0
0.280044,0.989331,0
-0.284690,0.013315,0
-1.198828,-0.898028,0
-1.161288,0.625422,0
-0.524142,0.607403,0
-0.788320,0.022058,0
-1.985661,0.487265,0
-1.104659,0.234367,0
-0.766322,1.094266,0
-1.670400,0.178917,0
-0.732234,0.004794,0
-0.539157,-1.313595,0
-0.185962,0.999101,0
0.265751,0.519052,0
-1.317018,0.522083,0
-1.740960,0.796680,0
-0.438395,0.626751,0
-1.344070,0.644422,0
-0.120908,0.494467,0
-0.671177,0.313128,0
0.390273,-0.363130,0
-0.370687,-0.316244,0
-1.148118,-0.677011,0
-0.903203,-0.382894,0
-1.003664,-1.564658,0
-0.726929,1.079646,0
-1.439457,-1.358555,0
-1.414019,-0.991913,0
-0.495734,-0.186281,0
-0.196847,-0.105478,0
-1.730093,0.875178,0
-1.845580,-0.738739,0
-1.385443,-0.333553,0
-1.314705,0.222291,0
-0.670567,-0.519697,0
-0.356705,-0.831611,0
-0.956478,0.694094,0
-0.757970,-0.218012,0
-0.565133,-0.567017,0
-1.294340,0.340760,0
-0.846937,-1.110118,0
-0.487542,-0.879712,0
-0.694491,-1.089999,0
0.280807,0.292539,0
-0.392129,-0.611555,0
-0.079857,-0.659491,0
-0.494096,0.277365,0
-1.328571,0.585291,0
-0.864792,-1.447633,0
0.239130,-1.083200,0
-0.200614,-0.164552,0
-1.140803,0.264995,0
-2.086384,-0.073561,0
-2.250380,-0.835742,0
-1.761896,-0.576933,0
-0.850503,0.621853,0
-1.808334,-0.213173,0
-1.537087,-1.285529,0
-0.601023,-1.215273,0
0.601363,-1.021115,0
-0.203046,1.417595,0
-2.090069,0.426908,0
-1.635532,0.290244,0
-2.093585,-0.437860,0
-1.826784,-0.493134,0
-0.816091,0.487710,0
-0.715305,-0.763916,0
-0.391686,0.013482,0
-1.719672,0.332468,0
-0.959727,-0.138693,0
-0.733982,0.658011,0
-0.861380,0.368024,0
0.153085,-0.007632,0
-0.229818,-0.379997,0
-1.062759,0.038319,0
-1.523430,-0.302895,0
0.076763,-0.444066,0
-0.750681,1.850999,0
-1.175152,-0.864337,0
-0.611861,-0.025894,0
0.018164,0.813820,0
-2.347909,-0.155040,0
-2.659044,-1.615621,0
-1.512934,-0.806269,0
-1.762735,-0.039407,0
-1.817729,-0.890881,0
0.116739,0.020624,0
-0.524626,1.524603,0
0.668878,0.821021,0
-1.613655,-0.232122,0
-0.292934,0.066975,0
-1.567418,-1.400889,0
-1.260023,0.040754,0
-1.103757,0.099454,0
-0.770776,-0.452674,0
-0.687665,-0.093508,0
-0.424845,-1.290947,0
-0.607168,0.314683,0
-1.459418,-0.081929,0
-1.140630,0.245987,0
-1.458610,1.224352,0
-0.295520,-0.720735,0
-1.364825,-0.641861,0
-1.437684,0.820032,0
-1.533007,0.554025,0
-0.922851,-1.584164,0
-1.471911,0.562726,0
0.324877,0.227278,0
-1.021804,0.352063,0
-0.198850,-0.403464,0
-1.018736,0.560515,0
-0.925040,-1.046619,0
-2.469249,-1.030525,0
-1.256994,0.334861,0
0.646552,0.517931,0
-2.007725,0.648003,0
-1.253378,1.598494,0
-0.669027,1.658459,0
-0.818663,1.863715,0
-1.644035,0.588614,0
-0.958509,-0.466825,0
-1.563470,0.172250,0
-1.583298,0.149526,0
-0.820671,0.348142,0
-1.148814,0.902944,0
-1.777688,0.290091,0
-1.417651,0.999997,0
-1.408150,0.644590,0
-0.369124,-0.416054,0
-1.324540,-0.030526,0
-2.267951,-0.074593,0
-0.208550,-0.332901,0
-0.268018,-0.677330,0
-0.487035,0.957437,0
-1.450493,0.348189,0
-0.419118,0.699153,0
-2.683836,0.132679,0
-1.857195,1.271135,0
-1.068250,-0.485956,0
-0.385952,-0.731148,0
-2.068268,0.100235,0
-2.180590,-0.133023,0
-1.814670,-0.298587,0
-0.718683,-0.964562,0
-2.356245,-1.946291,0
-0.202487,-0.175358,0
-1.383166,-0.120318,0
-1.076197,0.006793,0
-0.911044,-0.363838,0
-0.959936,0.206912,0
-1.526561,-1.943644,0
-0.301167,-0.078580,0
-1.106896,0.315735,0
-0.300579,0.343482,0
-0.016304,1.119227,0
-1.952771,-0.343213,0
0.238680,-0.325782,0
-0.924069,0.030386,0
-1.293782,0.070713,0
-1.241368,2.121822,0
-1.261241,-0.377368,0
-2.532520,-1.197427,0
-1.166746,-0.524644,0
0.036446,1.015190,0
-0.778899,0.852733,0
-1.092327,-0.150850,0
-0.625274,-0.384125,0
-1.995959,-0.204721,0
-1.849380,1.624640,0
-2.981953,-1.356632,0
-1.114709,0.509038,0
-1.256087,-1.593034,0
-1.573670,1.055604,0
-1.253577,0.845868,0
-0.939643,-0.226098,0
0.272991,0.646225,0
-1.683913,0.743820,0
-1.091194,0.165525,0
-2.766882,0.910541,0
-1.953600,0.659253,0
-1.490082,-1.217502,0
-0.682021,-0.906168,0
-0.367465,0.123175,0
-0.605711,0.667053,0
-3.099187,0.708105,0
-0.938136,0.583699,0
-2.192606,1.331824,0
-0.955934,0.520533,0
-1.202551,0.545913,0
-1.365432,-0.895149,0
-1.373006,0.748855,0
-0.815240,1.973783,0
-0.358564,-0.450541,0
-1.007682,-0.400604,0
-0.092625,0.489118,0
-1.134017,1.336392,0
-0.518009,0.071734,0
-0.639405,-0.149464,0
-1.852745,-0.322178,0
-1.073298,0.065651,0
-1.029838,0.366368,0
-1.773347,1.621744,0
-0.044895,-0.033873,0
-1.473723,-0.276979,0
-1.470306,0.280529,0
-0.292765,0.222209,0
-0.702151,-0.108171,0
-1.128158,-0.664851,0
-0.181604,0.473263,0
-0.654585,-1.043162,0
-2.240857,0.253029,0
0.022689,-0.764984,0
-2.175458,0.021434,0
0.223524,0.136829,0
-0.312063,0.642756,0
-1.901935,-0.017599,0
-1.216538,-0.351029,0
-1.944688,-0.818778,0
-1.511323,0.516201,0
-0.946597,0.958431,0
-0.788262,-0.158712,0
-0.374396,-0.147523,0
-1.449220,0.681267,0
-1.953748,-0.329689,0
-0.099276,0.309056,0
-0.890891,-0.226045,0
-1.786979,0.942136,0
-1.824802,-0.362818,0
-0.173626,0.452476,0
-0.674259,0.489641,0
-1.835410,-1.024309,0
-1.426472,-0.042831,0
-0.370053,0.570048,0
-1.270138,0.104544,0
-0.193225,-1.602663,0
-2.043582,-0.615467,0
-1.655621,-0.974462,0
-1.390110,-0.681767,0
-2.053604,0.368578,0
-0.243059,0.286062,0
-1.336683,-0.261212,0
-1.603128,0.349287,0
-1.731901,0.033553,0
-0.631236,-1.636608,0
-0.386491,-1.065116,0
-1.174003,0.927299,0
-0.641346,0.605632,0
0.156254,-0.690794,0
-0.898145,0.968392,0
-0.596377,-1.042142,0
-1.280088,0.714238,0
-1.951592,0.436450,0
-1.345128,0.214080,0
-1.771077,-0.565794,0
-2.541314,-0.028094,0
-0.872824,-1.061131,0
-0.742909,0.481702,0
-2.494442,-0.455503,0
-0.203578,-0.532870,0
-0.100909,0.621782,0
-0.704431,-1.026730,0
-1.229388,-0.803955,0
-2.031481,-0.965752,0
-0.008792,0.124920,0
-0.853919,-1.395305,0
-1.627206,-1.154084,0
-0.322951,-0.570278,0
-2.150789,-0.691512,0
-0.189559,-1.493400,0
-0.409322,-1.113074,0
-0.594996,-1.203277,0
-0.731520,0.199368,0
0.511327,0.492174,0
-0.416005,0.418279,0
-0.704734,-1.065973,0
-1.414385,0.236134,0
-0.796806,-0.451246,0
-1.142968,0.234881,0
-1.368716,1.344556,0
-1.305336,-0.048142,0
-0.871959,-0.624934,0
-1.179363,-1.236099,0
-1.791707,0.727322,0
-2.143850,0.030838,0
-1.275470,-0.214576,0
-1.590454,1.672525,0
-2.453686,-0.748919,0
-1.475555,0.792094,0
-1.194087,-1.156075,0
-0.662975,0.160032,0
-0.447842,0.462951,0
-0.830306,1.335569,0
-1.048053,0.345907,0
-1.412462,1.380402,0
-0.808467,-1.208523,0
-1.386773,-0.480603,0
-0.603714,-0.901601,0
-0.727156,-0.366575,0
-0.718455,-0.923663,0
-0.801583,0.479581,0
-2.140961,0.405269,0
-0.327283,-0.154355,0
-1.255745,1.822252,0
-1.280784,-0.988466,0
-0.109386,1.397211,0
-1.487158,0.361158,0
-0.790387,0.517061,0
-0.848041,1.348110,0
-0.803118,-0.524936,0
-2.283978,-0.222634,0
-2.081561,-1.430543,0
-1.712066,0.691154,0
-2.296584,-0.932832,0
-1.712692,-0.439261,0
-1.882083,1.767025,0
-1.364322,-0.428854,0
-0.580839,-0.095908,0
-0.099554,-1.029239,0
-1.534717,1.242108,0
-1.493373,-0.882297,0
-0.273461,0.245059,0
-2.130666,-1.004107,0
-1.598668,0.143925,0
-1.628859,-0.742315,0
-1.311606,0.087733,0
-0.693498,0.036510,0
-1.609262,-1.255261,0
-0.821425,-1.099199,0
-0.265832,-1.026207,0
-0.165647,0.116095,0
0.026575,1.503108,0
-2.255890,1.138892,0
-2.137841,0.461077,0
0.669897,0.851314,0
-1.027453,0.564852,0
-0.152748,-0.575182,0
-1.082243,-0.470272,0
-2.020207,0.618832,0
-2.313407,-1.517288,0
-1.549793,-0.838132,0
-1.812660,0.740621,0
-0.498199,-2.291522,0
-0.016657,-0.101678,0
-1.060446,-0.716373,0
-0.666366,0.338279,0
-0.019624,0.580291,0
-1.440954,0.281015,0
-1.809248,-0.713850,0
-1.191794,-0.184187,0
-1.309281,-0.175817,0
-1.035023,0.276185,0
-0.907547,0.299185,0
-0.755400,0.066586,0
-2.897932,-0.154726,0
-1.548445,-0.343590,0
-0.350497,1.019203,0
-1.628882,-2.251416,0
-0.092678,-1.105946,0
-1.203446,1.017581,0
-0.178309,0.294511,0
-1.647109,-0.794993,0
-0.625186,0.044017,0
-0.804303,0.761965,0
-0.850556,-0.260208,0
-0.041638,-1.400058,0
-0.966756,1.000834,0
-0.084786,0.795538,0
-2.175544,-0.613046,0
-1.535894,0.303087,0
-1.168201,0.503374,0
-1.048549,-0.362553,0
-1.734350,-0.822513,0
-1.874341,0.742858,0
-2.580377,-0.509252,0
-1.181481,0.370134,0
-1.148075,-0.287915,0
-1.085302,-0.038369,0
-1.203404,-0.926405,0
-1.372370,0.231430,0
-1.448816,1.382614,0
-1.152665,-0.069231,0
-0.714096,-0.068227,0
-1.323889,-1.226854,0
-1.702259,-0.737765,0
-2.000215,1.212453,0
-0.861469,-0.513192,0
0.223127,-0.139544,0
-0.135404,0.369772,0
-1.610807,-0.308861,0
-1.515352,-0.011290,0
-1.432375,-1.492793,0
-0.835497,0.277472,0
-0.624150,0.018844,0
-0.268952,0.515622,0
0.113113,-0.681345,0
-1.289418,-1.631829,0
-1.101672,0.713082,0
-1.294212,-0.639267,0
0.151091,0.943622,0
-1.828249,-0.467179,0
-1.248605,1.790758,0
-0.230868,0.454066,0
0.113962,-0.225186,0
-0.538403,-0.616648,0
-0.088563,0.360860,0
-0.621580,-0.530049,0
-2.040373,-0.563698,0
0.208281,-0.485508,0
-0.347200,0.610332,0
-2.486747,0.874822,0
-2.091923,1.298653,0
-1.470357,-0.057026,0
-1.349013,1.435376,0
-0.574498,1.677426,0
-1.314544,-0.004072,0
-1.741797,1.564433,0
-0.830785,0.916284,0
-0.231774,1.103247,0
0.295422,-0.025368,0
-0.877394,0.071675,0
0.096299,0.926214,0
-2.439248,1.027266,0
-1.157678,-0.418090,0
-1.915772,-0.554230,0
-1.104280,-1.259431,0
-0.289370,-0.079444,0
-0.717777,-0.405637,0
-1.536490,-0.306311,0
-1.524763,-0.840592,0
-0.489091,-0.132323,0
-0.656314,1.339751,0
-0.325934,0.784766,0
0.657354,0.049754,0
-1.275115,-0.172629,0
-1.269967,0.386866,0
-0.645534,-1.120087,0
-0.618477,-0.608336,0
-0.853767,-0.232697,0
-1.274836,-0.550341,0
0.683711,-0.074032,0
-0.422045,0.514073,0
-0.603400,-0.195556,0
-1.391777,-1.166280,0
-1.483262,0.989706,0
-0.778480,1.435415,0
-0.330474,0.173911,0
-1.175718,0.348879,0
0.229566,-2.248089,0
-0.461949,-1.025937,0
-0.416534,0.539142,0
-1.035014,-0.754719,0
0.125852,0.336643,0
-0.362512,-0.304714,0
-2.053245,1.642326,0
-0.319441,-0.083771,0
-1.988582,-0.534910,0
-1.356485,0.619316,0
-0.362317,-0.613692,0
-0.052146,-0.420854,0
-1.136378,-1.139105,0
1.056937,1.859289,0
-1.714080,-1.283420,0
0.612574,-0.315785,0
-0.591328,-0.902696,0
-0.932052,0.949114,0
-2.306882,-0.170525,0
-0.684216,0.242482,0
-1.962440,-0.497923,0
-0.691463,-1.178124,0
-1.315276,0.134189,0
-0.300152,-0.194285,0
-1.434171,-0.496501,0
-1.717884,-0.075215,0
-0.636645,0.974808,0
-0.698356,-0.466937,0
-1.924305,1.257782,0
0.538456,-0.217905,0
-0.811161,-0.517683,0
-1.050551,-0.053434,0
-0.612355,0.034782,0
-1.199736,-0.312046,0
-1.543446,0.663291,0
-0.667987,0.069969,0
-0.376368,0.647850,0
0.557554,0.550130,0
-1.358973,-1.796202,0
-0.775728,0.215065,0
-0.908622,-0.267299,0
-0.647505,0.901083,0
-1.024637,0.645584,0
-0.684773,-0.066187,0
-0.061854,1.042893,0
-1.680622,-1.207553,0
-1.554655,-0.526890,0
-1.515661,-0.196110,0
-2.853946,1.028195,0
-1.034776,0.164818,0
-1.115593,0.488261,0
-0.754636,-0.972560,0
-1.295469,-1.292523,0
0.222993,0.155630,0
-1.066898,0.362098,0
0.658166,-0.598489,0
-1.768322,-0.156438,0
-0.402109,0.145581,0
-2.099119,0.866637,0
-2.032034,-0.444389,0
-0.929717,-0.292152,0
-0.575484,1.597493,0
-2.657060,-0.010023,0
-0.606293,0.315028,0
-0.740977,-0.009562,0
-0.639955,-0.862569,0
-0.043533,0.866362,0
0.474054,-0.515087,0
-0.035790,0.695930,0
0.952867,-0.924650,0
-0.422580,-0.817395,0
-0.521030,-1.185674,0
-1.788183,0.559411,0
0.134524,-0.052748,0
-1.584117,-0.600530,0
-0.412870,-0.169359,0
-0.575369,-1.218530,0
-2.326160,0.573278,0
