-0.130685,0.550209,1
1.061586,1.861070,1
0.863679,-0.201227,1
1.774790,0.458014,1
0.431116,-1.334209,1
0.453621,-0.675381,1
1.420346,0.653446,1
0.281176,-0.235059,1
0.273276,-0.135754,1
0.799314,-0.724560,1
1.559133,0.976276,1
-0.394034,0.209267,1
1.601111,0.488753,1
0.174098,0.007866,1
0.370173,1.040855,1
0.983144,-1.053344,1
1.328391,0.636875,1
-0.112198,1.190113,1
0.916106,-1.551207,1
1.684302,-1.154440,1
1.646566,0.016367,1
1.037291,0.419257,1
1.715146,0.485400,1
1.771112,0.876399,1
2.107533,-0.077619,1
0.382593,-0.286736,1
0.727683,0.625502,1
0.268991,0.326102,1
2.503431,0.299346,1
1.258385,-1.204315,1
2.091725,0.260388,1
1.473793,0.729262,1
2.130269,0.273792,1
0.954384,-0.078824,1
2.091751,-0.629148,1
2.390518,0.573788,1
0.042845,-0.206144,1
1.220077,0.596290,1
1.423464,-0.725215,1
1.179870,-0.039430,1
1.073155,-0.270594,1
0.834330,0.513445,1
0.130885,1.322177,1
1.615435,0.714068,1
1.185736,0.562463,1
1.456406,-0.670890,1
-0.023122,-0.970733,1
1.325606,1.884597,1
0.696430,0.706573,1
2.208156,-0.393336,1
0.363288,0.083566,1
0.484600,-1.215129,1
0.712286,1.586962,1
1.051326,-0.478495,1
1.511185,0.556393,1
1.494834,-0.013435,1
2.234302,-0.017227,1
2.775284,1.118300,1
1.434878,-0.656084,1
1.315720,-0.921728,1
0.619879,-0.464468,1
-0.032163,-0.035512,1
1.667265,-0.344375,1
1.085583,0.677663,1
1.178212,-0.889550,1
1.215535,1.193763,1
1.114849,0.278620,1
1.543890,1.112254,1
0.503823,-0.084766,1
-0.435561,1.586627,1
1.053032,0.190855,1
0.973648,-0.166771,1
0.927309,0.514865,1
2.292883,-0.369665,1
-0.006554,0.425328,1
0.762080,-0.383430,1
1.342589,1.503221,1
1.293851,-0.037599,1
-0.042830,1.471833,1
0.246564,0.104370,1
-0.168448,1.263885,1
-0.679701,0.226515,1
0.813899,0.428282,1
1.656850,-0.178367,1
0.383535,-1.368400,1
1.163958,-1.131805,1
0.412929,1.082348,1
0.733488,-0.316554,1
2.204436,0.774760,1
0.553322,-0.578729,1
1.600560,0.205879,1
1.357563,-0.267637,1
1.347770,0.689508,1
0.054302,-0.295574,1
2.031109,-0.660213,1
1.620463,-0.683162,1
1.378257,-0.676960,1
0.886828,0.302981,1
-0.618351,-0.712910,1
0.841350,-0.596586,1
1.493846,1.504239,1
0.957843,-0.447624,1
1.010434,1.019486,1
0.362198,-0.111715,1
0.892618,-0.011370,1
1.478538,-0.675024,1
0.426592,0.534962,1
-1.240536,-1.121998,1
0.147079,-0.387099,1
0.902975,0.288162,1
-0.291507,-0.067158,1
1.338841,-1.301870,1
0.122511,1.210884,1
1.243898,0.822212,1
1.635361,0.446492,1
2.176816,0.312490,1
1.045331,1.047525,1
0.969894,-0.155313,1
1.623153,1.704589,1
0.054530,0.948236,1
2.577429,0.322906,1
1.219904,-0.519072,1
0.755803,-0.197057,1
1.615635,-2.158377,1
-0.414620,-0.690242,1
0.468662,1.175517,1
1.680537,-0.843467,1
1.591330,0.494675,1
0.999202,-0.062003,1
0.411568,0.348618,1
0.099092,-0.372301,1
1.946993,1.038828,1
1.165396,-0.178985,1
1.470316,-0.064546,1
0.656560,-0.135701,1
1.579602,1.022921,1
0.661857,-0.181270,1
1.233025,0.082327,1
0.877366,0.709730,1
1.339573,1.113862,1
0.887437,0.330007,1
0.447868,0.293616,1
1.005555,0.484623,1
0.228750,0.897658,1
0.318113,-0.691432,1
-0.149757,0.139131,1
1.669999,-0.256752,1
1.563986,1.392801,1
1.466933,-0.492484,1
2.135931,1.041531,1
0.958969,-0.186783,1
-0.206971,-0.026959,1
1.650406,0.247106,1
0.680628,-2.012816,1
1.787746,-0.813340,1
0.952362,0.381924,1
-0.461260,-0.939704,1
2.100697,0.320320,1
1.099538,-0.852846,1
1.231326,1.526304,1
1.956932,0.401835,1
1.784017,0.140345,1
0.315435,0.505709,1
1.619428,0.418119,1
1.144784,-0.989243,1
0.830196,-0.174350,1
0.477185,0.027301,1
1.179740,-0.243637,1
1.098611,-0.318028,1
1.174170,-0.359579,1
1.874792,-0.144511,1
2.388283,-0.513817,1
0.356029,-1.838326,1
0.280562,1.093825,1
0.536624,-0.916259,1
1.098675,0.411115,1
0.590596,-1.617633,1
0.918615,-0.073330,1
1.649286,-0.821611,1
1.562356,0.218988,1
1.726775,0.639819,1
0.404144,0.300180,1
1.337515,-0.248838,1
0.583159,0.671171,1
0.079184,0.868335,1
1.749000,1.356983,1
-0.138584,0.253892,1
1.434749,-0.247249,1
0.604565,0.773208,1
0.497464,0.211563,1
0.193120,-0.752014,1
-0.117414,0.729350,1
0.495139,0.306503,1
1.847660,0.669064,1
0.342985,-0.765646,1
2.802342,-0.365518,1
0.123436,0.745139,1
0.239495,-0.616421,1
-0.096115,-0.564274,1
-0.018863,0.773214,1
1.330600,-0.204782,1
1.396869,0.103783,1
0.361329,-0.698350,1
0.556107,-0.456738,1
0.945656,-1.062751,1
1.455275,-1.007523,1
1.193446,-0.912029,1
0.267102,0.953102,1
0.986279,0.124981,1
0.234492,-0.705024,1
0.812006,0.719284,1
0.536859,-0.128553,1
0.210208,-0.589503,1
1.267884,-0.895516,1
1.039898,-0.185564,1
-0.111115,0.004697,1
1.722514,-0.350894,1
0.493413,-0.087177,1
1.427742,0.056608,1
0.776513,0.067898,1
0.692620,-0.245844,1
0.904058,-0.465195,1
0.835543,-0.192080,1
1.474513,-0.119845,1
0.374176,-1.367531,1
-0.115985,-0.977446,1
1.457431,0.109006,1
0.419341,-0.510124,1
-0.012293,-0.499107,1
0.439040,0.487302,1
1.892396,0.107399,1
1.699033,-0.053160,1
0.042770,0.330869,1
2.401930,0.468965,1
0.390076,-0.372502,1
-0.035157,-0.797185,1
1.041872,-0.578201,1
1.383980,0.425306,1
-0.017750,-0.299270,1
1.675169,0.420450,1
1.994842,0.379764,1
0.300399,-0.399311,1
1.379734,1.593396,1
-0.407335,-0.494824,1
1.680698,3.156483,1
0.281207,0.893950,1
0.577345,1.085637,1
0.474860,0.292490,1
0.944324,0.121619,1
1.353763,-0.801492,1
0.826418,-0.109533,1
1.272328,1.053580,1
-0.369745,0.466753,1
1.116645,0.482283,1
1.611345,-0.422994,1
0.651425,0.295314,1
0.822902,-0.048224,1
1.210376,0.213976,1
0.777193,-0.793435,1
1.160017,1.035792,1
0.402981,-1.273777,1
0.440312,-0.140316,1
0.208759,0.412663,1
-0.066161,0.026367,1
-0.615209,-0.846668,1
0.116700,0.082018,1
0.362348,0.560449,1
2.084855,0.407569,1
2.291336,0.286769,1
1.508266,1.038886,1
2.436522,-0.014464,1
0.728224,0.797459,1
1.129965,-0.425791,1
1.968181,-0.270695,1
1.241749,-0.379702,1
1.042487,-0.339119,1
1.149496,0.265723,1
1.119953,1.811011,1
1.552953,0.025198,1
1.254816,-0.720755,1
1.705329,0.640070,1
1.314257,0.880998,1
1.112217,0.197676,1
-0.477888,0.712426,1
0.375353,0.009646,1
0.578795,1.182045,1
2.140141,1.359276,1
0.748220,0.943317,1
0.252719,-0.600816,1
0.774652,-1.296042,1
0.406305,-0.245367,1
1.954958,0.809247,1
1.027256,1.239248,1
0.166218,0.079955,1
0.708913,-0.432851,1
1.167022,-1.028254,1
1.780722,-0.202325,1
0.405090,-0.639560,1
0.608100,-1.424925,1
0.910216,-0.507608,1
0.578273,-0.317163,1
0.248036,0.736951,1
2.129376,0.039864,1
0.306210,-0.012479,1
0.962044,-0.143306,1
-0.658649,0.486449,1
0.291422,-0.334425,1
1.168750,-0.118933,1
1.895116,0.691895,1
1.634061,-0.815522,1
0.787994,-0.452264,1
0.711293,-0.189608,1
1.575630,-0.238422,1
1.655317,-0.360369,1
0.093159,0.274631,1
2.738831,0.102857,1
1.270960,-0.100853,1
0.881553,-0.937850,1
1.488079,0.370527,1
1.141468,0.203476,1
0.514700,-0.337904,1
0.809231,-1.491235,1
0.498058,-0.422957,1
1.694597,-0.328001,1
1.329574,-0.626860,1
0.992858,0.996782,1
0.552252,0.596756,1
0.258579,-0.695809,1
1.362575,-0.374569,1
-0.268574,1.659066,1
0.858670,-0.793959,1
0.820580,-0.388061,1
0.808172,1.175441,1
0.661629,-1.772598,1
0.915386,-0.605991,1
1.129589,-0.307533,1
0.645247,-1.305784,1
2.044625,-0.594712,1
1.492355,-0.327530,1
1.122891,-0.332657,1
1.018925,-0.733667,1
0.413500,0.571815,1
1.515253,1.121083,1
1.052199,-1.761660,1
1.081229,-0.451381,1
2.065468,-0.439063,1
0.888297,1.092383,1
1.779001,-0.994611,1
2.149060,-0.530546,1
0.866932,-0.115480,1
1.579611,0.158663,1
1.883125,0.638952,1
1.568602,-0.739937,1
0.827098,1.056313,1
0.439309,1.678907,1
1.123977,0.499499,1
0.200264,0.106715,1
0.155759,0.529271,1
0.827081,0.388475,1
0.970996,0.919024,1
0.956427,0.101876,1
1.707618,-0.864698,1
0.453764,-0.265125,1
0.819843,-0.414535,1
1.261796,0.508024,1
0.594826,0.772258,1
0.430806,0.762392,1
1.749916,2.424424,1
1.885060,-0.247073,1
2.494108,0.037097,1
2.125733,0.348818,1
-0.316423,0.621959,1
0.964666,-0.298086,1
1.164601,1.251250,1
2.455242,-1.066320,1
1.753488,-1.258894,1
1.358071,0.273482,1
0.245923,0.541503,1
0.535881,-0.366043,1
1.550290,0.702570,1
0.322975,-1.215338,1
0.409795,0.603772,1
1.564189,-1.278627,1
0.973902,0.458808,1
-0.147587,0.832004,1
1.123648,0.067985,1
0.537669,-0.345315,1
0.475410,0.361856,1
1.519945,0.523356,1
1.351503,-0.644798,1
2.032078,-0.452563,1
-0.141674,-0.294131,1
1.468007,0.819254,1
0.716320,3.085888,1
-0.458149,1.227847,1
0.710286,0.762795,1
1.457448,0.611904,1
1.179937,-0.913217,1
1.777444,0.042215,1
1.824551,-0.113867,1
1.846916,-0.425142,1
-0.694127,-0.383242,1
0.786867,-0.649261,1
1.066546,0.021296,1
-0.141063,-0.508070,1
0.519376,-1.297264,1
1.668008,0.661396,1
1.538226,1.017234,1
0.266892,-0.705619,1
0.467986,0.113237,1
0.035448,0.195166,1
0.770991,0.860577,1
0.843474,0.726053,1
1.132466,0.271066,1
2.047480,0.506294,1
2.277716,0.941757,1
1.621586,-0.032654,1
1.691479,-0.793161,1
1.587249,-0.701346,1
0.144066,-0.617795,1
0.685429,0.116028,1
0.522084,0.429497,1
0.315291,0.486693,1
0.070840,-0.204891,1
1.263381,0.020040,1
1.415099,0.236465,1
0.022404,0.229202,1
1.962439,2.276079,1
1.371414,-1.616314,1
-0.240279,-0.441983,1
0.451647,0.012887,1
0.235900,1.485770,1
-0.188395,-0.849374,1
0.521727,1.003060,1
0.643670,-0.085073,1
2.322884,0.279445,1
0.333017,1.337333,1
0.955979,-0.162167,1
0.907510,0.361544,1
1.402049,1.424595,1
2.138333,0.071027,1
1.907520,1.007036,1
1.104013,1.028087,1
0.131795,0.345514,1
0.879071,0.116918,1
1.017409,1.788239,1
0.853639,-0.292745,1
0.563427,1.547582,1
1.094160,-1.110685,1
-0.774598,0.023175,1
1.818797,-0.306304,1
1.593761,-1.076676,1
1.690712,0.240595,1
-0.104833,0.722574,1
1.368794,-1.640040,1
0.308575,-0.491499,1
0.874279,-0.094189,1
1.555690,-0.032117,1
0.929293,1.040085,1
0.772016,-0.075532,1
1.528561,-0.226948,1
1.312837,-0.714567,1
2.165894,1.586348,1
0.820567,1.463534,1
1.896154,0.404139,1
1.177121,0.449020,1
0.158537,0.871558,1
1.415085,0.164233,1
1.064224,0.108146,1
1.640382,0.909338,1
1.455821,-0.686312,1
1.930454,-1.621220,1
2.197270,0.733768,1
1.305737,0.828996,1
0.709302,0.837005,1
1.963031,0.163623,1
3.530119,0.150357,1
1.094163,-0.802965,1
0.561416,-1.354289,1
1.836307,-0.518856,1
0.448655,-0.487980,1
1.134616,1.353369,1
1.205693,0.111518,1
0.175249,0.106672,1
1.891047,-0.250021,1
1.055557,-0.163409,1
1.021704,0.967614,1
0.613943,-1.151250,1
2.291227,1.376892,1
0.563513,0.525489,1
1.410980,0.343825,1
1.162871,0.924682,1
1.508340,-0.664305,1
-0.448925,0.335298,1
0.702494,-1.372099,1
2.012414,-0.377270,1
3.166991,-0.223242,1
1.114210,-0.246687,1
1.136170,0.797336,1
0.294658,0.069873,1
1.167968,0.104040,1
1.343066,-0.134199,1
1.123645,0.812427,1
1.191772,-0.073498,1
2.155059,0.045573,1
-0.092497,0.167772,1
1.305880,-0.791020,1
0.480673,0.709183,1
0.806433,-0.697735,1
0.024947,0.168350,1
1.450570,1.030297,1
1.212601,0.613779,1
-0.740182,-0.102468,1
0.896546,-0.299249,1
1.162600,0.358881,1
2.087311,-0.250157,1
0.226075,0.074358,1
0.866074,0.084156,1
0.854630,0.221489,1
1.738875,-1.277893,1
1.587088,-1.114734,1
-0.124371,-0.273456,1
1.378980,0.340430,1
0.755720,1.157298,1
-0.931681,0.476744,1
0.524503,-0.108832,1
2.190450,1.243753,1
1.998911,-0.879580,1
1.289449,-1.648865,1
0.895474,-0.091988,1
1.978309,0.511656,1
1.472055,0.495830,1
1.665666,0.101942,1
1.119090,-0.724419,1
1.333449,0.424998,1
0.276886,0.611613,1
-0.252217,-0.616349,1
1.015262,-1.025972,1
2.535446,0.234365,1
0.628259,-0.135871,1
0.991941,-0.240572,1
1.556233,-0.891191,1
1.837130,0.961788,1
0.898847,-0.614363,1
-0.460090,-0.622004,1
1.999995,0.586175,1
-0.433675,-0.379022,1
0.457177,-0.473745,1
0.164397,0.143469,1
1.023142,-0.765910,1
0.123057,0.492112,1
2.146060,0.697674,1
2.311163,1.246292,1
1.152883,0.097456,1
0.809946,-0.414581,1
2.111520,-1.131699,1
1.345321,-0.293938,1
2.182405,0.346753,1
1.567525,0.552046,1
0.849798,0.220206,1
1.098105,-0.440194,1
0.908032,-1.214192,1
0.042298,-0.521091,1
2.225629,-0.504397,1
0.650177,1.338398,1
1.103858,-0.707479,1
1.329980,0.076258,1
1.549904,0.650653,1
0.193232,0.946754,1
0.352984,1.429018,1
3.155305,0.637838,1
0.273478,0.301881,1
1.573707,-0.101236,1
1.054810,0.386385,1
2.087675,-0.083544,1
-0.576486,0.198623,1
0.993954,0.654406,1
1.641168,-0.997003,1
0.067523,-0.587542,1
1.521639,0.948171,1
1.147814,1.292851,1
0.934071,-0.665542,1
0.280285,0.292959,1
0.279832,-0.256308,1
1.959880,0.142656,1
1.064937,-0.135716,1
0.429514,0.619817,1
0.550357,0.227064,1
0.447441,-0.496406,1
0.716671,0.268945,1
1.525569,0.429740,1
1.385644,0.411192,1
0.449775,-0.031132,1
0.764302,-0.169485,1
1.861443,0.814424,1
1.964212,0.207899,1
0.520470,0.945408,1
1.755138,0.947445,1
1.390858,-0.422529,1
3.286495,-0.612621,1
-0.616935,-0.363185,1
-0.762120,-1.259932,1
1.495429,0.803803,1
1.968046,-0.445208,1
1.071465,0.471236,1
0.271495,-0.527071,1
1.066479,-0.313044,1
1.274040,0.271573,1
-0.748316,-0.403372,1
1.138193,-0.756327,1
0.875032,0.686177,1
0.495521,0.307731,1
2.325582,0.223283,1
0.578443,-0.738442,1
0.746515,0.876013,1
0.660752,0.148094,1
1.561458,0.094080,1
0.378989,-1.047609,1
0.201440,0.352454,1
-0.084762,-0.474876,1
-0.687082,-0.602119,1
2.753922,-0.843284,1
-0.020353,0.256831,1
1.435537,0.767800,1
1.013811,0.015356,1
-0.081470,-0.056690,1
0.723158,-1.287981,1
0.262550,0.567081,1
0.765968,1.213732,1
1.629396,0.671065,1
1.748907,-0.226485,1
1.488123,0.483062,1
0.983852,0.126939,1
0.548863,0.785946,1
1.745204,0.494105,1
1.491207,0.381592,1
0.621649,0.887000,1
0.589299,0.596464,1
1.306948,-0.976117,1
1.688026,0.165096,1
2.119720,-0.580048,1
0.274347,0.779801,1
1.446415,-0.494065,1
0.268887,-0.141066,1
1.054332,-0.544799,1
-0.145486,-0.474725,1
0.828628,-0.652008,1
0.158314,-0.766271,1
-0.306051,0.273043,1
0.069976,-0.954005,1
-0.031900,0.456911,1
1.449862,0.684789,1
1.748715,0.671173,1
1.776468,-0.498941,1
1.565334,1.883046,1
0.538366,-0.475159,1
-0.087113,0.486115,1
0.491463,1.183385,1
0.064502,-1.010499,1
1.410025,-0.579959,1
0.474114,1.365725,1
1.845903,0.508957,1
1.645282,0.578114,1
1.509672,-1.014729,1
1.419007,0.382800,1
0.053561,-1.481343,1
0.422730,0.861491,1
1.480534,-2.045390,1
0.298567,-0.473335,1
1.182906,0.243972,1
1.762810,-0.307546,1
0.950351,1.057227,1
1.601175,-0.080503,1
0.698044,0.309766,1
0.065861,0.047728,1
1.708382,-0.721717,1
0.243999,2.160752,1
1.693507,1.579918,1
1.057090,0.927930,1
0.219779,2.285796,1
1.491191,0.832906,1
1.467689,-0.495311,1
1.049591,0.450615,1
1.611199,-0.765837,1
0.706794,-0.837786,1
1.140035,-0.096708,1
1.679984,-0.172143,1
-0.597935,0.628999,1
1.691693,0.224944,1
-0.008716,-0.397659,1
0.033823,0.221280,1
1.272419,-2.132722,1
1.440103,-0.275266,1
0.245263,-1.480069,1
1.150405,-0.794933,1
1.040237,-0.790728,1
-0.606903,0.440290,1
1.074967,-0.401758,1
0.575736,-0.351270,1
1.174546,-0.381247,1
0.402801,0.785311,1
2.113693,-0.577481,1
0.686718,1.659086,1
1.413055,0.409944,1
1.127139,-0.062169,1
0.603704,-0.436235,1
1.283589,0.845149,1
2.261674,0.902942,1
2.375997,-0.807560,1
-0.563507,-0.345945,1
0.038348,0.719068,1
-0.389593,2.156856,1
0.295426,0.441684,1
1.056272,-1.061056,1
1.225729,-1.056820,1
0.987443,0.263912,1
1.294877,-0.438452,1
0.403002,0.057531,1
0.128538,0.040211,1
-0.038607,1.113575,1
1.280171,0.162116,1
0.678088,0.347493,1
1.267639,0.905794,1
0.394140,1.789560,1
1.786643,-0.124263,1
1.055122,1.410258,1
1.336283,-0.420019,1
1.622940,-0.218706,1
2.421053,-0.075420,1
1.918663,-0.398421,1
0.722610,0.140721,1
1.158325,-0.304324,1
0.596201,-2.111875,1
-0.070118,-1.082168,1
1.056882,0.234109,1
-0.124727,0.110933,1
2.783683,-0.540869,1
0.896450,0.200969,1
0.811928,-0.079131,1
1.712839,-0.578310,1
0.134695,0.512104,1
2.846267,-0.886935,1
0.815726,-0.081022,1
2.098400,-0.655748,1
1.787983,0.398794,1
0.464105,0.666732,1
0.290181,-0.223819,1
1.583199,0.066190,1
-1.099013,0.767365,1
-0.344203,0.480400,1
2.280963,-0.085728,1
0.638538,-0.183315,1
0.172610,-0.693575,1
0.548768,-0.847397,1
0.432064,0.247462,1
1.765115,-0.138262,1
0.812570,0.035657,1
0.254790,0.767967,1
0.177863,-1.049984,1
2.050094,0.305855,1
0.951075,0.466754,1
1.118250,0.859377,1
1.213008,-0.435058,1
1.385702,-0.390996,1
0.382602,1.036202,1
0.796786,0.149660,1
2.672501,0.124848,1
1.272700,0.320176,1
-0.010521,0.788172,1
1.274488,-0.449817,1
-0.349937,0.558685,1
-0.084723,-0.025613,1
1.263296,-1.364707,1
0.386808,-0.386296,1
0.949177,0.190166,1
1.106589,0.438390,1
1.704899,1.010028,1
0.860977,-0.623883,1
-0.145865,-0.150149,1
1.750692,0.663115,1
-0.279548,-1.187923,1
1.637957,0.292901,1
1.225191,1.031643,1
1.157664,-1.198274,1
0.788931,-0.267966,1
1.125871,0.019667,1
1.100906,-0.114028,1
0.438278,-0.658388,1
1.152599,-0.649318,1
1.138740,-0.384281,1
1.674393,1.323506,1
2.190589,-0.329745,1
2.188519,-0.204946,1
2.294106,-0.279775,1
1.463145,0.045522,1
-0.395969,0.480994,1
2.610754,-0.040958,1
1.878671,0.935284,1
1.104146,0.247022,1
1.044937,0.149251,1
0.208171,-0.115508,1
-0.741718,0.037553,1
0.854964,-0.229028,1
-0.206728,0.225732,1
0.529958,0.514736,1
0.233082,-2.099405,1
0.697962,-0.494714,1
1.213908,-0.446817,1
0.244836,-0.282304,1
0.279001,0.354476,1
1.615378,0.024324,1
1.651066,-0.038987,1
0.587372,-0.865559,1
0.115979,-0.904463,1
1.557098,-0.261191,1
0.080975,-0.026897,1
1.586860,0.191358,1
1.278494,0.815035,1
0.612001,-0.811745,1
2.638017,-0.010433,1
0.984840,0.237672,1
1.701838,-0.181535,1
0.397164,0.976711,1
0.161911,-0.802537,1
1.362091,0.680812,1
1.175383,-0.123822,1
0.223387,-0.946903,1
0.044668,0.090046,1
0.542860,0.833875,1
0.442535,-0.621007,1
0.281324,0.730482,1
2.137201,-0.436298,1
0.802863,0.478932,1
1.625597,0.444677,1
0.151768,0.134492,1
0.162881,0.516737,1
1.231448,-0.734994,1
1.618412,-0.560344,1
0.023439,0.732006,1
1.127470,0.362759,1
0.885333,-0.805149,1
1.415765,-0.983135,1
0.615618,-0.054553,1
-0.184349,-0.217660,1
0.479572,0.183410,1
0.813601,-0.359015,1
1.220183,-1.182514,1
0.566757,-0.430458,1
-0.183565,0.237758,1
1.687722,0.282630,1
1.342907,-0.838658,1
-0.064699,-0.213545,1
1.519732,-0.662535,1
0.162684,0.511859,1
0.809262,-0.812179,1
-0.728890,0.367226,1
1.944541,0.278276,1
0.012206,-1.544348,1
0.743019,0.690939,1
0.450801,-1.525312,1
1.159132,-1.005740,1
1.085888,0.732855,1
0.686277,1.222766,1
-0.394010,-1.526429,1
1.078450,0.637563,1
0.797592,0.141018,1
1.712531,0.989469,1
0.171672,-0.515416,1
0.882086,0.576379,1
0.682455,0.149426,1
1.102181,-0.227859,1
-0.634966,0.460879,1
0.383879,-1.372159,1
0.577228,-0.202380,1
1.959698,0.733553,1
0.264614,0.653347,1
0.146431,0.436285,1
-0.007573,0.168164,1
-0.598063,-0.177996,1
0.607608,-0.729869,1
0.403873,-0.807556,1
1.224104,-0.283885,1
-0.395002,-0.179425,1
1.260876,-1.152064,1
1.726741,2.306108,1
1.499594,-0.740028,1
1.417447,-0.557077,1
2.003946,-0.428308,1
0.738711,0.872053,1
0.825684,0.180273,1
0.995520,0.523644,1
1.398480,1.048791,1
1.515077,-0.929035,1
1.871868,0.095123,1
2.387085,0.574486,1
0.222219,0.991136,1
1.771892,-0.066673,1
0.196434,-0.684648,1
1.813289,-0.247322,1
0.354664,0.761588,1
1.644088,0.337998,1
1.193569,0.032399,1
1.274794,0.931840,1
1.606024,-0.234359,1
1.452104,1.486431,1
1.072936,0.859290,1
-0.451611,-0.301158,1
1.207788,0.134609,1
0.162408,-1.046414,1
0.709099,-0.127800,1
0.339038,-0.177282,1
-0.170399,0.255781,1
-0.178807,-0.515905,1
0.877216,-1.429361,1
1.439723,1.417328,1
1.472799,0.110158,1
0.154919,-0.244008,1
0.232839,0.715887,1
0.123010,0.365064,1
0.557669,1.230368,1
2.591890,0.740007,1
0.716764,0.411699,1
1.890029,0.238118,1
-0.368390,0.064691,1
0.817529,-0.177824,1
-0.269088,-0.504215,1
1.079539,0.260712,1
1.060323,0.743058,1
1.067338,-0.968457,1
0.406127,-1.013192,1
0.120966,0.941537,1
0.847845,0.366414,1
1.400376,-0.204550,1
1.265808,-0.573024,1
0.863781,0.806226,1
1.492664,0.176872,1
0.769072,0.772833,1
3.288700,-0.692771,1
1.176795,1.027400,1
1.001581,0.266755,1
0.549611,-0.801214,1
0.765374,0.346443,1
1.292075,-0.657907,1
1.366022,0.005305,1
0.842721,0.414909,1
0.682893,-0.953658,1
-0.641116,0.088611,1
0.870370,0.923271,1
1.775106,0.427615,1
0.797675,0.596940,1
1.417130,0.290334,1
1.218749,0.205047,1
0.089980,-0.256808,1
0.677717,-0.542978,1
-0.586995,-1.196510,1
1.126949,1.674652,1
0.722845,0.861963,1
2.455046,0.079822,1
2.498617,-0.560484,1
0.873954,-0.033028,1
1.210081,-0.148864,1
0.128772,1.669558,1
-0.195134,-0.321833,1
1.870079,0.380783,1
1.162754,0.391229,1
-0.838957,0.138046,1
1.898592,-0.292362,1
0.890898,-0.201487,1
1.099354,-0.633750,1
0.821345,-0.007887,1
1.803044,0.802776,1
-0.619385,0.822847,1
0.879874,0.292227,1
0.740585,-1.139976,1
1.074921,0.873587,1
0.403896,-0.985095,1
1.199580,0.821229,1
0.888873,1.055177,1
1.229937,-0.083150,1
1.591881,-0.205100,1
1.949332,-0.286908,1
0.746705,0.118486,1
3.096712,-0.452852,1
1.642357,-0.378865,1
1.252725,0.385862,1
0.295563,-0.843094,1
1.938775,0.587590,1
0.674118,-1.805243,1
0.809052,1.108816,1
0.827524,1.090522,1
1.425562,0.555045,1
0.207775,0.328494,1
1.919155,-0.435176,1
0.940718,0.203888,1
2.620975,0.260110,1
1.351708,-0.312883,1
0.116756,-0.591586,1
-1.363342,-0.056852,1
0.950554,0.012263,1
-0.311433,-0.572439,1
0.672118,-0.648628,1
1.692528,0.777577,1
0.229637,0.615911,1
1.066703,0.405071,1
1.373796,0.287900,1
2.125351,0.155107,1
1.345734,-0.276120,1
0.582356,0.504144,1
1.186396,0.213948,1
1.007124,0.386716,1
-0.477571,0.210327,1
-0.625613,0.352867,1
0.184728,-2.412004,1
0.523753,0.320411,1
2.092976,0.055281,1
0.577775,-0.630821,1
0.168192,0.585055,1
2.216377,-1.044988,1
0.702730,-0.300571,1
-0.533870,-0.719858,1
1.222694,0.796919,1
1.873323,0.410565,1
0.510593,0.773991,1
-0.469245,-0.515459,1
1.150892,1.117910,1
0.172086,0.973016,1
1.482377,0.734459,1
1.010892,-0.947659,1
1.007865,-0.677769,1
-0.332176,-0.239857,1
-0.234484,-0.537827,1
0.210405,0.210989,1
2.506002,-0.946540,1
0.438509,0.701184,1
0.919553,0.634060,1
0.326883,-1.526675,1
0.701815,0.666497,1
1.515251,-1.461086,1
1.239455,0.770800,1
0.942543,0.483349,1
0.659040,-0.740736,1
1.287427,0.844661,1
0.527336,0.305186,1
0.887632,-0.719037,1
0.713626,0.174501,1
0.465526,-0.515045,1
1.120250,0.393097,1
1.984003,-1.627293,1
0.893228,-0.765006,1
0.708954,-0.718161,1
1.513396,-0.077572,1
0.932695,0.287896,1
0.137829,-2.338135,1
1.853146,0.071001,1
0.946599,-1.029124,1
0.147251,-1.517464,1
1.451101,-0.109326,1
2.058937,0.542668,1
0.607430,0.265668,1
0.272935,-1.014441,1
-0.344092,0.173949,1
1.768250,0.704353,1
0.886009,-0.729591,1
0.887370,1.098984,1
1.240617,0.485656,1
0.472915,-0.670373,1
0.440121,1.565080,1
0.723740,-0.412636,1
0.802573,0.330907,1
0.941179,1.905702,1
1.241274,-0.158431,1
2.157262,0.781152,1
-0.217431,-0.235918,1
0.729560,-0.677858,1
-0.110546,-0.183291,1
1.823199,0.936732,1
1.501248,-0.175513,1
1.733341,0.894184,1
0.700572,1.395787,1
0.182198,0.275754,1
1.306855,-1.074584,1
1.177592,1.333224,1
0.337910,-0.597310,1
1.817539,-0.582027,1
1.503392,0.995861,1
-0.359707,0.627149,1
-0.030742,0.607867,1
0.342885,0.178528,1
0.294251,-0.563755,1
0.824950,2.120366,1
1.847809,0.295503,1
0.074464,0.892253,1
0.477116,-0.215545,1
1.513969,0.610706,1
2.040892,-0.022610,1
2.029942,-0.327606,1
0.744905,1.333796,1
1.121837,-0.436117,1
0.853013,0.475223,1
0.083182,1.861169,1
1.443950,-0.069362,1
0.463381,-0.578458,1
1.809000,0.602689,1
0.935912,-0.966697,1
1.287913,0.289586,1
0.317536,0.465319,1
0.606265,0.660239,1
0.711063,-0.892195,1
0.443695,-0.606065,1
1.868036,0.790365,1
1.509953,-0.378676,1
0.761416,0.161495,1
0.736369,0.820101,1
2.593621,1.032644,1
0.675218,0.534250,1
0.806515,0.507364,1
0.691732,-0.271018,1
0.749235,-0.264854,1
1.455956,0.888275,1
0.744350,0.477565,1
2.526328,0.162007,1
0.577558,0.718094,1
0.845975,1.183793,1
1.845577,1.059010,1
1.289885,-0.184931,1
1.368459,0.525944,1
0.333303,-0.452427,1
0.485162,-0.057295,1
0.483334,0.463688,1
0.665328,-0.547440,1
1.740721,-0.632338,1
1.694518,0.608417,1
2.230716,-1.981402,1
1.147801,0.164846,1
0.095320,0.444604,1
0.796933,-0.203395,1
1.683384,-0.852939,1
0.931291,-1.319475,1
-0.257741,-1.534998,1
0.116185,-0.517976,1
0.276844,0.161405,1
0.935375,-0.976423,1
0.694471,0.420186,1
0.683099,-0.851894,1
0.028829,-0.018656,1
0.033217,0.495136,1
0.738773,-0.280379,1
2.050804,-0.870862,1
0.456886,1.204358,1
0.219065,0.336783,1
1.117200,1.799050,1
0.964716,-0.141670,1
0.737661,1.327968,1
0.129782,1.151882,1
1.469687,1.642810,1
-0.322789,0.559512,1
1.864080,-1.669583,1
2.364976,-0.823648,1
0.219430,0.649604,1
0.302238,1.243807,1
1.181030,0.276837,1
0.901364,-0.671477,1
1.096238,0.341926,1
0.571659,0.332787,1
1.369980,0.296505,1
2.426816,-0.596206,1
1.040662,0.121136,1
1.137291,0.362106,1
0.312851,0.339547,1
1.354730,1.054659,1
1.962786,0.265031,1
0.780478,-0.424082,1
0.914975,0.571986,1
1.336310,0.810316,1
1.570739,-0.781206,1
1.305130,-0.063283,1
0.962204,-1.519800,1
1.202444,-0.572791,1
0.678324,-1.243055,1
1.748487,1.325323,1
0.057741,-0.077059,1
0.303545,-0.305249,1
1.207870,-0.322330,1
0.330164,0.217191,1
1.668272,0.281224,1
1.425266,0.018735,1
1.316479,0.785667,1
1.449111,-0.333821,1
1.657229,0.028653,1
1.459247,1.278888,1
0.797823,-0.277442,1
0.183913,-0.522334,1
1.159477,0.616708,1
1.939136,-0.022110,1
0.422692,0.836211,1
1.119716,0.936231,1
0.804124,0.397254,1
0.129014,-0.537423,1
-0.097989,-0.751379,1
2.289238,1.159349,1
2.436254,-0.395827,1
-0.045297,1.168752,1
-0.709069,1.127524,1
0.890965,0.314250,1
0.099685,-1.396436,1
1.010756,-0.004692,1
0.905545,-0.600084,1
0.620919,0.923010,1
1.558073,0.242570,1
1.962538,-0.055256,1
2.317915,0.065481,1
-0.134726,-0.005466,1
1.325152,-0.744234,1
1.087852,-0.201890,1
-0.625968,0.109949,1
0.687267,0.082780,1
1.788268,-0.212267,1
-0.035846,-0.151428,1
1.486568,-0.831594,1
0.679205,-0.586426,1
1.018581,0.916054,1
1.928874,-0.397470,1
0.956714,0.776987,1
0.586809,-1.117367,1
2.092525,0.654480,1
-0.092856,-0.862158,1
0.247987,-0.360930,1
0.174821,-0.417574,1
0.975147,-0.074586,1
1.047243,0.527656,1
0.141279,-1.467654,1
1.721513,-0.821256,1
1.677256,-1.083789,1
1.553003,1.458010,1
1.606880,0.203981,1
1.142194,-0.828087,1
0.725843,0.742526,1
0.591068,-0.372274,1
1.424291,-1.357948,1
0.201190,0.495789,1
0.761155,-0.976179,1
1.131371,0.257271,1
0.588621,0.580517,1
1.578843,0.761690,1
0.511997,-1.001192,1
0.955750,-1.454324,1
0.481647,-0.425596,1
0.770871,1.314141,1
2.278918,1.039107,1
-0.137899,0.285589,1
2.165982,-0.570252,1
1.233281,0.799641,1
0.995595,0.224709,1
-0.168214,0.490778,1
0.610377,-1.404670,1
0.370761,0.437553,1
1.341174,0.209463,1
0.933287,-0.460862,1
0.288527,-0.977501,1
1.857656,-0.632042,1
2.758381,-0.173549,1
0.579404,1.150162,1
1.099386,0.758801,1
0.206210,-0.897567,1
1.374830,0.367459,1
-0.690292,-2.466790,1
-0.031875,0.406964,1
0.322045,-0.562249,1
-0.691536,0.345678,1
1.310005,0.541448,1
0.906664,-0.496202,1
1.700952,-0.954719,1
0.909567,1.258565,1
0.719473,0.746704,1
0.232902,-0.453509,1
-0.072592,0.669276,1
1.101515,-0.551045,1
0.216950,-0.750012,1
1.301984,0.983259,1
0.973674,0.007297,1
0.477852,-0.357983,1
-0.238452,-0.091681,1
0.864407,-0.246265,1
0.375019,0.194180,1
0.117860,0.553296,1
1.638580,0.232603,1
1.348375,-1.003496,1
0.533633,-1.406886,1
1.163782,0.690579,1
1.583996,-0.361832,1
1.642587,1.747971,1
1.607575,1.354843,1
1.295674,0.628823,1
-0.432575,0.376812,1
0.815724,1.505962,1
1.208764,-0.756234,1
-0.871058,1.553237,1
1.434680,0.660660,1
0.490447,-0.433483,1
1.465417,-1.143827,1
-0.199573,-0.043250,1
1.545090,0.080065,1
0.841971,1.029721,1
1.647389,1.380366,1
1.138021,0.013573,1
1.287835,0.018454,1
1.102860,-0.010864,1
2.488652,-0.832774,1
0.504863,1.181748,1
0.557511,-0.018084,1
1.372513,0.583987,1
0.793239,-0.979078,1
0.949677,0.436556,1
-0.167224,0.232053,1
0.797020,1.213845,1
0.915306,-0.232325,1
1.350736,0.471815,1
1.593431,0.137475,1
1.210645,-0.444696,1
-0.054911,0.948971,1
0.091301,0.451584,1
1.172570,0.798271,1
0.641980,0.499021,1
1.104490,-0.100152,1
0.460618,-0.695432,1
0.736239,-1.346671,1
1.173381,-0.208812,1
0.674132,-0.686880,1
0.994217,-0.197142,1
1.047651,-0.063382,1
1.040928,-0.397580,1
2.122268,0.575537,1
1.527641,1.074610,1
1.395379,1.387146,1
0.193988,-0.726328,1
1.052331,-0.063922,1
0.461847,-1.325394,1
1.822484,-0.386813,1
0.964629,-0.645212,1
2.027036,-0.052674,1
0.268537,-0.606401,1
0.049458,-0.675620,1
0.765964,0.700998,1
0.211005,-0.272350,1
1.233690,-0.520318,1
0.188529,-0.006602,1
0.365893,-0.917764,1
0.408300,-0.076495,1
1.417730,0.847535,1
1.561454,1.566800,1
1.994743,-0.618107,1
0.134469,-0.382580,1
1.158042,-0.359168,1
0.933585,0.698560,1
0.513329,-0.905960,1
2.494519,0.822064,1
1.889544,1.924298,1
-0.794767,0.548947,1
0.967858,0.165133,1
1.234473,0.936292,1
0.254939,0.510812,1
1.114145,0.046587,1
2.031128,0.191962,1
1.095508,0.505585,1
1.371223,0.567129,1
-1.685281,0.465501,1
0.324614,-1.022706,1
0.992971,-0.471510,1
1.085614,-0.211099,1
0.963121,-0.025990,1
-0.095417,0.181954,1
1.203985,-0.583466,1
1.618636,-0.631512,1
1.763325,0.831851,1
1.542933,-0.094672,1
1.029931,-1.527606,1
0.003416,0.501312,1
1.740493,-0.019116,1
0.942257,1.596930,1
0.731895,-1.062043,1
0.884353,0.720981,1
0.142266,0.299870,1
1.528632,-1.209052,1
1.318755,1.087754,1
0.670638,0.033475,1
0.170425,1.277207,1
2.706442,1.816894,1
0.332928,0.823672,1
0.148579,-1.094365,1
0.703396,1.196304,1
0.837565,0.780304,1
-0.367343,-0.488929,1
0.515838,0.716109,1
-0.270755,0.875433,1
1.636110,-0.247531,1
1.626722,0.892472,1
1.155719,-0.389619,1
0.440825,-0.358199,1
0.565047,-0.873288,1
-0.040628,0.723244,1
0.388600,-0.049219,1
0.948634,-0.684692,1
0.460212,0.677210,1
-0.544448,1.135991,1
0.590200,0.037481,1
1.094363,0.815513,1
1.249057,0.360244,1
1.855494,0.141974,1
0.078663,0.361557,1
0.953301,0.133691,1
1.494935,-0.594212,1
0.735535,0.909784,1
1.502348,-0.479361,1
1.732902,0.294980,1
0.847590,1.491805,1
-0.997412,0.963006,1
0.442231,1.244579,1
0.809169,-0.471668,1
0.772672,-0.520227,1
-0.083458,-1.131353,1
-0.111544,1.054172,1
0.595033,1.104685,1
0.288562,-0.786803,1
0.221432,1.225860,1
0.025782,-0.603326,1
0.032490,1.832363,1
0.883158,-0.298745,1
1.206633,0.066071,1
2.121669,0.018448,1
1.496143,1.000006,1
-0.354425,-1.110029,1
1.648081,0.456645,1
0.756358,-0.784550,1
-0.236277,-1.489891,1
1.369742,0.610526,1
1.114930,-0.568655,1
1.081583,1.177775,1
0.775900,0.190052,1
0.537951,-0.396418,1
0.922602,-0.517643,1
0.819472,-0.143051,1
1.154333,-0.451478,1
1.032016,0.380149,1
1.368899,1.009476,1
0.196276,-0.360704,1
2.330662,1.272684,1
0.858778,-0.324331,1
0.072230,-0.471850,1
1.993963,-0.461786,1
0.558358,-0.382392,1
1.693746,-0.444297,1
1.408221,-0.410071,1
1.355491,1.156820,1
1.009945,0.895638,1
0.153066,-0.640816,1
1.415413,-0.291508,1
1.097969,-0.122791,1
-0.405115,0.981796,1
0.122453,-1.162331,1
0.187219,1.385722,1
2.726325,-0.068057,1
1.409396,-1.026454,1
2.196454,-0.486768,1
1.220050,0.527347,1
1.381548,0.347072,1
1.974950,-0.354594,1
-0.714059,-0.690368,1
0.420086,0.044155,1
1.553460,0.829695,1
0.125763,0.327297,1
1.263187,-0.179665,1
1.044821,-0.496136,1
0.754748,0.985667,1
1.926610,0.374206,1
1.462565,0.692639,1
0.935762,-0.558380,1
1.266675,-0.218456,1
-0.404661,0.679527,1
0.884755,-2.105194,1
1.627333,-0.571750,1
2.662758,1.193432,1
1.118367,-0.269598,1
0.479921,0.339728,1
1.126548,-0.808219,1
0.241252,0.683251,1
-0.212666,-0.653243,1
1.869918,0.397292,1
1.520442,-0.446897,1
0.910372,2.045638,1
0.852100,0.828188,1
0.602618,0.101365,1
1.545475,0.102514,1
0.245037,-1.475441,1
0.300995,-0.461074,1
0.773601,-0.226318,1
1.789800,-0.920761,1
0.460275,-0.398720,1
0.600603,0.769239,1
-0.234160,-0.167510,1
1.670996,0.069758,1
2.398745,-1.171649,1
1.181589,0.800774,1
2.023114,-0.504562,1
0.876718,0.674030,1
0.543976,1.676949,1
0.825632,-0.256051,1
1.031495,1.805294,1
0.526223,-0.837461,1
0.712705,-0.326344,1
0.105628,0.897254,1
1.515511,1.010176,1
0.862133,0.103695,1
1.157330,0.349140,1
1.066018,0.505117,1
0.892543,0.695786,1
1.473146,-0.263632,1
0.891956,-0.918807,1
0.376307,-0.244849,1
1.142470,-0.027029,1
0.601450,-0.470295,1
1.042404,-0.510447,1
1.200863,-0.663921,1
0.601073,0.692740,1
0.058667,0.880139,1
2.818404,-0.934649,1
0.968831,2.168727,1
0.639732,-0.454414,1
1.356583,-0.111559,1
0.174758,-0.441509,1
0.061678,-0.032613,1
2.279707,-0.326361,1
1.143473,-0.189168,1
0.393048,0.692482,1
1.653008,-1.053876,1
0.606759,-0.148301,1
-0.313492,0.400660,1
1.281642,1.117011,1
0.943009,0.020633,1
0.893391,1.054734,1
1.103018,-0.045328,1
1.944276,0.552570,1
1.741891,-0.501387,1
1.741738,1.661594,1
0.389684,-0.137698,1
1.591117,0.170150,1
0.343377,0.429862,1
0.740320,-1.168981,1
0.801034,1.848060,1
-0.086828,0.747587,1
0.373571,-1.187338,1
0.482235,0.448909,1
0.336804,1.240832,1
0.028594,0.565526,1
1.315814,0.242928,1
1.191014,-0.220503,1
0.184548,0.030293,1
0.436098,0.438380,1
2.425220,-0.120358,1
1.076636,-1.643833,1
2.298248,-0.504485,1
0.513682,-1.245894,1
1.452568,0.164011,1
-0.656131,-1.282145,1
-0.305772,0.488285,1
0.951211,0.362346,1
0.273537,0.661119,1
0.788648,-0.125989,1
1.300221,-0.264607,1
0.535190,0.545312,1
2.268872,0.175676,1
2.148405,-0.548859,1
1.951195,1.495294,1
1.639303,-0.737857,1
0.994549,-0.298676,1
1.456485,-0.662643,1
2.381474,0.505579,1
0.910170,-0.507900,1
1.769453,-0.332917,1
0.980656,0.507222,1
1.621019,0.370534,1
0.281307,0.622498,1
-0.392474,-0.310483,1
0.932890,0.853533,1
0.856133,0.819728,1
0.995609,1.839493,1
0.769277,-0.092656,1
-0.453936,-0.013082,1
1.664316,0.005794,1
0.478726,0.235898,1
1.089279,1.637796,1
1.960098,0.592660,1
2.262834,0.960459,1
0.207849,0.906233,1
0.583727,-1.156647,1
0.986137,0.105359,1
1.422955,-0.453217,1
2.247118,-0.431946,1
0.671868,-0.587841,1
0.848281,-0.444143,1
1.671633,-0.552659,1
0.044845,0.648732,1
1.416816,0.029568,1
0.689078,-0.754111,1
1.728317,-0.140918,1
0.333757,-0.308506,1
0.828037,-0.437867,1
1.723177,1.032665,1
1.310499,-0.827008,1
1.031593,-0.855976,1
0.911721,1.128985,1
1.275706,1.103702,1
1.723496,-0.508259,1
1.868431,0.406440,1
0.574580,-0.616093,1
0.699307,0.054283,1
0.684272,-0.478595,1
0.759657,-0.649190,1
1.098223,-0.428920,1
1.488307,-0.435249,1
1.449360,0.536957,1
1.918465,2.348935,1
1.923162,0.209678,1
0.406540,-0.819699,1
1.071648,0.313968,1
1.113143,-1.017310,1
0.985789,-0.138886,1
-0.099634,-0.258163,1
-0.341561,-0.215612,1
-0.181831,0.198566,1
1.750215,-0.716407,1
0.446444,-0.527349,1
0.826331,-1.218104,1
0.835150,-0.269094,1
2.254311,0.025891,1
0.572815,-0.031073,1
0.910678,0.376488,1
1.670238,-1.280464,1
0.853739,0.275997,1
1.595374,-0.481995,1
1.585705,-0.166202,1
1.355308,0.186770,1
1.088961,-0.027708,1
1.835858,0.303925,1
-0.084273,0.445264,1
0.720675,0.430726,1
1.200047,0.524524,1
0.373293,1.256652,1
2.426660,-0.804839,1
0.304886,0.518943,1
1.090013,-0.205995,1
2.243729,-1.848910,1
2.696688,-0.957302,1
2.059734,2.070434,1
0.071393,0.238347,1
0.951689,-0.096309,1
1.187080,-0.177873,1
0.704142,-0.314559,1
0.755855,-0.153425,1
1.337566,-0.721945,1
1.113999,-0.740737,1
0.127005,1.090740,1
0.371386,-0.112659,1
1.238573,0.000778,1
0.207848,-0.637825,1
-0.360867,-0.707113,1
0.782757,0.565139,1
1.472688,0.505082,1
1.266018,0.322393,1
-0.259749,0.328720,1
1.324367,-1.921617,1
0.751273,0.858491,1
1.526654,-0.266777,1
0.724848,-0.795165,1
0.822506,-0.709541,1
0.880176,-1.302328,1
-0.559007,0.110427,1
0.435763,0.274613,1
0.270438,-0.285220,1
0.791381,0.044835,1
1.153777,0.354282,1
1.781591,0.277454,1
0.493389,-0.162216,1
0.677773,1.426848,1
1.280502,-0.159463,1
1.059530,-0.361083,1
0.833764,1.552435,1
0.450870,-0.712524,1
1.504518,0.931966,1
1.121524,0.125118,1
0.490543,0.428117,1
1.198510,-1.433986,1
1.093660,-0.439948,1
0.143904,0.958726,1
0.486270,-0.650680,1
0.788343,-0.281506,1
-0.006180,0.088575,1
1.281188,-1.770137,1
-0.186273,-0.416589,1
2.414531,-0.499512,1
1.905118,0.580719,1
1.281016,-0.333910,1
1.671461,0.477694,1
0.965857,-0.396419,1
1.669863,-0.726926,1
1.538660,-0.677647,1
1.194066,-1.533327,1
0.616458,-0.684529,1
0.142571,-0.031569,1
1.369581,-1.017787,1
1.941311,0.453519,1
0.431857,0.466310,1
0.406809,0.370884,1
1.303287,-0.476788,1
1.103994,-1.664086,1
1.018426,-1.795517,1
1.250780,-0.933001,1
0.514813,0.175086,1
2.656456,0.578649,1
1.235437,0.485872,1
1.488974,-0.311084,1
1.195376,0.227310,1
2.150555,0.159271,1
1.908140,1.478070,1
1.025520,-0.528404,1
0.998445,-0.678602,1
1.504650,0.784825,1
0.207050,0.489760,1
-1.052999,-0.182979,1
1.193869,0.115623,1
0.237529,-0.873083,1
2.331474,-0.732880,1
2.517535,0.530402,1
0.466843,0.106749,1
0.957579,0.127714,1
2.223476,0.906928,1
0.762671,1.254311,1
0.299475,-0.362407,1
1.677370,0.261486,1
2.284271,-0.173072,1
-0.436341,0.284448,1
0.744570,0.211981,1
1.045371,-1.009845,1
1.183617,0.410476,1
1.656665,0.284384,1
0.778015,0.359275,1
-0.063779,0.362082,1
0.706279,-1.029093,1
1.038734,0.458683,1
-0.224843,-0.782675,1
1.052832,-0.459285,1
0.937735,0.774001,1
0.539960,-0.109787,1
-0.703703,0.097011,1
0.844892,-1.126233,1
2.442516,-0.184254,1
0.385211,1.784029,1
1.823920,0.385855,1
-0.576280,-0.623369,1
1.831320,-0.072748,1
0.115092,-0.887583,1
1.215721,0.221898,1
1.042423,-0.358620,1
0.278817,-0.861735,1
-0.677201,0.394764,1
0.876033,-0.726845,1
0.785369,0.232538,1
1.190652,0.280112,1
1.207214,-0.218445,1
0.181342,-1.130231,1
0.379596,-0.251987,1
0.376754,0.065414,1
1.780647,-0.232494,1
0.976796,0.584174,1
0.529119,0.171380,1
0.675467,-0.982799,1
-0.292696,0.877436,1
1.222091,1.523740,1
3.098160,-0.917353,1
2.094415,0.352176,1
1.990962,0.077681,1
0.701907,0.381602,1
0.947030,-0.248545,1
1.287885,0.881486,1
-0.014868,0.822932,1
0.517233,0.227848,1
0.577340,1.416492,1
0.403005,1.373959,1
0.076495,0.061886,1
1.361913,-1.337018,1
1.004499,-0.965022,1
0.919605,-0.789280,1
2.281841,-0.108947,1
1.593978,0.148250,1
1.334974,-1.437111,1
1.739487,-0.234949,1
2.580781,1.696617,1
0.179316,-0.718515,1
-0.141147,-0.138032,1
1.440669,0.538915,1
1.481293,0.836644,1
0.459974,-0.319328,1
0.179166,1.393270,1
0.922489,-0.143381,1
0.619508,-1.415013,1
1.337578,0.832594,1
1.100053,1.028202,1
0.952291,-1.155336,1
0.962361,-1.987650,1
1.838959,1.421515,1
0.318273,-0.180180,1
2.961573,-0.284127,1
-0.119414,0.043420,1
2.906780,0.758424,1
0.525740,-0.063674,1
0.293134,-1.032241,1
2.482509,-0.202453,1
1.070524,-0.268172,1
1.173953,-1.183124,1
2.710959,0.907964,1
0.685792,0.237009,1
1.086948,-1.175901,1
1.618080,-0.407816,1
-0.231413,-0.145056,1
0.276932,-0.236570,1
1.997176,0.793926,1
1.171736,-0.913470,1
1.548501,1.963730,1
1.801240,-0.809130,1
0.312273,-0.478004,1
0.690920,-0.180881,1
1.611789,0.231437,1
1.475632,-1.294660,1
0.841730,0.912322,1
1.381472,-0.037208,1
0.988289,0.228961,1
1.884246,-0.540849,1
2.239443,0.705282,1
-0.185612,-0.262876,1
0.024726,-0.118999,1
0.543660,-0.130648,1
1.419461,-2.378778,1
0.200354,-1.132669,1
0.080579,1.122023,1
2.970265,-0.905516,1
0.988595,0.465787,1
1.252146,0.857094,1
1.657191,-0.391839,1
0.928784,0.743932,1
1.309199,-0.686344,1
1.357793,0.285488,1
0.176704,0.103054,1
1.182078,0.460697,1
0.689172,0.763682,1
0.981002,-0.550513,1
2.174020,-0.787688,1
1.204925,-0.211470,1
1.517905,0.137988,1
-0.350991,-0.597966,1
1.479065,-0.841179,1
0.655308,1.056023,1
3.426043,-0.963508,1
1.325639,-0.422271,1
1.099817,0.505655,1
0.163676,-1.059979,1
3.129369,0.032877,1
1.014451,-0.084709,1
1.394700,-0.052154,1
0.720799,0.261423,1
0.135567,1.565597,1
1.056053,-0.095716,1
1.063253,-0.622919,1
2.242282,1.083996,1
2.288886,0.913806,1
0.646793,-0.352332,1
0.889798,0.169613,1
1.060104,0.233804,1
0.171248,1.257027,1
-0.390472,0.084951,1
1.515197,-1.053104,1
1.423903,-0.648291,1
1.630554,0.418842,1
0.635784,0.286804,1
2.277090,1.151256,1
1.822949,0.457779,1
0.881318,-0.058149,1
0.543268,-0.800687,1
0.625945,0.220634,1
1.264234,0.277287,1
-0.445443,0.474587,1
1.822196,-0.395712,1
2.587186,0.386464,1
1.961950,-0.369104,1
1.051811,1.203968,1
2.152553,-0.473297,1
1.412514,1.078975,1
-0.349665,-0.053290,1
1.137695,-0.341111,1
1.701942,-0.728826,1
0.168015,-1.276144,1
0.372747,-0.133268,1
1.337683,-0.431553,1
0.991308,0.709535,1
-0.334292,-0.494817,1
0.864222,0.045297,1
0.747076,-0.331059,1
0.971327,-1.663168,1
3.124903,-0.605488,1
0.481829,-0.115516,1
1.266881,-0.264696,1
0.887415,0.841694,1
0.996872,0.027901,1
0.829413,1.338755,1
2.257117,0.477053,1
2.073589,-0.717167,1
1.594611,-1.401806,1
0.405836,-0.981742,1
1.065172,-0.826803,1
1.166170,0.798626,1
0.689462,-0.495673,1
1.720541,1.193443,1
2.404346,0.583545,1
2.221047,-0.819785,1
0.765743,-0.407950,1
0.486646,0.333725,1
1.346129,1.316137,1
0.014508,0.387933,1
0.192044,0.513003,1
2.020052,1.040810,1
0.211955,0.248484,1
0.517130,-0.365455,1
-0.458268,0.096969,1
1.513077,0.361526,1
0.309454,-0.222592,1
2.254347,-0.744334,1
0.333172,0.402502,1
0.822695,-1.534075,1
1.566506,-0.199042,1
1.953577,0.443399,1
1.304353,0.315459,1
1.553885,-0.839639,1
0.210479,-0.339611,1
1.561531,-1.260791,1
1.777148,-0.636119,1
0.264765,-0.069398,1
1.984439,0.914266,1
0.979809,0.505423,1
1.189698,0.962147,1
0.192519,-0.145119,1
1.235630,0.715005,1
0.993444,0.631721,1
1.072604,-1.446567,1
2.164450,-0.603034,1
0.883865,0.539681,1
2.143702,-1.413199,1
1.008017,-0.653967,1
2.101602,-0.453047,1
2.421440,-0.227945,1
0.186051,-0.512510,1
-0.227255,0.279070,1
1.215386,0.562541,1
0.778944,-0.182624,1
0.711196,0.558553,1
0.050412,0.390489,1
1.158603,0.693433,1
1.918357,-0.650657,1
0.843163,1.587137,1
1.567031,0.644498,1
0.524989,1.635177,1
0.654906,-0.215967,1
-0.949347,-0.738823,1
0.655486,-0.276895,1
2.042710,-0.656886,1
0.366298,0.097963,1
-0.401701,0.067691,1
-0.182372,0.290706,1
0.689470,-0.362800,1
1.143197,-0.630176,1
1.294668,-0.340318,1
1.078869,-1.006384,1
1.338494,1.227290,1
2.355588,1.926256,1
0.420768,-0.219429,1
-0.307255,-0.688841,1
1.051653,-0.415572,1
1.160672,1.433763,1
0.970387,0.010357,1
2.424395,0.170044,1
0.027938,-0.881193,1
-0.036922,0.502673,1
2.564703,0.304440,1
0.865698,-0.067626,1
-0.619897,0.093626,1
-0.142282,-0.396986,1
1.989888,0.043917,1
2.136066,0.432597,1
1.616048,1.015142,1
0.239028,1.123496,1
0.140232,-1.034902,1
0.423787,-0.467113,1
0.080084,-0.428562,1
-1.031436,-0.957084,0
-1.323002,-0.754555,0
-1.039123,-0.275132,0
-1.675667,-0.075743,0
-0.740097,0.829921,0
-2.192466,-1.474023,0
-0.161536,-0.313840,0
-2.302912,-0.425404,0
-0.251636,0.630467,0
-1.399181,-0.325237,0
-0.797916,-1.183186,0
-0.356814,-0.548404,0
-0.700657,-0.594044,0
-0.858409,-0.389039,0
-2.739557,1.011449,0
-0.599109,-1.088396,0
-1.050926,-0.435682,0
-0.694345,0.088224,0
-0.508499,-0.747236,0
-1.086693,0.326380,0
-0.790879,0.852023,0
-0.793078,0.453617,0
-2.278853,0.067623,0
-0.337389,0.586458,0
-0.963582,1.713153,0
-2.010962,1.150028,0
-1.965166,-0.110274,0
-0.280079,-0.064287,0
-0.496859,-0.178170,0
-0.428209,-0.461586,0
-1.519392,1.419555,0
-1.819861,0.029360,0
-2.625744,-0.670799,0
-2.194726,-0.077936,0
-1.245773,0.735788,0
-2.174448,-0.509850,0
-3.061009,-0.198550,0
-0.981686,-0.951116,0
-1.844285,1.423555,0
-0.848379,0.157716,0
-0.053998,-0.399970,0
-1.551472,0.286930,0
-0.557037,-0.076386,0
-1.242922,-0.098388,0
-1.402903,0.940482,0
-0.155438,1.141696,0
-0.746366,0.838951,0
-0.575585,1.310385,0
-1.460174,1.144052,0
-0.804515,-0.255160,0
-1.882348,-0.632388,0
-1.806047,1.724521,0
-1.979008,0.540110,0
-2.193118,-0.251973,0
-1.061385,-0.539830,0
-1.972622,0.777060,0
-1.373859,0.379551,0
-0.610275,0.148282,0
-0.409054,-0.527513,0
-0.733623,-1.043844,0
-0.808000,-0.276481,0
-0.472733,0.049807,0
-1.709714,-0.038301,0
-0.776534,-0.278710,0
-0.488706,0.843130,0
-0.617514,0.889425,0
-1.424274,-1.468463,0
-1.464151,-0.525744,0
0.354668,0.122770,0
0.028874,0.423095,0
-2.003880,0.891277,0
-1.919170,0.285312,0
-0.347807,0.254467,0
-0.197424,0.298846,0
-0.522530,0.212222,0
-2.038677,0.195994,0
-1.247384,0.371526,0
-1.697933,-0.331433,0
-0.461291,-0.657066,0
-1.433419,-0.171374,0
0.576388,-0.044020,0
-1.174049,-0.063784,0
-1.172902,-0.574297,0
-0.342529,-0.274491,0
-1.778285,-0.510871,0
-0.537037,-0.005606,0
-0.570658,-0.445498,0
-0.793980,-0.053742,0
-0.560322,-0.698475,0
-0.548005,-0.021909,0
-0.615373,-0.511747,0
-1.943257,0.038506,0
-1.494842,-0.509802,0
-1.858001,0.897065,0
-0.908671,0.852165,0
-0.893173,0.760309,0
0.739673,-0.730175,0
-1.511760,-0.708983,0
-1.439095,0.611981,0
-0.171915,0.495891,0
-1.351840,0.687849,0
-2.248398,1.273410,0
-1.033328,0.602062,0
-1.045829,0.384073,0
-0.368712,0.753955,0
-2.154579,-1.001469,0
-1.416223,0.180992,0
-0.598811,-0.880465,0
-0.364348,-0.166985,0
-0.310547,-0.332460,0
-1.497420,-1.149002,0
0.857295,-1.925444,0
-1.749419,-0.174339,0
-1.473798,-0.205179,0
-0.985122,-0.079806,0
-1.367432,-1.230323,0
0.013390,0.010245,0
0.083542,0.708551,0
-0.261759,0.564904,0
-1.801931,-0.563651,0
0.499811,-0.720355,0
-1.797310,1.105691,0
-1.661249,1.146696,0
-1.409762,-0.404346,0
-0.024139,1.144536,0
-1.583579,-0.045228,0
-0.885559,1.339724,0
-0.892332,0.392236,0
-0.801725,-1.261015,0
-1.041010,-0.043137,0
-1.363439,-0.470502,0
-0.755289,-0.601776,0
-0.534725,-0.046889,0
-1.616710,0.020063,0
-1.369705,-0.503323,0
-2.299240,-0.966034,0
-1.437743,0.063497,0
-0.282212,-0.875342,0
-2.152551,0.427258,0
-0.572869,-1.307160,0
-0.179329,-0.094947,0
-0.094736,0.972549,0
-0.900010,0.449728,0
-1.434784,-0.901518,0
0.178139,0.439710,0
-0.480627,-0.722279,0
-0.803581,-0.816898,0
-2.850982,0.556508,0
-0.449055,0.060078,0
-2.304054,0.841292,0
-0.416227,-0.253498,0
-1.508373,-0.755798,0
-2.002112,0.158714,0
-0.965383,-0.371620,0
-1.318633,-0.272288,0
-0.812426,0.160766,0
-0.427177,-0.401538,0
-3.053856,-0.799017,0
-1.841621,-1.591939,0
-0.464512,0.172611,0
-0.607183,0.399439,0
-1.078406,-1.947638,0
-1.335105,-1.429204,0
-2.683175,0.458956,0
-0.052562,-0.538881,0
-0.671611,1.616340,0
-0.296335,-0.182205,0
-1.380164,-0.652653,0
-0.995292,-2.042160,0
-1.640527,0.421574,0
-2.628917,0.513054,0
-0.680330,-0.001818,0
-0.988916,0.351107,0
-1.660667,-0.472648,0
0.512078,0.548717,0
-1.184059,0.551115,0
-0.913311,1.029608,0
-0.647110,-0.074216,0
-0.409723,0.289145,0
0.103026,-0.128495,0
-0.975483,-0.143491,0
-1.515436,1.002910,0
-0.682964,0.822465,0
-0.422223,0.495359,0
0.425245,0.680362,0
-1.510169,-0.403344,0
-1.617584,0.568025,0
-0.012737,0.274361,0
-1.799624,-1.110294,0
-1.148875,-0.584792,0
-2.093563,-0.341399,0
-1.557028,-0.876744,0
-0.185374,0.659705,0
-1.305656,-0.530812,0
-0.491157,1.026318,0
-1.259339,-0.385331,0
-1.637224,-1.138264,0
-1.100826,-0.313120,0
-1.421303,-0.639965,0
-0.184468,0.471141,0
0.238965,0.323794,0
-0.550247,0.159916,0
-2.315055,-1.678939,0
-1.528209,0.669039,0
-0.324526,0.328731,0
0.283953,-1.041229,0
0.323579,-0.349773,0
-0.537132,-0.097817,0
-1.972662,0.086161,0
-1.755412,1.000595,0
-1.413593,0.615273,0
-1.081303,-1.083603,0
-2.727745,-0.130486,0
-1.134566,0.198445,0
-0.371485,-0.964990,0
-1.587864,0.794552,0
-2.043623,0.764069,0
0.523890,0.947064,0
0.476475,0.440419,0
-0.595138,-0.945039,0
-1.186952,-0.868553,0
-2.313382,-1.271673,0
-1.751153,1.807687,0
-1.772956,0.594734,0
-1.857677,0.687757,0
-0.653805,0.820076,0
-1.340408,0.927392,0
-0.233399,-0.381006,0
-2.055435,-0.760771,0
-1.206043,0.356152,0
-1.233688,0.230719,0
-0.765773,-0.569583,0
-0.157501,-0.806179,0
-0.147509,-0.106316,0
-1.260618,0.050625,0
-2.438305,0.535873,0
-2.216706,-0.905071,0
-0.977339,-0.048559,0
-1.192783,-0.422441,0
-0.375590,-0.072736,0
-0.532813,-0.136485,0
0.209129,-0.107228,0
-0.311864,-1.617250,0
-1.584481,0.884094,0
-0.956023,-0.406496,0
-0.493410,1.677842,0
-1.121165,-0.894700,0
-0.360805,-0.535429,0
-2.214233,-0.076933,0
-1.534060,-0.620408,0
-3.018717,0.229581,0
-1.513652,-0.062982,0
-1.387531,-0.033568,0
-1.185469,-1.287131,0
-1.300406,-0.193165,0
-0.798441,-1.729119,0
-1.223366,-0.856103,0
-0.683133,0.390250,0
-0.975291,-0.218528,0
-1.420328,0.344555,0
-1.598779,-1.362177,0
-0.816563,-0.276641,0
-1.251108,0.462584,0
-1.311416,-0.930323,0
-2.081227,-0.836026,0
-0.360641,0.552575,0
-2.365033,-0.430956,0
-1.703610,-0.836630,0
-2.120199,-1.042552,0
-0.570271,0.612099,0
-1.457015,0.559322,0
-1.178823,0.065190,0
0.214919,1.330066,0
-2.440824,0.508759,0
-1.007379,-1.629447,0
-2.060306,-0.463965,0
-1.187351,0.015527,0
-1.146997,-0.393140,0
-1.013765,0.314678,0
-0.925035,-1.350363,0
-0.558056,0.591181,0
-0.654050,0.782240,0
-1.893964,0.127243,0
-1.300593,0.348315,0
-1.978118,-0.933596,0
-1.915895,0.382964,0
-0.398900,0.740572,0
0.450122,0.532588,0
-1.507068,-0.194975,0
-0.291452,-0.165109,0
1.028897,0.364089,0
-1.386023,0.071355,0
0.268431,0.182869,0
-1.515053,0.096207,0
-1.194836,0.277335,0
-1.241571,0.060131,0
-2.054530,0.712446,0
-1.906237,-0.254182,0
-0.449657,-0.682156,0
-0.168506,-0.868073,0
-0.285550,0.957474,0
-0.841631,0.843114,0
-0.339565,-0.814170,0
0.808638,-0.250173,0
-1.552474,-0.004096,0
-1.702052,0.094696,0
-0.924169,-0.185082,0
-0.537014,-0.956261,0
0.438337,-1.364525,0
-0.480268,-0.204408,0
0.001327,1.357065,0
-2.179523,0.554674,0
-1.522968,1.731698,0
0.111222,-0.848309,0
-1.045831,-0.760835,0
-0.431209,3.072203,0
0.202122,-0.656298,0
-0.785283,0.732511,0
-0.071212,0.154253,0
-1.458948,0.763538,0
0.028852,0.479732,0
-2.219232,0.699628,0
-0.920149,0.204533,0
-1.420072,-0.401540,0
-1.713642,-0.993138,0
-1.085549,0.197999,0
-1.454512,0.052374,0
-1.498681,-0.373874,0
-1.473484,0.257808,0
-0.718540,0.018017,0
-1.015115,-0.074354,0
1.250379,-0.382532,0
0.944758,0.586622,0
-0.969623,-0.056591,0
-1.589554,0.405309,0
-1.233239,1.027000,0
-1.511463,-0.354475,0
-1.374762,0.695102,0
0.550803,0.684118,0
-1.119023,-0.399504,0
-0.840562,-0.081440,0
-1.940898,-0.117491,0
0.123544,0.476128,0
-0.115414,-0.447175,0
-0.023322,0.183529,0
-1.980140,-0.234685,0
-0.426783,0.953785,0
-0.367091,-0.496366,0
-0.803003,-1.029116,0
-1.086512,-0.014091,0
-1.305592,-0.917947,0
-1.123686,0.192525,0
-1.754935,-0.277680,0
-0.647185,0.234593,0
-0.647567,0.275641,0
-0.651947,1.032784,0
-0.418261,-1.150207,0
0.267713,-1.182982,0
-0.469969,0.439053,0
-0.220225,-0.012867,0
-1.338249,0.379514,0
0.261870,0.227374,0
-0.507458,0.288175,0
-0.933270,-0.026643,0
-1.499788,-0.779889,0
-1.779314,-0.577644,0
-1.982058,-1.394822,0
-0.891927,0.373425,0
-0.345956,0.066874,0
-0.160354,-0.230366,0
-0.184136,-0.076649,0
0.275641,-0.331297,0
-1.237102,-0.253887,0
-1.366325,-0.614370,0
-1.333062,0.167492,0
-1.442306,1.062016,0
-2.173637,-0.385757,0
-0.990457,-0.303796,0
-1.191509,-0.346037,0
0.081924,-0.326068,0
-0.127848,0.415012,0
-2.127965,-0.146797,0
-1.535483,-0.745293,0
-1.479523,-0.240435,0
0.079814,-0.065110,0
-0.672679,0.644563,0
-1.290857,0.126612,0
-0.959150,1.156331,0
-1.955858,0.469323,0
-3.033040,-2.024193,0
-0.703749,0.212723,0
-1.489725,-0.899519,0
-1.667778,-0.338446,0
-2.347668,1.495686,0
-1.447789,0.403101,0
-0.938048,0.080863,0
-1.775491,0.442085,0
-1.959377,0.089987,0
0.124459,-1.164436,0
-0.668290,-0.369405,0
-2.530624,0.172218,0
-2.195478,0.111732,0
-0.732360,-0.940341,0
-0.618770,-0.618327,0
-1.047837,-0.747676,0
-0.802362,0.564937,0
-0.299732,-0.333042,0
-0.935858,-0.231341,0
-1.581959,-0.627026,0
-1.065915,-0.520568,0
-0.595372,-0.394893,0
-2.044638,0.199598,0
-0.236995,0.426267,0
-0.970355,-0.845030,0
-1.505115,-1.491273,0
-1.113030,-0.255033,0
-2.229784,-0.185081,0
-0.360168,1.026490,0
-1.153495,0.403010,0
-2.191616,-0.013663,0
-0.256225,-0.138644,0
-1.346617,0.169509,0
-1.087754,0.406169,0
-1.072196,0.064944,0
-2.096900,0.511057,0
-1.731230,1.626046,0
-1.869732,0.430763,0
-1.488459,-0.860122,0
-0.264374,-0.792310,0
-1.817147,-0.215537,0
0.351340,0.888092,0
-0.838925,-0.614884,0
-2.003484,-0.213888,0
-1.333782,-1.436134,0
-2.205968,-0.351999,0
-1.653724,-1.057957,0
-1.403997,0.256131,0
-1.632557,-0.623813,0
-1.209123,0.894279,0
-0.630776,0.639657,0
0.397085,-1.607513,0
-2.067976,1.193763,0
-0.322066,1.999813,0
-2.052865,-0.088916,0
-0.515000,-1.417930,0
-1.387232,0.964242,0
-0.797536,0.228520,0
-1.203595,-0.573068,0
-1.065229,-0.170907,0
-1.002408,0.073959,0
-0.879858,0.057220,0
-0.338388,0.576888,0
-1.350879,0.594096,0
-0.833893,-0.972736,0
-1.261376,0.132128,0
-0.757866,-0.252621,0
-0.331948,-1.024756,0
0.172392,0.040845,0
-1.963552,0.542012,0
-1.307591,-0.996453,0
-0.378879,0.469147,0
0.639512,0.413038,0
-0.852126,1.240646,0
-0.927915,0.740583,0
-1.492861,-0.018225,0
-0.538974,0.096847,0
-0.624524,-1.604682,0
-1.245689,-0.020213,0
-0.856338,1.037331,0
-2.757170,-0.137604,0
-1.048466,-0.053608,0
-1.888937,-0.324722,0
-1.116488,0.946683,0
-1.420058,0.859976,0
-0.535326,0.359186,0
0.076149,0.970064,0
0.320589,-0.900906,0
-1.398357,0.416381,0
-1.796941,-0.958579,0
-0.621730,-0.945247,0
-1.135472,0.831266,0
-0.391549,-0.908368,0
0.262938,0.797229,0
-0.930321,-0.099050,0
-1.230924,-0.507136,0
-0.973966,0.410745,0
-0.448928,0.412549,0
0.328531,-0.638312,0
0.221854,0.227616,0
-1.796924,1.592448,0
-2.008676,-0.359728,0
-1.576095,0.490686,0
0.850671,-0.537805,0
-1.316421,-1.372137,0
-1.104625,-0.449002,0
-0.570259,-0.404075,0
-1.299089,0.630954,0
-0.825907,-2.170603,0
-0.015920,0.123428,0
-1.481449,0.087818,0
-0.770193,-0.525248,0
-0.557329,-1.328529,0
-2.234874,0.280880,0
-1.140352,-2.169535,0
-1.542460,-0.999130,0
-1.149172,-0.600760,0
-1.774582,-1.576738,0
-0.495531,-0.645965,0
-1.397867,0.427175,0
-2.164292,0.033767,0
-1.047132,-0.507499,0
-0.799526,-0.807877,0
0.053969,0.635765,0
-0.722623,-1.506007,0
-1.194436,0.533013,0
-0.783933,-0.898464,0
0.002125,0.481812,0
-0.441901,-0.361633,0
-1.867460,-2.066341,0
-2.565906,-1.182906,0
-0.313427,-0.963559,0
-2.097076,0.104679,0
-0.740670,0.628819,0
-0.268824,-0.273428,0
-1.544549,-0.612097,0
0.158968,-0.853704,0
-1.262877,-0.254460,0
-0.953813,0.695017,0
-0.673690,0.427979,0
-1.334106,0.188657,0
0.241400,-0.231527,0
-0.656419,-0.479474,0
-0.730755,0.595867,0
-0.518887,-0.904767,0
-1.676994,1.669010,0
-0.404655,-0.414253,0
-1.711980,0.188299,0
-0.810028,-0.781474,0
-1.640059,0.810285,0
-1.397295,1.591878,0
-0.998948,0.990234,0
-2.869066,-1.258390,0
-1.613438,0.238600,0
0.498244,0.049464,0
-0.681830,0.990310,0
-0.680847,-0.544041,0
-0.136213,-1.141984,0
-1.314079,1.034680,0
-2.300666,-1.468961,0
-0.443025,0.759197,0
-2.370691,-0.053156,0
-2.041115,0.460476,0
-2.230363,0.976868,0
-0.970435,1.488599,0
-0.876827,-0.954722,0
-0.429479,0.153135,0
-1.163090,-0.822500,0
-1.574702,-0.650521,0
-0.541909,0.406669,0
-1.682666,1.600043,0
-1.240573,1.637601,0
0.060437,0.020453,0
-1.298700,-0.942128,0
-0.249197,0.976101,0
-0.492577,-0.100617,0
-0.426927,0.139482,0
-0.363906,0.283973,0
-1.227522,-0.330447,0
-0.888738,-1.011997,0
-1.648440,-0.563086,0
-0.756038,0.825492,0
-2.552571,1.863309,0
-1.700207,0.573394,0
-1.600862,2.006221,0
-1.146701,-0.630347,0
0.946092,-0.088030,0
-1.748725,-2.045426,0
-1.284042,1.137339,0
-1.571188,-0.801356,0
-0.539033,0.125148,0
-2.620288,0.583431,0
-0.545238,-0.699518,0
-1.688841,1.379876,0
-1.379160,-1.316307,0
-1.598965,0.868950,0
-0.689899,0.427325,0
-0.638670,-0.538214,0
-1.197655,-0.238671,0
-2.041689,0.314555,0
-0.203430,-0.649222,0
-1.419704,1.289609,0
-0.251823,0.006424,0
-2.639644,-0.933789,0
-0.751021,0.574566,0
-1.262386,-0.052804,0
-1.123289,0.528874,0
0.551288,0.402019,0
-0.924271,0.086406,0
-2.035007,-0.223620,0
-1.679512,0.550690,0
-1.037789,-1.972767,0
-1.883932,-0.844288,0
-0.671486,-0.228045,0
-0.396410,1.094240,0
-1.556468,1.312455,0
-0.146102,0.406058,0
0.693633,0.405808,0
-1.088554,0.775748,0
-0.092581,0.120790,0
0.241499,1.967464,0
-1.622869,-0.246161,0
-1.075629,0.176865,0
-1.554349,1.399121,0
-2.199911,-0.316335,0
-1.661935,-0.192368,0
-1.384446,0.488950,0
-0.654534,1.250080,0
-1.410728,0.219486,0
-2.110499,-0.686540,0
-0.579928,1.044599,0
-1.023036,0.435194,0
-0.484877,-1.199844,0
-0.879275,0.259003,0
-1.121877,0.491836,0
-1.209899,0.177702,0
-0.796938,-1.075325,0
-1.459159,-1.472517,0
-2.106485,0.140331,0
-0.288429,-1.509432,0
-0.483900,-1.118661,0
0.191602,-0.490647,0
-0.348014,-0.126330,0
-0.597109,0.956758,0
-0.280203,1.755362,0
-1.231933,-0.235291,0
0.706857,-0.221220,0
-0.934156,-0.344612,0
0.181820,-0.640668,0
-0.954741,0.103197,0
-0.320212,0.173005,0
-1.267214,-0.275326,0
0.062860,0.237560,0
-0.083573,0.522711,0
0.527342,-0.162687,0
-1.877039,1.612903,0
-1.524741,-0.472465,0
0.073071,-0.349167,0
-1.404397,-1.538323,0
-0.553472,0.771257,0
-2.337628,-0.363655,0
-0.448305,1.049423,0
-3.395904,0.215710,0
-2.354384,-0.406804,0
-0.364178,0.319380,0
-1.690265,1.097481,0
-1.241044,-0.551347,0
-0.195167,1.978137,0
-0.300823,0.869722,0
-0.012287,0.171512,0
-2.886024,0.177852,0
-0.237487,-0.068889,0
-0.236004,-0.198135,0
0.915867,-0.526218,0
-0.910101,-0.131292,0
0.300141,-0.111303,0
-1.580503,-0.642430,0
0.517807,-0.405913,0
-2.312714,-0.184665,0
-0.238405,1.092381,0
-0.561828,-0.767892,0
-0.883787,0.995220,0
-1.275140,1.283716,0
-0.696869,0.237814,0
-1.611867,-0.058146,0
-1.278187,-0.099415,0
-0.879763,-0.812743,0
-0.986620,1.051433,0
-0.719495,1.492459,0
-1.263456,-0.132148,0
-0.834640,-1.245919,0
-1.604699,-0.183221,0
-0.629037,0.497078,0
-1.298627,0.830556,0
-0.448931,-0.843433,0
-0.706061,0.174586,0
-1.453351,-0.120553,0
-1.934830,-1.708818,0
-1.000071,0.283740,0
0.489725,-0.429066,0
-1.331480,-0.494644,0
-0.691260,-0.405167,0
0.809716,0.389407,0
-0.868352,-0.228064,0
-1.317290,-0.296322,0
-0.756915,-0.892987,0
-2.117210,-0.065622,0
-0.556752,-0.979625,0
-0.964735,-0.258140,0
-1.436986,-0.007632,0
-0.678787,-0.810381,0
-0.470725,0.373978,0
-0.271423,-0.060657,0
-2.172814,-0.711141,0
-1.102861,-0.852814,0
-1.128216,-0.286593,0
-1.169983,-0.525148,0
-1.898953,-1.955667,0
-0.989996,-0.709645,0
-0.462896,0.177119,0
-1.531424,-0.099141,0
-0.637268,0.256678,0
-0.751205,0.046663,0
-1.226315,-0.050322,0
-1.739704,-0.355963,0
-1.514165,-0.947640,0
-2.235282,0.757105,0
-0.114530,-0.712528,0
-0.473663,1.445844,0
-1.953810,0.946557,0
-1.401500,0.183530,0
-1.658566,-0.234355,0
-0.373531,-0.555599,0
-2.065416,0.081553,0
-0.861593,0.233652,0
-1.922335,1.098758,0
-1.450432,0.112266,0
-1.076995,-0.613838,0
-2.390249,-0.769145,0
-2.971021,1.015010,0
-1.989431,1.589076,0
-1.030623,0.101328,0
-1.264813,-0.069932,0
0.613114,-0.080248,0
-1.940094,0.283927,0
-1.361203,-0.325984,0
-0.589189,-0.513831,0
-1.319611,0.424590,0
-0.822649,0.120918,0
-1.001471,0.318626,0
-2.322977,-0.238868,0
-1.424946,0.013409,0
-1.565973,-0.471712,0
-0.161868,0.237731,0
0.633990,-0.864983,0
-1.562074,0.145483,0
0.111770,-0.028498,0
-0.933560,-0.041299,0
-1.647735,0.162759,0
-1.267720,0.110540,0
-1.915678,-0.442274,0
-1.404304,0.584408,0
-2.653596,1.195063,0
-1.901948,-0.435724,0
-1.920666,-0.029033,0
-1.680865,-0.457005,0
0.564542,-0.162297,0
-1.281217,-0.774560,0
-0.645034,-1.082264,0
-1.364963,-0.431350,0
-0.116206,0.738706,0
-0.818211,-0.339777,0
-2.429872,0.975612,0
0.290368,-1.611931,0
-0.388256,0.246681,0
-1.760229,-0.144050,0
0.095051,0.285300,0
-0.491927,-0.144320,0
-1.965120,0.383154,0
-1.330966,0.395081,0
-0.864548,-0.499650,0
-1.030398,-0.350926,0
-1.088175,1.111464,0
-0.549978,0.842782,0
-0.514960,0.889683,0
-0.089278,-0.399577,0
-1.204906,-0.218258,0
-2.205455,-0.445885,0
0.021966,-0.462600,0
-1.845482,-0.140447,0
-0.637383,1.099212,0
0.360633,-0.483494,0
-0.906846,-0.832423,0
-1.767936,1.085566,0
-1.038570,-0.062004,0
-0.583951,0.357088,0
-0.003428,-0.977016,0
-2.231003,0.359865,0
-0.293112,-0.411230,0
-0.728884,0.015077,0
0.074222,0.746965,0
-1.393108,0.939344,0
-1.249749,0.275383,0
0.085808,-0.458374,0
-0.546307,0.906131,0
-0.735652,-0.630257,0
-1.162591,0.178677,0
-1.817730,0.259008,0
-1.667763,0.449103,0
-2.171509,-0.850770,0
-0.722205,-1.083522,0
-0.199562,-0.372973,0
-1.862475,0.807160,0
-0.772682,0.305537,0
-1.817514,0.449760,0
-0.555106,0.207383,0
-1.065513,-0.274035,0
-1.498051,0.030822,0
-0.396874,-0.366525,0
-1.515898,-1.695478,0
-0.657834,-0.613781,0
-0.259010,0.199927,0
-0.604500,-0.199418,0
-0.346325,2.106568,0
-0.782324,0.641904,0
-0.727438,-0.133749,0
-1.482246,-0.749959,0
-1.957975,1.166657,0
-1.177856,2.352654,0
-0.057062,1.453687,0
-1.101011,0.030367,0
-1.333050,-0.459864,0
-1.442477,-0.084470,0
-1.473831,0.683090,0
-0.560823,-0.495925,0
0.032434,-0.351356,0
-1.535199,-0.419833,0
-0.279469,-0.250908,0
-2.643075,1.999061,0
-1.094463,0.308793,0
0.387533,-0.244354,0
-1.171855,0.572641,0
-1.444985,1.295665,0
-1.076643,0.120719,0
-0.148349,-1.094248,0
-0.866610,-0.847939,0
-2.159989,-0.776996,0
0.403153,-0.632169,0
-1.159288,1.178828,0
-0.281933,0.331333,0
0.011222,0.147177,0
-1.986703,1.233780,0
0.014589,1.824541,0
-1.009141,0.069891,0
1.384337,-1.049752,0
-0.864233,-0.414818,0
-0.594942,-0.229520,0
-1.088149,-0.614972,0
-1.958240,-0.248049,0
0.054543,-1.714068,0
-2.569457,-0.169525,0
-1.306623,-1.459578,0
-0.327466,-0.067442,0
-1.086030,-0.363243,0
-0.879685,0.425321,0
-0.826643,-1.231036,0
-1.827771,2.526826,0
0.269443,0.051814,0
-0.633575,-1.715417,0
0.438817,-0.749185,0
-1.065613,0.530017,0
-0.786324,-0.205079,0
-1.062386,0.687509,0
-1.722440,-0.340055,0
-0.163267,0.816763,0
-0.563259,-0.089927,0
-1.689689,0.198565,0
-0.441366,-0.325227,0
-1.394591,-1.051708,0
-1.519664,0.341109,0
-1.847189,1.717612,0
0.139349,-0.230748,0
-1.037018,-0.394220,0
-1.402959,0.430766,0
-1.301405,0.191831,0
0.369936,0.472588,0
-1.301478,0.493458,0
-1.750134,0.501809,0
-1.767638,-0.105102,0
-0.340435,-0.238852,0
-1.575893,0.264973,0
-2.254583,-0.108697,0
-1.653139,0.318349,0
-0.813159,-0.615321,0
-1.349164,0.231512,0
-0.868014,0.615908,0
-2.836469,-0.551292,0
-1.096534,-2.159598,0
-1.769836,-0.135117,0
-1.621964,-0.178707,0
-2.345502,0.817424,0
-0.819393,0.404896,0
-1.648980,1.171416,0
-0.724837,0.891446,0
-0.712383,-0.186427,0
-0.752169,-1.159292,0
-1.420090,0.138502,0
-1.020894,-0.532881,0
-0.801619,-0.242397,0
-2.456930,0.857478,0
-2.396742,-0.278343,0
0.977916,-0.505738,0
-1.481503,0.182250,0
-0.415476,1.774447,0
-0.121077,0.369000,0
-0.739065,0.382132,0
1.128628,-0.543511,0
-1.045250,1.381113,0
-1.019505,0.203400,0
-1.425991,1.265006,0
-2.666013,0.492778,0
-2.088896,-0.437882,0
-1.628847,0.991203,0
-1.791757,0.878343,0
-0.591491,0.477430,0
-1.627306,-1.025784,0
-1.088583,0.380940,0
-0.197821,0.583415,0
0.245216,0.072518,0
-0.878839,0.394481,0
-0.877503,-0.005073,0
-1.161120,1.321112,0
-1.124861,0.102804,0
-0.029660,-0.530236,0
-2.249817,-0.186965,0
-0.704981,-1.137131,0
-0.683476,0.257345,0
0.840675,1.199247,0
-1.125298,0.561055,0
-0.266780,1.190779,0
-1.502960,0.021776,0
-0.698307,0.347272,0
-0.939192,-0.898868,0
-0.481919,0.407430,0
-1.112533,0.327549,0
-1.428100,-0.317508,0
-0.281666,-1.301276,0
-1.484809,-0.321208,0
-1.320097,-0.583436,0
-1.682951,0.065952,0
0.597305,-0.296503,0
-0.349086,-0.388111,0
-1.884370,0.178631,0
-2.866921,0.172414,0
-0.409038,0.123633,0
-1.297994,0.147454,0
-3.050280,-0.000848,0
-0.503906,-0.753220,0
-1.549461,-0.217481,0
-0.219296,-0.502341,0
-1.377711,0.749842,0
-1.060225,-0.250202,0
-2.079079,-1.711258,0
-1.194091,0.385871,0
-1.414319,0.262778,0
-0.742056,0.364585,0
-1.187380,-1.412983,0
-2.159671,-0.009966,0
-1.141104,-0.952742,0
-3.148133,-1.794966,0
-0.922500,-0.812372,0
-0.862587,-0.624189,0
-1.416041,0.810378,0
-0.144838,-0.212703,0
-0.146938,1.194646,0
-1.127756,-0.390591,0
-0.901148,0.404893,0
-1.949588,-0.360018,0
-1.537152,-0.142126,0
-0.845640,0.095099,0
-0.155209,-0.572479,0
-1.057219,-0.537369,0
-0.386784,-1.082935,0
-2.845187,0.622209,0
0.165078,-0.150046,0
-0.818070,-0.206349,0
-1.109643,-0.742280,0
-1.608943,0.935301,0
0.239843,0.264919,0
-1.452495,-1.173389,0
-0.123020,0.269044,0
-0.091912,0.414225,0
-1.081247,0.682130,0
-2.895092,-0.683294,0
-0.317129,0.807319,0
-1.462750,0.825937,0
-0.400425,0.026520,0
-0.682950,-0.918429,0
-1.082387,-1.303153,0
-0.088675,0.698627,0
-1.146593,-1.095116,0
-1.370062,0.549840,0
-1.282378,0.558047,0
-0.818592,0.221715,0
-1.663040,-0.621651,0
-0.821606,0.740604,0
-2.481164,0.292055,0
-1.951883,-0.754429,0
-1.985698,1.343104,0
-1.272813,1.128896,0
-2.205772,0.393858,0
-1.578921,0.640190,0
-1.273759,-0.312110,0
-1.741597,-0.079281,0
-0.241306,1.394190,0
-1.201885,-0.206272,0
-0.296191,1.356042,0
-2.301946,0.308675,0
-0.515841,-0.114728,0
-0.201911,-0.007001,0
-0.718592,0.841349,0
-2.164278,1.098358,0
-1.942290,0.569401,0
-1.653479,-0.900424,0
-1.840969,-2.230351,0
-1.302721,-0.634475,0
0.468733,-0.113793,0
-1.731527,0.408182,0
-1.156140,0.574297,0
-0.874136,-0.234001,0
-0.717002,-0.049896,0
-0.092764,-0.998905,0
0.419253,0.371456,0
-1.616555,0.417470,0
-1.415805,1.589278,0
-2.177655,-0.158336,0
-0.645334,0.395820,0
-0.139534,-0.148696,0
-2.127791,1.195310,0
-1.647598,-0.943320,0
-0.079835,0.800502,0
-1.505702,-0.083147,0
-0.314019,-0.533710,0
-0.370169,0.401284,0
-1.515188,0.254513,0
-1.464865,0.278934,0
-1.569041,0.044179,0
-0.898747,-0.082891,0
-1.182818,-0.909522,0
-1.957555,0.928456,0
-0.905582,-0.726713,0
-1.474916,0.118943,0
-1.484368,1.592660,0
-0.585734,-0.477454,0
-1.833201,0.971210,0
-1.132973,-0.228346,0
-0.285984,0.192827,0
-0.226896,-0.035412,0
-1.050490,0.228334,0
-1.789606,-0.876660,0
-2.479052,1.465985,0
-1.373828,-1.445459,0
-1.062839,1.549977,0
-1.374877,0.208439,0
-0.917763,-0.337615,0
-1.066131,0.738191,0
-1.075669,-1.067173,0
-1.290860,1.714788,0
-1.091131,0.123825,0
-0.906327,-0.193654,0
0.744669,0.732825,0
-1.535329,-1.279615,0
-1.424822,-0.022936,0
-0.763029,-0.727645,0
-3.325081,0.132290,0
-0.198583,0.386422,0
-1.558129,-0.156839,0
-1.527863,-0.097336,0
-0.617737,-0.380220,0
-0.924004,0.625321,0
0.366623,0.335521,0
-1.558248,-1.376719,0
-0.526612,0.191306,0
-0.519624,-2.054639,0
1.463241,0.772434,0
-1.505587,0.613201,0
-0.609348,0.840416,0
-1.368607,-0.771387,0
0.016425,0.227269,0
-2.723716,0.769898,0
-1.037908,-0.575303,0
-1.315238,-0.363902,0
-0.490017,0.622505,0
0.323307,1.688818,0
-1.342788,0.456531,0
-1.796108,1.320462,0
-1.506236,-0.359048,0
0.281544,1.529542,0
-1.444455,-0.244541,0
-0.816896,0.834896,0
-1.944140,-0.162664,0
-1.617094,-0.633970,0
-1.610462,-0.267475,0
-1.418345,0.142272,0
-0.254203,-0.276847,0
-1.402509,0.026902,0
-0.629325,1.173545,0
-1.527921,1.733206,0
-0.678326,1.607628,0
-0.877283,0.629897,0
-1.804990,-1.327443,0
-0.662735,1.207139,0
-1.573931,-0.328732,0
-0.570244,-0.232332,0
-1.852795,-0.811457,0
-0.034684,0.341052,0
-1.252148,1.157016,0
-0.164560,-1.190516,0
-0.325280,-0.503052,0
0.341813,-0.409718,0
-2.124753,-1.328485,0
-0.071710,0.749508,0
-1.213288,0.427167,0
-1.547079,-0.765717,0
-1.676782,1.146854,0
-2.655671,-0.349573,0
0.408091,0.627248,0
-2.432576,-0.831354,0
-0.654991,0.608360,0
-2.204354,-1.621846,0
-2.092101,0.054318,0
-1.056847,-0.407418,0
-1.473478,0.460339,0
-0.720339,0.607122,0
-1.107018,-0.002181,0
-1.066021,1.106171,0
-1.226525,0.942088,0
-0.554322,-0.107027,0
-1.462923,0.464166,0
-0.905471,-0.021756,0
-1.251575,0.876949,0
-0.417036,-0.179594,0
-1.046251,-0.657430,0
-1.534696,0.691203,0
-2.339113,0.164640,0
-0.724961,0.232680,0
-0.749333,-0.664744,0
-0.930424,-1.161465,0
-2.401114,-0.773680,0
-1.196910,0.450198,0
-1.292638,-0.055749,0
-2.752362,0.032218,0
-0.542974,-1.215547,0
-1.260099,0.003926,0
-1.755791,-1.389309,0
-1.410336,0.074850,0
-0.938041,0.360607,0
-0.754202,0.728100,0
-1.101140,1.906186,0
-1.186822,-0.349040,0
-0.770176,0.272189,0
-0.706523,-0.377482,0
-0.027847,-0.578546,0
-1.346274,-1.131005,0
0.841513,0.600322,0
-0.466594,0.789522,0
-0.961186,-0.570426,0
-0.770653,-1.220612,0
-2.131591,0.275646,0
-0.946847,1.014941,0
-1.459243,0.606653,0
-1.655494,0.408171,0
-0.577014,-0.170543,0
-0.937587,-0.911052,0
-1.524572,-0.608714,0
-0.987884,0.339237,0
-0.531778,-0.024896,0
-1.795993,-0.523184,0
-0.977810,-1.045068,0
-0.647668,0.887897,0
-1.183554,0.462361,0
-0.840287,-0.856805,0
-1.232176,-0.578891,0
-1.781111,-0.799544,0
0.122017,0.492994,0
-2.829895,0.570109,0
-0.575943,-0.623986,0
-2.831676,-0.848227,0
-1.400403,-0.207972,0
0.367779,-0.562136,0
-1.060260,-0.403313,0
-0.295881,0.313570,0
-2.146571,-1.121305,0
0.188337,0.304783,0
-1.220031,-0.576656,0
-0.983705,-1.859273,0
-0.971642,-0.940063,0
-0.245661,0.080070,0
-0.776680,-0.362493,0
-2.545307,-1.217922,0
-0.937774,1.236142,0
1.009632,-0.133237,0
-0.795977,0.502006,0
-0.890853,1.678645,0
-0.785251,0.086170,0
-1.933636,0.127069,0
-1.040601,0.496199,0
-1.059655,-0.997011,0
-0.725083,1.704543,0
-1.371523,1.085278,0
0.118948,0.664447,0
-3.231023,0.348006,0
0.372933,-0.402138,0
-0.415980,-0.687664,0
-1.584177,-0.818497,0
-1.396097,-1.155217,0
-1.564787,0.288630,0
-1.786424,0.140511,0
-1.901007,-0.319889,0
-0.453997,-0.586177,0
-2.912474,-0.728021,0
-1.289214,-0.238404,0
-0.118984,0.327357,0
-1.516504,0.506297,0
-2.237365,-0.723211,0
-1.097249,-0.802095,0
0.125909,-0.236001,0
-0.362674,0.753137,0
-1.832919,0.771894,0
-1.414485,-0.284189,0
0.010724,0.032134,0
-2.229894,-1.005702,0
-1.763815,0.158566,0
-0.637355,-0.001049,0
-0.284733,-0.446778,0
-0.903946,-0.497516,0
-1.802096,-1.869211,0
-0.641888,-0.055954,0
-1.260032,0.525734,0
-0.132542,0.543200,0
-0.004736,-2.070116,0
-0.539777,-0.528742,0
-1.132596,0.284843,0
-2.146749,0.620968,0
-0.480123,0.837096,0
-1.601071,0.615146,0
-0.320582,1.360805,0
-0.283096,1.802299,0
-1.499697,1.102537,0
-1.261025,1.204807,0
-0.606729,0.453570,0
-1.675576,-0.703984,0
-1.833201,0.063717,0
-0.948562,1.028353,0
-0.808562,1.062999,0
-1.204729,0.366449,0
-1.069793,1.597189,0
-0.443130,-0.584750,0
-3.513667,0.331685,0
-1.045448,-0.719082,0
-1.387998,-0.098524,0
-0.289107,-0.621846,0
-1.189502,0.020945,0
-1.975025,0.750233,0
-0.381746,0.866019,0
-0.503712,-0.441607,0
-0.262672,-0.037329,0
-1.143947,0.293732,0
-0.587906,-0.036280,0
-1.736065,-1.584015,0
-0.794359,-0.703189,0
-0.183748,-0.040071,0
-0.974307,-0.905006,0
-1.686950,-0.020349,0
-1.441275,0.736812,0
-0.550040,-1.162015,0
-0.292083,-0.120593,0
-1.970917,0.335404,0
-2.054275,-0.544578,0
-1.835827,-0.413902,0
0.072788,0.337693,0
-1.194218,0.002664,0
-1.612391,0.902080,0
-0.788717,-0.339704,0
-0.518335,0.497350,0
-2.284504,-0.469113,0
-2.343126,0.279113,0
-0.644341,-0.644630,0
-0.967355,-1.403618,0
-2.028247,0.389167,0
-0.491957,-1.370601,0
-1.758322,0.134776,0
-2.739086,-0.926110,0
-0.913376,-1.485371,0
-2.666057,-0.291685,0
-0.272590,-0.100006,0
-0.875405,0.864255,0
1.153832,-0.673275,0
-0.601480,0.986143,0
-0.244789,-0.296398,0
-1.321424,0.104199,0
-2.141210,0.432938,0
-0.690076,-0.734423,0
-2.569593,-1.088970,0
-1.783498,0.183192,0
-0.942541,0.676926,0
-0.715259,0.856342,0
-0.896260,1.651306,0
-2.199132,-0.436106,0
-2.121208,0.546428,0
-1.297560,-0.009214,0
-1.959328,-0.930367,0
-2.388755,-2.143053,0
-0.649289,-0.472563,0
-0.614924,0.343932,0
-2.627888,0.328702,0
-0.829364,0.793348,0
0.113013,0.100185,0
-0.558302,-0.319300,0
-1.785083,-0.675032,0
-1.591684,0.694765,0
-1.972792,0.066935,0
-0.659544,-0.287630,0
-0.890932,-0.963147,0
-0.021773,1.270616,0
1.313103,0.143661,0
-1.980327,-0.029485,0
-0.837984,-0.157734,0
0.393751,-0.351129,0
-0.838538,-0.025668,0
-1.664195,1.244169,0
-1.149702,-1.319828,0
-1.055434,1.588613,0
-1.677626,-0.612196,0
-1.149957,-0.594153,0
-0.954289,-0.521454,0
-1.130988,-0.696972,0
-0.829873,0.157614,0
-1.931112,0.998120,0
0.904782,0.019395,0
-0.644929,1.559320,0
-0.368022,0.289669,0
-0.593095,-1.289140,0
-1.955969,0.812178,0
-0.415080,0.087815,0
-1.413721,-0.891751,0
-2.086072,-0.572072,0
-1.173331,1.271875,0
-1.511800,-0.859790,0
-0.132986,-0.728481,0
-0.412996,-0.473528,0
-1.714508,-0.647112,0
-0.833202,0.284340,0
-1.713747,-0.277743,0
-2.316313,-0.271031,0
-1.567693,-0.193534,0
-0.525947,-0.528621,0
0.365726,0.802368,0
-2.011725,0.104983,0
-1.404196,-1.518356,0
-1.499770,-1.293965,0
-0.774389,-0.057904,0
-0.615786,-0.647971,0
-0.147983,1.587886,0
-1.989609,0.318763,0
-0.706344,0.786144,0
-1.450320,0.785404,0
-1.219866,0.309429,0
-1.693176,0.166713,0
-0.745715,0.809602,0
0.091126,-0.315070,0
-2.875016,-0.373274,0
-0.564536,0.124223,0
-1.838712,-1.200607,0
0.004983,0.050907,0
-0.742768,-0.383780,0
-0.249557,-0.135517,0
-0.380290,0.507870,0
-1.152051,0.336838,0
-1.774219,0.264793,0
-0.441136,-1.045077,0
-1.958961,0.565776,0
-1.203574,0.522039,0
-1.322096,0.842252,0
0.943419,0.487442,0
-2.454736,0.684159,0
-1.091749,0.559021,0
0.566903,-0.922227,0
-1.380540,0.833963,0
-0.581287,0.268662,0
-0.065087,-0.271841,0
0.084634,0.143272,0
-0.950641,-0.233350,0
-1.947166,0.319036,0
-1.612163,-0.937070,0
-0.886982,-0.649189,0
-0.233269,-0.601272,0
-1.244776,1.323219,0
-1.744081,-1.065356,0
-1.486394,0.686287,0
-1.721864,-0.216105,0
0.285220,0.258689,0
-1.938818,-0.030552,0
-1.220492,1.147419,0
-2.373486,-1.052729,0
-1.705694,-0.733975,0
-0.727287,-0.979242,0
-1.785778,-0.379010,0
-1.069542,0.403341,0
-2.428143,-1.293358,0
-0.231124,-0.362354,0
-0.249345,-0.668512,0
-1.871865,-0.480270,0
0.042948,1.636852,0
-1.411863,-1.675260,0
-0.428597,-0.704325,0
-1.205969,1.350329,0
-0.591689,-0.067946,0
-1.510520,-0.295686,0
-1.402760,1.013789,0
-1.141914,-0.781493,0
1.155924,0.020714,0
-2.278293,-0.760489,0
-1.339860,-0.429953,0
-3.126009,0.113354,0
-0.452111,0.914846,0
-2.044129,0.625206,0
-1.709701,0.514311,0
-1.976948,1.218043,0
-1.991460,-0.724309,0
-1.147026,0.071562,0
-0.579202,-0.399475,0
-0.294705,-0.026515,0
-1.783979,0.043240,0
0.576029,0.763168,0
-0.546260,-0.190138,0
-0.929993,-0.522594,0
-0.721072,-0.569851,0
-0.991181,-0.139069,0
-1.093480,-0.347788,0
-1.661165,-1.336935,0
-0.284970,-0.437584,0
-0.050180,1.205722,0
-0.815653,0.110656,0
-1.120377,1.957028,0
-0.317074,1.291133,0
-1.170206,0.479869,0
-1.252602,-0.989212,0
-2.374304,0.675879,0
-1.411231,0.089278,0
-1.522281,0.503501,0
-0.769618,-0.564572,0
-2.445433,-0.119868,0
-0.033992,0.550151,0
-0.998832,-1.843182,0
-1.268422,-0.077762,0
-0.416301,0.841166,0
-0.654919,0.809001,0
-0.410506,0.524233,0
-1.550393,1.210956,0
-1.418089,1.579577,0
-0.210324,1.257236,0
-0.451550,-0.754614,0
-2.291875,1.002307,0
-0.281907,-0.338621,0
-0.965602,1.548125,0
-1.257987,1.573907,0
-1.246809,-0.382894,0
-1.477969,0.796271,0
-0.948448,1.226583,0
-1.357857,-0.137625,0
-1.497032,-0.218046,0
-1.086403,0.033495,0
-0.530179,0.269962,0
-1.795457,-0.354639,0
-1.704155,-0.662014,0
-0.097131,0.438098,0
-0.393713,0.652003,0
-0.684351,0.842160,0
-0.795481,-0.128741,0
-0.805063,-1.002389,0
0.116661,0.945431,0
-0.972168,0.357225,0
-2.248664,0.249161,0
-0.664862,-0.120326,0
-0.189008,1.059509,0
-1.592839,0.978510,0
-1.609846,-0.074663,0
-1.465422,0.561870,0
-1.934338,0.410413,0
-0.989294,-0.379866,0
-2.142743,-0.653838,0
-1.900891,1.124914,0
-2.574145,0.158905,0
-0.068712,-1.288473,0
-1.909046,1.307099,0
-0.525919,1.179247,0
-0.587696,-0.933883,0
-1.880123,-0.213828,0
-1.027281,0.379183,0
-1.092352,-0.427998,0
-0.387767,0.147994,0
-0.899919,1.035836,0
-1.180582,-0.090732,0
-1.807549,-0.353046,0
-0.695617,0.553643,0
-0.736428,-0.488215,0
-0.820564,-1.193467,0
0.106180,0.785046,0
-2.010640,-0.139627,0
-0.962700,0.465999,0
-2.289190,0.992900,0
-1.594542,1.966825,0
-2.436195,-0.030154,0
-1.448997,-1.438455,0
-0.946257,-0.159139,0
-0.580126,0.572901,0
-0.128858,-0.321670,0
-2.405478,-0.145771,0
-0.404007,0.834968,0
-0.791367,-1.946793,0
-0.469188,0.448634,0
-1.826045,-0.844467,0
-1.521876,1.449606,0
-0.812218,-0.068899,0
0.310410,0.369933,0
-0.687985,0.356401,0
-1.944927,1.065284,0
-1.616914,-0.727715,0
0.031876,-1.113423,0
-1.433685,-0.105174,0
-0.714848,-0.688728,0
-0.348301,-0.575405,0
-1.211124,0.259630,0
-0.027671,-0.209907,0
-0.582140,0.671658,0
-1.521640,0.018993,0
-0.687659,-1.230738,0
-1.658269,0.975675,0
-0.269597,-0.849276,0
-2.182736,0.634861,0
-0.665894,0.009272,0
-0.518907,-0.593193,0
-1.203427,0.030040,0
0.006076,-1.037204,0
0.046768,0.022761,0
-0.966566,-0.783793,0
-1.391158,0.009397,0
-2.090433,-0.223258,0
-0.931354,-0.093634,0
-2.151699,0.378580,0
-1.829879,-0.513162,0
-1.373711,0.421376,0
-1.280747,1.265775,0
-1.145057,0.202532,0
-0.972115,0.891012,0
-2.987483,-0.972730,0
-1.701379,0.441090,0
-1.523198,-0.165794,0
-3.747938,-0.373512,0
0.091485,0.747461,0
-0.647165,-0.520934,0
-0.512949,0.823380,0
-2.151280,-0.819338,0
-0.262792,0.718341,0
-1.900967,-0.256614,0
0.244586,1.353383,0
-1.376232,-0.970089,0
-2.181333,-0.403386,0
-0.923497,0.024293,0
-1.811169,1.262195,0
-2.067617,0.294937,0
-1.412287,0.574935,0
-2.583267,-0.396713,0
-0.907936,-1.446915,0
-0.659909,-0.113376,0
-1.949712,0.767784,0
-0.534398,-0.627997,0
-1.751883,-0.319394,0
-2.395023,0.111381,0
-1.259072,2.172147,0
-1.494964,0.623449,0
-0.711100,-0.226909,0
-0.922096,0.750537,0
-1.045489,1.309770,0
-1.365640,1.443539,0
-1.079496,-0.039023,0
-0.099038,-0.084696,0
-0.411205,-0.228619,0
-2.119830,1.828178,0
0.175073,-0.303684,0
-0.606603,0.674269,0
-1.760237,-0.723828,0
-1.363260,-0.461916,0
-0.910393,0.400346,0
-0.886022,-0.359236,0
-1.688409,0.401945,0
0.053671,-0.129135,0
-0.735182,-0.007133,0
-1.174935,0.020958,0
-0.000230,-1.059038,0
-1.527527,0.323487,0
-1.550515,-0.711611,0
-1.509628,-0.509455,0
-0.306817,1.379541,0
-1.289962,-0.655689,0
-1.414074,0.863187,0
-1.978971,0.226094,0
-0.726199,0.769314,0
0.145304,-0.124244,0
0.209988,0.747438,0
-0.927574,1.418808,0
-2.868171,1.614622,0
-1.454662,-0.078700,0
-1.166604,-0.470331,0
0.719521,0.037786,0
-0.414199,-0.137970,0
-0.301838,0.590122,0
-1.343050,-0.591460,0
-0.197671,0.531188,0
-1.004395,-0.158359,0
-2.045807,-0.004495,0
-0.577230,0.652511,0
-1.251933,0.711674,0
-1.811258,1.253182,0
-1.302543,-0.126327,0
-0.541688,-0.783909,0
-1.262072,-1.391193,0
-1.514907,1.559656,0
-1.661637,1.335679,0
-0.630616,-0.413735,0
-0.846490,0.306871,0
-1.154979,-0.684375,0
-0.647402,0.401718,0
-2.013794,-0.189106,0
-1.996805,-1.370055,0
-0.507252,-0.547468,0
-2.388959,-0.827727,0
-1.637675,1.431766,0
-0.651950,0.026462,0
-1.049115,0.162822,0
-0.657034,0.541786,0
-0.711599,0.604907,0
-1.070877,-2.227840,0
-1.097998,0.919934,0
-1.753120,-0.281760,0
-2.393864,-0.142839,0
-1.115123,-0.605123,0
-2.508386,0.445654,0
-0.601805,-1.072806,0
-1.166998,-1.104846,0
0.177088,-0.154776,0
-0.265838,0.445370,0
-1.262242,-1.670347,0
-0.862617,-0.859233,0
-1.393797,-0.168073,0
-1.282578,-0.063604,0
-0.811085,0.222297,0
-1.297479,0.597046,0
-0.399952,-0.522120,0
0.137200,0.431683,0
-1.554738,-0.141140,0
-1.767976,0.415119,0
-0.682166,0.682829,0
-2.289991,-0.414441,0
0.559992,0.173056,0
0.778034,0.587210,0
-1.871850,-0.197816,0
-1.768522,-1.066093,0
-1.540349,-1.052362,0
-1.789389,0.742194,0
-1.580457,-0.359130,0
-0.191322,0.061397,0
-0.602250,-0.251530,0
-2.435456,0.213769,0
-1.115040,-0.535129,0
-1.171839,-0.222456,0
-1.579201,1.000180,0
-2.081811,-0.132280,0
-2.241618,-0.119265,0
-1.705861,-1.282319,0
-1.239462,0.466624,0
0.661469,-0.391925,0
-3.129827,0.509680,0
-1.177171,0.022788,0
0.064205,1.787338,0
-2.855826,-0.024799,0
-1.002153,0.381435,0
-0.871430,-0.616899,0
-1.735857,0.127856,0
-1.725992,1.026885,0
-2.236911,-0.360014,0
-0.673576,-0.462561,0
-1.407288,-0.760630,0
-1.070704,0.028581,0
-1.307337,-0.455654,0
-0.456993,0.420549,0
-1.008479,-0.118354,0
-1.324563,0.034558,0
-1.578837,0.684305,0
-0.879656,-0.559511,0
-3.023755,-0.599590,0
0.129373,-0.435722,0
-2.878976,-0.946100,0
-1.636637,1.390230,0
-1.615222,0.093710,0
-1.636887,-0.148739,0
-2.290710,-0.072963,0
-1.189227,-0.104304,0
-0.142067,1.031478,0
-1.379683,0.078181,0
-2.594660,0.990658,0
-0.633063,0.262539,0
-0.647390,-0.167102,0
-0.822670,1.102889,0
0.693342,0.592438,0
-1.537952,0.446784,0
-0.727309,-0.544648,0
-0.320526,-0.119323,0
-1.835765,-1.538725,0
-1.813256,1.300484,0
-1.442221,-0.061482,0
-0.913331,1.361541,0
-1.639041,-0.568948,0
-0.819245,-0.919349,0
0.227798,-0.018696,0
-0.775519,-0.751239,0
-1.320959,0.249254,0
-1.263812,0.439026,0
-1.250183,0.578650,0
-1.702305,0.937402,0
-1.802743,0.911187,0
-2.093722,-1.388939,0
-2.024328,0.768995,0
-0.848541,0.879730,0
-1.550688,0.840395,0
-1.144642,0.751605,0
-1.194393,-0.076741,0
-0.725225,0.090099,0
-1.059592,0.577669,0
-0.504387,-0.377642,0
-0.793205,0.659332,0
-2.379969,-0.209361,0
-1.732872,0.957998,0
-1.204983,-0.218944,0
-2.394008,0.394872,0
-0.969345,-1.715255,0
-1.876955,0.414578,0
-0.322006,-0.396973,0
0.652262,-1.175219,0
-0.229430,0.715964,0
-0.507764,1.266477,0
0.019652,1.088940,0
-2.445931,1.352712,0
-1.013015,0.309274,0
-1.840046,0.531237,0
-0.362975,-0.419040,0
-1.609881,0.664020,0
-0.486733,-0.056955,0
-1.049304,1.240933,0
-2.050659,-0.957502,0
-1.420667,0.833103,0
0.063171,-1.098962,0
-1.990822,0.387663,0
-0.581936,0.132907,0
-2.328412,-1.560512,0
0.622512,-0.421690,0
-1.413021,0.224837,0
-0.334043,-0.830867,0
-1.085123,0.873728,0
-1.353840,1.895785,0
-0.981795,-0.941690,0
-2.324225,-0.060345,0
-2.093788,0.272699,0
-2.225255,0.321966,0
0.818188,-0.346872,0
-0.968708,-1.226550,0
-1.197187,1.808777,0
-2.354347,-0.922523,0
-0.414244,0.074642,0
-1.513617,-0.844858,0
-2.241312,0.949376,0
-1.364274,0.160618,0
-1.787687,-1.540670,0
-0.240998,0.112886,0
-1.323701,1.099511,0
-2.470122,-0.662235,0
-0.922680,-0.881229,0
0.426316,-0.770397,0
0.186737,-0.089646,0
-1.887226,-1.105894,0
-0.119759,2.075935,0
-0.566700,-0.775666,0
-2.577063,-0.537679,0
-0.440221,-1.215041,0
0.047767,-0.217091,0
-0.789865,-0.506036,0
-1.852220,-2.307968,0
-1.802040,-0.782842,0
-0.671959,1.067157,0
-1.325053,0.697809,0
0.321201,0.204856,0
-0.699362,1.308348,0
-0.274673,-0.832241,0
-1.330419,0.255964,0
-1.069627,-1.468337,0
-1.210523,1.548316,0
0.301530,-0.239590,0
-0.981248,-0.602091,0
-1.674417,-0.550625,0
-0.928824,-0.816754,0
-0.297755,1.064603,0
-0.810785,0.534767,0
-1.814752,0.446488,0
-1.324525,-0.750252,0
-2.301978,0.297645,0
-0.785284,-0.011328,0
-2.811219,0.764132,0
-1.129217,0.295625,0
-0.858825,-1.549985,0
-0.598194,1.026674,0
-1.073878,0.777613,0
-1.377186,0.204821,0
-0.728488,1.049376,0
-0.960329,0.520760,0
-0.847430,-0.471707,0
-1.447022,0.543848,0
-0.959641,-0.934763,0
-0.382168,-0.570682,0
-1.152471,1.042783,0
-2.645787,0.566600,0
-0.190900,-0.656779,0
-1.586205,0.489197,0
-0.294470,-2.213502,0
-1.533793,0.005460,0
-0.883347,0.793611,0
-1.036501,-0.308537,0
-0.119653,1.975933,0
-0.309514,-0.420844,0
-2.889604,-1.125411,0
-1.468563,0.154812,0
-1.557060,0.713814,0
-0.927230,0.021732,0
-2.058527,-0.385310,0
-1.381962,-0.990174,0
-1.667249,-0.055465,0
-0.641204,0.754362,0
-0.665076,-0.701154,0
-1.554207,1.336733,0
-0.436434,-0.861060,0
-1.919613,-0.394952,0
-2.377595,-1.251001,0
-1.215107,0.623313,0
-0.536440,0.245596,0
-0.614736,-1.099534,0
0.345961,-0.706590,0
-1.307649,0.727881,0
-2.498053,-1.781526,0
-2.089442,-0.524786,0
-0.862657,0.793721,0
-1.013764,0.445290,0
-0.343875,0.948311,0
-1.444223,0.177211,0
-0.957706,0.303475,0
-0.305411,-0.597344,0
-1.572232,-0.107413,0
-0.883000,0.710865,0
-1.185205,0.469927,0
-2.304760,0.279483,0
-1.159207,0.692152,0
-1.013428,0.215879,0
0.046528,0.914753,0
-1.587732,-0.247233,0
-0.089316,0.106523,0
-1.791318,1.586229,0
-0.095182,0.729622,0
-0.268133,-0.511703,0
-2.015943,-0.259184,0
-2.177496,0.169736,0
-1.305010,0.068708,0
-0.348150,-0.168128,0
0.359402,1.378889,0
-2.145397,-0.766070,0
-1.643980,-1.086139,0
-1.508674,0.785558,0
0.074019,-2.120833,0
-1.451744,0.141865,0
-1.836851,-0.760909,0
-0.669477,0.365515,0
-1.049513,-0.328901,0
0.615940,2.396675,0
-0.696999,-0.610228,0
-1.716464,0.174294,0
-0.524278,-0.531179,0
-0.200697,-0.027630,0
-0.361763,-0.271814,0
0.643978,-0.969877,0
-1.536697,0.496181,0
-1.594350,-1.330646,0
-1.196327,-0.756371,0
-1.242688,0.909069,0
-1.413895,-0.263197,0
-1.604203,0.729018,0
0.085893,0.466265,0
-0.787301,-1.180239,0
0.246988,0.919367,0
-0.760049,-0.908981,0
-0.424895,-0.521367,0
-1.112607,0.380419,0
-0.469336,-0.431677,0
-1.812176,0.678128,0
-0.371631,-1.425566,0
-0.449936,-0.235604,0
-0.169771,-1.138963,0
-0.884068,-1.079317,0
-1.615874,1.113970,0
-1.910213,0.233201,0
0.152079,1.262668,0
-0.440241,1.355411,0
-1.824258,0.372014,0
-1.762092,0.991807,0
-1.822241,0.220406,0
-1.709882,0.585660,0
-0.335984,0.095951,0
0.063294,1.349314,0
0.122043,1.549612,0
-0.768367,-0.290042,0
-0.261693,-0.033083,0
-1.420476,-1.231671,0
-1.214069,0.882536,0
-0.577385,-0.319406,0
-2.061885,-2.500097,0
0.214747,1.680157,0
-1.874027,0.288846,0
-0.042794,-0.731443,0
-0.943363,0.211838,0
-1.404967,-0.679040,0
-0.298942,-0.633819,0
-1.860485,-1.358397,0
-0.191846,0.089628,0
-0.904282,0.625221,0
-2.079932,-0.187196,0
-0.944226,-0.985401,0
1.257553,-0.333122,0
-1.825562,-0.162808,0
-2.043983,-0.983929,0
-1.119770,-1.878379,0
-0.685273,0.535409,0
-1.961377,-0.167545,0
-1.968539,0.087952,0
-1.061732,-0.146391,0
-1.156039,1.064066,0
-1.150437,-0.031022,0
0.543346,0.065804,0
-0.803174,1.112842,0
-1.584496,0.068590,0
-3.448485,-0.208458,0
-0.241526,-1.137871,0
-1.495530,0.094354,0
-0.961512,0.524079,0
-0.568322,-0.390080,0
-0.763814,-0.342094,0
-0.344836,-1.015684,0
-0.185381,-0.925560,0
-2.290772,0.834128,0
0.313478,0.184774,0
-1.031387,0.435124,0
-0.073292,0.256599,0
-0.631854,-1.101961,0
-1.054971,-0.652060,0
0.039555,-0.256091,0
-0.049282,-0.421063,0
-1.942482,0.463260,0
-2.499768,0.305678,0
-0.142203,0.608959,0
-2.233056,-0.999172,0
-1.401626,-0.190811,0
-2.742514,0.388447,0
0.686013,0.836431,0
-0.775066,0.940948,0
-1.977528,-0.612728,0
-0.716973,-0.767783,0
-2.769126,0.142516,0
-1.742974,-0.345775,0
-1.589886,0.518563,0
-1.383490,-0.441323,0
-2.108183,-0.902001,0
-1.280599,-0.332125,0
-1.403016,1.243814,0
-0.298071,-0.015978,0
-1.077551,0.906775,0
-2.241220,-0.467203,0
-1.016779,-0.405951,0
-1.416691,-0.505484,0
-1.961377,0.182257,0
-1.791941,0.165789,0
-1.217426,-1.595762,0
-1.485431,-0.143237,0
-1.225798,-0.287538,0
-0.458006,0.735411,0
-2.031405,-0.329629,0
-0.698948,1.136857,0
-0.747035,0.579801,0
-0.846456,-0.895193,0
-0.538752,-0.399141,0
1.623321,-1.485762,0
-0.668899,0.668413,0
-1.770328,-0.136038,0
-1.348912,0.134846,0
-0.618740,0.589230,0
0.280291,1.012491,0
