-0.468626,1.185209,1
0.916444,1.119030,1
1.501893,-0.686920,1
-0.754616,-0.658387,1
0.771141,0.807376,1
1.056260,0.617805,1
1.751211,-0.654837,1
0.498483,1.243489,1
0.393631,-1.320279,1
1.404677,0.758320,1
1.339193,-0.191530,1
0.963658,-1.280416,1
1.286018,-0.600388,1
-0.443868,0.223946,1
0.377576,0.973352,1
-0.014486,1.135517,1
-0.219073,1.464345,1
-0.367287,-0.251428,1
1.510109,0.424107,1
0.735124,-0.670674,1
1.645621,0.194530,1
2.131926,0.826484,1
1.374794,-0.238250,1
1.161958,0.819961,1
1.596099,-0.241347,1
0.918468,0.495955,1
1.647728,0.472521,1
0.101566,1.204425,1
0.446088,0.448057,1
0.274530,-1.599406,1
1.674792,-0.021527,1
0.630096,-0.372763,1
1.540578,-0.886594,1
1.572101,0.721809,1
0.902432,0.581571,1
1.084725,-0.490484,1
1.106492,0.021824,1
2.148697,0.063922,1
1.570222,-0.294774,1
0.347963,0.229209,1
2.068259,-0.673250,1
2.085482,-1.007141,1
-0.807629,0.501595,1
0.501913,-0.801185,1
0.251848,-0.544799,1
0.901629,-0.060540,1
0.649770,0.943421,1
-0.129667,0.962940,1
2.402602,0.021763,1
0.878923,-1.411717,1
1.323365,-0.713436,1
0.919513,-0.827698,1
1.513221,2.310245,1
0.411471,1.677033,1
1.244796,0.479551,1
1.522938,0.252318,1
1.041630,-0.829125,1
1.216060,1.198825,1
0.452431,-0.859701,1
1.603173,-0.783403,1
-0.056431,0.658371,1
1.130509,-0.796324,1
1.423866,0.678252,1
1.529379,-0.758689,1
2.300399,0.561495,1
2.359059,-0.561445,1
0.289197,0.872132,1
0.636545,0.906962,1
0.263199,0.109569,1
1.529343,0.837983,1
-0.101905,0.800758,1
-0.877246,1.995071,1
-0.042619,-0.131937,1
0.944324,-0.648883,1
2.429691,-1.009970,1
1.324049,0.887965,1
1.599775,0.161934,1
1.330306,0.898463,1
1.095721,0.311632,1
1.186578,-1.149348,1
0.401145,-0.379288,1
1.682944,-0.353949,1
0.263300,1.164944,1
2.060247,1.020160,1
0.866380,-1.168224,1
0.356054,-1.388474,1
-0.261180,-0.680659,1
2.262536,0.418077,1
0.798960,0.320253,1
0.565164,0.469640,1
0.508654,0.345443,1
0.501640,1.942181,1
0.476913,-1.628329,1
0.379345,0.339511,1
1.160188,-0.792576,1
0.746389,0.005792,1
-0.411075,0.124241,1
0.910025,0.964152,1
2.620709,0.433769,1
1.605109,-0.253746,1
0.490812,0.566462,1
1.640508,-1.358909,1
1.090453,0.430838,1
0.024026,0.106069,1
1.265656,0.829398,1
0.855362,0.811563,1
0.207777,0.175342,1
1.090933,-0.315050,1
0.071390,0.302055,1
0.911457,0.380973,1
1.136349,1.493191,1
0.069405,-0.974553,1
0.202346,-0.350099,1
0.268578,0.407463,1
1.688404,0.060441,1
1.198673,-0.338520,1
0.333259,-0.775616,1
-0.013154,0.316654,1
2.043923,1.625527,1
1.008907,-0.122079,1
0.007182,-0.025622,1
0.352014,-0.670116,1
0.632569,-0.275869,1
1.115461,-0.521287,1
0.896299,1.273719,1
1.567300,-0.724325,1
0.817144,0.514397,1
1.432085,-0.257884,1
0.883409,-1.186646,1
1.354365,-0.053476,1
0.363078,-1.326035,1
1.067222,-1.531177,1
1.980571,-0.096759,1
1.292136,-0.037475,1
0.452022,-0.867791,1
1.954890,-0.969136,1
0.705566,-0.345916,1
0.887981,-1.093400,1
0.852685,-0.002300,1
1.044975,-0.188762,1
1.017018,-0.116845,1
1.778401,1.065535,1
1.437184,-1.401823,1
0.459225,-0.067081,1
0.800907,-1.021757,1
1.377947,-0.561209,1
0.609820,-0.230393,1
1.771409,1.590418,1
-0.326998,-1.351226,1
1.987345,-0.441366,1
1.142521,0.014354,1
0.697878,-0.464924,1
0.896904,-0.440778,1
-0.067505,0.017697,1
2.031355,-0.039948,1
0.098831,1.033647,1
1.642185,-1.471021,1
2.544688,-0.806099,1
1.317951,0.724048,1
0.754006,1.155405,1
1.480745,-0.198726,1
1.689995,0.689078,1
1.347316,-0.927407,1
1.035981,0.473837,1
0.330949,-0.236604,1
1.061842,0.945166,1
2.024021,-1.111406,1
0.351278,-0.336945,1
1.203675,-0.989226,1
-0.382119,1.623813,1
1.144442,0.482361,1
-0.102083,-0.563965,1
2.251486,1.284695,1
1.377977,0.649910,1
0.601454,-1.729471,1
1.056665,-0.643948,1
2.375004,0.360069,1
1.791447,-1.542857,1
0.948309,-1.106690,1
0.382672,0.478493,1
0.454859,0.339083,1
1.871762,1.204725,1
0.598064,-0.155936,1
0.612595,0.160469,1
2.410522,0.450195,1
2.535346,0.395103,1
0.575631,-1.023876,1
1.508654,-0.855593,1
2.376426,-1.439764,1
1.144523,0.513615,1
0.595807,-0.051716,1
0.723233,-0.398950,1
1.866536,-0.637530,1
1.268675,-1.239733,1
1.729404,-0.439927,1
0.972988,-0.789845,1
0.658361,0.982298,1
0.797547,1.200072,1
-0.213854,0.139803,1
0.656150,0.802359,1
0.525328,-1.548578,1
1.472131,0.206639,1
1.062431,-0.476887,1
2.985639,-0.907048,1
1.380369,-0.500147,1
1.975528,0.085173,1
-0.450633,0.157958,1
0.483815,0.923173,1
0.649054,0.329143,1
0.752797,-0.016583,1
2.028896,-0.568372,1
0.213252,-1.039968,1
1.926426,0.507345,1
1.043633,0.873471,1
-0.353419,1.122358,1
2.072297,0.593329,1
1.584001,-0.719502,1
1.313395,-0.067991,1
1.390888,1.538563,1
-0.725300,-0.327463,1
2.058104,1.746125,1
1.417521,-0.866896,1
0.988538,-0.824744,1
-0.068778,-1.024412,1
0.486028,-0.185267,1
0.223402,0.818996,1
2.074364,-1.038348,1
2.287694,0.771313,1
1.527382,-0.448247,1
1.732253,-0.924917,1
0.979038,-0.342328,1
0.784399,0.757125,1
1.031090,-0.084700,1
2.127136,1.053789,1
1.586531,0.494503,1
0.244184,-2.138547,1
0.637542,0.540790,1
1.563790,-0.947385,1
2.288843,0.248045,1
1.897660,-1.168600,1
0.475140,-0.606651,1
1.626325,0.336912,1
1.441250,0.636219,1
1.974776,1.052277,1
1.565021,-0.799099,1
1.601369,-0.028433,1
1.154139,0.854321,1
3.219581,-0.594049,1
0.675803,-0.683825,1
-0.584073,-1.600366,1
0.843288,0.595782,1
1.569597,0.312026,1
1.016605,1.738063,1
0.739806,0.295505,1
0.219950,-0.386794,1
0.725200,0.350190,1
0.973165,0.486103,1
0.870753,1.127884,1
1.371393,1.119229,1
1.035411,-1.244722,1
0.408723,0.675069,1
0.587245,-0.386250,1
-0.132312,0.624955,1
1.660590,-1.138101,1
1.905436,-0.017020,1
1.158540,-0.270107,1
-0.157384,-0.718976,1
0.489456,-0.701810,1
0.998625,2.037505,1
1.133637,-0.152939,1
1.281091,0.230992,1
0.092654,-0.193704,1
0.858082,0.456227,1
1.173976,0.914655,1
2.824128,-0.374933,1
1.278539,0.517411,1
0.010133,-1.088782,1
0.284045,1.005581,1
0.946632,0.244015,1
1.087822,-0.860060,1
1.475524,0.369406,1
2.053788,-0.247953,1
0.365219,-0.434507,1
1.759879,-0.499029,1
1.186036,-0.225847,1
-0.047549,-1.799981,1
0.848470,-2.339218,1
2.203377,-0.057503,1
1.610810,0.550629,1
0.332894,-0.087524,1
1.193802,-0.929392,1
2.218148,0.995343,1
-0.090862,-1.295478,1
1.824510,1.493244,1
-0.599435,-0.162060,1
0.751049,-0.589130,1
1.176819,0.149964,1
1.395085,-0.047201,1
1.247097,0.895582,1
1.923384,0.547419,1
1.033770,0.501135,1
-0.304218,0.512450,1
0.503544,-0.412646,1
-0.075617,0.386210,1
-0.072737,-1.137908,1
0.966908,0.190170,1
1.748158,0.365985,1
1.694047,1.458329,1
1.140003,0.451860,1
0.821975,-0.125455,1
1.361021,-0.230759,1
-0.250386,0.040646,1
0.286830,0.558576,1
1.182219,0.726582,1
0.752882,-1.389584,1
0.705004,0.105474,1
1.220192,-0.105643,1
0.947507,0.748131,1
0.285075,-0.978021,1
-0.602022,-0.437052,1
2.098483,0.851457,1
0.917768,0.128323,1
2.432486,-0.660176,1
1.046165,-0.474172,1
2.477109,-0.983122,1
1.690184,0.236785,1
2.119619,0.406846,1
1.755822,-0.680576,1
2.601755,-0.408616,1
1.419221,-1.693849,1
0.322257,-0.299147,1
2.208140,-0.691216,1
1.182720,1.407060,1
0.948592,1.232428,1
1.204817,1.085659,1
1.956776,1.275486,1
0.431570,-0.090558,1
1.010626,-0.503661,1
1.432658,0.803291,1
0.348790,0.621965,1
1.188680,-0.160223,1
0.792565,0.746081,1
1.314533,0.859821,1
1.505042,-0.258375,1
1.850976,0.391644,1
0.491319,-0.490289,1
0.687297,0.940669,1
0.333996,1.337568,1
1.529241,-0.051595,1
1.204325,-1.798481,1
1.986308,-0.834930,1
1.233098,-0.193227,1
1.944157,0.402370,1
0.652005,0.768365,1
1.646846,0.934311,1
1.535830,-1.002244,1
-1.018518,-0.904468,1
0.262315,-0.033848,1
1.315124,0.738205,1
2.306661,0.959499,1
0.184581,-0.376154,1
1.414928,1.014434,1
1.033939,-1.270937,1
0.179163,0.561405,1
0.542605,-1.335949,1
0.395834,-0.107477,1
1.315781,-0.422746,1
0.735393,-0.685269,1
1.151336,0.564253,1
1.213740,-0.643768,1
0.100126,-1.606113,1
0.219542,-1.157156,1
0.265047,-0.037039,1
0.422411,0.885927,1
1.216097,0.070096,1
2.443078,-1.300451,1
0.323569,1.054450,1
0.731243,0.455678,1
1.298226,-1.370886,1
-0.071696,0.408367,1
1.050527,-1.377730,1
0.208575,0.956358,1
-0.820704,0.272622,1
1.424563,-1.149790,1
1.562212,1.607195,1
1.502853,-0.296573,1
1.611967,-0.755575,1
1.636146,0.050707,1
1.720594,-1.007592,1
1.073131,-0.679479,1
2.561816,-0.804621,1
0.485527,0.909575,1
1.998225,-0.235581,1
1.408278,0.285709,1
0.526061,-0.623656,1
1.514822,-1.288572,1
1.308274,-0.246644,1
1.780945,0.588886,1
0.163779,0.378212,1
1.534000,0.265736,1
0.911766,2.088751,1
0.778526,-0.148123,1
1.804046,-0.615956,1
-0.331560,-0.034060,1
-0.003911,-0.995818,1
2.006887,-0.906357,1
0.771771,-0.190572,1
0.245169,-0.527926,1
0.506971,0.778048,1
1.014101,-1.153951,1
1.125873,0.199955,1
1.099720,-1.012940,1
1.079366,-0.980125,1
1.138408,-0.033476,1
1.625998,-0.532409,1
0.561997,-0.111396,1
0.906573,0.531728,1
0.783719,-0.230416,1
0.441641,-0.712261,1
0.742761,0.346012,1
-0.607981,-0.294655,1
0.483133,-0.413537,1
1.048088,0.157025,1
-0.004944,-0.576193,1
0.449786,0.779000,1
1.362435,-0.759512,1
1.562194,-1.254493,1
0.130722,0.848833,1
2.018790,0.923893,1
0.345713,-0.432149,1
1.682540,-1.099452,1
1.174639,0.311967,1
1.622367,-0.144655,1
1.455916,0.070521,1
0.834383,0.946431,1
2.036342,-0.365986,1
1.311357,1.180746,1
1.726690,-0.291546,1
1.106482,-1.495095,1
0.334650,-0.914617,1
0.140786,-0.535761,1
0.083493,0.975184,1
0.611304,-0.297890,1
1.044448,-0.531254,1
-0.797035,0.890575,1
1.204185,0.928046,1
0.390918,-0.500385,1
0.263884,-0.254355,1
1.121102,0.543353,1
0.960678,-0.099018,1
0.678764,-1.091872,1
2.006186,0.151718,1
1.016922,1.372224,1
-0.291139,-0.877913,1
0.757939,0.378058,1
0.095744,-0.088509,1
2.412692,-0.728450,1
0.436310,0.329538,1
0.401355,-1.510028,1
0.734741,0.289598,1
1.963586,-0.712335,1
-0.076206,0.358472,1
2.300176,-0.465340,1
0.096516,0.089750,1
1.272911,0.253287,1
1.424620,0.346030,1
1.476060,0.479786,1
0.258352,0.001129,1
2.092387,-0.550162,1
-0.528738,0.163589,1
1.714378,-0.642614,1
2.245097,0.771945,1
-0.448466,0.310006,1
0.891680,0.614637,1
0.904352,0.371375,1
0.800846,-1.468033,1
1.436307,0.813344,1
0.665607,1.780066,1
1.505162,0.668624,1
1.064051,-1.063476,1
0.483904,-0.157328,1
0.380759,-0.874264,1
1.771338,0.465848,1
0.699667,-1.397042,1
2.133508,-0.285878,1
0.638702,1.415277,1
0.930055,-0.115461,1
1.129234,-1.164911,1
2.067081,-0.256584,1
1.431983,0.548967,1
1.483706,-0.300472,1
0.369881,1.448739,1
1.066165,0.796150,1
0.648607,-1.098829,1
0.552762,0.979851,1
2.056171,0.930669,1
-0.335986,-0.138141,1
0.924779,-0.170708,1
0.845224,-0.204065,1
1.476975,0.027530,1
1.397540,-1.055316,1
-0.393265,-0.512506,1
0.991451,-1.186262,1
-0.612364,-0.559759,1
0.842351,1.303285,1
1.792402,-0.402285,1
0.215329,0.577208,1
1.307295,0.720079,1
0.718799,-0.871651,1
1.313671,-0.537417,1
2.491995,-1.422498,1
0.444914,1.002332,1
1.474940,-0.646382,1
1.239663,0.300572,1
2.539536,0.031375,1
1.891005,-0.127603,1
-1.511890,-0.608717,1
1.793431,-0.481500,1
1.395805,0.098168,1
0.807480,0.204630,1
0.969505,0.558913,1
1.087081,1.271271,1
0.792174,1.382578,1
0.328449,-1.163652,1
1.436313,-0.470998,1
1.509611,0.527511,1
-0.322121,-0.525132,1
1.141673,0.357531,1
-0.144442,0.390219,1
0.784870,-0.553895,1
0.457013,1.195037,1
1.324473,-0.630516,1
1.991460,0.551361,1
0.601774,-0.713822,1
1.933953,-0.978940,1
0.360851,-0.554272,1
0.323545,0.226120,1
-0.665791,-0.522380,1
-0.101882,-0.228281,1
0.039039,-0.362631,1
1.286767,-0.042784,1
0.649778,1.241956,1
1.037880,-0.017730,1
1.891713,0.843426,1
-0.191190,0.638404,1
1.501908,1.531808,1
1.355780,0.949100,1
1.691348,1.104519,1
0.661077,0.694747,1
1.587263,0.029183,1
0.579210,-0.271144,1
1.716160,0.175752,1
0.371515,1.841530,1
1.433331,-0.028550,1
0.113293,-1.224757,1
1.191034,0.487733,1
1.441088,0.282768,1
0.761101,0.021862,1
1.780752,-1.064490,1
2.050782,1.412913,1
1.325282,0.259632,1
1.617932,-2.133297,1
1.098913,0.384075,1
1.980101,0.749199,1
0.781649,0.488720,1
0.080706,0.481728,1
1.639476,-1.664098,1
0.590538,0.390630,1
1.416257,-0.067005,1
-0.079952,-0.664068,1
0.069630,0.665646,1
1.942763,1.030330,1
0.293726,0.424893,1
0.554993,1.043259,1
2.642196,0.302731,1
-0.008995,0.925405,1
0.223575,-0.785941,1
0.060914,0.910617,1
0.590838,-0.663639,1
0.385627,-0.132299,1
1.081370,-0.852691,1
1.230151,0.253966,1
2.533102,-0.773560,1
1.507530,-0.843012,1
1.454274,0.260013,1
0.828786,0.189340,1
0.149129,-1.031852,1
-0.241270,0.930303,1
1.128500,0.752245,1
0.818039,0.014405,1
0.881470,-0.884932,1
1.692098,0.727967,1
0.753233,-0.494674,1
0.759017,0.152683,1
0.683530,-1.524931,1
1.806620,0.016568,1
1.781092,0.010161,1
1.877731,-0.959075,1
1.460634,0.836855,1
0.567514,-0.605797,1
0.288426,2.282314,1
1.008023,0.347541,1
0.581734,-0.226177,1
1.794965,-0.265283,1
0.733480,0.556135,1
1.260511,-1.109999,1
0.498418,-0.058737,1
1.493540,-0.294210,1
-0.958960,0.431785,1
1.187367,-0.922524,1
0.668944,-0.706129,1
0.938752,-1.600238,1
1.670628,1.533416,1
0.902885,1.622831,1
0.663191,-1.081361,1
2.678775,0.092215,1
1.136770,-0.356401,1
1.675435,0.886764,1
0.050170,0.120605,1
1.370861,0.138833,1
0.679223,-0.010672,1
0.488225,0.332685,1
2.095285,1.722807,1
1.423741,-0.073952,1
1.173583,0.672006,1
0.117450,-0.927845,1
0.152548,1.479014,1
-0.301666,1.138930,1
1.973955,0.889826,1
2.306254,0.169388,1
1.103537,1.489606,1
1.236029,0.929491,1
0.572220,-0.808050,1
0.721696,0.438980,1
1.267469,1.182191,1
1.644511,-0.387703,1
2.463595,0.637648,1
0.721223,-0.819391,1
1.641903,-0.933396,1
1.246023,-0.264352,1
0.816822,-0.317575,1
-0.479108,0.134351,1
0.959649,0.431301,1
1.416535,0.366185,1
1.058670,0.996896,1
0.498419,-0.355113,1
0.116633,1.617241,1
-0.829825,-0.486872,1
2.203090,-1.552338,1
0.740881,-1.461729,1
0.512073,-0.071037,1
0.523968,-0.074790,1
0.240992,0.176149,1
0.894875,-0.320186,1
-0.304369,1.496862,1
2.156065,1.031252,1
0.417936,0.570329,1
0.771720,-0.290440,1
0.653995,0.553536,1
-0.095153,-0.616354,1
1.001804,-0.247907,1
0.055505,0.274754,1
2.019383,-0.924859,1
1.512432,-0.017238,1
2.016401,0.324877,1
-0.172441,1.088237,1
1.379572,0.354740,1
0.714502,-0.354070,1
0.430149,0.420556,1
1.026335,1.003754,1
1.046583,-0.316176,1
1.185007,0.264716,1
1.793735,0.557522,1
-0.136170,1.021828,1
0.996675,0.123960,1
2.415935,-1.371019,1
1.106443,-1.477214,1
0.028134,-0.907889,1
0.420290,0.922917,1
1.102347,0.027057,1
1.600856,-0.415235,1
0.899783,0.323970,1
1.462172,-1.942899,1
1.842035,0.838041,1
1.089952,-1.146729,1
0.344042,-0.240392,1
1.526475,-1.358130,1
1.747663,-1.068158,1
0.743988,-0.129195,1
0.107111,-0.488591,1
0.181754,1.649602,1
1.465003,-1.107890,1
0.405707,-0.304323,1
0.676822,0.370495,1
0.257023,1.133917,1
0.909098,0.134670,1
1.410969,0.320468,1
-0.022133,0.640592,1
2.034117,-0.213341,1
2.002334,-0.662106,1
1.140756,-0.632937,1
0.829207,-0.560977,1
1.224372,-0.913385,1
0.853792,0.461915,1
1.664547,0.902224,1
1.375321,-0.015003,1
1.142118,-0.334431,1
1.951323,-0.739396,1
0.812191,0.750295,1
-0.367267,-0.813811,1
0.449466,0.738752,1
0.078008,-0.216328,1
0.380951,-0.497526,1
-0.263985,0.663736,1
2.149273,-1.158387,1
0.307182,0.146110,1
0.981478,0.004036,1
0.633608,-0.579182,1
1.197286,-1.486815,1
2.476369,1.716947,1
0.327200,1.166819,1
0.624501,1.581675,1
1.605434,-1.988516,1
1.538285,-0.319859,1
-0.121577,-0.678335,1
0.153331,-0.816658,1
1.465083,0.824424,1
0.735722,0.050878,1
-0.030432,0.215751,1
0.820035,-1.316995,1
0.483783,-0.115432,1
2.051306,-1.139321,1
-0.445405,-0.345865,1
1.699181,0.108044,1
0.539936,1.064786,1
-0.441148,1.165819,1
1.226941,0.009554,1
0.209794,0.212835,1
-0.432130,0.793715,1
1.047881,-0.732140,1
0.229027,0.382058,1
0.083685,-1.185962,1
0.720530,-0.010344,1
2.258890,-1.184898,1
1.626237,0.243700,1
-0.059149,0.459864,1
2.659247,0.624320,1
1.658720,0.027800,1
0.969808,-1.016998,1
1.006834,-0.037228,1
1.685942,0.593392,1
0.987595,0.693692,1
-0.246258,0.076751,1
0.795181,-0.593721,1
0.169842,-0.369510,1
1.160868,-0.611188,1
1.670041,1.318777,1
1.380731,-1.707363,1
1.853617,0.487720,1
0.949214,-1.085411,1
2.520156,0.181849,1
-0.323108,-0.338073,1
1.075154,0.224901,1
-0.749115,-0.336267,1
1.415314,-0.211714,1
0.453390,-1.253376,1
1.589810,-0.747417,1
1.225554,0.140871,1
2.088775,-1.138320,1
1.282352,0.950989,1
3.493675,-0.653480,1
0.623195,-1.860619,1
0.658249,-0.097282,1
2.127984,0.657989,1
-0.418809,-1.243853,1
1.542995,0.965124,1
1.567942,0.295533,1
1.187826,-0.486449,1
0.579324,-1.285485,1
1.428997,0.923319,1
1.261493,1.140895,1
1.491151,0.345527,1
1.547989,0.126147,1
1.267859,-1.005674,1
0.212503,0.465684,1
1.354218,0.899668,1
-0.787712,0.121653,1
0.832367,-0.839418,1
0.444603,-0.302452,1
3.183177,0.614821,1
1.417500,0.867140,1
0.985857,0.608341,1
0.622491,-0.832866,1
-0.108072,-1.032437,1
1.124009,0.826425,1
0.251133,1.928023,1
0.704275,-1.211709,1
0.764533,0.967176,1
1.572523,-0.023522,1
1.087190,0.558987,1
1.868399,-0.187805,1
1.509710,-0.011299,1
2.300698,1.102286,1
0.969464,-0.887502,1
1.191845,-0.319048,1
1.646735,0.935865,1
0.297693,0.278035,1
-0.550175,2.180606,1
1.288892,-0.218786,1
2.180666,0.222352,1
1.861340,-0.678435,1
1.808389,-0.241872,1
2.712080,-0.807728,1
-0.414550,1.757204,1
-0.145592,-0.020480,1
1.259750,0.295398,1
1.367162,0.526873,1
1.261121,-0.060682,1
1.288706,-1.078211,1
3.349616,-0.751925,1
0.494582,0.130687,1
0.749615,0.454467,1
1.839434,0.698099,1
1.072974,-0.193063,1
1.425427,-0.298323,1
0.727135,-1.037348,1
0.048328,-1.355967,1
1.671917,0.351072,1
1.271854,0.795617,1
1.345988,1.123723,1
1.388580,-0.608540,1
1.559555,-1.470079,1
1.842024,0.472843,1
1.357017,0.888830,1
0.275913,1.054747,1
0.890923,-0.527777,1
-0.780049,0.898149,1
2.525560,-1.641066,1
1.964007,1.441325,1
0.986464,0.120592,1
0.487257,-0.003817,1
1.064741,-1.514855,1
0.767492,-0.291020,1
1.685117,0.309813,1
2.096934,0.214487,1
0.528335,0.461400,1
1.024431,-0.322169,1
2.041370,-0.391550,1
1.642221,0.922315,1
2.009863,0.649916,1
-0.216483,0.284883,1
1.531930,-0.756127,1
1.508893,-0.254850,1
2.390079,0.508331,1
0.762857,-0.319989,1
2.092005,1.222709,1
0.717775,-0.151778,1
2.235707,0.256490,1
-0.529183,-0.667796,1
0.828803,-0.717430,1
0.730221,-0.322906,1
1.355516,-0.291163,1
1.146856,-0.531342,1
1.956323,0.402187,1
2.152115,-2.004633,1
0.746227,-0.590161,1
2.338363,0.949422,1
0.541709,-0.715939,1
1.392686,-0.197170,1
1.503926,0.228612,1
-0.066244,1.477643,1
1.239076,-0.665125,1
-0.127431,0.637143,1
-0.033709,-0.799280,1
-0.245350,-0.174035,1
1.428088,0.493797,1
1.847150,-0.655775,1
2.157081,0.783314,1
0.861130,-0.551880,1
0.705608,-0.009270,1
1.519789,-0.050367,1
2.139625,0.156080,1
1.179731,0.098672,1
1.274853,-0.223965,1
2.623982,-1.237590,1
2.044740,2.112520,1
0.533248,-0.682354,1
0.809017,-1.286513,1
1.192253,0.547988,1
2.194769,-1.222792,1
0.483718,1.684620,1
1.033210,0.440745,1
0.738525,-0.032105,1
1.088815,-0.088401,1
1.089515,-0.214141,1
-0.615499,-0.304892,1
0.941871,0.755746,1
0.987183,0.464091,1
0.278955,0.088016,1
0.640133,-0.085238,1
0.346509,0.254517,1
0.739803,-0.249801,1
0.579502,0.128263,1
0.581068,0.082550,1
1.696073,0.734757,1
0.971280,0.385556,1
0.270449,-0.535880,1
0.932444,-0.578063,1
0.616563,0.113292,1
0.784013,-1.519705,1
1.227548,-0.015870,1
0.564957,-0.234118,1
0.580764,-0.097768,1
0.594990,0.726083,1
2.764569,0.021264,1
1.293807,-0.628376,1
1.287651,0.382663,1
1.186968,0.156751,1
0.715955,-0.513582,1
1.006057,-0.441223,1
-0.491843,-0.644888,1
0.463147,0.163089,1
1.603774,-0.453877,1
0.204080,-0.317589,1
2.106830,-0.421241,1
0.105132,-0.832383,1
1.517868,0.572957,1
1.196039,-0.459459,1
0.895496,1.519492,1
-0.216663,0.159251,1
1.423695,-0.285904,1
1.359710,-0.530951,1
-0.006474,-0.951122,1
0.960702,-0.258461,1
0.322366,0.368154,1
0.105737,-0.281135,1
0.699564,-0.209155,1
0.448774,0.043985,1
2.483864,0.789797,1
1.522262,-0.817312,1
1.937732,1.752898,1
0.905795,-0.397707,1
1.940578,-1.424826,1
0.234180,-0.293087,1
0.884636,0.022769,1
1.452357,-0.497291,1
-0.285565,-1.620051,1
0.979878,0.755892,1
1.716397,-0.103613,1
0.240779,-1.011381,1
0.824614,-1.034948,1
0.151972,-1.104376,1
0.296043,-0.367214,1
0.561552,0.933718,1
1.220351,-0.354549,1
1.660428,0.048300,1
0.145745,0.491260,1
0.401172,0.448068,1
0.570929,1.881158,1
-0.545983,-0.098283,1
0.453623,1.255718,1
1.310940,0.768888,1
0.256280,-0.165016,1
1.562467,1.802460,1
0.999936,2.416858,1
0.098856,-0.965540,1
0.212254,0.435408,1
1.401924,0.224117,1
1.393035,0.109465,1
2.019217,0.272184,1
1.240277,0.752849,1
1.339867,-0.456417,1
0.534360,0.157448,1
1.414323,0.230176,1
0.986704,0.316940,1
2.329492,-1.036203,1
0.450023,-1.185226,1
-0.254788,1.366005,1
1.933073,0.019333,1
0.021980,0.277325,1
0.564864,-1.214037,1
0.254004,0.053275,1
1.199273,0.088170,1
-0.157203,0.171886,1
1.065182,0.988234,1
-0.561888,-0.962957,1
1.456654,0.255949,1
0.412875,-0.076471,1
1.231652,0.441338,1
-0.138057,1.788248,1
1.642055,0.257938,1
1.411385,-0.070864,1
0.686164,0.525728,1
1.760465,-0.436269,1
0.943925,0.406852,1
0.859950,-0.290571,1
0.690618,0.138375,1
1.018380,-0.214553,1
0.364060,1.161138,1
1.601945,-0.154696,1
0.154120,0.332961,1
0.365025,0.684506,1
1.714273,-0.144775,1
2.752541,0.183161,1
1.214634,0.295083,1
1.074822,-1.316845,1
1.516098,0.289434,1
1.656322,0.076183,1
0.490044,0.585639,1
1.932043,-0.838520,1
1.362335,0.719038,1
0.938350,0.953116,1
0.425234,-0.043576,1
2.114136,-0.930844,1
-0.474658,0.308411,1
1.116243,0.647518,1
0.033938,0.324426,1
1.048604,0.191094,1
0.517173,-0.516182,1
0.751859,0.314910,1
0.724892,0.080264,1
1.016526,0.785347,1
2.657759,-0.484470,1
0.005352,0.970220,1
0.169242,-0.880333,1
1.857722,0.237584,1
-0.425848,0.190738,1
0.658628,-0.610486,1
0.975911,1.051830,1
1.079065,0.343267,1
-1.135976,-0.997250,1
0.278498,0.880231,1
0.093413,-0.082488,1
-1.415487,-1.075946,1
1.021269,1.260211,1
0.381979,0.017419,1
2.029806,-0.429553,1
0.136081,0.848028,1
2.356152,0.676720,1
1.346762,-0.464498,1
1.362816,0.066747,1
0.312148,-0.383372,1
1.700667,-0.205727,1
1.839656,0.581263,1
-0.398425,0.053606,1
0.143009,-0.711645,1
2.083007,-0.991677,1
-0.257490,-0.463107,1
2.147876,-0.367030,1
0.349777,0.883013,1
-0.561850,0.045077,1
0.230326,-0.123442,1
0.630045,0.534676,1
1.007076,0.356887,1
1.286795,-0.928470,1
1.945213,0.533058,1
-0.013636,1.450277,1
1.150917,0.964482,1
2.240429,0.282904,1
2.486968,-0.806702,1
0.060767,0.792272,1
1.012207,-1.395194,1
1.166733,-0.391418,1
0.822824,1.014407,1
-0.619904,0.734761,1
0.619181,1.215765,1
2.111669,-0.567644,1
1.590509,-0.240331,1
-0.054080,-0.952687,1
0.221751,-0.344228,1
0.387614,-1.413891,1
-0.099565,-0.466088,1
0.164735,-0.570849,1
1.655590,-1.686004,1
0.826682,0.149646,1
1.755680,0.199685,1
1.671231,0.498921,1
0.267250,-0.865905,1
2.060864,-0.025315,1
-1.038785,-1.899006,1
1.958130,0.062509,1
1.507414,0.174662,1
0.890098,-1.015605,1
1.594142,0.328680,1
1.078890,1.609458,1
0.092086,-0.538411,1
1.972627,-0.062911,1
1.912332,-1.461593,1
1.546706,-0.315066,1
-0.150650,0.300102,1
0.421036,-0.034270,1
1.450869,-0.073621,1
1.788390,-0.974065,1
0.807483,-0.405807,1
0.624154,0.429002,1
0.810411,-0.035623,1
1.151965,0.373762,1
1.385464,-0.485863,1
-0.565760,-1.071973,1
1.744934,1.076462,1
0.650167,0.443224,1
1.612874,-1.142212,1
1.753845,0.210325,1
1.175105,-0.520372,1
0.004976,-1.158967,1
1.982840,0.136701,1
1.161771,-1.301976,1
0.592710,-0.409414,1
0.753807,0.379714,1
-0.487931,-1.592008,1
0.866221,-0.327552,1
2.044494,0.353371,1
0.425454,-0.139450,1
1.937071,-0.024169,1
1.610178,0.005562,1
2.216689,0.345285,1
2.398806,-0.771141,1
0.238844,0.653672,1
1.216826,-1.460258,1
0.934843,0.885908,1
0.855412,1.079971,1
1.179224,-1.247699,1
-0.221731,-0.456795,1
0.201156,0.831715,1
1.366832,-0.856309,1
2.287682,-0.688975,1
1.190457,-0.377463,1
1.247067,-1.640384,1
1.921677,-1.152929,1
0.853235,0.860790,1
0.745712,0.108983,1
1.158990,0.117541,1
-0.318915,-0.405277,1
1.745350,1.019750,1
1.032822,-0.213928,1
0.471086,-1.980422,1
-0.128835,-0.045520,1
-0.003074,-0.708252,1
0.659617,-0.989641,1
1.964943,-0.779782,1
-0.548050,0.443504,1
0.367046,-0.515870,1
1.201134,0.374350,1
1.876914,0.779860,1
-0.213963,0.434102,1
2.632835,0.996698,1
1.702315,-0.068780,1
0.729928,-0.434967,1
0.877878,-0.127877,1
1.707808,-0.475946,1
1.061243,0.753596,1
1.368634,1.088783,1
2.186519,0.810280,1
2.150218,-0.508702,1
0.625407,-1.036481,1
0.696730,-0.405025,1
0.022911,1.332484,1
0.577480,-0.069075,1
0.284702,0.043420,1
-0.068224,-0.308432,1
1.387624,-0.057502,1
1.814054,-0.247221,1
2.057146,-0.367704,1
1.234996,0.415350,1
1.261492,0.087268,1
0.956821,-0.820671,1
0.958260,-0.126477,1
0.800540,-0.841761,1
1.396681,-0.146203,1
0.971758,-1.166928,1
1.440260,0.763337,1
0.979995,0.768761,1
-0.011136,0.424686,1
-0.351134,0.202357,1
-1.095106,-0.973480,1
1.528879,-0.146940,1
1.150542,-1.147251,1
0.821785,-0.259898,1
1.315669,0.210686,1
1.262852,-0.883965,1
1.165122,0.447249,1
0.112022,1.162057,1
1.871392,-0.206725,1
0.177224,0.818364,1
1.083278,0.508886,1
0.615559,-0.080171,1
0.924732,0.486529,1
1.444622,0.303610,1
1.598312,-1.020767,1
0.852460,-0.121101,1
0.882210,-0.499762,1
0.418799,-0.582800,1
1.307576,-0.645472,1
1.481953,-1.582084,1
0.828554,0.870278,1
2.171722,-0.349928,1
0.477295,0.106557,1
0.267637,-0.028637,1
-0.421317,0.823962,1
0.722025,-1.026102,1
0.852245,0.461630,1
-0.338846,0.164638,1
-0.115305,-1.044575,1
0.868777,-0.269657,1
1.366203,0.952112,1
1.536519,-0.316582,1
-0.556839,-0.490302,1
1.338836,0.192127,1
1.510162,0.362301,1
0.645847,-0.249152,1
1.544263,1.240827,1
1.242416,0.210717,1
0.176790,-0.001185,1
-0.782115,0.247101,1
1.031680,-1.191597,1
0.909111,0.877405,1
1.893104,0.728996,1
1.052461,0.005183,1
0.702502,0.544366,1
0.638055,-0.880950,1
1.628613,0.934744,1
-0.035959,1.684915,1
1.219376,0.576653,1
1.240499,-0.352720,1
0.785156,0.687091,1
2.170348,1.357736,1
0.145327,1.612292,1
1.460106,0.342352,1
0.258228,0.889666,1
0.857221,0.841579,1
0.943102,0.118097,1
0.262969,-1.105960,1
0.705311,0.406883,1
1.042003,-0.034425,1
0.392842,-2.049452,1
0.989548,0.523018,1
1.885336,-1.103649,1
2.134979,-0.193935,1
1.926755,-0.134999,1
1.015142,-0.319356,1
2.052339,0.309628,1
0.425965,-0.938412,1
1.590713,0.726167,1
0.589422,-0.062186,1
2.009285,-0.167208,1
0.926432,-0.561440,1
-0.728677,0.151646,1
1.919715,0.974092,1
1.148433,0.055056,1
1.583924,0.181900,1
-0.099303,-1.066351,1
1.679640,0.870951,1
0.017309,-1.241889,1
1.866944,0.476519,1
1.026345,-0.398798,1
2.305194,-0.469571,1
1.195055,1.829860,1
0.010673,-0.933766,1
0.924492,1.325172,1
1.348157,-0.119111,1
-1.016481,-0.123689,1
2.303101,0.259606,1
1.651160,-1.990389,1
0.853188,0.857297,1
0.661732,-0.136140,1
2.544655,0.406942,1
0.480936,0.283865,1
-0.020867,0.032426,1
1.298046,-0.368086,1
0.073541,0.769945,1
1.487863,-0.515237,1
0.986504,0.035087,1
0.161709,-0.411656,1
0.976619,-0.702015,1
1.127545,-0.715641,1
2.375998,0.330415,1
2.992700,-1.861064,1
1.192092,-0.956295,1
1.212909,0.579681,1
-0.312064,1.634711,1
0.826702,0.245045,1
0.561594,0.569987,1
0.101523,-0.864177,1
1.920347,-0.441483,1
1.715548,-0.427446,1
0.500674,-0.879399,1
2.410085,0.552132,1
0.438015,0.547782,1
-0.336128,-0.881286,1
0.740189,0.207272,1
1.026416,-1.126874,1
2.080241,-1.604480,1
0.827073,-0.449034,1
1.060943,-0.353454,1
1.340637,-0.330556,1
2.305053,0.538528,1
0.361149,-0.092214,1
1.833048,-0.323151,1
1.426325,-0.421379,1
2.203933,-0.410128,1
0.396824,-1.303643,1
2.525224,0.575613,1
0.538518,0.860106,1
1.938872,-2.004906,1
-0.216693,0.235278,1
1.404876,0.270540,1
1.476664,-0.115035,1
2.283312,-0.387232,1
0.745273,1.013300,1
0.680163,-1.065974,1
0.409928,-0.138970,1
0.534323,-0.016003,1
0.929136,0.580014,1
0.670906,0.418166,1
1.070099,-0.030918,1
1.129696,-0.108940,1
0.580861,0.788585,1
1.490878,-0.142925,1
1.000314,0.901882,1
-0.649932,-0.570546,1
1.496084,-0.349440,1
0.831107,-0.430802,1
1.724412,0.474301,1
0.301421,0.221335,1
1.966313,-1.268587,1
0.303169,-0.404525,1
1.682493,0.310289,1
0.561259,-0.656173,1
2.464029,-0.536558,1
1.034451,-0.059035,1
2.037432,0.693768,1
1.204625,0.939040,1
0.751716,-1.308686,1
0.265831,1.293615,1
0.867256,0.160886,1
1.435549,0.363289,1
0.907837,0.765108,1
1.105020,0.605169,1
1.031439,-0.432862,1
0.534085,-0.209556,1
-1.153854,0.130976,1
1.022542,0.507958,1
1.487641,0.404905,1
1.139780,-0.651117,1
1.810697,-0.622659,1
1.456487,-0.396082,1
1.536442,-0.627917,1
0.693564,-0.576279,1
2.241528,0.249171,1
-0.307013,0.410797,1
1.069885,0.573231,1
0.881242,0.172836,1
1.120828,0.878338,1
1.267971,-0.240321,1
2.261196,-0.297982,1
-0.073642,0.726321,1
1.008946,0.292047,1
1.423915,-0.063347,1
0.031248,-0.734359,1
0.125273,0.964819,1
2.007101,0.941117,1
1.502418,0.715205,1
0.861112,-0.080682,1
-0.176385,2.391411,1
1.767272,0.589412,1
0.071893,-0.615560,1
1.310789,0.347981,1
-0.423825,-1.181951,1
1.173546,-0.150563,1
0.386406,0.178876,1
0.962687,-0.416504,1
1.136476,0.411836,1
1.689561,0.172632,1
1.139427,0.578333,1
0.650929,0.083647,1
1.465972,-1.099958,1
-0.178742,-0.989613,1
0.766747,0.670974,1
2.781801,-1.534336,1
0.289719,0.664582,1
0.591332,-0.171082,1
1.552856,-1.056450,1
-0.868450,0.424583,1
1.928330,0.524001,1
0.522141,0.568862,1
0.734223,-1.160305,1
-0.459525,1.115137,1
1.329017,-0.960543,1
1.689258,-1.649972,1
0.390396,-0.271273,1
1.491110,0.939539,1
0.348621,0.908216,1
0.946664,-0.601931,1
2.214206,0.463789,1
2.918015,-0.781687,1
2.721455,0.217670,1
-0.329350,1.003704,1
-1.055485,1.163845,1
1.769225,-0.890459,1
0.638054,-0.599928,1
0.958459,0.611877,1
1.921671,0.217795,1
2.070599,0.347075,1
0.573701,-0.898096,1
-0.339668,-0.899620,1
-0.293977,0.196703,1
1.696227,0.216749,1
1.126316,1.647065,1
1.417252,-0.176425,1
1.003307,-0.460240,1
0.342765,0.972796,1
1.052611,0.882323,1
1.325151,0.073148,1
0.710917,-1.033879,1
0.386734,-0.675407,1
0.601048,-1.485546,1
1.667780,1.402740,1
2.822912,-0.170728,1
-0.095182,-0.077919,1
1.100952,-0.556904,1
1.115340,-1.432218,1
1.066368,-1.000194,1
-1.136336,1.315098,1
0.898243,-0.258367,1
2.168475,0.542264,1
0.686512,-0.338749,1
1.374978,1.054865,1
1.223881,1.192026,1
1.453319,-0.567809,1
0.283492,0.634115,1
0.810240,-0.306089,1
0.852477,-0.361632,1
1.468634,-1.505671,1
0.279095,1.130171,1
1.687871,0.257852,1
3.010326,0.689578,1
0.880415,-1.210168,1
-0.170470,0.099915,1
-0.319263,0.703366,1
1.364360,0.284853,1
1.110953,0.617005,1
0.527058,-0.006599,1
0.041352,0.401177,1
1.695904,0.866835,1
1.722108,1.976682,1
0.246221,0.513471,1
1.156792,0.332743,1
0.000659,0.556115,1
1.369044,-0.396068,1
1.941915,0.475173,1
-0.563640,-1.301554,1
0.654161,-1.799777,1
2.069484,0.868140,1
0.050003,0.253175,1
1.259202,1.121297,1
0.710236,-0.169717,1
0.577912,-0.687795,1
2.077255,0.139600,1
1.114494,0.097481,1
1.557248,0.751319,1
1.119129,-1.577062,1
1.943654,0.245013,1
0.856675,0.362472,1
0.228864,0.127253,1
0.676236,0.466777,1
1.409012,-0.484875,1
1.517176,0.191060,1
-0.082441,0.716322,1
1.588969,1.063149,1
1.494929,-0.796988,1
1.887442,-0.368382,1
1.225680,-1.095792,1
0.821081,-0.760704,1
1.473994,-0.739150,1
1.951448,1.391369,1
0.500024,-0.165549,1
-0.178533,-0.759538,1
1.968883,-0.081932,1
0.621104,0.252285,1
0.822573,0.052180,1
-0.376784,-0.515304,1
0.651657,1.698223,1
2.008425,-0.559202,1
-0.144957,-0.581881,1
1.061966,0.103848,1
1.836164,0.114937,1
0.713334,0.789564,1
1.522590,-0.427027,1
0.446003,0.781621,1
0.103959,0.964764,1
1.745433,-0.950600,1
1.345728,1.167618,1
-0.158947,-0.311505,1
2.013839,-0.903929,1
1.580373,0.253055,1
2.679759,-0.716350,1
0.526930,0.134576,1
1.714100,0.184874,1
1.187431,0.135891,1
1.618995,0.958416,1
-0.254435,1.158188,1
1.243356,1.341045,1
0.364208,-0.944084,1
0.868033,0.849646,1
0.868773,0.014704,1
-0.172453,0.060382,1
2.188198,0.500212,1
1.542224,-1.183995,1
2.657183,0.035730,1
1.545006,-0.438936,1
1.494759,-0.144525,1
1.619238,-0.065693,1
1.102194,0.595159,1
1.518400,-0.326348,1
0.991473,-0.041455,1
2.395584,-0.343120,1
-0.001997,-1.836276,1
0.230582,-1.641405,1
2.389351,-0.359418,1
1.543449,-1.804970,1
1.138777,1.222278,1
1.106447,-0.006230,1
2.077945,-1.371811,1
-0.204541,-0.538955,1
1.597911,-0.219131,1
0.696485,-0.288288,1
1.287546,1.223699,1
0.667059,0.064478,1
0.447316,-0.244373,1
1.924586,-0.963534,1
1.401799,0.610740,1
0.852323,1.268397,1
1.022530,-1.390953,1
0.553169,1.780430,1
-0.088884,1.422395,1
0.650590,-0.441732,1
1.430400,-0.670906,1
-0.060532,-0.679249,1
2.135833,2.242520,1
1.347464,0.732507,1
1.537715,0.041955,1
1.279147,1.061545,1
2.133193,-0.427828,1
0.718630,0.237759,1
0.912181,-0.516248,1
0.034863,0.029097,1
-0.064182,-0.573926,1
1.219904,-2.067435,1
1.024920,1.129825,1
1.711448,-0.493243,1
1.387745,0.870559,1
1.318739,0.049807,1
1.846786,-0.394210,1
-0.134551,-0.594317,1
0.680231,0.252851,1
1.629675,-0.280213,1
0.267412,1.642233,1
1.542357,0.978289,1
1.190232,0.047889,1
0.332263,-0.449888,1
0.446883,-0.885359,1
2.123336,2.007918,1
1.156451,-0.364308,1
0.947199,0.713265,1
1.391297,0.160104,1
1.179260,0.380359,1
1.297042,-1.392931,1
2.048493,0.608829,1
2.186410,-0.405918,1
1.873607,0.620773,1
0.352750,-1.430230,1
1.985837,-0.511412,1
-0.498115,-0.062177,1
2.226558,0.182608,1
-0.325158,0.038272,1
0.528313,0.846089,1
1.609013,0.553712,1
0.677324,1.177382,1
0.376646,0.812140,1
1.406537,-0.033611,1
0.310119,1.168967,1
0.567242,0.449052,1
2.260466,-0.536541,1
1.043754,1.573794,1
0.826539,0.516941,1
1.868423,-0.925092,1
1.479040,0.237822,1
0.429523,-0.131918,1
1.382093,-0.154451,1
0.294098,0.778627,1
1.079254,1.110318,1
-1.184812,-0.776247,1
1.398745,1.027223,1
1.215886,0.085333,1
0.687029,0.680654,1
2.685755,0.472910,1
1.159312,-0.413931,1
0.111677,0.640303,1
0.281463,-0.244333,1
0.764210,0.088110,1
0.522470,-0.521503,1
1.256128,-0.594436,1
0.566845,0.506561,1
1.609041,0.078193,1
1.407330,-0.632431,1
0.806123,0.130430,1
2.383909,-0.767755,1
1.310896,0.457038,1
1.200239,-1.410090,1
1.484364,0.926457,1
1.366095,-0.885130,1
1.003279,-0.338143,1
0.560511,-1.263934,1
0.330368,0.303341,1
0.576687,0.082526,1
0.525745,-0.133478,1
1.424931,-0.946250,1
1.374533,-1.266795,1
1.553308,-0.208883,1
1.702271,0.507916,1
0.586369,-0.302168,1
0.004353,0.832901,1
0.676600,-2.375564,1
0.465824,-1.636048,1
1.607013,-0.193067,1
-0.026977,-0.798852,1
0.694897,-0.112899,1
1.309463,-0.091295,1
-0.021434,-0.274273,1
-0.487635,0.170293,1
1.662314,0.995636,1
1.488224,-0.304328,1
0.170058,0.048263,1
1.268078,-0.301999,1
1.330899,-0.635905,1
1.206539,0.292720,1
1.188585,-0.033989,1
1.067068,-0.237907,1
1.350314,1.006243,1
2.256803,-0.790425,1
0.167747,-1.036085,1
1.529785,-0.177899,1
1.284384,0.545419,1
1.093035,-0.286167,1
1.168089,-0.056311,1
1.733980,-1.034827,1
1.713973,0.394478,1
0.243232,0.323141,1
1.150766,-1.113464,1
0.778033,0.711852,1
1.462166,1.716619,1
1.850832,0.339874,1
2.586291,-0.033775,1
2.097421,-0.378387,1
2.059790,0.193012,1
-0.194188,-0.477447,1
-0.631760,0.846091,1
1.195312,-0.938243,1
-0.434776,-0.111424,1
1.766997,0.753760,1
1.026600,0.739731,1
1.238073,-1.137859,1
1.671886,-0.474858,1
1.249094,0.282453,1
0.887890,-0.179742,1
2.456446,-0.983450,1
1.482438,0.792747,1
0.070822,-0.218939,1
1.278455,-1.582592,1
1.083276,1.261115,1
0.645361,-0.891535,1
0.131770,-1.242999,1
1.278762,1.137538,1
0.619100,0.271728,1
1.801289,-0.386376,1
1.127264,-1.027455,1
0.424120,-0.097401,1
1.574837,0.446349,1
2.265286,-1.631608,1
0.145945,0.384486,1
1.572881,-1.693732,1
1.091573,0.315743,1
1.170412,0.696532,1
1.627565,1.459037,1
-0.257610,-0.765613,1
0.775859,-0.577856,1
1.474324,0.682452,1
0.571165,-0.028823,1
0.181961,0.991889,1
1.612729,-0.146022,1
2.448021,0.495117,1
-0.370789,0.020676,1
0.313810,2.475440,1
0.914236,-0.205762,1
-0.092698,-0.044051,1
0.770040,-0.962859,1
0.666205,1.556624,1
0.374075,0.976808,1
-0.246170,-0.095426,1
1.157949,1.174836,1
-1.150230,-0.049304,1
0.553164,0.741116,1
1.574844,-1.206475,1
1.693174,0.391808,1
0.762939,0.095366,1
0.462952,0.151351,1
0.935565,-0.135096,1
1.017459,0.288230,1
1.853048,0.483997,1
0.197752,-0.864773,1
1.092101,1.208750,1
1.082210,-0.090090,1
-0.367868,-0.503449,1
0.605362,1.147078,1
1.422243,0.967321,1
1.004612,-0.409743,1
-0.733948,0.203872,1
1.125851,0.338915,1
1.275484,0.548708,1
1.147700,0.019838,1
0.772661,-0.862212,1
1.579246,-0.908955,1
0.384896,0.380436,1
1.765230,-0.965829,1
-0.042866,-1.197869,1
1.117977,0.744834,1
0.284715,0.502830,1
1.093814,-0.122690,1
0.914510,-0.584165,1
0.560244,0.518555,1
0.232942,-0.167147,1
1.728542,0.139199,1
0.439509,0.009000,1
1.246155,-0.515229,1
0.084944,-0.760859,1
1.306719,-0.013441,1
2.003174,-0.717440,1
0.732258,-0.146405,1
1.177886,-0.348303,1
1.900509,0.446850,1
2.209393,0.305964,1
1.563877,0.142853,1
-0.003875,-0.263116,1
0.819267,0.660647,1
0.888755,0.604432,1
1.376721,-0.394396,1
1.524847,-0.441965,1
0.523027,0.531485,1
0.800412,-0.172774,1
1.001840,-0.953544,1
1.697248,-1.229237,1
0.303977,0.291504,1
-0.147711,-0.487182,1
0.611601,0.054242,1
1.064686,0.197764,1
1.623695,0.479858,1
-0.369048,-0.941902,1
1.343389,0.871500,1
1.678011,-0.608087,1
0.995885,0.455297,1
2.120498,-0.510775,1
2.301085,1.312440,1
1.101331,-0.202606,1
1.010749,0.663431,1
1.340630,0.671171,1
1.100716,-0.418654,1
1.659248,-0.467095,1
2.009128,0.544708,1
0.974693,-0.464348,1
1.916566,0.276809,1
1.485320,0.873364,1
0.757270,0.044737,1
0.181826,-1.325699,1
2.630972,-1.371505,1
0.384890,0.009673,1
2.460587,0.803411,1
-0.302538,0.839683,1
-0.765800,-0.154410,1
1.341375,-1.392842,1
0.909606,0.082596,1
1.249022,-0.164836,1
-1.012167,0.370299,1
0.783044,1.123340,1
1.135260,-1.084710,1
1.570552,-0.067063,1
0.821741,0.251229,1
-0.130734,-0.841795,1
1.589242,0.560368,1
1.574938,0.157690,1
1.237677,-0.488807,1
1.197220,-0.277595,1
1.732087,-0.686106,1
-0.736441,1.333998,1
0.878033,-0.324878,1
0.508645,-1.183691,1
1.416508,-0.140462,1
1.262208,0.022518,1
1.844153,-1.426100,1
0.987590,-1.442684,1
0.566910,-0.537669,1
1.786187,0.446795,1
0.713803,1.162525,1
1.431783,0.339324,1
0.160056,-1.482157,1
0.054739,-0.925218,1
1.180012,-0.602108,1
0.923123,-0.021177,1
1.094693,0.945637,1
1.755204,-0.668499,1
0.796783,1.339653,1
0.542081,0.529135,1
1.521394,-0.519646,1
0.323029,0.358292,1
0.389822,0.578572,1
0.683000,0.030131,1
0.638886,0.386146,1
0.795990,0.043040,1
-0.005859,0.945151,1
1.516888,0.178565,1
1.397294,0.460733,1
0.223872,-1.034959,1
-0.379610,-1.386227,1
0.905743,-0.673263,1
0.765611,0.781953,1
0.612537,0.420954,1
1.523621,-0.249033,1
-0.042724,-1.094664,1
0.503418,0.265148,1
1.476088,0.951547,1
0.923329,0.492820,1
2.034634,-2.476200,1
0.216285,-0.778318,1
0.683518,-0.939476,1
1.310763,0.731220,1
2.419610,-0.325947,1
-0.073924,0.633155,1
1.693220,-0.703912,1
-0.199845,0.826247,1
0.632286,0.392214,1
1.594303,-0.198697,1
2.486328,-0.774411,1
1.348524,0.168433,1
1.210810,0.508445,1
0.579563,-0.554000,1
2.193992,0.908120,1
2.096832,-0.104097,1
2.151429,-1.019693,1
0.592078,0.022377,1
0.016790,0.717870,1
0.212202,0.909920,1
0.817507,0.557774,1
1.443121,-0.483557,1
0.654984,0.474594,1
0.909163,0.376127,1
1.299683,0.932485,1
-0.067916,0.443776,1
1.509921,0.320431,1
0.637067,0.849093,1
0.258851,-0.080802,1
1.049479,-0.590770,1
2.181992,0.176685,1
1.285234,-0.397344,1
0.621832,0.011431,1
1.491437,-0.173493,1
0.925288,-0.608928,1
1.345119,0.446380,1
2.572179,0.956754,1
2.107419,0.998562,1
-0.085064,1.075539,1
1.453071,0.097136,1
0.808190,-0.226227,1
1.154227,-1.160126,1
1.960317,0.223849,1
-0.128655,-0.350267,1
-0.948209,-0.938225,1
1.032390,0.368366,1
1.344116,0.495599,1
1.439798,1.154768,1
1.420643,-0.831565,1
3.077744,-0.893104,1
0.419896,-0.065036,1
0.956111,0.165448,1
1.118149,-0.696394,1
0.834911,0.572107,1
0.790846,-0.019671,1
1.321577,0.644493,1
1.276908,0.462423,1
1.440821,0.061784,1
0.887814,0.039101,1
2.352866,-0.305043,1
1.546487,1.257757,1
1.138578,-0.395267,1
1.947610,-1.808647,1
1.077884,0.609765,1
-0.747997,-0.890383,1
0.360701,-0.596823,1
0.990720,-0.429366,1
0.083425,-1.328997,1
1.478723,0.966156,1
1.432361,-0.911699,1
1.886981,-0.945019,1
1.011852,-1.205663,1
1.339716,0.961026,1
0.070961,-0.459085,1
2.820966,-0.287442,1
-0.013299,-0.599829,1
0.612400,-0.175329,1
-0.083068,-1.756968,1
1.851390,-0.855505,1
1.201727,0.137274,1
1.879517,0.746619,1
1.783088,-0.486763,1
1.346012,0.816329,1
1.755417,-1.180158,1
2.426255,0.553164,1
1.050864,-0.669151,1
1.745951,-0.639205,1
0.584097,-0.876938,1
0.472413,1.150223,1
1.139989,0.420476,1
0.736988,1.041896,1
0.964842,-0.919185,1
0.578053,-0.430898,1
1.786778,0.285577,1
1.109555,1.098136,1
1.159079,-0.402103,1
0.699106,-0.919338,1
1.324510,0.056253,1
0.348584,-0.291809,1
1.551319,0.963916,1
1.305893,0.002054,1
0.645147,1.001173,1
-0.002710,-0.126940,1
0.738073,0.427552,1
0.015876,1.515818,1
1.608128,-0.094885,1
0.895489,0.077026,1
1.614835,0.846367,1
1.403295,-0.747174,1
1.729352,1.622838,1
2.280406,0.131515,1
1.987355,-0.688606,1
1.511950,0.926227,1
-0.137344,-0.497145,1
0.787542,0.490412,1
0.295559,-0.931624,1
1.971255,0.236985,1
0.324067,-0.797976,1
0.591593,-0.450107,1
-0.901657,0.285407,1
1.064588,0.407075,1
0.265773,-1.092927,1
0.995790,0.261458,1
0.505116,-1.695020,1
-0.064192,-0.826106,1
-0.662314,1.523364,1
1.746501,-0.582076,1
0.837235,0.650206,1
0.972502,0.176944,1
1.097920,0.195626,1
0.948373,-0.027483,1
1.458400,0.013855,1
1.766853,-1.542290,1
-0.582118,0.250700,1
0.874649,0.216194,1
1.898019,-0.565828,1
0.031758,-0.761802,1
-0.200093,0.540213,1
0.590275,0.805281,1
1.079177,-0.032392,1
0.838534,-0.812311,1
0.940638,-1.530255,1
0.952051,-0.130072,1
-0.576933,-0.857048,1
0.906051,-1.921246,1
1.970156,-1.501130,1
0.434355,0.337504,1
2.266091,-0.044706,1
2.226692,-0.994301,1
1.495867,-0.092316,1
0.764834,-0.020666,1
0.911857,0.294232,1
0.243142,-0.063624,1
0.397372,-1.691627,1
1.751573,-0.928479,1
1.751512,0.434872,1
1.586982,-0.241014,1
0.047648,1.366086,1
1.587888,0.192734,1
0.441415,0.219324,1
0.861355,0.417759,1
0.059106,0.415190,1
0.497644,-0.124617,1
-0.655661,0.333608,1
2.011002,0.299616,1
2.684695,-0.044169,1
1.422568,0.239456,1
1.658675,-0.131434,1
0.208231,-0.960246,1
1.752802,0.934805,1
-0.794588,-0.505332,0
-1.511552,0.041600,0
-0.995044,-0.621827,0
0.060457,-0.376356,0
-0.273107,0.218205,0
0.074225,-2.543895,0
-1.559084,0.091740,0
-0.529740,0.027214,0
-0.874357,-0.425850,0
-2.499804,1.089220,0
-1.332432,-0.657731,0
-0.309796,-0.838085,0
-1.604566,0.193797,0
-1.498265,0.341795,0
-2.123586,0.802399,0
-1.519596,-0.397775,0
-0.940849,-1.332094,0
-1.246265,1.531782,0
-0.861637,-0.800658,0
-1.569695,1.369998,0
-1.615964,-0.206121,0
-1.122154,0.747547,0
-1.597513,0.508005,0
-0.315195,-0.187744,0
-1.883486,0.376875,0
0.703404,-0.072975,0
-0.211682,-1.326609,0
-1.590219,-0.027873,0
-1.188143,-0.480245,0
-1.142950,-0.030737,0
0.810394,0.541668,0
-1.697680,0.641894,0
-0.964532,1.414222,0
-2.031861,0.626837,0
-2.051421,-0.584394,0
-0.525398,1.095271,0
-0.723285,0.048749,0
-0.783583,-0.474349,0
-0.655059,0.749197,0
-1.291562,-0.536779,0
-1.944359,-1.139839,0
-2.100147,0.165665,0
1.325181,-0.566599,0
-0.798042,0.891063,0
-2.350218,0.084338,0
-0.126776,-0.296926,0
-1.266230,0.856093,0
1.713937,-0.957960,0
-0.863451,0.511238,0
-1.068795,0.847909,0
-0.796512,0.126147,0
-0.244321,-0.362029,0
-0.486888,-0.310831,0
-0.729923,-0.300061,0
-1.112596,-0.386024,0
-1.073011,-1.741069,0
-0.767553,-0.393319,0
-2.016293,1.873597,0
-0.543926,0.264018,0
-2.478888,-0.219213,0
-1.236877,-0.332307,0
1.229518,0.719039,0
-2.406663,0.548075,0
0.361000,1.104062,0
0.697363,-1.081340,0
-0.740186,0.557175,0
-0.933715,-2.270959,0
-1.345372,0.260013,0
-0.124646,0.001297,0
-1.380847,1.212833,0
-2.353945,-1.578966,0
-0.353155,-0.622736,0
-0.996948,0.621502,0
-0.340834,-0.482347,0
-0.665839,-0.641739,0
-1.038222,-0.629700,0
-0.913381,-0.750344,0
-1.806093,-0.161872,0
-1.214015,-0.245786,0
-0.553361,-0.393968,0
-1.156475,0.767479,0
-1.255883,0.772074,0
-0.861191,0.196223,0
-0.371130,0.593321,0
-0.991085,0.842921,0
-2.035258,0.825960,0
-0.912872,-0.022380,0
-0.276407,-1.163055,0
-1.374095,0.136775,0
-1.600158,-0.656307,0
-1.226701,-0.304819,0
-1.121081,0.214772,0
-0.236776,-0.676484,0
0.350420,-0.656822,0
-0.464456,1.656965,0
-1.472064,-0.171502,0
-0.969291,0.339088,0
-1.513945,-0.819544,0
-0.296105,0.038791,0
-1.002437,0.780115,0
1.162022,0.092527,0
-1.206150,-0.961370,0
-0.583276,0.012267,0
-2.429573,-0.012483,0
-0.545265,-1.312198,0
-1.360347,-0.220256,0
-1.664409,-0.076173,0
-0.685275,-0.074476,0
-1.139995,0.007845,0
-1.983054,0.132993,0
-1.110938,1.038265,0
-1.694648,-0.392296,0
-1.413924,0.349923,0
-0.335190,-0.420696,0
-3.302004,1.047351,0
-0.137371,-0.548380,0
0.118490,-0.702666,0
-1.183628,0.986802,0
0.324940,-0.334461,0
-1.611135,0.353694,0
-2.431891,-0.784428,0
-1.252044,0.442467,0
-1.571124,0.544379,0
-0.714135,0.515749,0
-1.158177,0.199256,0
-0.534496,0.123488,0
-0.763348,0.026464,0
-2.385726,0.578747,0
-0.305022,0.019505,0
-1.004198,-0.940070,0
-1.024639,-0.070710,0
-1.185650,0.760215,0
-0.235133,0.258005,0
0.816750,-0.871645,0
-0.692441,-0.682532,0
0.317020,0.142941,0
-2.298192,0.126471,0
-1.704872,-0.535503,0
-1.704595,-0.011858,0
-1.231288,-0.163308,0
-0.710298,-0.427578,0
-2.074963,-0.702093,0
-1.453684,-0.781282,0
-0.189058,-0.026607,0
-0.536138,-0.570117,0
-2.334246,-0.163964,0
-1.525705,-0.612734,0
0.345582,0.920582,0
-0.830199,-1.076086,0
-0.913939,-0.022455,0
-1.123440,0.158341,0
-0.945619,1.522303,0
0.148589,1.491463,0
-0.543235,0.212073,0
-1.698041,0.044764,0
-1.153283,-0.222851,0
-0.118134,-0.035078,0
-1.947816,-0.197657,0
-1.399515,-0.114278,0
-0.592536,-1.013866,0
-0.985536,0.096813,0
-1.462120,-0.972681,0
-1.280092,-0.148720,0
-1.339113,-0.097149,0
-0.515312,0.539301,0
1.720573,-0.301216,0
0.186848,-0.916150,0
-1.367313,0.232718,0
-1.276163,1.115448,0
-0.537019,0.003038,0
-0.013357,0.021377,0
-0.332202,-0.482342,0
-1.022543,-0.746393,0
-0.974794,-0.683092,0
-0.653730,-0.100422,0
-2.141454,0.173345,0
-1.110001,1.165930,0
-1.708213,-0.328218,0
-0.296557,0.602894,0
-1.099757,0.183173,0
-0.306501,0.108557,0
-0.561782,-1.151570,0
-1.284948,0.771730,0
-0.564157,-0.960749,0
-1.150151,0.376713,0
-1.594003,0.764105,0
-0.720001,0.862954,0
-0.047178,1.170737,0
-1.139040,1.211647,0
-1.043786,0.147612,0
-1.290744,-0.168195,0
-0.179618,0.405079,0
-2.146138,0.287636,0
-0.825519,0.331029,0
-1.531385,0.947158,0
-0.085228,-0.288489,0
-1.026757,0.570682,0
-2.014492,0.589185,0
-2.386243,0.560669,0
-2.533543,0.784660,0
-1.176278,-0.581975,0
-1.602161,0.116843,0
-0.623719,-1.736079,0
-1.134471,-0.090455,0
-2.945926,0.594215,0
-0.612841,-1.255016,0
-1.042141,-0.477621,0
-1.387844,-0.244816,0
-0.120563,-1.253454,0
-0.451401,-0.536066,0
-1.443298,1.185779,0
-1.202524,1.351591,0
-1.349758,-0.602270,0
-1.207402,0.447462,0
0.396970,-0.158532,0
-0.786431,1.078470,0
-0.607199,1.073474,0
-0.178657,-1.263999,0
-0.763408,-0.132414,0
-2.146417,0.782362,0
-0.501281,-0.517882,0
-2.522390,-0.544745,0
0.136414,-0.578482,0
-0.108960,0.530556,0
-0.497046,0.594749,0
-0.129434,-0.834274,0
-1.523096,0.759034,0
-0.336525,-0.126602,0
-1.814728,-0.804930,0
-1.620258,-0.521152,0
-0.662908,1.108239,0
-1.930939,-0.649482,0
-0.321983,0.838782,0
-1.279495,0.515974,0
-1.144565,-0.199363,0
-1.622805,-0.879227,0
-1.999096,-0.151641,0
-1.279573,-0.022446,0
-0.380190,1.299215,0
0.106676,0.052583,0
-0.503627,-1.001217,0
-1.584602,0.524222,0
-2.589881,0.278432,0
-1.025661,-0.300064,0
-1.862738,-0.457905,0
-2.700782,0.746447,0
-1.894919,0.484129,0
-0.262297,-0.113119,0
-0.843078,-0.394729,0
-1.413573,-1.315516,0
-1.166841,1.366770,0
-0.665728,1.211441,0
-0.497107,0.806463,0
-0.712023,1.489755,0
-0.833172,-0.906084,0
-0.153504,-1.796357,0
-1.238626,-0.640128,0
-0.760956,-0.232882,0
-0.003560,-0.119838,0
-0.968104,1.294511,0
-1.598472,1.073954,0
-0.046193,0.346272,0
-1.402545,0.193843,0
-0.124452,0.971484,0
-0.284322,0.468963,0
-1.978027,-0.836369,0
-0.549971,0.062846,0
-0.507073,0.374257,0
-0.620073,-0.102156,0
-0.891234,1.438011,0
-0.323349,1.127277,0
-1.298997,-1.702836,0
-1.612393,0.686988,0
-0.734616,-0.383295,0
-0.069796,-1.735545,0
-1.176145,-0.711093,0
-1.799413,-0.301067,0
-1.750692,-1.059352,0
-1.430295,-0.388763,0
-2.212480,0.957326,0
-0.832279,-1.320112,0
0.727282,0.795711,0
-1.777642,-0.495348,0
-0.480913,-0.302516,0
-2.078799,-0.200540,0
-1.212577,1.216393,0
-1.634811,0.913021,0
-0.032851,-0.422732,0
-0.628842,0.190595,0
0.107349,-0.317486,0
-0.907812,0.779289,0
-0.740682,-0.140065,0
-0.937873,0.196523,0
-0.954601,0.584522,0
-1.289640,-0.064911,0
-0.696420,-1.389981,0
-2.157783,0.530128,0
-1.610461,-0.418470,0
-1.460172,-0.190076,0
-1.519566,0.361832,0
-0.693397,-0.604962,0
-0.196244,-0.058525,0
-0.349805,-0.563894,0
-1.035862,-0.569337,0
-0.337903,0.269075,0
-1.181319,-1.166243,0
-0.285800,1.733228,0
-1.399278,0.762147,0
-0.666348,-1.148667,0
-1.789154,0.232217,0
-1.980905,0.608039,0
-0.500134,-1.220190,0
-1.834852,-0.088061,0
-2.822637,-0.723896,0
-0.803516,-0.474408,0
-0.993682,0.818971,0
-1.595648,0.033050,0
-2.417789,1.658663,0
1.230064,0.700447,0
0.011365,-0.823874,0
-1.432444,0.300711,0
-1.342047,-0.480841,0
-2.920400,0.838635,0
-1.061429,0.106179,0
-2.302044,0.832707,0
-0.633638,0.284614,0
-1.628081,0.212354,0
-0.476716,-0.418676,0
-0.613960,0.774819,0
0.144819,-0.560452,0
-1.091331,0.187848,0
-0.367361,0.875281,0
-0.469074,0.581829,0
-0.737001,0.622733,0
-1.153084,0.394946,0
1.022763,-0.907776,0
-0.517495,0.139061,0
-2.327962,1.738512,0
0.139734,-0.062261,0
-1.559673,-0.410894,0
-1.199752,0.658744,0
-1.883304,-1.571361,0
0.276000,0.256326,0
-1.407413,0.699050,0
-0.414833,-0.443234,0
-1.424833,-0.092101,0
-1.525331,-0.384651,0
-1.314956,0.082207,0
-0.426638,-0.705462,0
-1.355742,1.606608,0
-0.973792,0.913688,0
-0.953860,1.311538,0
-1.340548,0.610330,0
-1.534573,-0.017530,0
-0.505272,-0.492216,0
-0.158345,0.017318,0
-1.365349,0.920557,0
-1.797659,-0.070454,0
-0.587147,1.171863,0
-0.842666,0.890959,0
-1.368444,-0.367203,0
-1.422732,-0.029695,0
-0.863508,-1.321484,0
-1.046367,-1.199675,0
-0.233194,1.208036,0
-0.072866,1.456407,0
-1.463748,-0.259850,0
-1.574158,-0.857462,0
-0.656211,0.158430,0
-0.042404,-1.969246,0
-0.586014,-0.205958,0
-1.254305,-0.380864,0
-2.365724,0.457565,0
-1.637234,0.411713,0
-1.028104,0.756896,0
-0.747499,-0.252032,0
-1.644796,0.457717,0
-1.307278,-0.258622,0
-0.862669,0.278520,0
-2.052942,1.049629,0
-1.110071,-0.227486,0
0.209734,0.833907,0
-0.035166,-1.419146,0
-0.472178,-0.652147,0
-1.291100,0.211121,0
-1.554341,0.315979,0
-1.813615,-1.385031,0
-0.762319,1.004500,0
-0.106362,1.397322,0
-1.939689,0.733266,0
-1.150812,0.020025,0
-1.274156,0.734903,0
-1.405179,-0.108992,0
0.079303,-0.229979,0
-0.734993,-0.078655,0
0.428584,0.740041,0
0.217884,1.054113,0
-3.282323,-0.561985,0
-1.887469,-0.548981,0
-2.253836,-0.666944,0
-0.331381,-0.080271,0
-0.370623,0.669650,0
-1.332611,-0.002604,0
-0.209922,0.917913,0
0.142272,0.628114,0
-1.304773,0.773613,0
-2.234383,-1.236274,0
0.379925,0.314606,0
-1.623184,0.503980,0
-0.014464,2.592573,0
0.286131,-0.764538,0
0.259819,0.380970,0
-1.680351,-0.067483,0
0.195694,0.587934,0
-2.103865,-1.538394,0
-1.657125,-0.375594,0
-0.216274,-2.127726,0
-1.000982,-0.056367,0
-0.021935,-0.256252,0
-0.043572,-0.147752,0
-1.731399,0.431282,0
0.042272,-1.409539,0
-0.521641,-0.077201,0
-1.441262,-0.038456,0
-1.151378,-1.435469,0
-0.529715,0.040758,0
-0.747210,-0.399277,0
-1.591265,-0.265592,0
-0.054570,0.702642,0
-1.217520,0.995354,0
-2.315051,-1.032819,0
0.246557,0.915693,0
0.282736,-0.467953,0
-1.211071,0.141109,0
-0.535669,-1.179787,0
-2.138749,0.840682,0
-0.384429,-1.414530,0
-0.875871,1.112529,0
-1.539533,-0.631034,0
-1.392324,-0.353000,0
-0.683455,0.608895,0
-0.949306,-0.108216,0
-0.408787,0.591435,0
0.415379,0.761043,0
-0.495300,0.188326,0
-0.279221,0.713724,0
-1.596786,0.795258,0
-1.720937,0.189098,0
-1.195033,-1.338238,0
-1.124309,-1.304511,0
-0.499263,-0.291288,0
-1.313597,-0.522890,0
-1.402813,-1.161574,0
-1.574943,-1.335223,0
-1.259937,0.459790,0
0.581521,-0.943495,0
-0.202067,-0.003487,0
0.006401,-0.592490,0
-1.201760,0.884651,0
-1.880985,0.295619,0
-0.737279,0.154639,0
-1.686484,1.472757,0
-2.009376,0.231854,0
-1.572516,0.298271,0
-1.432229,0.236215,0
0.056858,-0.321838,0
-0.888176,0.103899,0
-0.686208,-0.352983,0
-2.194341,-0.810340,0
-0.907648,-0.712355,0
-0.882179,0.507079,0
-1.331246,2.426776,0
-2.134775,-0.461598,0
0.460649,0.266124,0
-0.648161,-0.087969,0
-1.818118,-0.119252,0
-0.221923,0.245539,0
-0.950064,-0.079279,0
0.113921,0.809669,0
-0.597065,-0.247647,0
-1.324732,-0.553047,0
-2.863228,0.613291,0
-2.349461,1.284650,0
-0.200581,0.151146,0
-1.309316,-0.884534,0
-1.874503,0.392347,0
-0.137707,-0.141907,0
-1.576370,-1.046593,0
-0.535831,1.637552,0
-1.417640,0.138722,0
-1.287349,1.802109,0
-1.140370,0.585003,0
-2.068496,0.356017,0
-1.470199,-0.277456,0
-1.690722,-0.398395,0
0.196105,-0.257909,0
-0.872911,-0.502343,0
-1.285232,-0.279232,0
-1.195299,-0.326661,0
-1.507857,0.055147,0
-1.875620,-1.118096,0
-2.160494,0.137647,0
-1.267071,-0.222987,0
-2.023269,0.676594,0
-0.592060,1.047893,0
-1.050914,-0.110970,0
0.277420,1.240534,0
-0.825437,-0.489864,0
-1.545037,-0.695687,0
-0.585177,1.237421,0
-1.153200,-0.346529,0
-1.803485,-0.800427,0
0.842749,1.041157,0
-1.410262,0.450473,0
-0.381945,0.126189,0
-0.059478,-1.395547,0
-1.247801,2.226358,0
-1.360688,1.173513,0
-1.522668,0.715525,0
-1.793161,-0.649301,0
-1.626402,-0.958666,0
-0.997250,0.844559,0
-0.452303,-0.678436,0
-0.008013,1.622115,0
-1.053035,0.010000,0
-0.360389,0.142509,0
-0.901654,-0.825511,0
-0.682469,0.750030,0
-1.556579,-0.298772,0
-1.208101,-0.621175,0
-2.277163,1.331079,0
-0.601479,1.300941,0
-1.097721,0.404590,0
-0.907196,-0.870859,0
-0.875280,-0.948394,0
-1.982760,1.308416,0
-0.806756,-0.102122,0
-0.046448,0.046887,0
-1.300525,1.326424,0
-0.529935,-1.931554,0
-2.103535,0.297009,0
-1.592304,0.789313,0
-1.105495,-0.687987,0
-1.567406,0.532935,0
0.331533,-0.813333,0
-0.184566,-0.979087,0
-1.304607,0.519052,0
-1.112985,-0.202563,0
-1.225518,0.301738,0
1.224766,0.157824,0
-0.189070,-0.780244,0
-1.366795,0.357784,0
-1.701811,0.393441,0
-1.717676,-0.283245,0
-0.283551,-1.146815,0
-1.829826,0.065315,0
-1.729196,0.635510,0
-1.299053,-0.384738,0
-0.866258,1.366553,0
-1.882391,-0.275586,0
-1.044198,0.951140,0
-1.164921,-0.709616,0
-1.120667,-0.211810,0
-0.677663,-0.345866,0
-0.927893,0.442454,0
-2.408289,-1.098295,0
-0.607950,0.799133,0
-0.785014,0.113283,0
-2.870220,1.228725,0
-0.503605,-0.236718,0
-1.094739,2.082211,0
-2.409260,0.230941,0
-0.077377,0.703504,0
-1.770600,0.370765,0
-0.581640,0.730595,0
-0.765166,0.292445,0
-1.249731,1.455577,0
-0.259605,0.675368,0
-0.738816,-0.921419,0
-2.063999,0.275406,0
-1.297643,0.113810,0
-1.459640,-1.519832,0
0.146735,-1.087511,0
-1.079193,0.203041,0
-1.044492,-0.500499,0
-0.605426,0.974553,0
-1.211359,-0.887848,0
-0.552889,-0.539034,0
-0.796184,-1.201441,0
-2.604536,-0.654638,0
-2.963653,0.260959,0
-0.698332,-0.615771,0
0.630848,1.364683,0
-1.714179,1.469908,0
-1.059050,-0.218614,0
-0.340811,-0.494058,0
-1.494850,-0.313425,0
-1.057961,2.063983,0
-1.838373,0.010901,0
-1.787812,-0.857665,0
-0.272308,-0.267641,0
-0.950436,-0.598550,0
-2.434449,-0.197096,0
0.223551,0.674331,0
-1.172544,-0.240305,0
-0.881658,0.053989,0
-2.671698,0.314312,0
-0.042968,0.568155,0
-0.677831,-0.862924,0
-0.338605,0.192405,0
-0.329828,-1.541173,0
-0.133850,1.141317,0
-2.101858,-0.316689,0
-1.612287,0.677237,0
-1.940793,-0.593858,0
-2.268421,0.019259,0
-0.068840,-0.624150,0
-0.100789,-0.505970,0
-1.521801,-0.307931,0
-1.194445,0.352277,0
-0.749576,0.169605,0
-0.451195,-0.244791,0
-1.179234,-0.020514,0
-1.401035,2.931913,0
-0.419739,0.120129,0
0.172723,1.068518,0
-1.044186,0.949278,0
-0.882707,0.227631,0
-1.236478,-0.113181,0
-0.698379,0.960923,0
-0.078826,-0.452201,0
-0.285220,0.205379,0
0.152222,-0.521101,0
-2.264907,1.279653,0
-1.256459,0.932007,0
-2.048954,-0.807509,0
-0.900965,0.200696,0
-0.918205,-0.687313,0
-1.675559,-0.419205,0
-2.751315,0.224264,0
-0.893639,1.602683,0
-1.754765,-0.485042,0
0.250328,-0.040154,0
-0.659286,1.379463,0
-1.645800,-0.219785,0
-1.570244,-0.261495,0
-1.723484,-0.224983,0
-0.607572,0.922541,0
-2.476450,-0.919086,0
-1.671842,1.156583,0
-2.582374,-0.173991,0
-2.068470,-1.028490,0
-1.066644,-0.213668,0
-2.788001,0.460590,0
-1.155726,-0.381255,0
-1.113192,0.025555,0
-1.001420,-1.171368,0
-2.264119,-2.394025,0
-0.283238,-0.004650,0
0.445981,-0.420090,0
-0.069107,0.997414,0
-2.055711,-1.461936,0
-1.021029,0.638378,0
-1.591956,0.040907,0
-0.324736,0.470140,0
-0.165519,0.170053,0
-0.359507,0.233088,0
0.091719,0.735197,0
-0.302177,1.425928,0
-1.970751,-0.390325,0
-0.719929,-0.418337,0
-0.237669,-0.965169,0
-0.522545,1.245002,0
-1.229590,-0.423047,0
-1.801038,1.105620,0
-1.069538,0.332325,0
-2.697443,-0.977027,0
-1.893692,-0.517536,0
0.204945,-0.542431,0
-0.449463,-1.337788,0
-1.815670,-0.481839,0
-1.336085,0.065560,0
-1.398244,0.545674,0
-1.203434,1.207533,0
1.055814,-0.274333,0
0.168122,0.690866,0
-1.719966,0.462759,0
-1.383223,-0.122585,0
-2.200214,0.470798,0
-1.548366,-0.523294,0
-1.087410,-0.246288,0
0.675462,0.603641,0
-0.826827,-0.591300,0
-1.063030,-0.639184,0
-1.190246,0.096791,0
-1.409847,0.414287,0
-1.160642,-0.170236,0
-2.066076,-0.816575,0
-0.833466,0.570345,0
-0.668278,-0.949479,0
-2.045052,-0.433041,0
-1.836752,0.102804,0
-1.624665,-0.295568,0
-1.477157,-0.160133,0
-0.712099,0.473279,0
-0.673588,0.900311,0
-1.146769,0.244762,0
-0.937444,0.219454,0
-0.839499,-0.399913,0
-1.390106,0.034623,0
0.478505,0.069781,0
-1.001783,0.737323,0
-0.861840,1.416931,0
-0.961388,-0.393490,0
-0.240956,-0.881751,0
-0.925462,-0.389706,0
-1.003709,-0.768688,0
-0.925721,0.453856,0
-1.256675,-0.165885,0
-0.118439,0.112234,0
-2.604806,-0.512740,0
-1.187236,-1.187531,0
-1.031529,0.029089,0
-2.344691,0.704034,0
0.050867,0.181177,0
-1.952314,-0.525254,0
-1.705776,-0.021286,0
-1.170841,-0.878232,0
-0.923947,0.579347,0
-1.337937,0.087067,0
-0.592192,-0.055423,0
-1.645435,-1.235460,0
-0.784644,-0.212758,0
-0.414386,-1.092269,0
-0.612403,0.436266,0
0.564280,-0.420193,0
-0.496212,0.678218,0
-1.811781,0.058759,0
-0.877934,0.414315,0
-0.894546,-1.189153,0
-0.150292,1.016319,0
0.169549,0.161686,0
-1.477625,1.023572,0
-0.433346,1.201338,0
-1.051348,0.286382,0
-1.136250,0.144782,0
-1.000511,-1.000820,0
-0.897963,-0.270476,0
-2.196579,-2.077090,0
-1.163289,0.755735,0
-2.264499,0.357964,0
-1.503207,-0.154537,0
-0.994925,0.641383,0
0.051552,0.263232,0
-1.444867,-0.518080,0
-1.393811,0.410753,0
0.301483,-0.533841,0
-1.730934,-0.544752,0
-1.524917,0.514959,0
-0.744071,-1.453030,0
-1.483882,-0.747125,0
-1.249772,-0.656933,0
0.109648,-1.204960,0
-0.726265,-0.107855,0
-1.808409,-1.789584,0
-2.238060,0.009721,0
0.318946,0.437449,0
-0.358725,-0.279888,0
-0.739387,-0.066807,0
-1.987673,-0.166593,0
0.015595,0.159382,0
-0.834073,0.402263,0
-1.201510,-0.920971,0
-1.375822,-0.541571,0
-2.576395,-1.253929,0
-0.957515,-0.215930,0
-0.357127,0.252139,0
0.095866,0.093352,0
-0.582640,-0.590555,0
-0.089831,0.766857,0
0.455367,-0.308001,0
0.840172,-0.440244,0
-0.891421,0.038911,0
-2.261415,0.735773,0
-0.478772,-0.671404,0
-0.789110,-0.796348,0
-0.187118,1.429129,0
-2.498129,0.670119,0
-0.491095,0.396046,0
0.189124,-0.001067,0
0.041749,-0.480102,0
-1.480866,0.330697,0
-0.921003,0.722891,0
-0.425305,0.157993,0
-1.004976,0.171410,0
-0.739754,0.100039,0
-2.178129,-1.185366,0
-0.283084,-0.482539,0
-0.652553,0.119278,0
-1.436579,-0.826389,0
-1.434918,0.358210,0
-0.546357,-1.197251,0
-1.260758,0.792692,0
-0.929199,0.397109,0
-2.489272,-0.373982,0
-1.149018,-0.468955,0
-1.939380,-0.751206,0
-0.719050,-0.514743,0
-1.894715,0.329822,0
-1.874299,1.137333,0
-0.857912,0.690561,0
-1.866620,-0.298909,0
-1.147097,0.110247,0
0.324731,-0.749925,0
-1.387800,0.920991,0
-1.662649,-0.567969,0
-0.859411,-0.273309,0
-0.353147,0.560381,0
-0.414278,-0.811113,0
-1.063381,0.084302,0
-0.404991,0.116708,0
-0.230361,-1.169737,0
-2.009250,0.069709,0
-0.894361,0.104626,0
-1.320276,-0.642128,0
-1.212732,0.307695,0
-1.164401,-1.088605,0
0.935129,1.081032,0
-0.133862,0.305414,0
-0.411932,-0.299858,0
-1.411626,-0.985059,0
-1.350759,-0.672460,0
-1.260304,0.038371,0
-1.201957,0.293323,0
-2.797867,1.127119,0
-1.116949,1.640747,0
-1.751611,-1.690976,0
-1.697539,-0.639130,0
-0.602549,-0.180972,0
-2.366549,0.250612,0
-1.286949,0.122552,0
-1.079926,0.339637,0
-1.127716,1.933453,0
-3.187082,1.143390,0
-1.855634,-0.677993,0
-0.467220,0.524587,0
-0.667671,-0.267980,0
-0.401890,0.563375,0
-1.612844,-0.898416,0
-0.664558,-0.227322,0
-2.011119,0.047801,0
-0.614124,0.323916,0
-1.324811,1.530251,0
-0.082883,-0.163257,0
-1.371210,-0.685707,0
-1.852721,0.026830,0
-0.893865,-0.660523,0
-0.400483,-0.714757,0
-0.316902,-0.261584,0
-1.014263,-0.482452,0
-2.009844,1.015991,0
-1.151843,-0.170735,0
-1.375643,0.260213,0
-0.814564,-0.533234,0
-1.002007,-1.235843,0
-0.418628,-0.990250,0
-1.023044,-1.446091,0
-0.469423,-0.336315,0
-1.463521,-0.514068,0
-0.362649,0.508045,0
-1.068675,0.069613,0
-1.347826,-1.573743,0
-0.643389,1.199288,0
-0.726721,0.358735,0
-2.291213,-0.725478,0
-1.983014,0.256539,0
-1.953834,-0.481997,0
-0.148956,0.733963,0
-1.686751,-0.065759,0
-2.512349,0.756743,0
-1.598899,0.861679,0
-0.295290,0.057524,0
-1.376526,-0.093056,0
-0.255554,-0.271788,0
-2.751341,1.062093,0
-1.356540,0.339935,0
-1.157720,0.173647,0
-1.097472,0.309974,0
-0.340540,-0.007295,0
-1.396558,0.089759,0
1.049371,-0.351882,0
-1.771707,1.133133,0
0.015060,0.464994,0
-1.044314,0.041331,0
-2.652857,0.132099,0
-1.597189,-0.343567,0
-3.102674,1.163342,0
-1.247736,-0.667866,0
-0.112381,-0.083949,0
-0.761041,0.707480,0
-2.130008,-0.660686,0
-1.102973,0.167099,0
-1.284180,-0.786813,0
-0.073074,0.434092,0
-0.519000,-0.318649,0
-0.481584,0.310322,0
-2.278627,2.012374,0
-0.109616,-1.262807,0
-0.882071,-0.286233,0
0.103124,0.010379,0
-2.585081,-1.830439,0
-2.114785,-1.558722,0
-1.105478,-0.990357,0
-0.187230,-1.687134,0
-0.891344,0.240730,0
-0.286562,-0.459471,0
-1.595696,1.225735,0
-0.922180,0.337887,0
-0.349664,0.364021,0
-0.582993,-0.706575,0
-0.771844,0.563959,0
-1.397345,-0.119756,0
-2.026074,-1.361919,0
-0.678677,0.227704,0
-1.250148,-1.126172,0
-1.786851,-0.781558,0
-0.271393,-0.607034,0
-0.608927,0.208501,0
-0.742170,0.203350,0
-1.594883,-0.880388,0
-1.081202,1.184368,0
-1.730290,-1.229274,0
-0.515571,2.010264,0
-1.408681,0.360799,0
-0.242197,0.698689,0
-0.980434,-1.579041,0
-1.608039,-0.180041,0
-0.901230,-0.906459,0
0.206757,0.992686,0
-1.123476,0.181866,0
-1.060999,0.662691,0
-1.436876,-0.011744,0
-1.109942,0.455064,0
-0.947691,-0.120954,0
0.273854,-0.322805,0
-0.792130,-0.371473,0
-1.934278,-0.155738,0
-1.793754,-0.848095,0
-0.028680,1.104569,0
-1.244337,0.254291,0
-1.138722,1.060332,0
-0.672810,1.185065,0
-0.553614,-1.841684,0
-1.469473,0.493586,0
-1.777902,-0.653679,0
-1.450158,-0.112944,0
-1.389136,0.820448,0
-1.669327,0.120209,0
-0.051751,0.149316,0
-2.528873,0.120512,0
-1.416235,0.288362,0
-1.660787,-0.342840,0
-1.239687,-0.521597,0
0.177455,-0.366996,0
-1.204266,0.267955,0
-1.611053,0.343938,0
0.060316,0.572887,0
1.061606,-0.655637,0
0.149704,0.692244,0
-1.897466,-0.032141,0
-2.662600,0.863365,0
-0.676155,-1.347887,0
-0.241081,0.782706,0
-0.722786,-1.221330,0
-2.072351,-0.854104,0
-1.386282,0.287174,0
-0.568551,0.030301,0
-0.953511,-0.783486,0
-0.774336,0.072728,0
-0.906060,-0.831900,0
-0.357360,0.111710,0
-1.675383,-0.183439,0
0.354273,1.211417,0
-0.713253,1.351398,0
-1.062486,-0.349493,0
-0.694252,-1.183812,0
-1.473187,-1.353433,0
-1.097842,-0.353855,0
-1.763693,0.620493,0
-0.756590,0.417298,0
0.416140,0.854462,0
-0.206129,-0.820279,0
-1.682884,1.581769,0
0.080615,0.256884,0
-2.201921,-0.393727,0
-0.073253,0.416928,0
-1.204303,-0.017997,0
-0.770552,0.587119,0
-1.321084,1.190887,0
-1.721352,0.629182,0
-0.946995,-1.700041,0
-1.722349,-0.630753,0
-1.731822,0.099506,0
-1.896030,0.389016,0
-0.383945,1.130009,0
-1.167975,-0.299993,0
-1.314678,-0.468690,0
-1.395850,-0.260681,0
-0.692796,0.260389,0
-0.543178,0.087247,0
-2.204003,0.625338,0
-1.021322,-0.986340,0
-0.916034,1.050300,0
-1.604377,-0.906697,0
-1.010825,0.567154,0
-0.483508,0.113244,0
-0.938812,0.274106,0
-0.316333,-0.050062,0
-0.865952,-0.727564,0
-2.072367,-2.265927,0
-1.590550,-1.497912,0
-1.808391,-0.482779,0
-1.266754,-0.635867,0
-1.172353,-0.306504,0
-2.009669,1.356031,0
-0.898071,-0.163065,0
-0.871619,0.324588,0
-1.157534,-1.266762,0
-0.550624,-0.781826,0
-0.826072,0.183247,0
-3.312112,-0.304265,0
-0.582023,0.434579,0
-1.851505,-1.414979,0
0.802335,0.809374,0
-1.958216,-0.659920,0
-0.295190,-1.178498,0
-1.845152,-1.021108,0
-0.817300,-0.301287,0
-0.023583,-0.334527,0
-1.249985,-0.510968,0
-0.389251,-0.536413,0
-1.482950,1.746170,0
-0.589224,-0.672930,0
-0.770727,0.238291,0
0.508634,-0.039818,0
-1.403387,2.172639,0
0.146634,0.384937,0
-1.133086,-0.634618,0
-0.700322,-1.635941,0
-2.538909,-0.150830,0
-2.078725,-1.033037,0
-0.187255,0.477920,0
-0.962967,0.043638,0
-2.065584,1.027435,0
-1.168252,0.404444,0
-0.660342,0.891303,0
-1.306069,-0.459070,0
-0.263686,-0.098500,0
-1.477739,-0.662519,0
-0.490152,-0.370516,0
-0.955166,0.602625,0
-0.942709,-0.776356,0
-1.436199,0.037609,0
-0.766809,-0.544296,0
-1.198429,0.723973,0
-0.453105,-2.196738,0
-1.085704,-1.538555,0
-0.611519,-0.883644,0
-1.888405,-0.340731,0
-0.932888,0.468825,0
-1.877221,-0.129391,0
-1.172515,-0.865470,0
-0.781556,-0.517497,0
-1.823614,-1.938209,0
-1.259931,0.945725,0
-0.860812,-0.001750,0
0.515505,0.606555,0
-0.739684,-0.709448,0
1.520712,1.465260,0
-0.154186,1.018208,0
-0.688206,-0.641563,0
-1.052763,-0.100769,0
-2.332275,-0.255544,0
-0.533282,0.884722,0
-0.543307,-0.527180,0
-1.125191,0.975062,0
-0.907627,-0.240201,0
-1.198379,-0.195612,0
0.009737,-0.664804,0
-1.420897,-0.433298,0
-0.842228,0.125368,0
-2.362458,-0.367564,0
-1.051638,0.111072,0
-0.571234,1.652292,0
-1.381084,0.465609,0
-0.773219,1.735598,0
-1.770396,-1.199877,0
0.599653,1.149595,0
-1.785002,-0.108612,0
-2.064054,-1.267936,0
-0.825950,0.889366,0
-1.622097,0.049903,0
-0.547538,-1.409519,0
-1.220363,0.487346,0
-1.184394,0.373448,0
-1.282498,-0.076235,0
-1.855663,0.933582,0
-1.513617,1.244146,0
0.230740,0.630223,0
-0.476800,-0.337862,0
0.450822,0.215532,0
-0.716804,-0.708184,0
-1.470825,0.790692,0
-1.089264,-0.478559,0
-0.713531,-0.137007,0
-0.087076,0.564440,0
0.112609,-0.143376,0
-2.073471,-0.442198,0
-1.443462,-1.077614,0
-0.399418,-0.539043,0
-3.099354,0.543736,0
0.065473,0.401840,0
-2.476054,-0.499687,0
-0.422032,0.778749,0
-1.338581,-1.162039,0
-0.680653,0.267701,0
-1.458426,0.451863,0
-0.847033,-0.506483,0
-0.875192,0.517653,0
-0.376755,-0.490363,0
-0.038118,0.071589,0
-1.258256,-0.432700,0
-0.032255,0.500172,0
-0.969024,-0.522219,0
-1.820217,1.725308,0
-1.818281,0.856098,0
-0.994268,-0.487138,0
-0.924427,-1.042164,0
-0.363988,0.750747,0
-0.527970,-0.005608,0
-1.503080,-0.739569,0
-1.456310,0.949343,0
0.407917,0.315751,0
-0.779874,0.432474,0
-1.024471,0.513772,0
-3.398692,-0.276703,0
0.220163,0.057622,0
-0.335856,-1.310942,0
-0.806970,1.706793,0
-2.289875,0.926603,0
-0.711818,-0.791059,0
-2.421853,-0.430198,0
-0.450034,0.274095,0
-1.466265,1.694163,0
-0.833945,-1.215495,0
-0.468921,0.214829,0
-0.636174,0.766504,0
0.121441,-0.203052,0
-1.355139,-0.658795,0
-0.736518,-0.560319,0
-1.967818,0.392471,0
-1.684768,-1.004659,0
-0.314772,-0.700225,0
1.147968,0.838433,0
-1.815092,1.066586,0
0.124725,0.251524,0
-0.961479,0.276880,0
-1.154543,-0.388281,0
-1.281430,0.014791,0
-1.007225,0.673702,0
-2.150665,0.618100,0
-0.844306,0.817387,0
-1.123320,-0.086412,0
-1.768445,0.940009,0
-0.200790,1.312124,0
-0.820038,-0.325538,0
-1.669133,-0.277641,0
-2.218503,-0.057352,0
-0.936959,-0.850283,0
-0.285853,2.381026,0
0.617398,0.147861,0
0.406814,-0.744044,0
-1.024995,0.160622,0
-2.351063,-0.639436,0
-1.664500,0.413015,0
-1.896506,-0.781394,0
-2.147510,0.511816,0
-0.534285,0.258453,0
-0.457089,0.064705,0
-1.801950,0.366287,0
-0.012308,-0.727381,0
-0.537485,-1.955927,0
-0.969072,-0.102969,0
-1.195734,-1.247449,0
0.172562,0.744378,0
-0.753195,-0.593878,0
-0.320482,0.266637,0
0.425785,0.172925,0
0.289500,-1.175271,0
-0.128671,-0.832737,0
-0.550870,1.915574,0
-1.347608,1.008645,0
-3.095609,-0.085916,0
-0.671560,-0.410992,0
-1.359621,-1.363020,0
-2.322586,-1.724246,0
-1.275605,-0.334079,0
-1.483362,0.570325,0
-2.480112,-0.284053,0
-0.685567,0.071352,0
-1.145251,-1.571028,0
0.134364,0.448605,0
-0.317488,0.815505,0
-0.096466,-0.559218,0
-1.614748,0.654339,0
-2.721624,-0.206180,0
-1.515856,1.232728,0
-1.987561,-0.220382,0
-0.339052,-0.330845,0
-0.876303,0.599496,0
-1.014606,0.310481,0
-1.376602,1.380627,0
-1.618469,0.099180,0
-2.843741,-0.353100,0
-1.926191,-0.033731,0
-1.010849,-0.401685,0
-0.728704,-0.080478,0
-0.719270,0.636195,0
0.535309,0.741350,0
-0.876816,0.933659,0
-0.059733,-2.299575,0
-0.687145,-0.528738,0
-0.929064,-1.238683,0
-1.360398,-0.900842,0
-1.871157,-0.086528,0
-1.183525,1.253884,0
-1.516250,-0.358455,0
-0.365543,-0.689416,0
-0.802786,-0.222357,0
0.721329,0.827983,0
-1.209894,-1.440967,0
-0.650178,0.689077,0
-1.261364,0.623541,0
-2.056462,0.193953,0
-1.281850,0.282177,0
-1.912078,0.410178,0
-0.912133,1.034678,0
-0.343484,-0.466750,0
-0.797781,-0.099934,0
-0.120505,-0.630057,0
-2.321863,-0.152417,0
0.083426,-1.426234,0
-0.465923,-0.188225,0
-2.008519,-0.863916,0
-1.383734,1.868757,0
-1.362732,-0.224545,0
-1.288407,-0.989193,0
-1.460338,1.125427,0
0.345481,0.303264,0
0.682439,-0.029208,0
0.008817,-0.389069,0
-0.828700,-0.623653,0
-1.800576,-0.144182,0
-2.335570,-0.036339,0
0.549844,0.942203,0
0.100695,-0.049660,0
-2.412951,0.229099,0
-1.615352,0.408272,0
-1.286283,0.513084,0
-2.138379,-0.183214,0
-3.089253,0.942753,0
-0.846932,0.253867,0
-1.666404,1.324439,0
-2.984930,-0.747086,0
-1.115639,-0.622949,0
-0.987297,0.746191,0
-1.505262,-0.690781,0
-0.574025,0.608446,0
-1.365809,1.207896,0
-1.797231,-0.909306,0
-0.929698,-0.995199,0
-2.135582,-0.404445,0
0.124788,-0.448754,0
-0.902024,0.260373,0
-0.320421,0.869896,0
-0.710990,0.410912,0
-0.865225,-0.065120,0
-1.582121,-0.983162,0
0.229579,-0.835010,0
-0.231275,0.544789,0
-2.206162,-1.182191,0
0.440728,-0.168432,0
0.707779,0.232161,0
-2.804439,-0.076177,0
0.013528,-0.817552,0
-1.278744,-0.071160,0
-1.289722,1.316994,0
-0.906203,0.302183,0
-0.843216,-0.843524,0
-1.056752,-0.791734,0
-0.167258,-0.939110,0
-1.023529,-0.478944,0
-0.229310,0.335239,0
-1.655234,-0.108132,0
-0.689646,0.337010,0
-0.868578,0.356812,0
-0.078721,-0.753266,0
-1.424202,0.834418,0
-0.248663,0.402588,0
-0.700268,-0.137372,0
0.000523,-0.923622,0
-1.744725,-0.286167,0
-1.853040,-0.339210,0
-1.678139,-0.672204,0
-0.604025,-0.157400,0
-1.653666,-1.065661,0
-0.483760,1.016244,0
-0.646046,-0.408690,0
-1.354150,-0.251766,0
-0.241916,0.150283,0
-1.509620,1.754351,0
-0.741768,-0.550242,0
-2.831682,0.995793,0
-1.370536,-0.379193,0
-1.769537,0.951439,0
-0.538528,1.118576,0
-1.193109,1.154827,0
0.661570,0.398127,0
-2.415493,0.672983,0
-0.429427,-0.410705,0
-0.450718,1.997620,0
-0.824228,0.016439,0
-1.320247,0.252998,0
-2.414688,-0.865619,0
-0.384158,1.222742,0
-1.803391,-1.634658,0
-0.812294,-0.423182,0
-0.193600,1.265560,0
-2.395462,-1.099098,0
-0.094364,-1.109238,0
-1.479593,-0.158919,0
-0.978665,-0.427936,0
-1.416744,1.176305,0
-0.575226,1.306072,0
-0.813638,-0.315441,0
-1.288240,-0.311213,0
-0.722882,-0.409379,0
-2.431094,-0.077709,0
-2.303230,-0.564678,0
-0.006274,-0.689311,0
-1.560000,0.903523,0
-1.446398,-0.453407,0
-0.554780,-0.276251,0
-1.407352,1.017826,0
-0.712241,-0.192947,0
-2.015289,0.694797,0
-1.140224,1.079575,0
-0.858952,0.840756,0
-0.717815,0.578108,0
0.053203,0.237722,0
-1.593806,0.296464,0
-0.817712,0.442682,0
-1.541886,0.327842,0
-1.423171,-0.223755,0
-1.723414,0.658756,0
-1.757279,0.705768,0
-1.988974,-0.239365,0
-1.333673,0.076353,0
-0.520575,-0.339692,0
-1.857306,-0.520671,0
0.232955,-1.170959,0
-0.097911,-0.718188,0
-1.027593,1.101844,0
-0.756664,0.081123,0
-0.111513,-0.064672,0
-0.356162,-0.068036,0
-0.968217,0.482759,0
-1.234616,1.298419,0
-1.285349,-1.414898,0
-2.821602,-0.092143,0
-0.564138,0.513906,0
-0.470205,0.112971,0
-0.620535,0.014851,0
-0.994593,-0.238922,0
-0.146760,0.148471,0
-0.017473,-0.703820,0
-1.377731,0.756892,0
-1.662448,-0.300357,0
-1.109119,0.920059,0
-0.985218,-0.361468,0
-1.233862,-1.161056,0
-2.069801,-0.471010,0
-0.915751,-1.303909,0
-0.052828,-0.376464,0
-0.649147,-0.542667,0
-0.239635,0.494985,0
-1.192479,1.653828,0
-0.975780,0.177169,0
-2.028887,-1.299943,0
-1.697258,0.659824,0
0.326865,0.357310,0
-0.844313,-0.241088,0
-1.912060,1.139009,0
-0.134127,-0.406754,0
-1.237015,1.110140,0
-1.050146,-0.123945,0
-2.473494,1.263034,0
-0.272001,1.072869,0
-2.211421,0.568259,0
-1.619914,-0.094391,0
-1.113292,0.341938,0
-1.650907,0.140721,0
-1.671610,0.024790,0
0.024997,1.258783,0
-0.637206,0.039670,0
-0.831901,-0.863645,0
-0.204935,-0.396200,0
-1.015950,0.629837,0
-0.335500,0.289425,0
-0.587643,-0.436498,0
-1.617623,-0.145630,0
-0.009346,-0.239516,0
-2.090457,0.221737,0
0.582176,-0.871921,0
-1.132275,-0.659799,0
-0.971529,-0.354647,0
0.004071,0.225571,0
-0.839435,-1.710288,0
-1.048700,0.125523,0
-0.446971,0.791782,0
-1.165500,1.909795,0
-0.648005,-0.708589,0
0.878002,-0.414474,0
-0.960921,-1.491387,0
-0.898625,0.368875,0
-0.785407,-1.520445,0
-2.240405,0.566454,0
-1.260461,-0.286065,0
-2.243715,2.322414,0
0.101565,-1.544312,0
-0.804438,-0.790398,0
-1.038848,-1.268132,0
-1.268632,-0.101322,0
-0.629914,-1.001125,0
-1.616511,0.328652,0
-1.334804,0.307383,0
-0.215947,0.298857,0
-2.749264,0.197373,0
-0.669019,-0.982152,0
-0.084786,0.120308,0
-1.062492,1.688220,0
-0.822663,0.067394,0
-1.619679,-0.826311,0
-1.865087,1.983933,0
-0.907525,1.112795,0
0.597555,-0.792160,0
-3.036221,-1.757448,0
-0.050723,1.000488,0
-0.947712,0.574279,0
-2.982441,-0.228361,0
0.010379,0.279081,0
-0.774987,-0.190641,0
-0.049423,0.110060,0
-1.313529,0.012079,0
-0.349310,1.855235,0
-0.258253,-0.422383,0
-1.177324,-1.292906,0
-0.853917,-0.931428,0
0.062482,0.910954,0
-1.505259,-1.607363,0
0.193727,1.139595,0
0.021030,-0.463230,0
-1.751415,-0.980357,0
-0.415454,-0.784282,0
-0.949506,0.126630,0
-2.080299,0.449931,0
-1.389479,-0.016022,0
-1.175029,-2.017764,0
-0.185977,-0.082220,0
-1.136921,1.307050,0
-1.707777,-0.495387,0
-0.686331,0.597953,0
-0.398683,-1.208577,0
-1.485916,-0.362541,0
-0.642423,-0.292998,0
-1.550442,1.004584,0
-1.177925,-1.141841,0
-0.460563,0.270854,0
-1.420888,-0.319103,0
-1.358854,1.360387,0
-1.503115,0.566812,0
-0.607755,0.176290,0
-0.105861,0.028692,0
-1.403945,0.576265,0
-1.780288,0.085650,0
-0.472896,-0.986525,0
-0.685354,-1.811266,0
-1.110838,-1.489073,0
0.128908,0.106536,0
-0.654951,-0.002958,0
-0.190292,0.012204,0
-1.165766,-1.035621,0
-1.049887,0.013910,0
-1.805962,1.442580,0
-2.633661,0.228861,0
-1.029412,0.010844,0
-1.222686,0.336959,0
-2.421644,-0.519348,0
-1.415771,-0.101002,0
0.492485,0.699915,0
-1.180686,-0.594124,0
-1.415458,1.396047,0
0.782429,-0.381991,0
-1.762818,-0.788144,0
-1.133754,-0.543628,0
-0.884161,0.254890,0
-0.729432,-0.762767,0
-0.450423,0.354184,0
-1.237523,-0.976498,0
-0.614971,0.424978,0
-0.523671,0.758153,0
-0.088509,0.213784,0
0.019918,-1.691990,0
-1.944577,-0.454038,0
-0.252761,0.519600,0
-1.619057,0.049009,0
-2.032320,0.316075,0
-0.566393,-0.681840,0
-1.084871,-0.562184,0
-2.098940,-0.584196,0
-1.859567,0.151134,0
-1.701232,0.260927,0
0.310633,0.193291,0
-1.028169,0.690118,0
-1.965267,-0.731181,0
-1.190982,-0.842020,0
-0.750835,0.208631,0
-0.800954,-0.073186,0
-1.103242,0.993775,0
-1.730169,-0.998841,0
-0.730537,-0.240905,0
0.046906,-0.573153,0
-0.548136,-0.764884,0
-0.706054,-0.482975,0
-1.326181,-0.303506,0
-0.091049,-0.124706,0
-2.083692,-0.674609,0
-0.466001,-0.210950,0
-1.321753,-0.057228,0
0.155399,-1.034949,0
-1.108952,0.125565,0
-0.812623,1.189622,0
-1.737071,-0.833365,0
-0.976302,-0.826285,0
-1.494776,-1.031839,0
-1.656721,-1.659692,0
-0.020929,0.448839,0
-1.273620,-0.302810,0
-0.296086,1.045615,0
-0.796574,0.290147,0
-1.518123,0.407707,0
-0.764914,0.754639,0
-1.085896,-0.573437,0
-1.370658,-1.016529,0
-0.109262,0.297887,0
-0.286798,-0.443756,0
-1.061307,-0.496873,0
0.130743,-0.601893,0
-1.622262,1.382086,0
-1.081577,-1.045893,0
-1.917841,0.451752,0
-0.475451,-0.922134,0
-1.986259,0.920820,0
-0.993505,-1.630753,0
-0.928358,-1.077524,0
-2.146168,0.275916,0
-1.638398,0.386779,0
-1.215570,-1.369221,0
-1.023129,-0.084297,0
-1.334595,-0.493859,0
-0.545791,-1.000405,0
-0.332887,-1.185661,0
-0.228093,0.697155,0
-1.254717,0.515888,0
-1.905325,-0.378933,0
-2.044167,-0.092754,0
-0.338510,-0.118810,0
-0.731929,2.109871,0
-0.442362,-0.023382,0
-1.050792,1.158224,0
-0.927792,0.821770,0
0.100402,-1.010282,0
-1.831983,-1.024238,0
-1.795792,-0.466774,0
0.071335,0.041546,0
-0.814117,0.843490,0
-1.375779,1.223758,0
-2.255361,-0.879056,0
-0.713679,-0.345300,0
-0.967681,-0.548908,0
-0.083242,-0.082931,0
-1.271184,1.564679,0
-1.242244,-1.174253,0
-1.234007,-0.385443,0
-1.601256,-0.524602,0
-0.243275,1.500502,0
-1.945202,0.033559,0
0.183574,-0.994642,0
-1.852527,0.018180,0
-1.466889,0.265068,0
-1.597352,0.129123,0
-1.192255,0.229324,0
-1.219218,0.240446,0
-0.478404,-0.501541,0
0.073822,1.453088,0
-1.040891,0.937327,0
-0.237754,1.310218,0
-1.495267,-1.141378,0
0.128868,0.161826,0
0.651655,-1.984011,0
-0.479784,0.504933,0
-0.823700,1.208206,0
0.437959,-0.204606,0
-0.871665,0.153467,0
-2.964692,-0.205190,0
-1.559340,-0.605317,0
-0.745362,-0.863652,0
-0.082641,-0.805079,0
-0.237655,-0.994802,0
-2.089112,0.966354,0
-1.734796,0.878280,0
-0.681486,-0.764796,0
-1.560644,0.576564,0
-1.192374,0.538904,0
-0.133946,-1.153634,0
-1.879767,0.216380,0
-0.984432,0.293238,0
-0.993783,-1.034264,0
-1.786930,-0.292378,0
-0.519549,0.306679,0
0.238279,-0.458679,0
-0.562233,1.133336,0
-2.131252,0.128833,0
-2.045762,1.702913,0
0.117336,0.701018,0
-1.477553,-1.285807,0
-0.300039,1.539354,0
-0.751953,0.352616,0
-1.510831,-0.494668,0
-1.514466,0.193109,0
-0.530865,-0.837624,0
-2.976278,1.151650,0
-2.529792,0.024075,0
-0.231847,2.333884,0
-0.995991,0.575792,0
-0.929845,-0.117313,0
-0.552726,0.274068,0
-1.299327,-0.277628,0
-0.634628,0.028290,0
-0.967769,0.130586,0
-0.838878,0.283306,0
-0.251777,-1.023220,0
-1.457727,1.324027,0
-0.672132,-0.582643,0
-1.796364,-0.850358,0
-1.940502,-0.922314,0
-1.745407,0.383838,0
-1.377993,0.571218,0
-2.183535,-0.666914,0
-0.864125,0.942491,0
-1.490558,0.459721,0
-0.827225,-0.082759,0
-1.550786,0.271066,0
-3.219921,1.183451,0
0.536675,0.380515,0
-0.964676,-0.419493,0
-1.619249,-0.051640,0
-0.992262,0.547212,0
0.040592,0.130843,0
-1.116004,0.812467,0
-0.889390,0.525150,0
-1.209542,0.462991,0
-0.704426,-1.183628,0
-1.538225,1.088780,0
-1.743283,0.852911,0
-0.882999,-0.340366,0
-1.864827,0.005889,0
-1.119502,-0.291515,0
-1.952670,1.024840,0
-0.829711,-0.270544,0
0.047975,1.335195,0
-2.024375,0.206793,0
-0.062116,-0.151413,0
-0.566381,0.649504,0
-0.170163,-0.497366,0
-1.024281,-0.195532,0
-0.181097,0.055206,0
-1.608526,0.513001,0
-1.648928,0.704744,0
-0.951081,-1.218110,0
-1.271816,-1.119182,0
-0.272555,-0.538033,0
-1.096606,0.538255,0
-1.319247,-0.103036,0
-0.785613,-0.284053,0
-0.815093,1.554789,0
-1.230864,1.439975,0
-1.243467,0.035169,0
-1.086968,-0.992366,0
-1.775367,-0.115416,0
-0.604538,-1.126283,0
-1.314323,-0.950466,0
-0.917322,1.129067,0
0.242382,0.810743,0
-1.409388,1.349340,0
-1.397669,-0.378667,0
-0.427823,-0.440390,0
-1.554759,0.756035,0
-1.330247,0.514099,0
1.217675,1.189915,0
-0.390849,2.159695,0
-1.069295,0.465104,0
-0.670450,1.481759,0
-0.937137,0.471232,0
-1.815547,0.711482,0
-1.075983,-0.417200,0
-0.942754,0.220782,0
0.093386,-1.867367,0
-0.555177,-0.558997,0
-0.294468,-0.777465,0
-1.552273,0.668011,0
-0.029191,0.193601,0
-0.505989,0.043455,0
-0.257139,-0.637217,0
-0.880038,-0.469597,0
-0.328864,0.056252,0
-0.333678,0.718897,0
-0.735964,-0.538990,0
-0.957805,0.957795,0
-1.452108,-0.788350,0
-0.694776,-0.129025,0
-1.461096,-0.509158,0
-1.188144,-0.015814,0
-1.648053,0.774294,0
-0.542578,-0.619619,0
-1.512341,0.052621,0
-0.348760,-0.558964,0
-2.060873,-0.606903,0
-1.492315,0.911867,0
-1.955112,-0.108592,0
-0.345763,-0.151794,0
-0.344300,1.291351,0
-2.126844,0.380633,0
-1.060988,0.716684,0
-0.449439,-1.107567,0
-1.615852,-0.303505,0
-0.830694,0.834401,0
-0.762132,-0.173671,0
-1.137744,0.874024,0
-2.582163,0.445775,0
-1.624217,0.558994,0
-1.667026,-0.137786,0
-3.012120,0.328921,0
0.232410,-0.636076,0
-1.025911,-0.344349,0
-2.557813,-1.839271,0
-1.954450,0.359222,0
-1.615199,-0.120199,0
-0.887545,0.530982,0
-1.088854,-0.135871,0
-0.656360,-0.220914,0
0.075656,-0.160265,0
-0.703652,0.398610,0
-1.549911,0.415486,0
-0.249575,0.259268,0
-0.710912,2.242404,0
-0.571642,0.584094,0
-0.648523,0.497529,0
-2.044272,-1.164597,0
-0.221751,-1.889476,0
-1.812472,-0.056536,0
-2.303101,-0.326985,0
-1.842780,0.000365,0
0.027033,1.547284,0
-1.334358,0.492969,0
-2.519338,0.886087,0
-0.943143,1.036619,0
-0.984026,-0.190276,0
-1.503868,-0.833905,0
-0.473541,0.254373,0
-0.812395,-0.258941,0
0.441854,-0.491396,0
-0.316205,0.649152,0
-0.883827,-0.320026,0
-0.124407,-1.295455,0
-1.709770,0.584629,0
-0.277707,-0.344670,0
-0.087642,0.865762,0
-1.192573,-0.085966,0
-0.350318,-0.845022,0
-0.837873,-0.196399,0
-0.081728,0.834119,0
-0.964196,-1.425025,0
-0.936306,-0.812990,0
-2.193357,1.105025,0
-0.297748,0.163135,0
-2.108670,-0.155034,0
-0.913586,0.360849,0
-0.074931,0.365274,0
-2.187702,-0.044909,0
-1.844698,1.246821,0
-1.583267,-0.046208,0
-2.262074,-0.299531,0
-1.005964,0.666908,0
-1.720792,0.534804,0
-0.475583,1.191396,0
0.266055,2.004163,0
-1.282399,-0.152816,0
-0.463391,0.500231,0
-2.799118,-1.273190,0
-1.706611,0.127097,0
-2.529058,-0.027261,0
0.673215,-0.680468,0
-2.517275,1.793983,0
-0.522984,0.949289,0
-1.399149,0.334840,0
-0.937286,-1.148383,0
-1.832597,-1.240515,0
-1.761701,0.604908,0
-2.678303,-0.523228,0
-1.207961,-0.271144,0
-0.867096,0.673616,0
0.856519,-0.057981,0
-1.852595,-0.363737,0
-0.303502,0.004793,0
-0.690425,0.597653,0
0.404084,1.179484,0
-0.910360,1.315304,0
-1.108615,-0.403317,0
-2.528393,0.014204,0
0.470462,0.439226,0
-1.646858,0.275155,0
-1.438028,0.449546,0
-1.052028,0.054102,0
-1.936523,-0.998583,0
-0.858063,0.933606,0
-1.261499,1.486952,0
-0.754101,0.883133,0
-1.438961,0.991242,0
-0.531926,-1.087845,0
-0.995890,-0.564063,0
-0.244799,0.061236,0
-0.959851,-0.037146,0
-0.707901,1.427914,0
-0.807399,-0.070541,0
-1.351895,0.034101,0
-1.438871,0.041134,0
-1.142425,-1.319000,0
-0.616002,-1.076408,0
-2.016444,-0.147459,0
0.121352,0.096915,0
0.182718,1.770931,0
-1.431400,1.030386,0
-2.283934,-0.290242,0
-1.101872,-1.095072,0
-2.369617,-0.010495,0
-0.472703,-0.626584,0
-0.840520,-0.172463,0
-0.988935,-0.423530,0
-2.300418,-0.331419,0
-1.005687,0.047223,0
-0.262441,-0.231230,0
-1.379826,-0.011676,0
-1.176327,-0.177457,0
-0.551769,1.592421,0
-0.057407,0.572734,0
-0.645305,-0.423379,0
-0.162636,0.417533,0
0.236902,0.602110,0
-1.188530,-1.069150,0
0.168058,-0.760804,0
-2.001355,0.029793,0
1.116820,0.322494,0
-1.402628,1.075128,0
-0.556328,0.435445,0
-1.012308,0.915280,0
0.564162,-0.113130,0
-1.401969,-0.975832,0
-3.195383,1.071623,0
0.216229,-0.295587,0
-0.903212,-0.289891,0
-1.870574,0.659773,0
-1.277135,0.808798,0
-1.434187,0.953209,0
-0.010246,0.713376,0
0.172863,0.032896,0
-2.199916,-0.420683,0
-1.202953,-0.014128,0
-0.811246,0.040571,0
-1.295345,-0.263705,0
-0.835279,-0.077442,0
-0.152913,0.300929,0
-0.658901,0.005791,0
-0.963009,-0.226593,0
-1.009027,0.120101,0
-0.363744,0.789079,0
0.713445,0.938862,0
-1.986851,0.436228,0
-0.433284,0.390940,0
-0.576629,0.648496,0
-2.110190,0.176946,0
1.402370,0.439283,0
-1.251330,1.042943,0
-0.225655,0.516489,0
-0.235237,0.855322,0
-1.147856,0.042175,0
-0.951753,-0.639403,0
-1.019876,-0.587879,0
-0.578941,0.182893,0
-1.145798,-1.462855,0
-0.526776,0.201635,0
-1.007306,1.347333,0
-1.474806,-0.366237,0
-1.095778,-0.663064,0
-1.212301,0.750490,0
-1.671208,0.675247,0
-0.261075,-0.166098,0
-1.421519,1.466101,0
-0.578952,-0.698452,0
-0.829635,0.838942,0
0.086962,-1.103477,0
-0.086873,-1.594851,0
-1.401412,0.144661,0
-0.738842,-1.176689,0
-2.084306,-0.394813,0
-2.235034,-0.843293,0
-0.073298,-1.492161,0
-0.629461,-0.109321,0
-2.001152,0.819494,0
-0.886613,-0.312036,0
-0.322327,-0.644263,0
0.266226,0.302096,0
0.692185,0.232953,0
-0.596272,0.148982,0
0.720847,-0.609241,0
-1.103279,2.022177,0
-0.735979,1.117884,0
-0.682687,-0.246318,0
-2.133686,-0.538900,0
-0.917617,-0.078788,0
-0.293274,0.295125,0
-1.092337,0.751896,0
-0.593227,-1.540000,0
-1.464941,-1.017152,0
-1.385015,0.753001,0
0.371881,0.392974,0
-2.155362,0.586529,0
-2.074332,-0.155962,0
-1.118153,-0.858600,0
-0.901593,-0.561780,0
-1.226645,-0.407298,0
-2.069970,-1.033880,0
-0.583403,-0.269826,0
-1.179220,0.335866,0
-0.114382,0.131894,0
-0.688215,0.079964,0
-1.907672,1.302642,0
0.492202,-0.125339,0
-1.134164,-0.012331,0
-0.165465,0.549660,0
-2.660745,-0.890908,0
-1.889604,0.298407,0
-0.229015,-0.121917,0
0.133594,0.025806,0
-1.962258,-1.000202,0
-0.582363,-1.245071,0
-1.975117,0.558361,0
0.602891,0.896736,0
-1.595706,0.141150,0
-2.675826,0.460618,0
-1.948582,0.266785,0
-0.554258,-0.794018,0
-1.591636,0.748826,0
-0.974565,-0.910750,0
1.056606,0.440724,0
-1.637846,0.269561,0
-1.685076,-0.737780,0
-0.702669,0.652820,0
-0.983204,0.634436,0
-1.439236,1.382146,0
0.364942,1.271246,0
-0.317785,-0.022862,0
-0.141589,-0.207322,0
-1.951505,0.261666,0
-0.264837,0.728754,0
-2.135095,0.587555,0
-0.653095,0.353047,0
-0.996479,-0.937935,0
-1.048673,1.204873,0
-3.365868,1.740432,0
