0.850501,-0.834205,1
1.373383,-0.745935,1
0.824866,0.292680,1
1.000310,-1.241848,1
2.500863,-0.462657,1
1.675542,-0.409285,1
-0.028164,-1.594861,1
3.046810,-0.306634,1
0.563799,-0.866721,1
0.596423,0.912277,1
1.775471,0.227602,1
-0.567634,-0.408757,1
1.168659,1.156116,1
-0.148837,-0.646811,1
1.619772,0.793461,1
1.212082,-0.252460,1
1.806828,-0.465834,1
1.985172,-1.234813,1
1.690386,-1.081064,1
1.482426,0.060708,1
1.506502,-0.537282,1
0.235682,0.556693,1
0.093700,0.152926,1
0.722756,-0.381764,1
0.487817,0.272285,1
0.559587,1.222946,1
1.018317,-0.410082,1
1.603218,0.377067,1
0.340810,-1.330004,1
0.479191,1.036679,1
1.052024,1.132920,1
1.134792,-0.746384,1
0.629777,-0.327253,1
1.246063,-0.207263,1
-0.603434,2.204738,1
1.788044,0.028189,1
1.583502,1.309800,1
1.602192,0.244093,1
2.206756,0.473244,1
1.160491,0.434938,1
1.912823,-0.340142,1
1.245336,-0.029537,1
1.656290,0.716467,1
2.291586,-0.302899,1
-0.723861,-0.058112,1
2.152178,-0.373731,1
1.264535,-1.054223,1
1.672546,0.339101,1
-0.739580,0.534833,1
1.047450,-0.178175,1
0.084165,-0.090981,1
0.390764,0.064635,1
1.650125,-0.317666,1
2.201531,-0.286819,1
0.128621,-1.116667,1
1.577358,-1.476094,1
-0.648218,0.609553,1
1.076454,-0.501323,1
-0.554562,0.887918,1
1.166167,-0.159221,1
0.816885,-0.845095,1
-0.194305,1.831137,1
0.950459,1.236024,1
2.437346,-0.097045,1
2.550226,0.986557,1
-0.037413,-0.591699,1
1.705023,-0.064822,1
1.059220,-1.837675,1
-0.586916,1.446512,1
-0.461810,0.769634,1
1.543636,-0.061643,1
0.557497,-0.395385,1
-0.139888,-0.401049,1
0.963276,0.195580,1
0.095531,0.449444,1
1.253122,0.270401,1
1.721786,1.618596,1
-0.046720,-0.620627,1
1.330868,0.908688,1
1.055283,-0.075161,1
0.821964,0.013983,1
1.619130,0.645856,1
0.463933,-1.013047,1
1.782919,0.352426,1
1.159247,-0.210321,1
1.823871,-0.260468,1
-0.191696,0.072830,1
1.253842,-0.113828,1
2.183469,-1.045971,1
0.895252,0.318456,1
-0.830222,-0.301049,1
2.173750,-0.785026,1
0.921133,0.787327,1
1.356020,-0.239028,1
2.026293,-1.018209,1
2.533678,2.205190,1
0.888454,0.512402,1
1.889921,-1.047928,1
0.670700,0.293865,1
1.576538,0.276470,1
1.297326,0.656184,1
0.457550,-0.576617,1
1.222639,-0.540559,1
1.564735,1.998786,1
2.290178,-0.457713,1
1.854665,0.020132,1
1.005287,0.237174,1
1.190161,-0.441648,1
0.195001,-0.566144,1
0.098209,-0.832259,1
1.616504,0.699443,1
0.704063,0.906812,1
0.532260,0.569889,1
0.695802,1.063143,1
-0.332948,1.526973,1
2.580888,-0.271907,1
0.725481,-0.560970,1
0.780972,0.453297,1
1.297896,1.253182,1
1.762502,0.308465,1
-0.885598,0.817221,1
-1.373933,-0.556941,1
0.393063,-0.485596,1
0.681291,-0.439197,1
1.200671,-0.795548,1
0.832289,-0.892405,1
0.843271,-0.285888,1
0.648999,0.369659,1
0.448161,0.736648,1
1.918896,0.907885,1
0.899323,0.018934,1
1.051535,-0.660820,1
2.488826,0.676565,1
0.387313,0.479315,1
0.438611,0.247774,1
0.269743,0.523122,1
1.259111,-0.383112,1
-0.299155,-0.222195,1
1.430779,0.666144,1
1.437762,0.297466,1
1.858994,0.688999,1
-0.934896,-2.252236,1
2.234573,1.714193,1
1.142458,0.117338,1
0.357333,0.507214,1
0.525398,0.388803,1
0.751398,0.077383,1
0.611300,-0.171861,1
2.245103,1.969787,1
0.673900,0.137305,1
1.017418,-0.976598,1
0.804829,1.157674,1
0.821450,-0.523163,1
1.225709,0.348334,1
1.192562,0.131154,1
1.464885,1.942650,1
0.621629,-0.320362,1
0.357392,0.388640,1
-0.653067,1.275506,1
0.811388,-1.009331,1
0.493073,-0.502451,1
0.211209,1.542330,1
0.165502,0.439451,1
1.220955,0.894075,1
0.607076,-1.485149,1
1.321307,1.383038,1
2.932184,0.392019,1
1.311646,-0.740492,1
2.107702,-0.247199,1
1.344289,0.207886,1
0.927435,1.899119,1
0.996794,-0.105835,1
-0.393214,0.076908,1
1.539574,0.023721,1
0.394156,-1.598029,1
1.571067,0.013798,1
1.397062,0.648983,1
1.808849,-0.826611,1
1.715285,0.622935,1
2.209720,-0.593635,1
0.605100,0.844958,1
0.287094,0.239264,1
1.152914,-0.011743,1
1.063858,1.569130,1
0.136934,-1.503782,1
1.045336,0.624430,1
-0.079352,0.896576,1
1.255102,0.988186,1
0.255356,-0.361102,1
1.997383,-0.625055,1
0.203925,-0.114459,1
1.101122,-1.124883,1
0.688255,0.606817,1
0.386815,0.670919,1
-0.281590,-0.222399,1
-0.519122,-0.528975,1
0.302609,0.241335,1
1.543935,0.446502,1
0.926494,-0.470266,1
1.271088,0.562221,1
0.561803,-1.184236,1
1.730887,-0.074011,1
-0.410818,-0.996826,1
1.107815,0.064791,1
0.488663,-0.859201,1
1.565245,1.796486,1
1.753905,0.584895,1
1.564012,1.065626,1
0.580494,0.799545,1
0.601087,-0.553028,1
-0.296470,0.448283,1
0.856532,-0.964090,1
1.133363,-0.246676,1
1.860468,-0.049819,1
0.177052,0.189826,1
2.303103,0.318630,1
1.385220,0.786370,1
1.795251,0.784104,1
1.261577,-0.928744,1
1.073265,1.190982,1
1.342384,0.639161,1
0.429245,-0.176214,1
1.149681,0.311469,1
0.356183,0.661830,1
0.740921,0.278514,1
1.561805,-0.205417,1
1.312174,-0.437161,1
2.781789,0.758498,1
2.158112,-0.619993,1
1.543047,-0.476849,1
-0.356549,0.064139,1
0.197849,0.072562,1
1.043558,0.778009,1
0.692514,-0.229898,1
2.427181,0.316633,1
0.706744,0.944095,1
2.086303,-0.498811,1
1.228610,1.145244,1
0.204379,-0.105977,1
-0.200539,-0.000343,1
0.670318,-0.348299,1
1.447724,-0.649298,1
2.266518,-0.993669,1
1.511153,0.363551,1
0.016746,0.410441,1
1.273664,-0.496735,1
1.418267,0.242849,1
1.095997,0.392742,1
2.682697,1.142255,1
1.875994,-0.434808,1
1.520771,0.068939,1
0.759879,-1.260005,1
0.722203,-0.282842,1
0.569831,-0.414518,1
0.637449,0.151208,1
0.985649,-0.572328,1
0.947947,0.704332,1
0.098929,1.979940,1
0.023404,0.405506,1
0.859409,1.123427,1
0.807818,-0.250579,1
1.319010,-1.062486,1
0.848656,-0.428633,1
1.394389,-0.486520,1
2.015701,0.187061,1
-0.084979,-0.860450,1
1.665787,0.844278,1
1.113354,-1.008858,1
1.020836,0.669521,1
0.905391,-0.895695,1
2.212166,0.330335,1
0.834603,-1.516263,1
0.186380,0.690485,1
2.095154,-0.398751,1
-0.197428,0.089007,1
0.897747,-0.223578,1
0.866742,0.336485,1
1.034445,0.063768,1
-0.334547,0.444918,1
0.291922,-0.202111,1
0.050624,-1.158576,1
1.183175,0.941750,1
1.281194,-1.515721,1
1.524448,0.770359,1
1.927656,0.292759,1
1.518932,-0.571822,1
1.110971,-0.884032,1
0.457733,0.004200,1
0.745627,-0.612321,1
1.300762,0.098247,1
0.728547,0.473793,1
0.160897,-0.536647,1
0.413411,0.156960,1
-0.066375,0.296239,1
-1.136319,-1.003483,1
0.114487,0.802298,1
1.461996,0.769130,1
1.938369,0.057453,1
1.021276,-0.205691,1
1.710258,-0.803781,1
2.486293,0.545298,1
0.507582,-0.306430,1
0.278053,-0.330687,1
0.892195,-0.179986,1
0.196280,1.327539,1
0.485015,-0.393270,1
0.137817,-0.508777,1
2.339263,-0.512807,1
1.478524,-0.551830,1
1.665972,-0.870312,1
1.658765,1.018369,1
2.244234,-0.346456,1
0.465427,0.312157,1
1.544859,-0.351868,1
0.604199,0.889140,1
1.382948,0.714546,1
0.332314,0.380001,1
1.163183,0.132558,1
1.157125,-0.324780,1
-0.218722,0.073186,1
0.754631,0.459162,1
-0.121672,-0.516601,1
0.637736,0.382855,1
1.183329,-0.116047,1
-0.114890,1.773631,1
0.942364,-0.860002,1
0.307844,1.303298,1
0.139680,0.572412,1
-0.221057,0.487168,1
1.646918,0.498398,1
0.377068,0.063966,1
0.035387,1.409476,1
2.361312,-0.135641,1
1.423500,0.300944,1
-0.683545,-0.588477,1
0.813419,2.012517,1
1.279515,1.529688,1
0.787022,0.794473,1
1.336652,0.350549,1
1.681648,1.058500,1
-0.259002,0.853683,1
0.735584,1.202266,1
2.015282,1.245961,1
1.292558,0.263123,1
1.334150,0.154667,1
1.068120,-0.740791,1
1.076991,0.807857,1
0.792282,-0.108434,1
-0.600246,1.303660,1
1.384217,0.056818,1
1.623878,0.142426,1
1.467140,0.320775,1
1.790686,0.845895,1
0.469179,-1.314977,1
1.316550,-0.295377,1
0.842822,-0.769711,1
0.938334,0.207339,1
0.866948,-0.620784,1
1.545069,1.246167,1
0.419266,-0.111602,1
1.624177,0.408461,1
1.912379,0.630447,1
0.124091,0.011020,1
1.108180,0.853828,1
0.611763,-0.531471,1
-0.047825,2.197733,1
0.904063,-0.680723,1
1.680610,1.069052,1
0.895942,-1.357143,1
1.548190,-0.092406,1
0.775620,0.900482,1
1.784063,-0.832075,1
2.289074,0.836929,1
1.441613,0.520517,1
-0.539139,-0.291394,1
0.921102,-0.501870,1
0.774258,-0.696120,1
0.175390,-0.924309,1
0.022151,1.555587,1
0.030398,-1.505689,1
1.867531,1.093387,1
2.034882,-0.715334,1
1.096926,-1.122463,1
1.332002,-0.019106,1
2.343284,-0.597889,1
-0.504912,-0.899073,1
0.731092,-0.160001,1
1.943365,-0.771594,1
0.676671,-1.114898,1
0.668310,-0.307828,1
0.875527,0.139516,1
0.464867,-0.533877,1
0.383643,-0.130982,1
1.645898,-0.274087,1
1.097054,-1.030194,1
0.982769,0.104844,1
0.137903,-0.140754,1
0.851498,-1.375709,1
1.176887,0.840192,1
0.062966,-0.969150,1
1.327197,-0.820338,1
1.824737,-0.154875,1
1.777185,-0.567277,1
2.285613,0.252238,1
1.065678,1.093314,1
1.852131,-0.761932,1
0.516448,0.112822,1
0.811560,0.016198,1
0.914787,0.042731,1
-0.100098,-0.917162,1
1.835645,-1.083470,1
0.660255,0.430104,1
-0.196308,-0.612869,1
-0.426663,-0.347615,1
0.609885,0.586289,1
1.612834,-0.049762,1
1.314866,-0.691653,1
0.033983,-1.267838,1
2.089913,-0.030134,1
-0.071497,-0.115452,1
2.107010,0.131776,1
0.710832,-0.540774,1
0.571852,0.451092,1
0.795863,0.340410,1
0.102292,-0.734404,1
2.702992,1.258112,1
0.186762,0.118277,1
0.750337,-0.154966,1
2.496233,-1.166060,1
1.391332,0.010092,1
0.167081,1.321155,1
-0.213918,0.578278,1
1.965441,0.196701,1
-0.821142,-0.351217,1
-0.955223,-0.076096,1
0.700186,0.189234,1
1.256851,0.780892,1
0.851142,-0.129636,1
0.696298,-0.734242,1
2.201346,-0.308708,1
1.516968,0.082636,1
0.573185,-0.689174,1
1.328145,0.992059,1
1.334861,-0.829753,1
1.757994,-0.238248,1
0.707976,1.032220,1
0.943482,0.015363,1
0.767944,-0.510429,1
0.222057,0.264893,1
-0.043370,0.803955,1
0.899324,0.123264,1
0.785686,-0.126986,1
0.764552,-0.308772,1
0.918571,0.856399,1
-0.048529,0.853051,1
1.315234,-0.696666,1
2.019976,0.615944,1
1.806457,-1.746538,1
0.880509,-1.286469,1
1.013982,-0.343112,1
2.519822,-0.917845,1
1.580452,-0.017906,1
-0.350960,0.122936,1
1.841778,0.176356,1
2.339003,-0.582877,1
0.596610,-1.304663,1
1.905996,1.860074,1
0.857329,0.087872,1
1.381812,-0.309783,1
1.032170,-0.093972,1
0.717555,0.128587,1
1.798586,0.765174,1
2.337705,-0.151479,1
0.981519,-0.628961,1
0.962572,-0.472447,1
1.089975,0.154529,1
1.095466,-0.071794,1
1.146433,1.020087,1
2.425096,-1.630333,1
0.924062,0.821046,1
0.915306,0.949723,1
-1.433941,0.085718,1
0.883100,-0.149726,1
0.165522,1.135691,1
0.978080,-0.742297,1
1.786618,-0.771800,1
0.866993,0.852116,1
1.001102,-0.103210,1
0.387370,0.428090,1
1.819524,0.085113,1
0.857036,-0.551172,1
0.828222,-0.728450,1
0.359416,-0.664493,1
2.331987,0.344230,1
0.874841,0.428020,1
1.134925,0.147648,1
2.681521,-0.635298,1
-0.156452,0.353660,1
1.389919,0.065834,1
1.385194,-0.392336,1
0.825838,0.652955,1
0.091804,0.296613,1
1.373364,-1.179170,1
0.908467,0.230766,1
0.573392,-1.312301,1
-0.436523,-1.625463,1
0.350011,-0.985367,1
0.793304,-1.809939,1
2.022060,-0.272438,1
2.015546,0.906282,1
1.420921,0.838272,1
0.636431,1.627486,1
1.869922,-1.021489,1
2.668092,-0.674115,1
0.031631,-0.424631,1
0.034571,0.408678,1
1.477016,-1.611764,1
3.147832,0.188577,1
1.835187,-1.297610,1
1.423650,0.322843,1
1.897711,-0.710066,1
0.395447,0.163888,1
0.334428,-0.486019,1
1.805886,1.274849,1
0.130201,-0.695880,1
0.868058,-0.440867,1
1.366432,-0.534162,1
-1.203405,2.315703,1
-0.774430,-0.641570,1
0.734075,-0.295962,1
0.645859,0.564242,1
1.774234,-1.031540,1
0.217984,-1.002494,1
0.870604,0.367502,1
1.232052,0.351046,1
-0.446509,-0.775761,1
-0.147014,0.879656,1
3.302996,0.594767,1
-0.809726,0.509810,1
0.309013,-0.437462,1
0.774731,-0.315020,1
1.879692,-0.260887,1
1.955633,0.714194,1
-0.012192,-0.115752,1
0.860333,-0.458125,1
0.983127,1.510397,1
1.521373,0.192832,1
0.789022,0.728637,1
0.672961,0.711473,1
-0.079279,1.085017,1
1.636088,0.701726,1
1.876217,0.020758,1
0.122966,-0.737847,1
1.435234,1.348881,1
1.676583,0.602000,1
1.899131,-1.418620,1
0.545166,-0.067955,1
1.251527,0.403102,1
0.628039,0.316257,1
1.469202,-0.756073,1
0.464432,-1.031383,1
0.329692,1.238264,1
1.589393,0.101658,1
0.334290,0.400829,1
1.436141,-0.433924,1
-0.107209,-0.636252,1
1.373103,0.192367,1
1.945251,-0.256901,1
0.627130,0.225930,1
1.334191,0.030868,1
0.741900,-0.602783,1
0.807023,-0.604725,1
1.539066,-1.219245,1
1.084050,0.581954,1
0.545272,-1.578292,1
1.378114,-0.485714,1
1.674153,0.191648,1
0.722165,-0.030401,1
-0.768978,0.466255,1
1.014254,-1.297618,1
1.764571,-0.230698,1
2.522697,-0.153442,1
0.800043,-0.650564,1
1.069314,0.026973,1
1.396130,0.783110,1
-0.964674,-1.020827,1
0.165867,0.492492,1
0.001960,1.212685,1
1.715520,0.035011,1
1.311360,-0.713098,1
0.497624,-1.805473,1
1.952555,0.084811,1
1.119819,0.225617,1
0.432126,0.216224,1
-0.169156,-0.316523,1
1.185447,0.989516,1
0.152709,0.657951,1
1.301374,-0.091986,1
1.897101,-0.397622,1
2.379414,0.609148,1
1.438691,-0.052199,1
0.501174,0.855123,1
1.012405,0.134177,1
1.672196,-0.867237,1
1.143317,-0.516543,1
1.415971,-1.083142,1
1.863830,-0.540630,1
2.768279,0.684954,1
0.253471,0.067510,1
1.569705,-0.669294,1
1.546051,-0.703441,1
1.311016,1.185327,1
0.761345,0.692299,1
1.737899,-0.896945,1
2.092711,0.899655,1
1.930682,0.528786,1
1.337304,-1.728571,1
-0.182735,-0.142654,1
-0.156855,-0.507955,1
0.859021,0.819223,1
-0.049970,-0.688396,1
0.921887,-0.023302,1
0.637478,1.835175,1
0.779168,0.391290,1
0.754505,0.084749,1
-0.051132,-0.390463,1
0.692278,0.339051,1
-0.407313,1.532317,1
1.979106,-1.024694,1
1.658636,0.942055,1
0.748451,-0.395088,1
0.543900,-0.949863,1
1.254665,0.246500,1
2.415005,-0.780645,1
1.462284,-1.888209,1
0.647331,0.182861,1
1.022912,0.045161,1
1.261377,-1.149893,1
0.258122,0.446906,1
-0.570838,0.636570,1
0.437746,0.384802,1
-0.121004,0.163837,1
-0.061502,0.513660,1
1.364848,-1.254748,1
1.761064,0.639591,1
0.705956,0.407745,1
0.658936,0.331311,1
0.029800,-0.140805,1
0.789473,0.653659,1
1.220718,-0.131313,1
1.397288,-0.101812,1
1.795542,-0.187448,1
2.384047,-0.667585,1
1.299288,0.516942,1
1.331762,-0.078656,1
0.311258,0.682541,1
0.992671,0.187765,1
0.438166,0.694044,1
1.283034,0.106889,1
-0.197870,-0.037242,1
1.068890,0.027474,1
0.111360,0.001490,1
1.490094,0.642130,1
1.039311,0.048973,1
2.026348,-1.177523,1
1.977132,-0.048521,1
1.390998,0.247283,1
-0.200965,-0.088842,1
1.464051,-0.172713,1
1.468536,1.064909,1
0.856705,0.405488,1
1.840326,-0.051457,1
0.612445,0.183806,1
0.683251,-0.053024,1
0.777835,0.023239,1
0.727388,0.281978,1
0.345785,-1.179693,1
0.660113,0.696013,1
1.024810,-1.773086,1
2.225846,-1.135222,1
1.820259,-0.468009,1
1.088807,0.501666,1
1.099525,-0.400954,1
1.164864,-0.063705,1
0.884217,-0.193308,1
1.070974,0.282727,1
0.679870,0.281905,1
1.715410,0.466085,1
0.192735,0.536658,1
1.182661,0.325428,1
0.525859,-0.982690,1
-0.125861,0.337232,1
0.190016,-0.658181,1
1.737296,0.173276,1
1.074012,-0.469217,1
3.377796,-0.643498,1
1.407320,-0.021476,1
1.106289,-0.099943,1
1.857101,0.327663,1
0.965668,0.863468,1
1.066066,-0.538927,1
0.430114,1.176938,1
1.542872,1.057412,1
1.968421,-0.941999,1
1.843122,0.812055,1
0.571934,-0.784770,1
0.221928,-0.432405,1
1.180113,0.499267,1
1.249823,-1.178523,1
1.138204,0.847250,1
0.583609,0.013284,1
-0.022031,1.122875,1
1.416489,0.415046,1
0.891561,0.857949,1
1.551888,1.095337,1
1.499069,0.262455,1
1.269310,1.184390,1
1.240520,-0.912075,1
1.254240,1.159836,1
-0.474558,0.111499,1
1.005708,0.551715,1
0.326845,-1.004207,1
1.527777,-0.961084,1
0.026966,-0.563668,1
2.154292,-2.972431,1
0.004019,-1.091331,1
1.038736,-0.976544,1
-0.454814,-0.405147,1
1.049475,0.613000,1
1.485706,-0.910439,1
0.892313,-0.662836,1
0.846995,0.229304,1
0.542728,-0.871954,1
-0.340984,-0.046571,1
1.050971,-0.629123,1
2.489769,0.155720,1
1.721091,0.130662,1
-0.466586,0.564185,1
-0.455361,1.367080,1
0.788933,0.371668,1
0.352760,-0.546704,1
0.972611,-0.644031,1
1.100165,0.652396,1
1.639753,-1.019886,1
1.024374,0.098648,1
3.118390,-0.039992,1
1.733468,-0.846915,1
0.055169,0.788390,1
1.073392,0.399901,1
1.191659,0.420754,1
1.562343,-0.902060,1
0.395522,1.003309,1
0.784600,-1.078684,1
0.916065,-0.470350,1
1.467587,0.201699,1
0.941387,0.219272,1
0.003999,-1.588707,1
1.805787,1.082964,1
1.323867,0.789958,1
0.696950,0.401723,1
2.626009,-0.401169,1
-0.209471,-0.634671,1
1.891312,0.502245,1
0.835033,1.358033,1
-0.247771,1.460162,1
2.410311,-0.154108,1
0.672601,-0.051100,1
1.906267,0.146172,1
0.416795,-1.139425,1
-0.973231,-0.201792,1
1.827335,-0.344373,1
2.345379,0.323528,1
-0.387596,-0.774367,1
0.706130,-0.443927,1
0.885769,-0.378708,1
0.420848,-0.334700,1
0.597688,0.286140,1
-0.019636,0.062190,1
1.973681,1.373730,1
0.116549,-0.051237,1
1.106410,-0.928636,1
-0.081306,0.525251,1
2.246298,0.491486,1
2.138466,-0.427894,1
0.164305,0.562898,1
1.419310,-1.581190,1
0.374370,-0.742684,1
0.546933,-0.699336,1
2.801136,-0.068037,1
1.146160,-0.433142,1
0.746192,-0.017917,1
0.845724,-0.182208,1
0.238133,-0.397844,1
0.769378,-0.604820,1
2.168115,0.541186,1
1.225567,-0.357802,1
1.644618,0.526921,1
1.378235,1.075178,1
0.518645,0.457522,1
1.190517,0.247535,1
2.459287,0.391201,1
0.195690,0.107328,1
1.386322,-1.247935,1
1.229393,0.692340,1
1.874755,1.223247,1
1.002443,0.205827,1
-1.436374,1.470722,1
0.792323,0.380001,1
1.303118,-0.640582,1
2.438048,-0.757882,1
0.900903,0.470664,1
0.786625,0.582469,1
1.097023,-0.266927,1
0.560018,0.747077,1
1.720182,-0.054367,1
1.699095,-0.940597,1
0.894774,0.605599,1
1.122852,1.049192,1
1.086916,-0.491967,1
0.236177,-0.990790,1
0.531980,-0.272547,1
1.482529,-0.514469,1
0.949828,-0.801424,1
1.683907,0.485676,1
1.653012,0.310652,1
0.634584,-0.753663,1
1.700439,-0.068990,1
0.460249,0.234396,1
-0.245115,0.605418,1
-0.341099,0.092754,1
1.742816,0.268956,1
0.718322,-0.436982,1
2.718006,-0.313614,1
1.160968,0.572300,1
0.697226,1.023654,1
1.076003,1.329851,1
1.913810,0.399505,1
1.080632,-0.575195,1
0.780627,0.834859,1
0.459409,-0.846740,1
1.111728,-0.225291,1
0.902538,0.135171,1
1.191696,1.018447,1
0.200802,-0.429171,1
2.344394,-0.653290,1
1.564425,-0.982527,1
1.173551,-0.615923,1
1.615671,-0.792446,1
0.733031,0.735742,1
1.377098,0.902367,1
0.581479,0.012200,1
0.724875,-0.372945,1
2.035171,1.742310,1
1.055201,-0.113738,1
0.146350,-1.642706,1
0.383221,-1.513452,1
1.220187,0.688350,1
0.573211,-0.791517,1
0.348380,-0.387835,1
1.635979,0.167004,1
1.190256,-0.405827,1
-0.337946,0.781129,1
1.240250,0.071323,1
-0.328769,0.298097,1
0.355418,0.273047,1
1.774821,0.366744,1
1.210727,-0.178429,1
0.327980,0.089787,1
1.084578,1.658673,1
-0.091955,-0.348511,1
2.091732,-0.031871,1
1.880780,0.368109,1
0.754015,-0.091423,1
0.491509,0.018059,1
1.139093,-0.882445,1
0.299559,1.198687,1
1.112221,0.731011,1
0.741399,-0.881863,1
-0.246913,1.235215,1
1.176573,-1.278123,1
1.913742,1.049258,1
2.265758,1.283048,1
0.209450,0.250863,1
0.850633,-0.652835,1
1.481770,0.362486,1
1.555878,1.582834,1
1.439550,0.168577,1
1.588898,0.245267,1
2.359819,0.339862,1
0.843506,-0.973933,1
0.237251,0.259479,1
0.478561,-0.133999,1
-0.323258,0.725510,1
1.821643,0.093664,1
1.180242,-0.218688,1
0.822543,-1.245085,1
1.432621,-0.269007,1
0.714046,0.607356,1
0.183081,0.114680,1
0.237085,-0.177899,1
1.616367,-0.171204,1
0.988099,0.713192,1
1.473645,-0.823852,1
1.530925,0.139163,1
1.108629,-0.601616,1
1.151658,1.083073,1
1.773881,-0.202494,1
2.038162,-0.076207,1
0.945681,-0.677939,1
0.688387,-0.134768,1
-0.496086,0.319742,1
0.725607,-1.060397,1
1.182787,1.332624,1
2.121887,0.659812,1
1.362254,-0.041082,1
0.731215,0.252559,1
0.659910,0.576637,1
0.110472,-0.397497,1
-1.437492,0.474193,1
-0.403139,0.127048,1
-0.185804,2.327192,1
0.653192,0.820165,1
0.897125,0.283647,1
1.332771,-0.474844,1
0.494498,-0.326203,1
0.685150,0.333323,1
1.696098,-0.182322,1
0.074963,-0.895763,1
1.926241,2.763089,1
1.227907,-0.457703,1
0.616869,1.218769,1
0.408833,-0.449442,1
0.574986,-0.829926,1
1.473608,0.981438,1
-0.663220,0.701323,1
0.791721,1.124932,1
1.276572,-0.354202,1
0.961251,-0.341304,1
0.371058,-0.731260,1
2.627370,-0.891537,1
-0.316630,0.246514,1
1.096364,-0.342880,1
0.968014,0.866201,1
0.680116,0.202020,1
1.348157,0.026419,1
2.455046,0.000110,1
1.753207,0.312385,1
2.360956,-1.113430,1
1.197898,-1.226928,1
0.826628,0.673446,1
0.712974,0.502866,1
1.556056,-0.740498,1
1.865894,-0.843381,1
2.298047,0.049509,1
2.363853,0.473867,1
0.491365,-1.433306,1
0.322715,0.265260,1
2.525904,0.177558,1
0.808397,0.020935,1
1.215464,0.768568,1
0.373586,0.309283,1
-0.379961,0.923756,1
-0.826406,1.225081,1
1.773325,0.556148,1
0.074397,1.380181,1
1.926906,-0.460316,1
1.927625,-0.437427,1
1.061348,0.897181,1
0.563163,0.462091,1
-0.073507,-0.807564,1
0.486752,0.868869,1
1.471822,0.602144,1
0.649537,0.801086,1
1.751636,0.249495,1
2.516499,-0.779284,1
1.102871,0.797863,1
0.217787,0.849810,1
1.159147,-0.712127,1
1.171283,-0.513822,1
-0.044561,-0.277079,1
-0.482065,0.883613,1
1.396233,0.395480,1
1.760796,-0.356541,1
-0.117138,0.086501,1
0.194177,2.081029,1
1.710402,-0.099804,1
0.514647,0.220022,1
1.166278,0.145195,1
1.860425,1.872035,1
1.554335,-0.510845,1
0.397480,-1.066592,1
0.401992,0.323126,1
1.644686,-0.247763,1
1.531643,-0.017627,1
0.517877,0.556220,1
0.137943,-0.241504,1
-0.562287,0.709213,1
0.926083,-1.201196,1
1.694491,-0.738178,1
0.596047,-0.954309,1
2.006727,0.344670,1
1.769431,0.116250,1
0.803082,0.292978,1
1.852015,-1.007455,1
0.930754,1.584010,1
1.528349,0.390350,1
0.255081,-1.016033,1
0.778861,1.970786,1
2.016521,0.925583,1
1.599757,-0.888810,1
0.917549,0.475119,1
1.200204,-1.268248,1
1.386600,0.849611,1
2.759620,0.667609,1
2.504784,0.700706,1
2.770875,-0.868956,1
1.131924,0.299093,1
1.745141,0.680377,1
0.331510,0.419862,1
0.740144,0.895141,1
-0.007342,0.740723,1
-0.068482,0.989613,1
1.404925,-0.107890,1
-0.015346,0.992292,1
-0.323679,-0.987308,1
2.083701,-0.660932,1
1.146209,0.610675,1
0.951627,0.036929,1
0.625739,-1.063108,1
0.898350,-0.007867,1
0.516417,0.520216,1
1.343472,-0.668690,1
1.930400,-0.469937,1
2.198627,1.056960,1
0.828039,-0.073065,1
0.064043,-0.974859,1
1.407593,-0.075447,1
1.512431,-0.284576,1
0.884502,0.180581,1
0.679096,-1.392403,1
-0.454075,1.899571,1
1.040928,0.617165,1
1.294686,0.190541,1
0.443538,0.225243,1
1.676387,0.283846,1
-0.149817,-0.858218,1
2.566490,1.167619,1
0.494746,-0.253931,1
-0.070028,0.671332,1
1.614636,-1.274123,1
1.144335,1.543008,1
2.092375,0.896186,1
0.517775,0.060511,1
1.357763,0.246898,1
2.164225,0.009198,1
3.090626,0.392170,1
1.429058,-1.151341,1
1.667275,0.084133,1
0.307011,0.575709,1
0.747935,-0.988914,1
0.910905,-0.276772,1
1.135955,-0.077529,1
-1.149011,-1.669793,1
1.199281,-0.595730,1
1.810662,0.957866,1
0.356378,0.903624,1
0.038408,-0.078088,1
1.226804,-0.441609,1
0.787735,-1.190964,1
1.569631,-0.854760,1
-0.019203,-0.453707,1
1.321489,-0.450581,1
0.508394,0.275395,1
0.755131,-0.455968,1
0.854025,0.725720,1
1.598959,-0.004971,1
-1.306177,-0.899614,1
0.544325,-1.341181,1
1.820026,-1.738320,1
0.703045,0.675077,1
1.395719,0.840476,1
2.328536,0.465240,1
1.771431,0.338793,1
1.108468,0.521271,1
1.660117,0.990042,1
0.667085,-0.283707,1
0.365307,-0.285444,1
0.977217,0.191823,1
-0.078685,-0.378989,1
0.094694,1.127741,1
0.148547,0.185222,1
0.020384,-0.045750,1
-0.327696,-0.597216,1
0.721636,-0.754120,1
0.540643,1.256227,1
0.525617,0.890717,1
1.975453,-0.576972,1
1.157435,0.237984,1
1.137703,0.884256,1
1.053656,0.836254,1
0.548440,0.199128,1
0.777829,-0.542385,1
1.067564,0.087862,1
0.176985,0.094443,1
1.980771,0.456366,1
0.605139,-0.534816,1
1.479909,1.239038,1
1.773888,0.187355,1
0.914111,0.047940,1
1.245493,0.849246,1
1.513044,0.004518,1
0.479049,-0.184896,1
1.209939,-0.141374,1
0.661909,0.216212,1
1.641917,-0.328178,1
0.495307,0.246706,1
0.042335,1.155823,1
1.418443,0.407949,1
1.076835,0.109281,1
0.739222,-0.088808,1
0.165998,-1.360697,1
0.315561,-0.168334,1
0.015557,0.456521,1
0.942027,1.658007,1
1.679131,0.828049,1
0.373315,-0.022929,1
1.883207,0.778060,1
0.639282,-1.240715,1
1.471987,-0.674384,1
0.601037,-0.666763,1
0.644017,0.904538,1
1.578782,-0.631122,1
0.677629,0.329445,1
0.618248,0.163232,1
1.175483,-0.855334,1
1.577132,-0.094951,1
-0.103539,-0.631542,1
1.590893,-1.223313,1
0.801375,0.077177,1
1.754441,0.971713,1
0.794003,-1.778830,1
2.141143,-0.701025,1
1.510324,-0.430596,1
0.628677,-1.446307,1
0.848454,-0.152567,1
0.479903,1.471494,1
2.079542,0.017764,1
0.799064,-0.428741,1
0.575772,-1.502615,1
1.242773,-0.543167,1
2.098927,0.196723,1
1.027195,-0.489028,1
2.694802,0.622114,1
1.749434,1.510149,1
1.065019,-1.250748,1
-0.195850,1.495142,1
0.465502,0.458490,1
1.491812,-0.740713,1
1.413460,-0.030288,1
1.450590,0.263620,1
0.276589,0.623758,1
1.495347,1.004037,1
0.418644,-0.072843,1
0.018325,-0.761788,1
0.873311,-0.110636,1
-0.017302,0.574501,1
1.004086,-0.098973,1
0.800790,-0.012202,1
0.922246,0.630379,1
1.551861,-1.773524,1
1.036355,0.406060,1
0.840285,0.870046,1
0.997206,0.863884,1
0.636834,-1.549432,1
1.217596,0.794517,1
-0.040011,1.319849,1
1.232172,2.269138,1
1.966098,0.144321,1
0.863940,1.232371,1
0.371005,-0.170297,1
0.081609,-1.125077,1
0.870647,-0.445049,1
0.984727,0.533356,1
1.851997,0.406238,1
1.122796,-0.181276,1
2.095269,0.873413,1
1.080632,0.770370,1
1.503227,-1.616827,1
0.415067,-0.883705,1
0.766903,0.818142,1
1.231172,-0.785611,1
1.311449,-0.378359,1
2.559881,-1.248623,1
3.417172,0.403932,1
0.935789,0.461488,1
0.993151,-0.860799,1
1.002103,-0.730087,1
0.645321,0.515743,1
1.089000,-0.143683,1
1.644530,1.158942,1
-0.478666,-2.694785,1
0.397928,0.275144,1
0.636787,-0.711324,1
0.939878,-1.021093,1
1.449727,-0.522960,1
1.027784,-0.527770,1
0.351323,-0.824225,1
1.164926,0.592499,1
1.684229,-0.115388,1
0.793193,0.687662,1
0.634788,0.429243,1
0.988456,-0.666036,1
1.102102,-0.577942,1
0.761494,-0.544100,1
1.959660,-0.554151,1
1.357193,0.244039,1
0.045223,-0.071889,1
0.951130,0.105492,1
0.778595,-1.187079,1
2.210602,-0.848968,1
0.113586,0.227739,1
0.682119,0.035741,1
0.866029,0.417343,1
1.428076,-0.716058,1
1.478774,1.458303,1
1.152885,-0.138507,1
-0.083823,-0.101713,1
-0.031091,0.031682,1
-0.012614,0.268221,1
1.374708,-0.020440,1
0.734864,-0.154567,1
0.895655,-0.399011,1
1.591039,-1.062804,1
0.809483,0.139582,1
1.860876,2.223644,1
2.560578,0.297689,1
0.356926,-0.347294,1
0.652229,0.547332,1
0.247637,1.067426,1
-0.091354,-1.360730,1
1.425226,1.095697,1
0.476710,-0.389636,1
1.345089,-0.599512,1
0.612102,1.111020,1
0.575211,0.648281,1
0.663072,-0.036812,1
-0.379002,-1.346978,1
1.087479,-1.099817,1
0.943974,0.967424,1
-0.557616,1.098388,1
0.967491,-0.415657,1
1.504883,-0.489246,1
1.946205,0.429793,1
1.588243,0.139055,1
1.529644,-0.024310,1
0.722429,0.329484,1
0.650804,-0.541065,1
0.270258,-0.107086,1
1.234835,0.590480,1
1.294698,-0.123746,1
0.665722,1.174930,1
0.175222,1.050017,1
0.845199,0.134546,1
0.504650,-0.083298,1
1.101561,-0.778580,1
1.490726,1.564754,1
1.158716,0.641820,1
0.971790,0.809309,1
2.042363,0.274404,1
1.164456,0.653377,1
1.694012,-1.466873,1
0.654997,0.079400,1
0.572591,0.273595,1
0.482300,0.428681,1
1.801468,-0.489401,1
2.118338,-0.257253,1
-0.002470,-0.057050,1
2.001723,0.115294,1
1.202704,1.296724,1
1.869196,-0.060338,1
1.231269,0.672868,1
1.129805,0.333341,1
0.757511,1.138788,1
0.860837,-0.075469,1
2.077703,-0.140511,1
0.869439,-1.629889,1
0.373723,0.463864,1
0.942179,-0.373993,1
0.636286,1.151110,1
0.936809,-0.229320,1
0.477875,0.150251,1
-0.139573,0.279908,1
0.277961,-0.690072,1
0.357425,0.078098,1
0.829219,-0.378224,1
-0.196146,0.273379,1
1.611814,-0.714911,1
-0.456321,0.680393,1
1.438717,-0.174952,1
1.370733,-1.284308,1
0.829826,-0.417068,1
0.271521,0.651314,1
0.878705,0.056464,1
1.477413,1.597756,1
0.925483,-0.926137,1
2.070498,0.863521,1
1.587539,-0.459829,1
0.576284,-0.042383,1
1.943191,0.103425,1
2.961338,0.827462,1
1.682343,0.038988,1
1.515662,1.554235,1
1.082678,-0.387795,1
1.012494,-0.411495,1
1.268969,-0.585732,1
1.505255,-1.230592,1
0.645706,-0.514931,1
2.105772,-0.552618,1
0.084813,-0.908992,1
0.309851,-0.070784,1
1.444593,0.941369,1
0.553858,0.987560,1
0.284311,0.019841,1
0.316960,-0.294861,1
0.590630,0.524596,1
1.683048,0.068551,1
0.622629,-0.928122,1
0.015526,-0.581253,1
0.957130,2.512985,1
1.891062,-0.513572,1
1.100639,-0.123720,1
1.906809,0.354815,1
1.155573,0.475367,1
0.905403,1.177703,1
0.566108,-0.257139,1
1.490907,0.358577,1
0.388895,-1.541602,1
0.538096,-1.076103,1
0.734685,-0.631532,1
2.406591,0.007793,1
0.979522,0.316941,1
0.721850,0.962223,1
1.302869,-0.615956,1
1.560223,-0.618213,1
0.116084,-0.620482,1
1.433247,-0.620880,1
1.996469,1.251746,1
0.613825,-0.705539,1
-0.480868,0.347676,1
1.722439,-1.493450,1
0.767741,-0.485702,1
1.391602,-0.766402,1
0.222075,-1.222003,1
1.444770,1.072465,1
0.994654,-0.766863,1
1.807574,0.509786,1
0.993025,0.468193,1
-0.856733,-0.499620,1
-0.124120,0.256957,1
2.105356,0.851742,1
1.393168,-0.197358,1
0.611003,-0.130698,1
0.159119,-0.123751,1
-0.143758,0.578921,1
1.219546,1.007148,1
0.655260,0.194767,1
0.344991,-0.713811,1
1.031590,-1.237067,1
1.117842,-1.454987,1
-0.024830,-1.044358,1
0.191181,-0.899177,1
-0.190655,-0.216071,1
1.511952,-1.364053,1
2.819212,-0.207904,1
0.403272,0.686640,1
0.108675,-0.445913,1
2.435202,0.339139,1
1.778589,0.816316,1
1.027352,0.015375,1
1.356964,-0.125987,1
-0.361404,-0.620531,1
0.816571,-1.360930,1
0.882489,-0.238152,1
1.040117,-0.334157,1
1.924083,1.688845,1
0.037941,0.187280,1
1.371433,-0.454162,1
-1.323822,-0.400088,1
2.016445,-1.190150,1
1.001770,-0.433547,1
0.528712,1.165113,1
0.576552,0.986101,1
2.322085,-0.623525,1
0.633483,0.169886,1
0.224242,0.101290,1
1.595611,-0.272880,1
0.980361,0.205618,1
1.567300,0.308712,1
2.468442,-0.209222,1
1.270138,0.782333,1
1.099382,-1.439748,1
1.154225,0.170471,1
1.312744,0.452025,1
1.302408,0.157164,1
0.391636,-0.231597,1
1.268003,-0.023779,1
1.143477,0.428710,1
0.245341,-0.215699,1
1.917292,0.308076,1
1.067505,-0.264025,1
0.833646,0.351421,1
0.153382,1.445958,1
0.336130,0.134705,1
1.967263,-2.230468,1
3.045533,0.598992,1
2.001274,1.102280,1
1.194561,-1.747773,1
2.196248,-1.032619,1
0.144194,0.436471,1
0.470107,0.656549,1
0.156995,0.906765,1
1.110755,0.751255,1
0.608481,0.258268,1
2.448464,1.352347,1
-0.055276,-0.248815,1
0.767181,0.091011,1
-0.960482,-0.395601,1
2.384113,-0.441081,1
1.287584,0.497491,1
1.221129,0.237860,1
3.064659,-0.057023,1
0.879482,-0.949226,1
1.171707,-0.846250,1
0.941828,0.066697,1
1.200974,-0.529386,1
1.853377,-0.597814,1
1.245887,1.092640,1
1.177930,-0.387516,1
2.005308,-0.182755,1
0.453722,1.135073,1
-1.304701,-0.503647,1
1.372643,0.260809,1
1.366375,0.972504,1
1.862861,-0.712417,1
1.170029,0.285476,1
0.531005,-0.176551,1
0.142257,-0.690510,1
1.299131,-0.281449,1
1.692215,0.806155,1
0.934903,1.249008,1
0.767458,-0.606206,1
1.674801,-0.572305,1
1.346148,-0.186789,1
1.617247,0.286341,1
-0.963159,1.184021,1
1.115600,0.900869,1
2.245847,-0.288654,1
0.589298,-0.553154,1
0.705830,-0.620260,1
2.147470,0.031029,1
0.959357,0.015033,1
1.506835,-0.725803,1
0.666777,-0.244137,1
1.416691,-0.349701,1
1.665876,-0.973424,1
0.377905,0.216093,1
1.721813,-0.159657,1
1.891157,0.084166,1
0.980210,-0.740820,1
0.212255,0.221579,1
0.855369,-0.134498,1
0.268146,0.650042,1
1.593275,0.938075,1
0.702105,-1.469521,1
0.198954,0.388452,1
1.811020,-0.338738,1
1.026324,-0.451282,1
0.317045,-1.070386,1
1.502466,-1.157605,1
0.605331,-0.480047,1
0.729251,-0.932848,1
1.008158,-0.002177,1
1.529702,0.401445,1
0.816280,-0.181343,1
1.461144,1.288825,1
0.557092,-1.000094,1
1.729702,-0.443564,1
1.012400,-0.529770,1
0.433943,-1.136063,1
0.374547,0.357096,1
0.936183,-2.304659,1
2.206657,0.801277,1
-0.687457,-1.275286,1
-0.614468,1.071112,1
1.703606,-0.834460,1
0.522528,0.022859,1
1.584438,0.293259,1
1.506850,-0.139688,1
2.141174,0.094208,1
1.295907,-0.265062,1
-0.447518,-0.998930,1
-0.710897,0.424113,1
0.966711,-0.060699,1
0.681996,-1.091905,1
0.437952,-0.053906,1
0.364526,0.624092,1
0.576938,0.563174,1
0.627589,-0.127431,1
0.474012,0.548382,1
0.460643,-0.085617,1
1.408901,0.495920,1
1.959433,-0.999735,1
0.893253,-0.155728,1
0.675165,-1.008514,1
3.070683,-0.104370,1
0.444422,0.532756,1
0.126517,-0.078090,1
-0.047265,-1.201082,1
0.692789,-0.163741,1
0.261493,-0.472148,1
0.618571,-1.036272,1
0.466193,0.504871,1
-0.054983,0.991047,1
0.797377,-1.098237,1
1.089684,0.058950,1
1.168861,0.927255,1
2.917718,-0.609622,1
1.400726,-0.413354,1
0.905712,0.119637,1
-0.187420,-0.097347,1
1.248576,-0.012561,1
1.257885,-0.252100,1
-0.812765,0.657584,1
2.101509,0.885189,1
0.178417,1.109034,1
1.390018,0.542999,1
1.435813,-1.553543,1
2.925318,0.257572,1
0.723580,-0.902038,1
2.747509,-0.431863,1
1.675795,0.383335,1
1.342856,0.173625,1
0.814645,-0.694436,1
0.141491,0.311715,1
0.838323,0.248019,1
1.421229,0.492554,1
0.118976,0.805588,1
0.104988,-2.127422,1
0.507813,-0.236233,1
0.898907,0.599870,1
0.987004,-0.184204,1
0.532845,-1.174118,1
0.579548,0.424238,1
1.915093,0.698913,1
0.726797,-0.555357,1
0.928825,0.969155,1
0.563980,-1.303608,1
0.841258,-0.823187,1
1.829681,-0.188920,1
0.243699,0.469178,1
0.403223,-0.197328,1
2.228423,0.829264,1
-0.436291,0.837186,1
2.333576,0.369328,1
1.619610,0.531951,1
1.048530,-0.406656,1
1.484772,0.491879,1
-0.246431,0.885213,1
1.640235,0.111160,1
0.705201,-0.052888,1
2.069602,0.742291,1
0.216337,-0.266711,1
0.535491,0.120197,1
1.361220,-0.126336,1
-0.072430,0.961951,1
1.382202,0.012811,1
0.413852,1.531481,1
2.071762,-0.137754,1
0.448451,-0.574258,1
1.890704,0.206223,1
0.884611,-0.320117,1
0.847213,0.670115,1
0.603713,0.068683,1
0.390500,1.899274,1
0.670624,-0.846707,1
1.126418,-0.230053,1
0.790452,1.165006,1
0.466132,0.177634,1
1.543264,-0.092581,1
0.943386,-0.222646,1
1.230919,0.234046,1
1.048870,-1.222997,1
2.560422,0.529990,1
1.934023,-0.090037,1
0.827779,-0.059796,1
3.188661,1.212108,1
-0.474564,1.310301,1
-0.141585,0.529024,1
0.196587,-0.374704,1
1.279889,0.800072,1
1.142036,-0.510307,1
0.579885,-0.840373,1
1.806294,-0.090121,1
-1.128297,0.550206,1
1.076820,-0.387015,1
1.198816,1.513829,1
1.411081,0.255645,1
1.929502,-0.101096,1
1.023712,-0.116467,1
0.320863,0.017976,1
1.750028,-0.698188,1
1.197859,-0.961824,1
1.840006,0.483030,1
2.062090,0.704749,1
0.804374,0.222550,1
0.989748,-0.543488,1
1.417974,0.529781,1
0.624452,-0.419954,1
-0.124184,0.620831,1
0.735146,0.589915,1
0.835671,0.239882,1
0.957547,2.325541,1
1.061233,-0.877554,1
2.066007,-0.003231,1
0.393510,-0.681612,1
-0.622035,-0.282976,1
-0.446554,-0.473718,1
1.319033,-1.163798,1
0.417387,-0.235952,1
1.455273,-1.156132,1
1.676476,-0.329655,1
1.114802,0.084202,1
-0.023962,-0.342401,1
0.301106,-0.273129,1
0.617376,-0.741055,1
2.464972,0.644540,1
1.305705,-1.345095,1
1.701957,0.122123,1
0.808324,-1.314687,1
0.104318,0.455849,1
1.581479,0.561229,1
0.343392,0.609405,1
0.034767,-1.133056,1
0.886114,0.177136,1
1.414887,-0.403725,1
0.831332,-1.122806,1
0.354226,0.596742,1
0.821087,0.092671,1
0.403381,0.514165,1
0.575143,-0.774714,1
1.783527,-0.087077,1
2.864113,0.755625,1
1.045691,-1.394385,1
2.368282,-0.791956,1
2.112170,-0.008334,1
2.068757,-1.550281,1
1.894237,0.676330,1
2.207192,-0.011358,1
0.620177,0.633661,1
1.824092,-0.697384,1
2.134173,0.776780,1
0.903945,1.233591,1
1.672173,-0.924545,1
1.295075,-0.884541,1
1.802212,-0.974925,1
1.118316,-0.614763,1
0.975939,0.292725,1
0.482870,-0.154061,1
0.380691,0.704729,1
1.202507,0.173629,1
0.726834,-0.916069,1
2.187226,0.091511,1
0.624214,0.079454,1
0.052243,1.105293,1
2.839284,0.004556,1
1.566254,0.811117,1
1.495249,-0.891710,1
0.314294,-0.613885,1
1.437916,0.706255,1
-0.552870,1.283778,1
0.870233,-0.219977,1
1.163554,-0.668299,1
0.629902,-0.394897,1
1.425900,0.002412,1
0.652711,1.313909,1
1.263862,-0.898238,1
0.223336,1.004929,1
1.170122,0.791132,1
1.522450,-0.029119,1
0.866713,0.464095,1
0.146314,-0.212091,1
1.202658,0.153551,1
1.518762,1.068866,1
0.662379,-0.273686,1
1.069789,-0.384094,1
2.426570,0.309886,1
1.376966,-0.300203,1
1.243979,-0.598178,1
0.961678,-0.132635,1
0.129537,-0.816616,1
0.143936,-0.813895,1
0.058356,-0.219848,1
0.822178,0.725989,1
1.168252,-0.126470,1
0.606912,-0.536712,1
0.383361,0.690786,1
0.772000,-0.443574,1
0.573897,-0.216532,1
0.856649,0.243714,1
0.537089,1.658347,1
0.019596,0.194566,1
1.108121,0.737578,1
0.313604,-0.289381,1
1.506943,-0.852747,1
0.035366,-0.820318,1
0.276080,-0.041196,1
1.658095,2.112098,1
1.031392,-0.238564,1
2.503070,0.659627,1
1.090275,0.638248,1
1.264565,-1.475543,1
2.065426,-0.808096,1
1.143059,0.213943,1
0.170675,-0.022061,1
-0.053076,0.590077,1
0.684232,0.380573,1
-0.533606,-0.936453,1
2.832778,-0.039680,1
1.384066,-0.318164,1
0.922129,0.786537,1
0.084859,0.200856,1
1.706341,0.553187,1
1.063439,1.953780,1
0.973704,0.895977,1
1.908028,0.457175,1
-0.318755,0.543514,1
0.356760,0.753105,1
0.886894,0.461641,1
1.220994,0.233601,1
-0.047753,-0.122696,1
1.610836,-0.542773,1
0.850120,-0.016764,1
0.561566,1.376091,1
1.390377,-1.390358,1
0.940050,1.293406,1
1.461701,0.583069,1
0.285784,-0.527204,1
0.085732,0.387367,1
-0.069283,-0.282855,1
0.854207,0.228886,1
1.365251,-0.159172,1
0.503132,0.041299,1
1.666715,-0.022661,1
1.284349,-0.124494,1
1.821924,-0.428235,1
0.334818,-0.271568,1
2.670965,-1.195565,1
1.363964,1.016469,1
-1.013401,-0.470552,1
0.160833,-0.248152,1
1.552205,0.671670,1
2.006024,1.464883,1
0.476712,-0.827285,1
0.410354,-1.289339,1
1.033905,0.649450,1
1.644747,-0.312212,1
2.469244,-1.026171,1
1.546947,-0.542456,1
2.140066,-1.960452,1
0.853928,0.416303,1
0.518326,-0.003815,1
0.596347,0.230626,1
-0.454187,-0.920658,1
1.007146,-0.379224,1
0.742505,0.434794,1
1.489254,-0.532551,1
1.955535,-0.235677,1
0.980397,0.268512,1
-0.000812,-0.405421,1
0.222937,0.652424,1
1.597632,-0.661576,1
0.243096,-0.246726,1
1.005501,1.073227,1
0.664228,0.151195,1
0.807454,0.051351,1
0.257939,0.083296,1
0.095777,-0.495606,1
0.538601,0.628798,1
0.532192,-0.354536,1
2.462076,1.117801,1
2.420681,-1.175683,1
0.364499,0.778006,1
0.726187,0.936473,1
0.883032,-1.506270,1
0.949645,0.405903,1
0.501266,-0.255263,1
0.740138,1.410634,1
0.609280,0.552555,1
1.623355,-1.440331,1
2.473143,2.259030,1
1.688953,1.073472,1
1.801191,0.010862,1
1.860739,-0.442018,1
1.987185,-0.474347,1
2.134408,-1.213473,1
2.185885,-0.033288,1
2.430704,1.794057,1
1.646025,0.065530,1
1.099828,-1.878009,1
0.304689,0.138827,1
0.724382,0.152818,1
0.790373,-0.753396,1
1.644934,-0.706316,1
1.688598,-0.613922,1
1.549177,1.386630,1
0.690697,-2.296541,1
-0.761445,0.018459,1
1.680237,-0.374656,1
0.295560,-1.070427,1
1.046963,-0.402272,1
0.429341,-0.747274,1
1.662727,0.212229,1
0.588851,0.211192,1
1.454215,0.289791,1
2.401712,0.973738,1
0.734962,-0.065752,1
0.886039,1.211532,1
2.654342,-0.331611,1
1.898034,-0.126562,1
-0.145273,-0.492473,1
1.974050,0.625445,1
1.113247,-0.412290,1
3.185996,-0.636306,1
1.101558,0.944981,1
2.169230,-1.084708,1
-0.075378,-0.868510,1
0.652498,-0.026772,1
1.278969,-0.736534,1
0.516719,-0.783546,1
0.455657,0.577650,1
0.558569,-1.721620,1
0.694569,0.206146,1
0.016680,0.164726,1
2.549264,0.886760,1
0.872514,0.005551,1
1.600881,-0.185697,1
0.937647,0.208956,1
0.807301,1.611804,1
0.823326,0.822478,1
2.715464,-0.803008,1
1.864340,0.294972,1
2.276001,-0.163611,1
2.177549,-0.832175,1
1.065601,0.603848,1
0.738552,0.140111,1
1.189522,-0.255023,1
1.055317,0.130774,1
1.260571,0.638491,1
1.469821,-0.808744,1
2.184187,-0.364939,1
1.848920,-0.884970,1
1.417130,-0.677330,1
2.076792,-0.194741,1
-0.568709,0.347239,1
-0.212522,-1.347491,1
1.068243,0.452893,1
0.035897,0.987487,1
0.753010,-1.441059,1
0.427575,-0.217171,1
0.735209,-0.196358,1
1.213322,-1.093318,1
-0.019308,0.020914,1
1.759999,0.755116,1
1.057678,-0.117633,1
-0.548520,-0.771486,1
1.312124,0.426858,1
1.094362,1.234939,1
0.334510,-1.265398,1
1.432111,-0.661611,1
1.611179,0.295799,1
1.477829,-0.126822,1
1.176220,0.055457,1
0.354818,-0.005424,1
1.144550,0.105387,1
0.493088,0.637011,1
0.748546,-0.095666,1
0.370885,0.818190,1
2.289270,0.087491,1
1.536434,0.747763,1
1.079468,0.597102,1
0.249449,-0.818756,1
1.275475,-0.319650,1
0.532081,-0.061846,1
0.752162,-0.083207,1
0.267466,-0.325956,1
1.118173,0.627827,1
2.292146,-0.492957,1
0.626587,1.397003,1
1.672936,0.396906,1
1.689259,0.018088,1
0.120325,-0.155117,1
0.075859,-0.441510,1
1.607333,-0.598666,1
0.721083,0.420025,1
1.811555,-0.143645,1
0.542720,-0.186268,1
2.073706,-0.322475,1
0.615962,0.815630,1
0.510808,0.440880,1
2.315509,1.039126,1
2.330197,1.430817,1
1.739263,-0.330056,1
1.251932,-0.363903,1
0.764234,0.397437,1
1.012178,-0.352686,1
1.636089,-0.722315,1
2.571020,0.447062,1
1.458991,-0.479571,1
0.248926,-0.057475,1
1.666899,0.839290,1
2.268658,-0.326909,1
0.055304,0.160563,1
3.095598,-0.069463,1
1.496588,-0.516734,1
2.031089,-0.958155,1
1.746861,-0.834741,1
1.444068,0.572914,1
0.595224,-1.279638,1
0.589135,1.029645,1
1.397577,1.652897,1
2.462175,-0.484570,1
0.773325,0.394632,1
0.206237,-0.024391,1
1.131527,-0.462835,1
0.749678,1.473093,1
1.440692,0.111513,1
1.531749,-0.323380,1
1.181834,0.347042,1
3.135558,0.669753,1
0.338662,-0.587204,1
0.241932,0.357972,1
0.493567,1.044420,1
0.935324,0.098444,1
0.085302,1.038056,1
0.635668,0.521144,1
0.000077,0.309253,1
0.054523,-0.262537,1
1.366069,0.674716,1
1.133931,1.361316,1
-0.281507,-0.081124,1
0.047342,0.561533,1
2.067262,-0.157825,1
0.016994,0.398305,1
0.853145,-1.583562,1
2.233207,-0.138095,1
0.285120,0.441381,1
0.986488,-0.542964,1
-0.577723,0.203892,1
1.281203,0.645450,1
0.356945,0.735618,1
0.238271,-0.328782,1
0.766072,1.101980,1
1.184270,0.125802,1
0.797532,0.566957,1
0.227158,0.494812,1
0.560660,0.356450,1
1.114443,-1.234819,1
-0.529772,0.696347,1
0.389465,-0.822629,1
1.848041,0.389050,1
1.408212,0.945091,1
0.703555,0.699308,1
1.563661,-1.251785,1
1.168981,-0.600000,1
1.355882,-0.577002,1
0.501155,-0.355585,1
1.456891,0.511106,1
1.155976,1.861193,1
0.231154,0.455644,1
1.048620,-0.681117,1
2.484238,0.036131,1
2.894705,0.757416,1
0.518604,-1.027542,1
1.603881,-0.191606,1
1.065582,-0.479219,1
1.588403,-0.083316,1
2.138888,0.940049,1
0.720901,0.321964,1
-0.383737,1.575089,1
0.965613,0.130528,1
1.396354,-0.339248,1
1.316883,-0.519567,1
1.078688,1.873027,1
2.049954,-0.633077,1
0.161719,-0.300839,1
1.888494,-0.088377,1
1.507240,0.917826,1
1.565413,0.283020,1
1.119672,0.477839,1
-0.178924,-0.006606,1
-1.133581,-0.124047,0
-1.438634,-0.133734,0
-1.499629,1.827945,0
-1.351291,0.057283,0
-1.210003,-0.640364,0
0.185004,-0.394086,0
-1.105697,1.322925,0
-1.404714,1.105262,0
0.093504,0.492106,0
-1.788298,0.832687,0
-0.586350,1.000819,0
-1.706271,0.361207,0
-1.193448,0.461726,0
-1.148026,1.522343,0
-0.945559,-0.746662,0
-0.425845,0.372400,0
-1.209347,0.307385,0
-0.366084,-0.506216,0
-0.634292,-1.372006,0
-0.963148,-1.076807,0
-1.588316,0.727607,0
0.037056,-1.015782,0
-1.075066,0.853544,0
-1.210764,-0.264458,0
-2.327718,0.068693,0
-0.568288,-1.963433,0
-1.864095,0.550856,0
-1.539723,-0.311671,0
-1.458781,0.909659,0
-0.204813,0.209039,0
-0.649562,0.489931,0
0.851902,0.003326,0
-0.752842,-1.237613,0
-1.655821,1.246047,0
0.277874,0.267118,0
-0.443569,0.841980,0
-2.170509,0.615724,0
-3.887583,0.429906,0
-1.232701,-0.026615,0
0.124368,0.120887,0
-1.161017,-0.053390,0
-1.770314,-0.866911,0
-3.348972,-0.413565,0
-1.092546,-0.214011,0
-1.312156,0.010983,0
-0.684195,-0.110173,0
0.260590,-0.421705,0
-0.010623,0.192772,0
-0.888805,0.238840,0
-1.354889,-1.502067,0
-0.867830,-0.372375,0
-2.310564,0.113020,0
-0.362044,1.297397,0
0.817672,-0.312849,0
-0.744798,0.287676,0
-1.734993,0.695314,0
-1.416447,0.441323,0
0.893584,0.746458,0
-0.817730,-1.366388,0
-1.248287,-0.078072,0
-0.741968,1.154429,0
0.074197,-0.268796,0
-0.865105,-0.277650,0
-1.834039,0.840702,0
-2.006978,0.029367,0
0.176865,1.352547,0
-0.867999,0.278320,0
-1.643351,-0.697675,0
-0.160227,0.021414,0
0.594422,-0.407418,0
-1.012073,0.972632,0
-1.569516,0.271151,0
-1.464716,-1.136026,0
-1.812934,-0.209091,0
-0.440336,0.299121,0
-0.565140,0.316052,0
-1.907320,-0.165609,0
-1.277072,0.215689,0
0.715872,-0.056433,0
-0.354018,-0.301794,0
0.240320,-0.432727,0
-0.983195,0.722519,0
-2.067481,-0.214672,0
-0.941280,1.553833,0
0.942325,0.312247,0
0.136046,0.588841,0
-0.540784,0.118726,0
0.918332,-0.240170,0
-1.813788,0.778748,0
-0.566288,-1.506221,0
-2.473660,-0.037646,0
-1.137320,-1.167147,0
0.275211,-0.769419,0
-1.591820,0.047447,0
-0.885999,-0.440389,0
-1.760290,-0.782174,0
-1.157905,1.162070,0
0.127348,0.318560,0
-0.909985,-0.604305,0
-0.172809,0.207727,0
-0.329274,1.061373,0
-0.841086,0.300022,0
-1.532650,0.298723,0
-1.505536,0.174352,0
-0.497294,0.191470,0
-0.377649,0.369976,0
-0.270310,-1.150772,0
-1.744400,1.890198,0
-1.989695,0.267209,0
-1.495345,-0.079959,0
-0.977603,0.136653,0
-2.222563,-1.629190,0
-1.155746,-0.135204,0
0.631973,-2.325257,0
-0.380613,-0.375706,0
0.181692,-0.439765,0
-1.032920,0.280562,0
-0.843418,-0.024422,0
-1.314065,-1.040451,0
-1.535523,0.463203,0
-0.217238,0.571550,0
-0.118046,-0.161783,0
-0.368307,-1.235193,0
-0.990616,-1.253860,0
0.008286,0.041328,0
-1.201028,3.168996,0
-1.547226,-0.401988,0
-1.153299,-0.617682,0
-1.839355,-0.042869,0
-1.883835,-0.208696,0
-1.569086,-0.437035,0
-0.063001,0.034350,0
-0.909564,-0.315041,0
-0.982026,-0.878051,0
-1.022692,-0.419060,0
0.161662,-0.188456,0
-1.565080,-0.156046,0
-0.126004,-1.015906,0
-0.505389,1.476556,0
-0.913184,0.215593,0
-1.914459,0.404682,0
-0.730232,0.436959,0
-1.492366,0.359023,0
-0.966696,0.419221,0
-1.186918,1.890307,0
-1.155780,-0.041101,0
-1.566496,0.062233,0
-1.895875,0.047570,0
-1.711282,0.370302,0
-1.629815,-0.643399,0
0.088430,0.076197,0
-0.110064,-0.613821,0
-1.360099,-1.950113,0
-1.338964,0.385658,0
-0.787190,-0.494176,0
-1.632424,-0.199331,0
0.041930,-0.415106,0
-1.541262,0.405966,0
-1.530892,0.406807,0
-0.382479,0.441851,0
-1.389767,-0.105165,0
-0.334967,-0.319591,0
-1.961062,2.239430,0
-1.637433,0.359590,0
-0.770513,1.202570,0
-2.852417,-0.334365,0
-1.082839,1.567284,0
-0.822958,0.734382,0
-0.923631,-0.578170,0
-1.196320,0.338164,0
-0.659621,0.796585,0
-1.108347,0.179382,0
-0.491518,-0.444990,0
0.502104,0.120882,0
0.831918,-0.526908,0
-0.050146,-0.767911,0
-0.919761,-0.408476,0
-1.310627,0.948782,0
-0.767967,0.198662,0
-1.180983,0.758050,0
-0.479529,-0.090635,0
-0.686345,0.258340,0
-0.681101,1.286645,0
-0.338946,-0.452323,0
-0.049567,0.214082,0
-1.179916,-0.391536,0
-0.316857,-0.140170,0
-1.637685,-1.226446,0
-1.443347,-0.271732,0
0.640968,1.216178,0
0.503341,-2.263802,0
-2.202960,0.062638,0
-1.458923,-1.066947,0
-0.413839,0.382383,0
0.406743,-0.650472,0
-1.564227,0.698019,0
-2.029865,-0.647141,0
-3.110234,0.625593,0
-0.716511,-0.084473,0
-1.967982,-0.473098,0
-1.469373,0.860223,0
-0.785954,0.027803,0
0.227159,0.766518,0
-0.567096,-0.071546,0
0.012712,0.070582,0
-1.542707,0.941315,0
-1.725102,-0.697961,0
-1.786080,0.398746,0
-0.995013,-0.633030,0
-1.457144,0.239094,0
-1.314612,0.111768,0
-1.074683,-0.148021,0
-0.584849,1.113704,0
-1.284196,0.834381,0
-1.853960,-0.664234,0
0.426449,0.179948,0
-2.472526,-1.032993,0
-0.349632,0.509973,0
-0.223522,-0.496298,0
-1.579523,0.183617,0
-1.034388,-1.549551,0
-0.747966,0.197364,0
-0.732685,0.428276,0
-0.635170,1.261901,0
-0.360352,0.992454,0
-1.949829,-0.381133,0
-0.913787,-0.142390,0
-1.240412,-0.237510,0
-0.055927,0.094617,0
-1.946878,-0.720567,0
-0.805289,-0.598934,0
-1.486644,-0.116123,0
-2.308300,-0.798089,0
-1.026450,1.159935,0
-1.260658,0.366187,0
-1.781665,-0.022680,0
0.477332,1.854472,0
-1.190688,-0.273269,0
-1.033188,-0.304543,0
-0.613881,-1.222328,0
-0.471934,-0.141705,0
-1.706730,-0.977630,0
-0.540141,-0.287795,0
-1.918409,0.019869,0
-0.149653,-0.745837,0
-0.779250,0.056124,0
-1.085992,0.431075,0
-0.480274,0.078717,0
-0.183690,-1.792670,0
-1.468513,2.276481,0
-2.352974,-0.751681,0
-1.420025,-0.129030,0
-0.419535,-0.019839,0
-1.523674,0.157549,0
-0.881428,0.279412,0
-0.342892,-0.384874,0
-0.972899,0.679937,0
-0.390954,-1.164953,0
-2.085564,0.737801,0
-2.796071,0.870822,0
-0.716995,0.382737,0
-2.660076,0.220293,0
-0.694545,-1.791896,0
0.169113,-0.430225,0
-1.377690,-0.487012,0
-0.507577,0.414722,0
-0.595354,-1.087548,0
-1.780793,-1.014739,0
-1.038636,-0.493845,0
-1.221003,-0.622055,0
-1.234668,0.178936,0
-0.317468,0.246028,0
-1.677518,1.572339,0
-0.751892,1.595003,0
-0.336844,-1.248590,0
-1.733551,0.257827,0
-0.921057,0.330603,0
-1.612170,-0.256255,0
-1.236125,0.171500,0
0.515414,0.155796,0
-0.824314,1.459568,0
-1.617513,0.400136,0
-0.410008,0.349828,0
-0.753476,-0.436832,0
-1.660771,-0.436436,0
-0.574289,-0.295429,0
-1.765382,0.892274,0
-1.270030,-0.559129,0
-0.024184,-1.146520,0
-0.360396,-0.230875,0
-1.870441,0.152233,0
-1.610576,0.804038,0
-0.281902,0.088249,0
-1.931413,0.056495,0
0.036859,-0.289836,0
-1.088424,-0.706621,0
-0.437989,-0.210322,0
-1.198953,0.319928,0
-0.846326,0.451048,0
-0.377563,-0.599622,0
-1.361036,-1.183056,0
-0.182920,0.481453,0
-0.908223,0.712476,0
-0.792435,0.925826,0
-1.269886,-0.386467,0
-0.849232,-0.054261,0
-1.337291,-0.518813,0
-0.566169,1.525250,0
-1.127913,-0.721914,0
-0.037511,-0.626879,0
-0.749604,-1.226064,0
-0.667887,-0.611519,0
-0.415295,-0.427417,0
-0.984291,1.251434,0
-0.706828,0.909969,0
-1.806942,-1.922094,0
-0.774715,-0.615766,0
-2.174043,-1.213515,0
-0.239009,-0.604636,0
-1.347212,-0.188550,0
-1.333954,-1.043790,0
-2.353698,2.012217,0
-0.639297,-0.859147,0
-0.107925,-0.463936,0
-1.311601,0.110929,0
-1.771156,-0.170440,0
-0.921037,1.171045,0
-1.257997,1.041719,0
0.445164,-0.009907,0
-2.801522,0.718893,0
-1.750114,0.091546,0
-1.385782,-1.053661,0
-0.437576,1.373804,0
-1.723564,-0.781526,0
-0.517102,0.528400,0
-1.146333,0.444976,0
-1.095573,-0.013928,0
-2.685946,0.350404,0
-1.787929,-0.425797,0
-0.466515,-0.486431,0
-0.460583,-0.590931,0
-0.531273,1.210418,0
-2.525081,-0.812253,0
-0.751086,0.962205,0
-0.927996,-0.953774,0
-1.020678,-0.362243,0
0.769186,-0.491970,0
-1.758711,0.695834,0
-1.662115,0.152540,0
-0.157562,-1.787495,0
-0.385142,-0.536062,0
-1.608230,-0.264962,0
-1.441140,0.363169,0
-1.311507,-0.568783,0
-1.410586,-0.228085,0
-1.226960,0.305864,0
0.197524,-1.142622,0
0.192826,0.592549,0
-0.515964,0.559390,0
-1.252946,-0.145073,0
-0.296001,0.572109,0
-1.090787,0.924726,0
-0.411663,0.027885,0
-0.344997,-0.391224,0
-1.065237,-1.100292,0
1.459457,1.446499,0
-1.068943,-0.489794,0
-0.281826,-0.359258,0
-1.202263,0.873373,0
-0.428547,1.477836,0
-0.975558,1.277597,0
0.027085,-0.637712,0
-1.030604,-0.342764,0
0.122825,0.193937,0
-1.291108,0.355189,0
0.229708,1.195804,0
-1.684302,-0.784699,0
-1.844100,0.307537,0
-1.264623,-0.601775,0
-3.114647,1.116907,0
-1.822096,-0.029076,0
-0.498049,1.569287,0
-0.366284,0.677091,0
0.054384,0.529748,0
-1.877045,-0.742984,0
-1.047179,-1.266824,0
-1.560460,-0.178678,0
-0.259604,-0.566711,0
-0.745180,-0.518348,0
-0.761549,-1.465301,0
0.128022,-0.030690,0
-0.779302,0.520848,0
-0.378139,1.029572,0
-1.595858,0.809856,0
-0.198189,-1.921706,0
-0.785775,-0.771077,0
-0.360611,-1.076420,0
-0.202025,-0.509506,0
0.317554,0.961967,0
-0.784941,-0.735836,0
0.686208,-0.040594,0
-1.639960,-0.608732,0
-1.761808,-0.457659,0
0.225776,0.536794,0
-1.542868,-0.559238,0
-1.517748,0.512573,0
-1.188837,-0.367850,0
-1.308559,-0.012351,0
-1.448655,-1.655209,0
-0.952063,-0.392844,0
-2.076014,0.383582,0
-1.239106,-0.345309,0
-1.028494,-0.432310,0
-1.708291,1.122265,0
-1.382131,0.069739,0
-0.516438,-0.721390,0
-1.466567,1.393607,0
-0.792466,-0.891767,0
-1.315941,0.852491,0
-0.079033,0.577865,0
-0.610166,-1.927332,0
-0.473659,0.461632,0
-0.598168,0.480347,0
-2.108200,0.609682,0
-1.171724,0.112491,0
-0.347773,-1.381397,0
-0.978053,-0.282244,0
-1.311775,0.892619,0
-1.391520,0.008079,0
-0.607892,-1.981517,0
-0.051928,1.696585,0
-1.893402,-0.969422,0
-1.945134,-0.729215,0
-2.336381,0.377516,0
-0.486326,1.509404,0
-1.112866,0.144751,0
-2.036654,0.136818,0
-1.138592,-0.262994,0
-1.324520,0.541723,0
-0.799040,-0.308914,0
-1.045082,-0.717872,0
-1.181327,0.042073,0
-0.776295,0.029414,0
0.457347,0.037215,0
-0.523690,0.691453,0
-0.241640,0.214069,0
-2.348937,-0.218193,0
-1.852198,-0.027053,0
-0.678976,0.552045,0
-0.433239,0.594451,0
-1.581449,-1.981177,0
-1.019528,-1.820111,0
-1.210776,0.622233,0
-1.191012,2.012879,0
-0.264295,0.167499,0
-1.124626,0.506267,0
-1.312465,0.680403,0
-0.273212,-0.659656,0
-0.667141,-0.821217,0
0.975502,0.359833,0
-0.845673,-0.985321,0
-1.845409,-0.650709,0
-0.305997,1.259432,0
-2.643407,0.958913,0
-1.549928,0.290650,0
-0.335575,0.386547,0
-0.089919,0.480006,0
-2.466020,0.192478,0
-0.475464,0.889487,0
-0.467538,-1.029387,0
-2.271630,-1.367395,0
0.277185,1.025591,0
-1.451566,-0.890171,0
-0.717734,0.279916,0
-0.280367,0.964777,0
-1.393326,-0.756537,0
-1.658356,0.260431,0
-1.524761,-0.930049,0
-0.319039,-0.899595,0
-1.140685,0.558426,0
-1.371270,-0.832151,0
-0.803400,0.566849,0
-2.523447,1.079764,0
-0.241649,0.094712,0
-3.449911,0.088667,0
-2.167529,0.917680,0
-1.585369,0.441006,0
-1.829242,-1.379231,0
0.097671,1.273538,0
-2.409490,-0.061276,0
-1.591071,0.745296,0
-0.023940,-1.055928,0
-1.070833,0.093687,0
-2.201646,-1.056696,0
-0.582429,-0.284776,0
-1.929792,0.138574,0
-0.511659,0.181055,0
-0.501733,0.048967,0
-0.260564,0.778790,0
-0.737906,-0.207640,0
-1.662664,-0.747030,0
-0.088234,-0.925884,0
-1.570115,-0.194260,0
-1.760883,-0.202723,0
-2.348634,-1.420937,0
-0.998667,-0.359804,0
-0.788760,0.741089,0
-1.088480,0.132633,0
-1.361569,0.389307,0
-1.671883,0.014596,0
-2.673789,0.544993,0
-1.675291,-1.553991,0
-1.617639,1.590439,0
-1.224277,-0.040377,0
-0.212840,-0.421167,0
0.013944,1.433917,0
-0.760470,0.197465,0
0.308541,0.014805,0
-2.122189,-0.290581,0
-0.779509,-0.088981,0
-1.671039,-0.022580,0
-1.800580,0.471663,0
-1.407432,1.615705,0
-0.698502,-0.220386,0
-2.172428,-0.976088,0
-2.409109,0.161458,0
-0.910692,-0.024136,0
-1.525716,0.251920,0
-0.584210,-0.633419,0
-1.617737,-0.177741,0
-0.602804,0.828636,0
-0.981278,0.432507,0
0.025514,-0.652903,0
-1.448645,1.819961,0
-0.408226,0.546384,0
-1.541812,-0.692042,0
-0.604172,1.039523,0
-1.520124,-0.097688,0
-1.660947,-0.553150,0
-1.660936,-0.528634,0
-0.979182,-0.144181,0
-1.191594,-0.025765,0
-0.583567,0.298313,0
-1.438323,0.668032,0
-0.851140,1.327681,0
-1.176181,-1.095723,0
-1.556003,-0.753149,0
-0.579822,0.808462,0
-0.443845,1.123618,0
-0.273187,1.337054,0
-0.311989,-1.778680,0
-1.674113,0.986730,0
-2.433615,0.081407,0
-0.338851,-0.703970,0
-0.510479,-0.069109,0
0.207470,-1.259955,0
-0.280079,-0.008652,0
-2.599720,-0.255841,0
-0.156669,-0.158234,0
-0.072989,-0.590667,0
-0.475806,-1.164877,0
-0.546126,-0.666075,0
-2.189384,-0.368881,0
-0.825474,0.331653,0
-1.533157,-0.882176,0
-2.203323,-0.421104,0
-1.743011,-0.357444,0
-0.850866,-1.316239,0
-1.260694,0.324867,0
-0.737425,1.082185,0
-0.798662,-0.410163,0
-0.496808,-0.111341,0
-1.943987,-0.904658,0
-2.310803,-0.792851,0
-1.052801,1.959242,0
-1.889699,-0.533103,0
0.082314,0.001784,0
-0.543974,-0.258700,0
-0.807290,-1.801061,0
-1.348772,0.674048,0
-0.178116,-0.300007,0
0.292818,0.796568,0
-0.630444,-0.853474,0
-1.830730,-0.541800,0
-0.252453,-0.555059,0
-0.459371,0.093776,0
-1.383571,0.399594,0
-1.546042,-0.303322,0
-0.905333,-0.175164,0
-0.832632,-1.098117,0
-1.428846,-0.331322,0
-1.530181,1.692083,0
-2.468670,-1.628847,0
-1.420240,-0.055293,0
-1.120875,0.158923,0
0.186697,0.300046,0
-1.176211,0.543022,0
-1.837892,-0.883779,0
-0.422729,-0.456994,0
0.046961,0.225921,0
-0.392173,-0.647763,0
-0.791567,1.164694,0
-2.891610,0.661892,0
-2.862060,0.329754,0
-0.499128,1.113262,0
-0.550350,0.657625,0
-0.676769,-0.836740,0
-1.247580,-0.429972,0
-1.128138,-0.872729,0
-1.721951,-1.066313,0
-1.666291,0.315961,0
-1.811293,0.239005,0
-1.809219,0.803061,0
-1.026602,-0.433671,0
-0.795364,0.423987,0
-1.493138,-0.615272,0
-0.856539,0.711569,0
-0.502021,0.728972,0
-2.111526,0.859877,0
-1.761944,0.364406,0
0.188171,0.837655,0
-0.902051,-0.688730,0
-1.037504,-1.952711,0
-2.209098,-0.707624,0
-1.208242,0.445156,0
0.014209,-1.408589,0
-0.970830,-0.674674,0
-0.729964,-0.467143,0
-1.050400,0.384572,0
-1.691365,-0.095787,0
-0.906976,0.895926,0
-0.532932,1.528260,0
-1.666103,-0.186390,0
0.068498,0.977071,0
-1.391931,0.825603,0
-0.305679,0.943390,0
-1.830525,-1.213428,0
0.208103,0.178717,0
-0.172164,-0.627088,0
0.003722,-0.382104,0
-1.229736,-1.381567,0
-0.582641,-0.319532,0
-0.498058,-0.907265,0
-1.095421,0.417949,0
-0.035293,0.041600,0
-0.441690,0.625494,0
-1.316167,0.040093,0
-0.151165,-0.364056,0
-2.139767,-0.567744,0
-2.031054,0.666031,0
-2.038771,1.473802,0
-1.830401,-1.291008,0
-0.125228,-0.038433,0
-1.668310,-0.133802,0
-1.545296,1.576707,0
0.311059,0.030275,0
-0.936523,1.496678,0
-0.709116,0.340368,0
-0.093331,1.459853,0
-0.639488,-0.109194,0
-0.718557,1.053460,0
0.026470,-0.141543,0
-0.552321,-1.066225,0
-0.826615,0.765967,0
-0.545335,1.326152,0
-1.155458,0.123729,0
-0.859847,0.027217,0
-1.090707,0.281428,0
-1.455248,-0.911481,0
-1.288252,0.848353,0
-1.369392,1.224830,0
-1.292646,-1.109075,0
0.530315,-1.257358,0
-0.015302,-0.068580,0
-0.685998,-1.245730,0
-1.069242,-0.340090,0
-1.047455,1.985628,0
-1.062401,0.560283,0
-2.046627,0.158258,0
0.062733,-0.047976,0
0.063397,-0.079034,0
-1.919994,-0.209296,0
-1.174318,2.275620,0
0.272330,-0.534480,0
-0.834142,-0.602655,0
-0.470781,-0.143548,0
0.118101,0.774502,0
-1.655024,0.845499,0
-0.031710,0.812800,0
-0.843729,0.842442,0
-1.587422,0.649687,0
0.088082,-0.144141,0
-1.873095,-0.095410,0
-1.007132,-1.156489,0
0.325174,-0.326732,0
0.591454,-0.686283,0
-2.131814,0.345698,0
-0.023393,1.444579,0
-1.089866,-0.856851,0
-0.802017,0.920849,0
-2.473317,-0.348121,0
-0.922538,-0.144733,0
-1.270312,-0.135494,0
-1.428474,-0.083099,0
-1.699715,0.682515,0
-0.902865,-0.170411,0
-1.056337,-0.994076,0
0.884241,0.359318,0
-0.615067,0.267467,0
-0.632926,-0.810936,0
-2.339528,-0.255256,0
-0.433646,0.246315,0
-1.221785,1.563978,0
-0.323822,0.033759,0
-2.728677,-0.172592,0
-1.852845,0.372478,0
-0.184664,-0.260044,0
-1.645471,0.374577,0
-1.289317,0.849593,0
0.426471,0.592366,0
-0.423379,0.285398,0
-1.463756,0.488931,0
-1.549519,0.489788,0
-2.029802,0.426468,0
-0.776112,-0.344444,0
-0.140598,-0.893759,0
-0.716674,-1.057883,0
-2.116468,-0.364203,0
0.805306,0.529296,0
0.762954,1.058552,0
-0.600316,-0.409397,0
0.012723,1.127150,0
-1.124038,0.208756,0
-1.154672,-0.456012,0
-1.200765,0.226341,0
-0.932892,0.696665,0
-1.673166,0.167103,0
-1.355970,-0.997966,0
-1.705858,1.793277,0
-0.541832,-0.626061,0
-2.138776,0.099037,0
-1.261647,-1.034313,0
-0.469384,-1.881161,0
-0.696690,0.418201,0
-0.399050,0.039934,0
-1.636998,-0.021737,0
-0.646707,0.355406,0
-0.932321,0.039486,0
0.411893,-0.161149,0
-0.906219,0.574604,0
-0.026901,1.392634,0
-2.194821,0.970754,0
-0.140503,0.875041,0
-0.567106,0.628460,0
-1.816014,-0.113012,0
-1.011212,0.963440,0
-0.209098,0.069964,0
0.258500,-0.294811,0
-0.776188,0.816211,0
-0.538193,0.309654,0
-2.089211,0.607024,0
-0.968097,-0.659008,0
-1.354970,1.147025,0
-1.570133,0.912803,0
-1.268636,0.063147,0
0.957431,-0.168258,0
-2.512863,-0.061155,0
-0.784393,-0.280952,0
0.246987,0.326697,0
-0.883515,0.816684,0
-1.234600,-0.038582,0
-0.301223,-0.476686,0
-1.054845,0.735184,0
-3.255424,0.013825,0
-0.489478,0.054750,0
-0.417084,0.469050,0
-0.885554,0.088772,0
-0.205027,1.569538,0
-1.219356,0.079799,0
-1.301709,0.390691,0
-1.524281,0.149238,0
-0.714671,0.468570,0
-1.222372,-1.635838,0
-1.358706,-0.621332,0
-0.454865,0.105610,0
-1.219950,0.851697,0
-0.062189,0.009135,0
-0.010186,-0.117611,0
-2.070962,-1.092187,0
-0.945358,0.697933,0
-0.510201,0.051390,0
-0.826210,-1.338616,0
-0.937369,-0.131530,0
-0.470617,0.411322,0
-2.020628,0.887182,0
-1.577612,0.478815,0
-1.883262,0.178307,0
-1.017630,0.177273,0
-0.385760,0.259629,0
-1.921938,-0.178045,0
-1.826466,1.243268,0
-1.318138,0.166136,0
-0.595471,0.446812,0
-0.436751,-1.660725,0
-0.957805,-1.575179,0
-2.087705,0.556311,0
-0.604695,0.363299,0
-0.256778,1.035102,0
-1.379874,-1.267886,0
-0.673241,-1.236019,0
-1.589646,0.291396,0
-1.653007,0.588132,0
-1.021973,0.274026,0
-0.846686,0.029134,0
-0.826183,-0.615713,0
-0.373125,-0.513264,0
-0.555972,-0.127153,0
-0.806505,-1.145538,0
-1.233294,0.367658,0
-0.789720,0.901517,0
-1.335824,-0.164598,0
-0.932908,2.056829,0
-0.920903,-0.132707,0
-1.119314,0.408314,0
-1.242611,-0.104922,0
-2.024160,1.089703,0
-1.417246,0.547033,0
-1.619170,-1.200346,0
-0.746274,-1.116608,0
-2.602261,1.356186,0
-0.106568,-1.464005,0
-0.138363,0.043450,0
-0.329117,0.684333,0
-0.906029,0.962061,0
-0.929231,-0.399768,0
-0.292348,0.146866,0
-1.433302,-0.688230,0
-0.645960,1.063128,0
-1.704347,0.628100,0
-1.670855,0.377081,0
-2.756082,-0.484810,0
-1.873327,-0.554378,0
-1.968927,-0.501006,0
-1.423778,-1.026424,0
-1.423991,-1.096842,0
-0.081242,-1.368089,0
-0.669411,-0.248898,0
-2.540177,-0.877898,0
-0.925954,0.112804,0
-1.124262,-1.655575,0
-1.093327,-0.476101,0
-1.044419,-0.070325,0
-0.136216,-0.557578,0
-2.478634,-0.780488,0
-1.071567,2.061503,0
0.278172,-0.337180,0
-1.060475,1.030313,0
-0.736194,-1.147619,0
-1.642419,-0.873499,0
-1.849496,-0.523169,0
-1.546093,0.923938,0
0.213605,-0.671987,0
-1.436633,0.536762,0
-1.440643,0.359917,0
-0.478481,0.415928,0
-1.921038,-0.146798,0
-0.643725,-0.119490,0
0.250191,-1.581750,0
-0.363386,2.716389,0
-0.310031,-0.222016,0
-0.204673,-0.265904,0
-0.955014,-0.360265,0
-2.320186,1.329147,0
-1.373605,0.284666,0
-0.450655,0.774148,0
0.332263,-0.902536,0
-2.454919,0.248427,0
-1.404751,1.111182,0
-1.865120,0.391030,0
-0.397063,0.428704,0
-1.449368,-0.807191,0
-0.882321,0.176370,0
-1.508617,1.366127,0
0.395907,0.170007,0
-1.604313,0.255329,0
-1.247457,-0.068257,0
-1.576976,0.810238,0
0.132472,-0.972331,0
-2.599008,0.432624,0
-1.098986,0.404212,0
-1.006337,-0.286997,0
0.012092,-0.045863,0
-0.636592,-0.961613,0
0.713038,0.141588,0
0.334447,-0.430304,0
-1.799083,-0.117526,0
-1.037952,0.198057,0
-1.169312,0.620946,0
-1.632844,0.796974,0
-0.765125,-0.834871,0
-1.371589,0.524472,0
-0.702083,0.342275,0
-1.232668,0.225555,0
-2.382253,1.952370,0
-1.680635,0.004768,0
-1.474406,0.456379,0
-0.270749,-0.566632,0
-1.057100,1.676901,0
-1.447173,-0.172890,0
-0.096828,-0.563163,0
-0.087980,-0.203275,0
-0.968697,0.522308,0
-0.383584,-1.011656,0
-0.927611,-0.384561,0
0.421834,0.314135,0
-0.403600,0.262850,0
-1.171444,-0.213974,0
-1.388065,-0.100924,0
-1.259339,1.022140,0
-0.262801,-0.457259,0
-0.738341,0.937912,0
-3.141743,0.758628,0
-2.492907,-0.705650,0
-0.916725,-1.673343,0
-1.326044,0.405771,0
-0.930899,-1.567123,0
-1.049429,0.063270,0
1.156000,0.048862,0
-1.402453,-1.000088,0
-0.987147,0.640573,0
-0.369054,1.240163,0
-1.244762,-0.517965,0
-1.541410,-0.224565,0
-0.258037,-0.524793,0
-0.559728,0.493287,0
-1.255439,-1.359389,0
-0.777621,0.741592,0
-2.384233,1.105425,0
-2.242070,-0.230346,0
0.458515,1.013021,0
-1.148984,-0.216800,0
-0.958892,0.668177,0
-0.278194,0.928060,0
-1.500939,-1.334228,0
-1.904668,-1.298490,0
-0.718495,-1.030105,0
-2.446889,0.086484,0
0.303197,0.545324,0
-1.638087,0.352995,0
-1.069264,-1.279414,0
-0.929125,-0.401017,0
-0.081701,-0.224580,0
-2.859974,1.854631,0
-1.940950,-0.111863,0
-2.389655,0.511558,0
0.436153,-1.199479,0
-0.153116,0.209642,0
-1.492636,-1.248076,0
-1.369593,-1.219571,0
-0.870573,0.137561,0
-1.307951,0.336969,0
-0.654784,-0.729766,0
-2.134430,0.242745,0
-0.758827,0.501609,0
-2.715553,0.462001,0
-0.877554,-0.428876,0
-0.384902,-1.423600,0
-2.078984,1.566796,0
-1.451623,0.312152,0
-2.151172,0.102395,0
-0.925444,0.992753,0
-0.454650,0.298781,0
-0.685699,0.341872,0
-0.945119,-0.400454,0
-0.255129,-0.389641,0
-1.006234,1.273159,0
-2.026297,-1.141905,0
-0.966065,-0.185354,0
-1.387931,0.006161,0
-0.949399,0.365452,0
-0.667364,0.832952,0
-0.104375,-0.221700,0
-2.042469,-0.606926,0
-2.009759,-1.841099,0
-0.721626,-0.276065,0
-2.406161,0.148807,0
-0.202107,-0.321384,0
-1.128756,-0.747891,0
-0.563245,0.004769,0
-1.945338,0.309906,0
-1.090628,0.084795,0
-3.107203,0.331463,0
-2.297161,-0.176904,0
-1.060765,-0.293768,0
-1.236613,1.272214,0
-2.095734,1.566210,0
-1.756955,-1.760291,0
-0.114599,-0.185451,0
-0.504035,1.599213,0
-1.208701,-0.448910,0
-0.339816,-0.147875,0
0.719608,-0.096424,0
-0.543724,1.443676,0
-1.662220,0.759308,0
0.034316,0.958856,0
-1.683163,0.377860,0
-1.266803,-0.862315,0
-1.067762,-2.337112,0
-0.312060,0.962255,0
-0.171218,0.405926,0
-0.288059,-1.513239,0
-1.849599,-0.817719,0
-1.040173,-0.604658,0
-0.776706,0.942120,0
-0.321298,-0.853921,0
-1.445150,-0.244778,0
-0.184743,-0.090566,0
-1.331585,0.940968,0
-0.261590,1.216721,0
-0.949321,1.255492,0
-0.620273,1.378536,0
-0.529723,0.093292,0
0.107583,1.496407,0
-0.461270,0.188846,0
-1.183104,-0.021265,0
-1.980247,0.477329,0
0.399037,1.379844,0
-2.496990,1.365131,0
-0.256813,0.091370,0
-0.559957,0.573145,0
-1.235143,-1.489081,0
-1.209243,-1.440322,0
-0.769793,0.086775,0
-0.610785,-0.314008,0
-0.923732,-1.299266,0
0.283772,0.971277,0
-1.020161,-1.821181,0
-1.846810,-0.069570,0
-0.285511,-0.349919,0
-1.551031,-0.988838,0
-1.307912,0.628184,0
0.161629,0.959901,0
-2.117106,0.215136,0
-0.970901,-0.280678,0
-0.290817,-0.248419,0
-0.521343,0.254134,0
-0.903871,-0.211519,0
1.134526,-0.375302,0
-1.527405,-0.633983,0
-0.930054,-0.736392,0
-0.149586,0.855548,0
-1.511415,-0.013756,0
-0.128356,-0.247650,0
-1.042082,1.110497,0
-1.423947,0.265880,0
-2.246207,0.444821,0
-1.105756,0.872840,0
-1.647367,-1.539415,0
-0.035188,-0.395470,0
-1.206062,0.720872,0
-1.576961,-0.561535,0
-1.623734,0.548887,0
-2.252521,0.050989,0
-1.179842,-0.138620,0
-0.222787,-0.886313,0
-1.244823,0.804733,0
-0.681919,0.402391,0
-2.401752,-0.254317,0
0.109247,-1.066095,0
-2.461006,1.100041,0
-1.529715,-0.065335,0
-1.133972,-0.764767,0
-1.252610,0.464716,0
-1.711682,0.248088,0
-1.234326,-0.715969,0
-1.734169,0.351432,0
0.728010,0.057307,0
-1.875136,1.467209,0
-1.759166,-1.736176,0
-1.427925,-0.501317,0
-1.031061,0.204119,0
-0.494240,0.050710,0
-1.061206,0.240914,0
-0.943324,-0.308969,0
-1.643405,-0.782632,0
-0.388740,-0.818965,0
-1.881621,0.178212,0
-1.849715,-0.592550,0
-1.381466,-0.089111,0
-0.280766,-0.882228,0
-1.603653,-0.497952,0
-0.419420,-0.355324,0
-0.554666,-0.411969,0
-0.695739,-1.057437,0
-1.195584,-1.585977,0
-0.807085,0.102705,0
0.026908,-0.013893,0
-1.835036,1.093462,0
-1.707772,1.565999,0
0.433552,0.318048,0
-1.411232,0.615189,0
0.192194,-0.576248,0
-0.793107,1.145497,0
-1.681469,0.911610,0
0.359859,0.344977,0
-3.297587,0.554431,0
-1.299039,-0.466863,0
-1.453092,0.608655,0
-2.030194,0.117681,0
0.559916,0.878376,0
-1.181256,0.494757,0
-0.448742,0.471758,0
-2.458223,0.698379,0
-0.318574,0.148066,0
-1.228286,0.101258,0
-1.255819,-0.542731,0
-1.368289,0.192351,0
0.007699,0.671337,0
-2.876859,0.648337,0
-2.535419,-0.037650,0
-0.793872,0.238265,0
-1.782327,-0.826340,0
-1.183716,0.084453,0
-1.358196,-0.404084,0
-1.322077,0.446934,0
-0.649492,-1.728321,0
-0.294994,-0.478410,0
-2.035302,0.139523,0
-0.229058,2.037314,0
-1.840600,0.415841,0
-2.310045,1.009427,0
-1.880023,0.341283,0
-1.325400,-0.933570,0
-1.063679,1.195085,0
-0.488053,-0.687088,0
-1.725802,-0.550247,0
0.593435,0.747574,0
-1.781497,0.191353,0
-2.035153,0.428060,0
-2.052908,-0.698210,0
-0.923627,-0.709287,0
0.169375,0.513814,0
-0.722406,-0.170938,0
-1.332230,0.221230,0
-1.001837,0.382159,0
-1.089040,0.648620,0
-0.602721,-0.259543,0
-0.975514,-0.034331,0
-1.873030,-0.334966,0
-0.880855,-0.174232,0
-1.170906,0.504168,0
0.368074,-1.476596,0
0.562537,1.006170,0
-0.587894,0.098870,0
-0.614787,0.753107,0
-0.684037,-0.393851,0
0.030191,-0.393069,0
-1.438615,-0.755590,0
-2.133159,1.337102,0
-1.258124,1.159958,0
0.397658,-0.101249,0
-1.143064,0.720681,0
-2.073992,1.115182,0
-0.319865,-0.389151,0
0.249033,-0.369426,0
-0.773215,-0.639209,0
-1.294139,0.350610,0
-0.925619,0.729926,0
-1.253242,0.438084,0
-1.205537,-0.030651,0
-0.926882,0.037088,0
-0.855685,-0.780496,0
-0.920466,0.069811,0
-0.870943,-0.276029,0
-0.382569,0.633962,0
0.331584,0.480442,0
0.396883,0.541521,0
-1.236254,1.079578,0
-0.400504,-0.292318,0
-1.836461,0.953743,0
-0.538400,-0.560091,0
-1.479815,-0.611637,0
-1.319724,0.437025,0
-1.243668,1.558101,0
-0.705104,-0.660084,0
-1.421136,-0.527461,0
0.490529,-0.970554,0
-1.833089,-0.379379,0
-0.924777,-0.173760,0
-1.598453,-0.234901,0
-1.850303,-1.104698,0
-0.552807,-0.330348,0
-0.065811,-0.048161,0
-1.470509,-0.487454,0
-0.904054,0.807198,0
-0.078436,-1.194843,0
-0.692862,0.693042,0
-0.643354,0.157760,0
-2.163052,0.542060,0
-1.170419,1.074923,0
-1.739448,-0.086136,0
-0.811921,-0.938107,0
-1.059235,0.374017,0
1.179194,-0.835381,0
-0.886114,0.884893,0
-0.892356,-0.247238,0
-0.740738,-1.833526,0
-0.846983,-0.694081,0
-0.641159,0.282000,0
-1.862321,-0.660057,0
-0.547946,-0.451144,0
-0.455343,-0.367454,0
-0.187549,-0.330034,0
-0.777619,-0.033169,0
-1.009828,0.661492,0
-0.633212,0.107424,0
-0.441119,-0.730151,0
-1.043926,0.387129,0
-1.560606,-1.174557,0
-1.339547,-1.260799,0
-1.374224,-0.460102,0
-2.079544,0.213712,0
-0.002669,-0.397882,0
-1.459799,0.049426,0
-0.797028,1.006368,0
-0.754398,0.959863,0
-0.613744,1.885366,0
-0.924891,0.307817,0
-1.315294,-0.133395,0
-0.745275,0.812808,0
-0.947415,0.942440,0
-2.764496,-0.718589,0
-0.500460,-0.080440,0
-2.513489,0.050876,0
-1.682704,0.319959,0
-0.965020,0.402076,0
-1.186642,0.299207,0
-3.446500,1.397071,0
-1.431930,1.573789,0
-0.775122,-2.056814,0
-0.014320,-1.447071,0
-0.983200,-0.216112,0
-0.898302,0.870733,0
-0.337011,-1.360952,0
0.664954,-0.333789,0
-0.598332,0.075810,0
-1.353924,0.131868,0
-0.643039,-1.139677,0
-0.854131,-0.094239,0
-0.637153,0.340678,0
-1.551371,0.651118,0
-1.409577,0.260698,0
-0.715301,-1.357323,0
-2.812534,0.720619,0
-0.874040,-0.461797,0
0.093742,0.029717,0
-1.037603,0.813115,0
-0.501984,-0.141259,0
-0.948612,-0.084733,0
-1.179337,-1.349315,0
-1.478889,0.713419,0
-1.166595,1.236625,0
-1.034143,1.042013,0
-1.923123,0.561832,0
0.327891,0.073339,0
-1.244541,0.072219,0
-0.523053,-0.483383,0
-3.031630,0.347169,0
-0.563697,1.067468,0
-1.277264,-0.257328,0
-1.518312,-1.001294,0
-1.354946,1.891102,0
-0.956289,1.191211,0
-1.454713,0.043343,0
-1.556264,-0.215682,0
0.176999,-1.635738,0
-1.768891,0.116464,0
-0.339162,-0.781631,0
-1.254165,-0.105577,0
-1.105309,0.141810,0
-0.811231,-0.470977,0
-1.144025,0.488658,0
-0.680970,1.041907,0
-2.475702,0.779906,0
-1.074473,0.771399,0
-0.755979,0.428328,0
-2.064326,0.676576,0
-1.971723,0.977014,0
-0.187743,-0.549108,0
-0.035350,-0.008621,0
-1.934886,-1.246129,0
-1.912235,-0.525534,0
-1.001005,-0.625909,0
-1.845294,1.483046,0
-1.587432,-0.482231,0
-1.858448,-0.566377,0
-0.970008,0.253390,0
-2.138378,0.775497,0
-0.609877,-0.800711,0
-0.102494,-2.032079,0
-0.819924,0.383027,0
-0.348828,-0.463083,0
0.122684,-0.779428,0
-0.765880,-1.060486,0
-1.889902,-0.771010,0
0.817618,0.402564,0
-0.843537,-0.363741,0
-0.827450,0.250242,0
-0.494868,0.081416,0
-2.275683,0.337533,0
0.022287,0.324336,0
-1.211237,-1.368726,0
-0.495444,0.004204,0
0.443038,-0.804029,0
0.049797,-0.733642,0
-0.455099,-0.735347,0
-0.343440,0.234882,0
-2.298902,-1.137785,0
0.011544,0.178781,0
0.199671,0.599134,0
-1.506109,-0.375871,0
-1.764497,0.406629,0
0.344445,0.371872,0
-1.431161,0.161489,0
0.478458,0.901071,0
-1.023493,-1.268054,0
-1.159083,1.456450,0
-1.871367,0.149789,0
-0.088239,-0.890300,0
-0.571458,0.032917,0
0.298029,0.358070,0
-0.304502,-1.274528,0
-0.119217,0.478712,0
-1.682601,0.042843,0
-0.145143,-0.429414,0
-0.682774,-0.592126,0
-0.302924,1.693648,0
-1.016992,-0.729666,0
0.133214,1.562883,0
-0.115980,-0.625201,0
-1.209051,-0.864466,0
-1.290149,1.351955,0
-0.907853,-0.969695,0
-1.732297,-0.009890,0
-1.266269,-1.046405,0
-0.879363,0.366675,0
-0.571480,-0.115280,0
-1.469382,0.734733,0
-0.437098,-1.887938,0
-0.650426,0.259746,0
0.400570,0.469728,0
-0.713900,-0.069963,0
-0.557016,0.462707,0
-1.379110,-0.603702,0
-1.002697,0.753777,0
-1.660194,-0.242362,0
0.048988,0.297017,0
-1.356624,0.285651,0
-2.509567,-0.652606,0
-0.568822,1.494456,0
-1.228748,-0.989003,0
-0.397260,0.662715,0
-1.729800,0.371191,0
0.118656,-0.319746,0
-1.712746,0.788439,0
-0.589551,0.017238,0
-0.501691,0.215307,0
-0.736509,-0.423888,0
-1.538246,-0.631157,0
-1.336569,0.250674,0
-0.164480,-0.856967,0
-2.351314,0.414875,0
-1.272611,0.232608,0
-2.144054,0.166047,0
-1.385422,0.058559,0
0.078252,-0.232072,0
-1.270450,-0.173157,0
0.003678,0.448348,0
-1.430954,-0.179334,0
-1.102742,0.779043,0
-1.481467,0.134823,0
-2.362595,-0.371703,0
-0.702885,-1.054492,0
-0.947673,-0.464622,0
-0.813662,0.649595,0
-2.245128,-0.956784,0
-0.726219,-0.278899,0
-0.684617,-1.172268,0
-1.161223,-0.987035,0
-0.804379,-0.702817,0
-0.203452,2.102047,0
-1.892741,1.022442,0
-1.404433,1.896451,0
-0.292772,-0.304506,0
0.541432,0.012424,0
-2.729386,-1.155406,0
-2.072869,0.181866,0
-1.586160,-0.622842,0
-2.523741,-0.132480,0
-0.417135,0.015641,0
-1.092896,1.105637,0
-1.102683,1.101005,0
-0.116770,0.027346,0
1.000887,-0.021195,0
-1.327160,0.627792,0
-2.427214,-0.566169,0
-0.991486,0.243365,0
-0.959019,-0.067154,0
-1.058413,-0.441693,0
-1.958384,-0.825500,0
-1.053373,0.184633,0
0.648195,0.855981,0
-0.630336,-0.597175,0
-1.005371,0.395956,0
-1.397555,-1.249995,0
0.277408,0.592544,0
-0.867451,-0.685110,0
-2.426693,-0.714041,0
-1.761517,-0.502025,0
-1.239462,-0.640485,0
-1.825749,-0.533205,0
-1.182915,0.596196,0
-0.757156,0.182143,0
-0.679949,0.192504,0
0.232838,0.755363,0
0.292393,-1.333897,0
-1.003262,0.050400,0
-1.235497,0.818353,0
-2.168361,-2.088095,0
0.006292,0.063839,0
-1.335008,0.168615,0
-1.013048,0.226046,0
-1.155837,0.273485,0
-2.869395,0.281109,0
-0.515945,-0.608768,0
0.210135,-0.203436,0
-0.948820,0.292740,0
0.040653,-0.326506,0
-0.209614,1.067700,0
-0.566532,-0.609575,0
-0.302651,-0.350499,0
0.108054,1.597337,0
-2.633766,-2.081596,0
-0.907415,-1.061471,0
-0.029475,1.107903,0
-0.039240,-0.595086,0
0.492830,-0.627529,0
-0.878827,0.309498,0
-0.665577,-0.392395,0
-0.924207,-0.547851,0
-1.357649,1.026216,0
-1.675370,0.343850,0
-1.659186,-0.615100,0
-0.817009,0.116193,0
-0.650995,-0.756539,0
0.465682,0.587810,0
-0.144017,-0.323469,0
-0.398904,1.004146,0
-0.286677,1.012099,0
1.289708,-1.205788,0
-0.819997,0.089570,0
-0.861856,-0.578203,0
-1.193055,0.021514,0
-0.952176,-1.157958,0
0.054015,-1.191586,0
-1.751028,0.639209,0
0.274477,0.766029,0
-1.841449,-0.044661,0
-1.959558,0.911874,0
-0.786852,-0.411303,0
-1.096834,0.628239,0
-0.995917,-0.632000,0
0.404554,-1.053462,0
-0.540315,0.207222,0
-0.185608,0.765874,0
-0.645408,0.357446,0
-1.093250,-0.613713,0
0.749943,0.076011,0
0.338277,-2.335660,0
-0.843906,0.207845,0
-1.449611,0.847290,0
-0.190315,0.395820,0
-0.188394,-0.343386,0
-0.668664,-0.655484,0
-0.967995,-1.251488,0
-1.150720,0.991744,0
-3.140819,0.336440,0
-0.536379,0.845137,0
-1.693426,-0.289853,0
0.684011,-0.004063,0
-0.945610,-0.089398,0
-0.640175,2.081633,0
-1.769182,0.462269,0
-1.374613,0.275908,0
-1.599654,-0.909898,0
-0.591066,0.480349,0
-1.540848,0.463893,0
0.564201,0.233417,0
-1.582286,0.197955,0
-1.667580,0.404621,0
-2.241700,-1.049116,0
-0.747432,-0.267077,0
-1.186719,0.818874,0
-1.299913,0.083555,0
-2.326523,-0.116099,0
-1.952093,0.086558,0
-1.065501,0.468380,0
-2.302183,0.718297,0
-1.213325,-0.405057,0
-1.265527,-0.584249,0
-1.326247,0.184385,0
-0.142814,-0.671948,0
-1.334597,-0.263991,0
-1.029890,0.390344,0
-0.922961,1.921836,0
-0.119798,0.042692,0
-0.376997,0.204119,0
-1.442129,0.499310,0
-0.557918,0.314752,0
-1.353085,0.041512,0
-1.059324,-0.691933,0
-1.473933,1.171725,0
-1.924075,0.082851,0
-1.471514,-0.118544,0
-1.972767,0.525911,0
-1.209047,1.768375,0
-0.332602,0.282749,0
-1.721846,-2.104405,0
-2.551618,0.102609,0
-0.989985,-1.053384,0
-1.783900,0.061747,0
-3.227913,1.321621,0
-0.163937,-0.151642,0
-2.228682,0.641587,0
-1.460598,-0.366200,0
0.352284,-0.152921,0
-1.138011,-1.452890,0
-0.052451,1.957742,0
-0.931177,-1.146408,0
-0.324294,1.443529,0
-0.702990,-1.638176,0
-1.094800,-0.327067,0
-0.970623,0.338043,0
-0.942623,-0.892359,0
-2.172990,1.161042,0
-1.333914,-0.698038,0
-1.614941,0.185784,0
-2.421616,0.779189,0
-1.313345,-0.507817,0
-1.558972,-0.792342,0
-1.437810,0.616478,0
-0.754273,0.614194,0
-1.655332,0.944914,0
-1.708982,1.614981,0
-1.236382,0.801850,0
-1.072102,-0.132987,0
-0.758679,-0.132594,0
-0.416306,1.439680,0
-1.168627,-0.179537,0
-1.044624,-0.555908,0
-1.012223,0.021544,0
-0.038217,0.147023,0
0.829461,1.253520,0
-1.457805,0.175257,0
-2.343678,0.577577,0
-1.065984,-0.481844,0
-1.267859,0.403277,0
-1.245314,-0.516606,0
-0.236039,-0.323005,0
-1.319245,0.579868,0
-0.935586,-0.448227,0
-0.938424,0.835722,0
-1.734805,-0.343832,0
-1.002972,-1.000011,0
-0.858622,0.860104,0
-0.191081,-0.022529,0
-0.488050,-0.116063,0
-0.705218,1.248269,0
0.594708,-1.288060,0
-1.990058,1.457519,0
-1.569749,0.352002,0
-0.665821,0.932492,0
-1.111549,1.081629,0
-0.852565,-0.196887,0
-1.012177,-1.240342,0
-0.078368,0.598820,0
-0.235596,0.533954,0
-0.685690,0.218320,0
0.292610,0.127687,0
-1.861514,-0.021067,0
-0.909437,-2.051916,0
-0.608039,-0.998625,0
-1.355112,1.466787,0
0.503074,0.100175,0
-0.713828,-0.898726,0
-1.154499,0.774716,0
-2.450133,-0.633537,0
-1.731256,0.089066,0
-0.293455,-0.654803,0
-0.810749,-0.231011,0
-1.520076,0.017491,0
-0.288157,0.015437,0
-0.468171,0.168951,0
-0.887889,-0.097717,0
0.074697,1.664125,0
-1.351208,0.076433,0
-0.331793,0.862746,0
-1.225753,-0.705712,0
-2.031929,-0.274783,0
0.328919,0.515137,0
-0.322287,-0.827819,0
-1.315088,-1.923660,0
0.249078,-0.181882,0
-1.453289,1.148008,0
-1.759288,0.212127,0
-0.664536,0.631999,0
-2.004731,-0.660896,0
-0.630043,1.049104,0
-2.556885,-0.297546,0
-1.665789,0.294773,0
-0.998252,-0.636661,0
-0.923526,0.688495,0
-0.068599,-0.976834,0
-1.311560,-0.065087,0
-0.200907,0.295473,0
-0.857150,0.910550,0
-1.559932,0.791456,0
-1.816069,-1.244161,0
-0.651784,-0.998925,0
-1.708283,0.442002,0
-0.299458,-1.213604,0
-0.445884,0.792175,0
-1.822448,-0.123473,0
0.279356,1.613208,0
-2.079099,0.477355,0
-0.069815,-0.725508,0
0.666112,-0.159263,0
-0.323071,2.041357,0
-1.161259,-1.408262,0
-0.987273,-0.054308,0
0.242849,0.676219,0
-0.826364,-0.170929,0
-0.049795,-0.364342,0
-0.337197,-0.723564,0
-0.839279,0.883918,0
-2.977812,1.078816,0
-2.020853,1.397265,0
-1.832376,0.613146,0
-0.658506,-0.580805,0
-0.413286,0.800481,0
-1.162645,0.198771,0
-0.117640,-0.718852,0
-0.801740,0.034203,0
-0.883355,0.052901,0
-0.239143,0.544925,0
-0.829312,0.184995,0
-0.697455,0.003155,0
-1.675416,-0.881824,0
-1.014499,1.227610,0
0.246544,0.145428,0
0.113370,0.132289,0
-0.917560,1.152146,0
-1.136633,1.141778,0
-1.831187,-1.105659,0
-2.433109,0.893271,0
-0.777970,0.544728,0
-1.945027,1.381015,0
-1.581004,-0.925381,0
-0.186215,1.641903,0
-1.148461,-0.138736,0
-0.896973,-0.218757,0
-1.524781,-0.039121,0
-1.624563,0.363966,0
0.044522,-0.965346,0
-1.278624,1.400063,0
-1.943593,0.506757,0
-0.294292,0.257705,0
0.380782,-0.720435,0
-0.687807,0.216007,0
-1.224908,0.183081,0
-2.041625,-0.355961,0
-1.632140,0.298912,0
-1.044175,1.541488,0
-2.809195,0.899301,0
1.100308,1.410718,0
-2.039720,-1.482751,0
-1.376686,0.445340,0
-0.471728,-0.822508,0
-0.613619,0.034898,0
-1.012009,-0.422490,0
-0.296132,-0.236865,0
-1.227889,0.448932,0
-0.165806,0.314172,0
0.063962,1.434098,0
-0.540971,0.009656,0
0.192519,-0.555273,0
-0.259997,0.645342,0
-0.683607,0.132969,0
-1.792122,0.477044,0
0.119907,0.308219,0
-0.525849,0.144704,0
-1.290730,0.242038,0
-1.138507,1.289099,0
-1.109195,-0.559700,0
-2.363290,-0.871129,0
-1.816296,0.347099,0
-1.646699,0.126021,0
-0.003055,0.406878,0
-1.252682,-0.230577,0
-1.447618,-0.649301,0
-1.565355,0.438051,0
0.202369,0.196566,0
0.078990,0.835094,0
-0.022944,-0.093569,0
-1.604642,-0.096737,0
-1.086203,1.571497,0
-0.173186,0.473328,0
-0.818071,0.788647,0
-0.832916,0.224162,0
0.239482,0.953921,0
0.302790,-0.852103,0
-1.070167,1.786986,0
-1.115634,-0.633117,0
-1.041958,-0.283876,0
-0.587299,0.733593,0
0.189270,0.157665,0
-1.518481,-0.208284,0
-0.401905,-1.478141,0
-0.572996,0.525333,0
-0.371165,-1.053927,0
-1.634576,0.041450,0
-0.123286,-0.365551,0
-0.442854,0.501278,0
-1.634479,-0.553487,0
-2.703167,0.620688,0
-0.258821,-0.318012,0
-0.487964,0.117316,0
-0.970946,0.040071,0
-1.742151,-0.465483,0
-1.302524,-0.602457,0
-1.011083,-0.285365,0
-1.047654,-1.274495,0
-1.270619,-0.394333,0
-1.251122,-0.231989,0
-0.687040,-0.950440,0
-0.792170,-0.212518,0
-0.253335,-0.335640,0
0.074408,0.594482,0
-0.945419,0.448751,0
-1.248561,-0.975900,0
-0.408433,-0.942571,0
-0.549551,-0.292285,0
-1.186325,0.917269,0
-1.645289,-0.340799,0
-0.992713,0.283075,0
-1.452672,-1.013873,0
-2.349935,-0.481351,0
-1.052143,0.074009,0
-1.043297,-1.397217,0
-1.830392,-0.239827,0
-0.717445,0.574480,0
-0.468940,1.438088,0
-1.892627,0.736688,0
-1.033328,2.203450,0
-1.188796,-1.165008,0
-1.143132,1.150627,0
-0.749385,-1.376053,0
-1.295563,0.194692,0
-2.063223,-0.435209,0
-0.144270,-0.325689,0
-1.551293,0.356348,0
-2.302288,-0.289330,0
0.039974,0.348109,0
-1.860089,-0.859099,0
-1.685420,0.511933,0
-1.901286,0.551000,0
-2.258866,-0.320996,0
-0.964598,-2.131823,0
-0.920811,0.297967,0
-1.986756,1.039349,0
-2.042576,-0.549324,0
-1.365472,0.163252,0
-1.536513,-0.532828,0
-0.766140,1.317870,0
-2.355702,-0.130330,0
-1.813792,-0.097474,0
-2.030541,1.363906,0
-1.772024,-0.239527,0
-0.460920,1.158687,0
-1.333062,0.879925,0
-2.432701,0.367971,0
-2.459066,-0.662103,0
-2.403329,-1.029964,0
-0.982502,0.271806,0
-1.951973,0.117786,0
-0.438035,0.252618,0
-0.311935,0.091604,0
-1.361660,-0.453265,0
-0.738684,-0.555025,0
-0.225471,0.663189,0
-1.518315,-0.918881,0
0.445055,1.116445,0
-0.452896,-0.089821,0
-2.062693,-1.172767,0
-0.358434,0.013372,0
-2.189876,1.001088,0
-1.553841,0.192803,0
-1.132952,0.186048,0
-1.199944,-0.042327,0
0.051904,-0.558754,0
-0.628977,-0.460406,0
-0.741574,1.104596,0
-1.982005,1.296783,0
-0.645292,-0.921565,0
-2.178026,-0.328979,0
-0.919986,1.194917,0
-2.115386,0.275973,0
-0.815404,-1.034684,0
-0.590638,-0.660066,0
-0.575950,0.313898,0
-1.266993,1.196141,0
-1.955508,0.037243,0
-1.553114,0.014689,0
-1.384201,0.281074,0
0.418093,-1.473803,0
-1.029201,-0.406409,0
-0.934599,0.420278,0
-2.143847,0.180210,0
0.129246,-0.442184,0
-1.426151,0.240679,0
-1.104602,0.774655,0
-0.613324,-0.776627,0
-0.863310,-0.501752,0
-2.366813,-0.171065,0
-0.709207,1.461625,0
-0.324380,0.270903,0
-0.221642,-0.625382,0
-0.811017,0.329365,0
-0.202803,0.085115,0
-2.034289,0.990246,0
-1.631757,-1.123400,0
-1.522485,-0.881582,0
-0.511969,-0.501728,0
-0.030635,-0.414656,0
-2.180115,-1.062743,0
-1.456836,-0.704533,0
-0.693551,-0.404246,0
-0.310414,0.578685,0
-0.256885,-0.044047,0
-1.321952,0.279013,0
-0.178128,1.630809,0
-2.649155,0.917746,0
-0.352494,0.361906,0
-1.720569,-0.378802,0
-1.618412,0.336731,0
-0.652442,-0.377821,0
-1.573467,0.456882,0
-1.373371,-2.139390,0
-1.157524,0.090494,0
-0.179929,1.916277,0
-1.878076,-0.479313,0
-0.975647,-0.241587,0
-1.149572,-0.755348,0
0.353428,-0.597878,0
-0.916215,0.047143,0
-1.526439,0.168847,0
-0.227750,-0.097420,0
-1.746987,-0.298501,0
0.370183,0.369422,0
0.003769,0.020150,0
-0.808995,1.009917,0
-1.756533,-0.549567,0
-1.196028,0.498192,0
1.325346,1.583022,0
-1.177702,-0.379027,0
0.614509,-0.049986,0
-0.996269,0.878325,0
-1.090979,-0.175726,0
-1.204646,-2.051961,0
-2.562709,-0.030577,0
-0.961801,0.346692,0
-1.619166,-1.334466,0
-0.680940,0.702173,0
-0.569567,-1.194501,0
-1.566791,0.048317,0
-1.142399,-0.036536,0
-2.234914,0.377642,0
-2.040095,-0.331089,0
-1.124004,0.401497,0
1.282103,0.696766,0
-1.357154,0.503951,0
-1.209682,0.736358,0
-0.176888,0.552560,0
-0.953329,0.935280,0
-2.277874,1.183799,0
-0.701128,0.283882,0
-0.278936,0.161893,0
-1.121877,0.192781,0
-0.630946,0.326551,0
-0.333596,1.180238,0
-0.953335,1.699711,0
0.143201,-0.350674,0
-1.800794,0.253678,0
-1.587062,0.826412,0
-0.824153,-0.125751,0
0.174472,0.018872,0
-0.927457,0.089932,0
0.058117,-0.906758,0
-1.098168,0.473287,0
0.426609,0.778527,0
-0.406986,0.383205,0
-1.872480,-0.123635,0
-1.653654,0.255853,0
-1.078557,0.083355,0
-1.071816,-0.637054,0
-0.811887,-0.070732,0
-1.731422,-0.712521,0
-0.877955,0.237935,0
-1.216865,0.399675,0
-1.141235,0.976438,0
-1.392491,1.061273,0
-1.074774,-2.049733,0
0.166377,-0.515358,0
-2.024575,-0.159422,0
-0.042004,-0.056667,0
-1.395614,0.716260,0
-0.488907,0.778711,0
-0.554621,1.164807,0
-1.612177,-0.088635,0
-1.805483,0.411645,0
-2.157829,0.220543,0
-1.420201,0.096797,0
-0.610908,-0.502104,0
0.027186,-1.530229,0
-1.792655,1.404464,0
-1.582664,0.628891,0
-0.829713,0.830730,0
-0.407181,-1.354552,0
-0.285089,0.905184,0
-0.747435,1.204442,0
-1.518656,-0.840635,0
-1.337158,-0.604917,0
-0.257800,0.444328,0
-1.901698,0.926942,0
-0.254327,0.416773,0
-0.529841,-0.784192,0
-1.505890,0.642518,0
0.330016,0.061523,0
-0.703830,0.364067,0
-0.402826,0.193068,0
-0.509253,0.532233,0
-1.632875,-0.096582,0
-1.450775,0.462388,0
0.561640,-0.828090,0
-0.367270,0.147297,0
-0.094921,-0.107274,0
-0.898901,1.739927,0
-0.556597,-0.527008,0
0.114926,0.572643,0
0.350939,-0.518708,0
-2.615353,-0.794838,0
-1.320722,-1.086607,0
-0.001731,-0.116138,0
-0.474828,1.485561,0
-0.828738,-0.743341,0
-0.996032,0.007032,0
-2.649675,0.256168,0
0.918443,-0.338731,0
-0.201223,-0.138798,0
-1.511057,-0.383461,0
-3.030822,-0.069779,0
-1.647007,1.048047,0
-2.845726,0.484779,0
-0.429705,0.161706,0
-1.299678,-1.076985,0
-1.765069,0.138153,0
-0.849954,1.194058,0
-1.202264,-0.066684,0
-1.093841,0.671290,0
-0.608590,0.386068,0
-0.247400,-0.545898,0
-0.418694,-0.123318,0
-0.512731,-0.049309,0
-1.055692,-0.436161,0
0.698643,0.359287,0
-1.122676,-1.839485,0
-1.859762,1.082899,0
0.921133,-0.276695,0
-0.271425,0.503407,0
-0.600008,-0.936765,0
-0.780848,-0.217823,0
-0.023160,0.461190,0
-1.486693,-0.073219,0
-2.530473,1.111489,0
-1.034173,0.342909,0
-0.684957,0.559752,0
-2.431195,1.270844,0
-1.844088,-1.208429,0
-1.147239,0.910755,0
-0.612360,0.448858,0
