0.278206,-0.053636,1
0.327523,-0.468787,1
0.284872,0.245372,1
0.625312,1.528859,1
0.054437,-1.040103,1
0.351355,-1.343845,1
3.054828,0.524670,1
2.212445,-1.649824,1
1.633648,-0.799035,1
0.141653,-2.016824,1
0.726956,-0.366071,1
1.440552,2.045865,1
1.540442,-0.382507,1
0.998554,-0.108019,1
2.351890,-0.673821,1
2.667962,-1.496127,1
0.639238,-0.537953,1
0.639183,0.362681,1
1.558571,-1.029107,1
0.443420,-0.955733,1
0.958259,-0.505903,1
1.710942,1.761488,1
0.958430,0.379407,1
-0.372433,-0.027325,1
2.268342,-0.801814,1
0.185938,-0.188826,1
0.466350,1.811646,1
0.546073,1.226318,1
1.089580,-0.046280,1
0.966633,0.720434,1
1.528351,-0.229908,1
0.730774,0.369226,1
0.980468,-0.787495,1
-0.355114,0.102648,1
0.448964,0.517095,1
1.607852,-1.475385,1
0.605156,-1.891930,1
0.211467,-0.916766,1
0.633152,1.374958,1
-0.655086,-1.517867,1
0.629218,-1.581974,1
1.655772,0.979869,1
1.319480,0.339531,1
1.703444,0.244265,1
1.398516,-0.919589,1
1.147264,-0.010621,1
1.317957,0.386650,1
0.677744,-0.556479,1
1.538239,0.271678,1
0.674183,0.630358,1
1.193091,-0.258095,1
1.907314,0.240811,1
3.331756,-1.032331,1
0.040600,0.717531,1
0.909907,-0.604056,1
1.129959,0.196041,1
0.821119,0.102687,1
0.644992,1.203522,1
0.219226,0.736287,1
0.685405,1.408495,1
-0.104335,-0.122238,1
0.336736,0.678631,1
1.008830,0.267960,1
1.913099,0.671779,1
0.442017,0.792169,1
1.576694,0.660486,1
-0.606770,0.996047,1
2.234404,0.041764,1
2.019880,0.820173,1
2.018295,0.430872,1
1.579944,0.678468,1
1.285956,1.045375,1
0.945078,-0.512131,1
0.334994,-1.544661,1
1.395943,0.187016,1
2.034788,-0.471587,1
0.817735,0.030768,1
1.046523,1.205206,1
1.674677,1.371821,1
0.313834,-0.776674,1
0.924001,-0.099149,1
1.640662,0.228101,1
1.920128,-1.078060,1
0.899002,-1.467924,1
0.131820,-0.823109,1
0.730389,0.344697,1
1.355715,1.203771,1
-0.067297,-0.410303,1
1.229727,0.659494,1
2.040090,0.136872,1
1.024581,1.183775,1
0.462843,1.187646,1
1.881145,-0.660091,1
0.531218,-0.588176,1
1.019283,1.222288,1
1.087573,0.151582,1
1.802600,0.051935,1
2.005275,0.397506,1
0.413115,0.225333,1
1.291290,1.376012,1
2.900921,0.007750,1
0.486274,0.697948,1
1.075913,0.316225,1
0.264919,0.138812,1
0.878794,0.559380,1
0.745170,-1.411939,1
1.721869,1.879976,1
0.753416,-0.124133,1
-0.648842,0.956423,1
-0.159059,-0.478571,1
1.209358,0.674281,1
1.128352,0.431183,1
0.590126,-0.639768,1
0.410737,-1.402359,1
0.509199,0.824315,1
0.481525,0.394935,1
-0.006119,-0.488867,1
0.599753,0.804258,1
1.884474,-0.476559,1
2.900360,0.368676,1
1.537478,0.604971,1
-1.279407,-0.502705,1
1.638342,0.641880,1
1.250115,1.167361,1
1.279200,-0.155094,1
1.896530,0.202169,1
1.921534,-0.262223,1
0.287530,-1.927472,1
2.471668,-0.591361,1
1.162774,-0.782625,1
2.104918,0.285918,1
0.601566,-0.321174,1
0.370239,-0.871573,1
0.163396,-0.744128,1
1.087347,1.635196,1
0.862877,1.416998,1
-0.295357,-0.784874,1
1.667067,-0.777950,1
1.446012,0.436281,1
2.713657,-0.081170,1
1.475082,-1.817543,1
1.903138,-0.660947,1
2.488228,1.195523,1
0.881803,-0.673336,1
1.817423,0.235496,1
1.195255,-0.861510,1
1.831549,0.245539,1
2.014790,-0.991399,1
-0.069200,-0.766128,1
2.403270,1.690911,1
-0.629774,0.926466,1
0.407378,-0.377822,1
1.738665,0.060896,1
1.722524,-0.474169,1
0.547125,-0.269182,1
0.746949,-0.365675,1
1.138994,-0.144293,1
0.602540,-0.520276,1
1.313789,0.397040,1
1.911995,-0.004435,1
1.695435,0.666549,1
1.178368,-0.827197,1
0.136690,0.692423,1
2.563516,-1.472037,1
1.065768,-0.635010,1
1.484470,-1.160282,1
2.172537,0.962811,1
3.275741,-1.334671,1
1.011425,0.867344,1
1.135202,-0.488672,1
1.446798,0.625174,1
1.858290,-1.141587,1
2.219358,1.155535,1
1.469035,0.213164,1
0.889833,-0.836345,1
1.330025,-0.313809,1
0.716024,-0.175235,1
0.632966,0.201687,1
1.227537,0.789177,1
0.333847,-0.333418,1
0.924986,0.258472,1
-0.229343,-1.609937,1
0.897636,-0.566860,1
1.157363,0.221798,1
2.125583,-0.788668,1
1.467477,-0.552029,1
1.650104,-0.810665,1
0.417329,1.005967,1
0.915569,0.646634,1
0.779703,-1.825376,1
1.115861,0.608332,1
1.026967,-0.217340,1
1.527250,0.487602,1
0.141528,1.378989,1
0.705542,-0.570367,1
0.740785,0.300141,1
1.666148,-1.057688,1
1.386929,0.200390,1
0.131308,0.124317,1
1.219378,0.465912,1
1.111392,-0.539799,1
1.061307,-0.734694,1
2.377514,-0.802310,1
0.346827,0.018095,1
1.645759,0.936734,1
0.522660,-0.392540,1
1.652680,-0.813960,1
1.285940,0.013873,1
2.906175,-0.621790,1
2.095695,0.004951,1
1.878082,1.269305,1
0.325669,0.475818,1
0.701293,1.377108,1
-1.197544,-0.516933,1
-0.193926,-0.624893,1
2.489905,-1.596076,1
0.162871,1.423381,1
1.104969,0.445212,1
1.963581,0.092081,1
1.499750,0.670270,1
2.540451,0.238529,1
1.118220,0.510931,1
0.168418,-0.899293,1
1.158695,-0.443327,1
-0.100149,1.000457,1
1.534876,-0.318139,1
0.475463,0.089921,1
1.218166,0.415157,1
2.016772,0.963381,1
1.858454,-0.379270,1
0.818719,-0.445653,1
1.214829,0.254159,1
1.888230,0.072038,1
-0.669999,-0.327638,1
0.325894,0.062628,1
0.853391,0.294337,1
2.371875,1.056015,1
0.990179,0.655853,1
-1.169925,-0.538664,1
2.248080,1.432701,1
0.798077,0.048905,1
1.111769,0.791961,1
1.807607,0.745606,1
0.252449,-0.023008,1
0.645591,0.736132,1
1.008206,0.757627,1
1.289941,-1.678716,1
1.560559,-0.778446,1
0.126682,0.056611,1
0.913746,-0.092996,1
0.664302,0.391944,1
1.199274,-0.161267,1
0.616878,-0.516786,1
0.645819,-0.692962,1
1.874356,-0.466807,1
1.952284,-1.336422,1
0.386526,-0.336956,1
2.743923,-0.043950,1
0.364647,2.032710,1
0.942806,0.783547,1
0.025947,-0.534498,1
1.199622,-0.801847,1
0.105760,0.231246,1
1.328059,0.227640,1
0.730562,0.839272,1
1.514819,0.164384,1
0.718510,-0.786343,1
1.793764,0.299266,1
2.193518,-0.026923,1
2.160143,-0.358742,1
1.490993,-0.442457,1
1.013180,-1.379979,1
1.072686,0.525047,1
0.065380,-0.270792,1
1.457620,-1.029943,1
1.921569,-0.643706,1
1.735901,1.555397,1
0.562824,-0.030951,1
0.205654,-0.863448,1
0.469393,0.781389,1
0.178553,1.307229,1
0.631984,0.224741,1
0.968304,1.003227,1
0.801351,-0.379537,1
1.094244,-0.222666,1
0.374391,0.944296,1
0.910850,-0.752665,1
0.540295,1.172439,1
1.474792,0.782545,1
1.109354,-0.159801,1
0.056216,1.185282,1
0.193347,-0.842020,1
1.389075,-0.055918,1
-0.313594,-1.317520,1
0.574568,0.999733,1
0.755139,0.609738,1
0.553739,-0.539758,1
-0.341282,-0.079713,1
0.435697,-0.568216,1
0.897792,0.835038,1
0.397932,1.806498,1
0.482778,-0.497640,1
2.240317,-0.680966,1
2.152925,0.533780,1
0.701503,0.828386,1
2.103927,-0.246330,1
1.730498,-0.196379,1
0.612409,-0.645482,1
1.437374,-1.418665,1
1.456526,-0.451322,1
1.469860,0.906351,1
0.070936,-0.884874,1
2.254919,-0.490172,1
2.013522,-0.444664,1
0.633188,0.112965,1
0.735159,0.085280,1
1.248221,0.688997,1
0.685618,-0.368686,1
0.878903,-0.885061,1
1.642407,-0.295793,1
0.476763,-0.392450,1
1.173498,1.246739,1
-0.328795,-0.308005,1
0.498111,-0.614876,1
1.157194,0.171182,1
0.613031,0.499812,1
2.350727,0.908060,1
1.713567,0.537892,1
1.577737,-0.481720,1
1.179362,0.791140,1
-0.716497,-1.512629,1
1.753576,0.896941,1
0.481590,0.776084,1
1.475279,0.008847,1
1.791576,0.496150,1
1.177644,-1.288469,1
2.107725,-0.102388,1
2.677680,-0.161985,1
1.258482,-0.227033,1
0.035040,-0.105433,1
1.032997,-0.142725,1
1.254954,0.409330,1
1.611860,-0.197097,1
1.127825,0.463807,1
0.925260,0.567023,1
1.934214,0.335683,1
0.853824,-0.974963,1
1.057554,-0.029629,1
1.140931,-0.511249,1
1.186476,-1.342354,1
0.514333,0.920549,1
0.627507,0.688855,1
0.651475,0.991620,1
-0.096267,0.877298,1
1.464933,0.395224,1
0.807130,0.031528,1
1.051463,0.642512,1
0.338344,0.096148,1
1.124516,-0.462769,1
1.411058,-1.503741,1
1.081461,0.425831,1
-0.065827,0.117094,1
-0.345318,-0.064661,1
1.097022,-0.450640,1
0.334707,-0.060986,1
0.926213,-0.345864,1
-0.190966,-0.574244,1
1.563817,0.717352,1
0.775445,-1.801880,1
0.596194,0.808043,1
0.196045,-0.985638,1
2.505737,-0.023057,1
-0.326457,-0.875845,1
2.166251,0.406888,1
0.027204,-0.849789,1
1.703103,1.235019,1
1.168388,0.642495,1
0.449565,-0.462665,1
-0.011293,-0.497277,1
-0.002545,0.141632,1
1.413265,0.866883,1
0.753590,1.664805,1
1.415823,-0.252021,1
0.731397,-0.443839,1
-0.009441,-0.422772,1
1.727849,0.053600,1
2.097301,-0.587522,1
0.208616,0.162053,1
0.669007,-0.340531,1
1.196083,-0.238763,1
0.608009,1.021087,1
2.400883,-1.134342,1
2.181723,-0.370784,1
0.786624,1.083866,1
0.241565,0.224557,1
0.605975,0.121065,1
0.405613,-1.046826,1
1.752376,-0.238032,1
0.492083,-0.338167,1
1.969122,-0.395525,1
0.479853,-0.415732,1
1.362963,0.294989,1
2.269450,0.657953,1
0.711794,-0.242592,1
2.257416,-0.522540,1
0.852343,-0.087758,1
0.436327,-1.092205,1
1.506014,-0.111858,1
0.700227,1.263352,1
0.846942,0.182452,1
0.469621,0.016338,1
0.377534,0.815869,1
0.630480,-0.266400,1
1.096913,1.491268,1
0.854897,0.283887,1
1.876149,0.086843,1
2.437508,0.771934,1
0.495916,-0.276463,1
1.301938,0.698857,1
2.201585,0.308929,1
1.879196,-0.258134,1
0.557017,0.199554,1
0.325069,1.239507,1
0.976062,-0.157500,1
0.790713,-0.148483,1
0.578694,0.465149,1
3.791661,-0.630973,1
0.706267,1.680622,1
2.002091,1.355536,1
0.795926,0.290022,1
0.246581,0.801268,1
1.168292,-0.373225,1
0.671633,0.190389,1
0.804000,-0.906515,1
1.344161,0.831781,1
1.188946,-0.533153,1
0.983503,0.390573,1
1.745946,-0.968626,1
-0.547847,1.228114,1
1.422999,-0.736161,1
0.466805,-0.565577,1
1.983830,-0.782308,1
1.822560,-0.397754,1
2.140741,-0.468733,1
1.276456,1.130582,1
2.380469,-0.629814,1
1.842448,0.404223,1
1.891745,0.133417,1
2.406285,-0.819306,1
1.960238,0.405125,1
0.186359,-0.577608,1
1.279862,0.481995,1
0.663018,-1.493841,1
0.936509,0.764377,1
0.102939,0.898191,1
2.129291,-0.408571,1
0.434055,0.535433,1
1.417548,0.191339,1
1.879093,-0.257158,1
1.087609,-0.679592,1
0.839481,-0.174074,1
1.897368,0.545081,1
1.507340,-0.027174,1
1.922268,-1.380284,1
1.537613,-0.250618,1
0.617231,0.378009,1
1.017887,0.387372,1
1.183810,1.166536,1
1.377775,-0.561938,1
0.270541,0.220154,1
2.047657,-0.719489,1
1.564607,0.445174,1
0.742207,0.113831,1
1.616630,1.175597,1
0.991352,-0.827065,1
2.396945,0.206105,1
0.239793,-1.359866,1
0.359995,0.175298,1
1.255363,0.547719,1
0.693531,-0.703382,1
0.963570,0.415307,1
1.523503,-0.541236,1
1.754641,0.588822,1
1.134125,-0.049756,1
-0.243873,0.323262,1
1.329547,1.344357,1
0.604321,1.352310,1
0.871651,-1.323920,1
1.599707,-0.196067,1
0.452682,-0.048510,1
1.660363,0.539718,1
0.733433,0.335028,1
1.193889,0.249933,1
1.558151,-0.151124,1
2.116875,-1.009918,1
-0.143640,-0.237508,1
1.331872,-0.609079,1
0.092526,1.931139,1
1.497239,1.236201,1
1.734700,0.097149,1
0.951956,1.716158,1
2.489111,0.632561,1
0.950426,-0.590029,1
0.441042,0.342157,1
0.634743,0.299228,1
-0.091075,-0.499889,1
1.768793,-0.049493,1
0.707183,0.654188,1
0.557836,-0.118724,1
0.537869,-0.707030,1
1.138391,0.167169,1
0.561762,-0.591866,1
0.499743,-1.126862,1
0.429220,0.974577,1
1.857875,0.117404,1
0.228417,0.602957,1
1.117168,-0.345288,1
1.012310,-0.120293,1
2.146015,-0.062817,1
0.521547,-0.645788,1
1.286251,0.339103,1
1.455626,-0.632756,1
1.130941,0.605010,1
1.443763,-1.344989,1
0.745791,0.606584,1
2.796090,-1.128949,1
1.366081,0.443482,1
0.056861,0.647142,1
1.113276,-0.220069,1
1.274805,-0.558467,1
1.170277,0.323926,1
2.327306,-0.135418,1
1.080228,-0.178320,1
0.203542,-0.284742,1
0.653843,-0.153182,1
1.573754,1.310192,1
0.141653,-0.330121,1
1.409396,-0.071410,1
0.480439,0.895283,1
1.245836,-0.266903,1
0.014643,0.949076,1
-0.491555,-0.349365,1
1.363105,1.703700,1
2.063254,-0.010464,1
2.180834,0.774015,1
1.020058,1.386752,1
1.959169,-0.954660,1
1.459746,0.253165,1
1.016579,-0.999294,1
3.041684,-0.518678,1
1.870663,1.094268,1
0.239512,-0.339901,1
1.086378,-0.923607,1
0.721258,-0.635395,1
1.202989,-0.774203,1
0.873003,0.297656,1
0.728530,0.653992,1
1.144856,0.269676,1
0.120956,-1.220648,1
-0.263816,0.682821,1
0.839765,-0.184582,1
0.024211,1.271385,1
-1.088571,0.718527,1
2.484627,-0.476060,1
0.877041,-0.561124,1
1.203087,0.751688,1
2.128680,0.738879,1
0.340985,-0.850205,1
0.393162,0.636646,1
1.468179,0.459166,1
2.420464,1.579101,1
1.390170,-0.307833,1
1.635723,0.116298,1
1.586836,-0.031808,1
0.621057,1.104317,1
3.403174,0.393027,1
0.108627,0.023313,1
-1.206554,-0.673211,1
0.574523,-0.410249,1
0.350263,0.690483,1
1.778812,-0.931131,1
1.448517,-0.561915,1
1.776001,-0.645089,1
1.242429,-0.667642,1
1.125901,0.716343,1
-0.040230,-0.785264,1
1.231967,-1.087266,1
0.510874,-0.174904,1
1.207582,-0.048707,1
2.508519,-1.263088,1
0.716768,-0.455497,1
1.173039,-0.096224,1
0.287511,0.139782,1
1.235717,-2.236939,1
0.812431,0.194667,1
1.769916,-0.455627,1
2.834364,1.613839,1
1.726029,-0.830762,1
-0.194539,0.542684,1
0.657117,0.407063,1
-0.083945,-0.266302,1
2.434544,0.619863,1
2.025323,-1.226030,1
0.467960,-0.546939,1
1.233385,-0.026102,1
0.829412,-0.606260,1
0.210717,-0.242329,1
2.284107,1.281167,1
0.758460,-0.689252,1
1.459280,0.071907,1
-0.227731,0.839830,1
1.761825,0.088409,1
0.590627,-0.278345,1
-0.879308,-0.493845,1
0.645299,0.228276,1
0.816101,-0.221252,1
1.484843,0.261723,1
2.162741,0.290099,1
1.059826,0.187773,1
2.530150,0.506440,1
0.102603,-1.237912,1
1.680129,0.902674,1
2.384803,0.076160,1
0.577355,0.268825,1
1.598910,0.352053,1
1.888597,-0.951024,1
1.168636,-1.151229,1
1.857061,1.190399,1
0.803564,-0.212168,1
0.559259,0.640860,1
0.374296,0.940645,1
0.716444,-1.970020,1
0.079497,-1.183158,1
2.346609,-0.345556,1
1.950621,0.727516,1
1.969249,-0.262566,1
1.071622,0.631697,1
0.479991,1.290025,1
1.984591,0.793583,1
1.441117,0.516370,1
0.642648,-1.750989,1
1.908220,0.941388,1
0.409881,-0.042601,1
1.253829,0.678126,1
1.183567,0.712849,1
1.333362,0.026983,1
2.898744,0.253232,1
-0.464105,-0.326426,1
1.533853,-0.596966,1
0.977119,0.972731,1
1.812000,0.764518,1
1.020130,0.325262,1
1.873424,0.601073,1
-0.018980,0.138131,1
1.320524,0.932213,1
0.274282,1.032273,1
-1.494033,-0.612326,1
1.098386,-0.630621,1
0.086965,-0.539504,1
0.569577,-0.252080,1
-0.181053,-1.269118,1
0.170194,-0.817017,1
0.462390,-1.391707,1
0.400712,0.093580,1
1.809484,0.173808,1
1.168164,0.113192,1
1.109431,-0.934271,1
1.752701,0.355436,1
1.454956,0.580052,1
-0.292041,0.249954,1
2.462555,-0.065517,1
1.374856,1.322845,1
0.538670,-0.661375,1
-0.386432,-0.372595,1
2.639883,1.155705,1
1.562513,-0.202848,1
2.003722,-0.901065,1
1.219299,-0.579984,1
1.679630,0.910964,1
2.215413,0.238770,1
0.958131,-0.686305,1
0.859386,-0.687643,1
-0.387796,0.782062,1
0.946550,-0.022299,1
0.410009,-0.160830,1
1.034136,-1.254517,1
1.720912,1.590986,1
1.965211,-0.307516,1
1.135736,1.588604,1
1.894063,1.371595,1
0.619638,0.082083,1
0.997589,0.620018,1
1.121365,0.532197,1
2.028860,0.288372,1
0.540302,0.672218,1
0.976884,0.010968,1
0.857560,-0.035141,1
1.734225,1.641721,1
0.873890,-1.092830,1
0.091256,-0.723849,1
1.462357,0.113354,1
1.374761,0.001130,1
0.437209,0.381057,1
0.085679,1.309501,1
0.434493,0.007121,1
1.256419,-0.086345,1
0.379569,0.634546,1
0.253964,0.847089,1
1.152425,0.541437,1
1.949020,-1.683377,1
0.125777,0.133772,1
1.518130,-0.033265,1
1.768444,-0.371016,1
0.396272,0.757840,1
2.467774,-0.274220,1
1.668687,0.252043,1
1.648888,0.176719,1
0.264086,-1.323235,1
0.592613,-0.392146,1
0.323360,0.594836,1
0.981047,-1.469217,1
1.162636,0.295234,1
-0.310616,-0.423507,1
2.506718,-0.237208,1
0.105450,-0.171106,1
0.867166,-0.974420,1
0.478540,-0.611039,1
1.397956,-2.231342,1
1.184883,-0.223819,1
1.124418,0.585704,1
0.552608,0.577205,1
0.298993,0.332999,1
0.332634,0.057081,1
0.023595,0.355004,1
1.610953,0.153708,1
0.355627,1.137156,1
0.241972,-0.171120,1
0.064961,0.158819,1
0.750385,-0.035580,1
1.707359,0.012222,1
1.514325,-0.718014,1
0.941791,1.029697,1
2.043531,0.354135,1
2.631772,0.222460,1
2.599779,-0.566016,1
1.325393,0.768461,1
1.229273,-0.597953,1
-1.566123,-1.019646,1
1.866380,0.514436,1
-0.106783,-1.563400,1
1.466143,0.218276,1
0.173578,-0.759429,1
1.625555,1.144263,1
0.737848,-0.782849,1
2.966160,-1.067045,1
2.698556,1.089643,1
1.861250,0.511279,1
-0.126801,0.945009,1
1.983717,0.349356,1
0.964833,1.007499,1
1.075912,-0.122170,1
1.334551,0.562634,1
0.303747,0.068800,1
1.210352,-1.593247,1
1.104867,-0.345235,1
0.952632,0.970132,1
1.547809,0.505077,1
1.246051,0.005137,1
0.816150,-0.688125,1
1.440040,0.167708,1
0.919548,-1.811512,1
0.070625,-0.075735,1
1.412929,-0.696947,1
0.682932,-0.644755,1
1.203625,-0.032929,1
0.969921,0.513566,1
1.870144,-0.608004,1
2.023368,0.683842,1
0.350238,0.684733,1
1.137372,-0.489182,1
1.667624,0.245003,1
2.556918,0.561505,1
1.249442,-0.621654,1
1.099530,0.534245,1
1.140309,0.399775,1
0.845191,0.039404,1
1.167711,1.279577,1
0.065901,0.287344,1
1.183423,0.277554,1
1.105218,-0.560464,1
1.389895,0.189394,1
2.442142,0.802642,1
2.311533,0.629764,1
1.220796,0.526896,1
2.230501,0.736612,1
1.643870,1.304894,1
1.104392,-0.794699,1
0.793125,0.251840,1
1.785704,0.261612,1
1.304285,-0.395617,1
1.494845,-0.470279,1
0.941940,-0.096397,1
0.005058,0.237734,1
1.354237,-0.937046,1
0.516941,0.222971,1
1.411496,-0.122892,1
0.982318,-0.228946,1
1.708701,-0.989825,1
-0.516403,-0.756969,1
-0.982881,0.936100,1
0.516493,-0.082947,1
1.206114,1.293926,1
2.326204,-0.637282,1
0.148604,-0.816122,1
1.449648,0.710904,1
-0.177981,0.974737,1
0.995071,0.226593,1
0.398221,0.481968,1
0.618731,-0.125095,1
0.618350,-0.159232,1
1.795792,-0.449510,1
1.626848,-0.522456,1
-0.385389,-1.169919,1
-0.385117,-1.341959,1
0.788694,0.195243,1
0.187480,0.294976,1
0.518052,0.392580,1
2.242088,0.010446,1
1.380777,-0.050120,1
-0.431219,1.175702,1
2.116803,-0.999134,1
0.899252,0.715004,1
2.384607,0.856013,1
0.336454,0.469370,1
0.261001,-0.099048,1
0.511279,0.519760,1
0.843647,0.364935,1
1.183109,0.079520,1
0.529576,0.614246,1
0.534000,-0.956475,1
1.027378,-0.432554,1
0.950679,0.917286,1
3.256521,0.211257,1
-0.814809,0.822647,1
2.972305,-1.092287,1
1.912466,1.149110,1
1.826680,-1.221079,1
1.580215,0.331383,1
2.202685,0.666234,1
2.055541,0.303826,1
1.039777,2.139368,1
0.396337,0.913845,1
1.052208,-1.043387,1
1.614949,-0.092025,1
1.700935,0.035050,1
0.745901,0.169259,1
1.598797,-1.238231,1
0.288120,-0.475402,1
0.039331,0.441032,1
1.743815,0.269538,1
0.447658,-0.302054,1
2.117342,0.150284,1
0.507411,-0.413864,1
1.706676,0.357373,1
-0.437710,0.147631,1
1.384069,0.249702,1
0.398352,-0.897830,1
3.113291,-0.531393,1
-1.094145,0.183277,1
0.361741,-0.286794,1
1.433023,-0.752167,1
1.844342,-2.327571,1
1.653238,-0.409526,1
0.960570,-1.824499,1
-0.014154,0.488417,1
1.726199,0.464586,1
-0.210411,0.428235,1
1.008191,0.640708,1
1.429606,-0.035027,1
1.722548,0.105609,1
-0.436090,0.421292,1
1.257326,0.602665,1
1.183963,1.137776,1
0.451551,1.158374,1
-0.200672,0.312315,1
0.762120,0.881546,1
0.706170,0.304679,1
1.476321,-1.507362,1
2.048930,-0.085357,1
1.978181,0.237283,1
0.912795,0.350536,1
0.953149,1.299252,1
-0.899546,-1.324095,1
0.757644,-0.187665,1
0.674928,1.337579,1
1.030971,-1.985217,1
0.850719,0.087770,1
0.834712,0.895907,1
0.672523,0.798353,1
0.083060,1.397931,1
0.508484,0.144359,1
1.417271,0.583345,1
0.377278,0.414366,1
-0.222657,0.478848,1
0.668725,-1.201656,1
0.278939,0.408860,1
0.620048,-0.225345,1
1.499751,-0.213624,1
1.792799,-0.348960,1
0.640761,1.016066,1
0.655918,0.965702,1
1.152657,-1.750386,1
0.873470,-0.388867,1
1.487065,-0.167022,1
1.761065,0.101770,1
1.343485,-0.139200,1
1.003947,-0.336507,1
0.573026,-0.082970,1
1.372919,-0.991727,1
1.631516,0.017853,1
0.971860,-0.264026,1
0.410274,-0.794737,1
0.215511,-0.805173,1
1.277209,-0.409476,1
2.264373,0.594491,1
0.004256,0.211251,1
1.197305,0.295195,1
0.690305,0.797339,1
1.139396,0.195400,1
0.856569,0.596456,1
0.932083,0.116223,1
1.568036,0.728614,1
0.966816,1.460976,1
-0.418292,1.008545,1
0.513558,-0.564665,1
0.765493,-0.429551,1
1.224537,0.163624,1
0.365006,-0.105034,1
1.229131,0.513600,1
0.991171,-0.966538,1
0.303123,-0.005099,1
1.245506,0.135102,1
1.269823,0.416101,1
0.872942,1.041658,1
1.162370,-1.584131,1
0.163118,0.519504,1
1.576793,0.297309,1
1.530987,0.355790,1
1.826543,-0.516363,1
1.062589,0.146220,1
1.619634,-0.066823,1
0.596676,-0.152396,1
1.559366,-0.676614,1
1.329496,1.460889,1
2.763617,1.136758,1
0.047624,0.236673,1
0.108447,0.899537,1
0.467504,1.430336,1
0.199752,-0.090030,1
0.612867,-0.573826,1
1.869182,0.754250,1
1.690817,-1.217219,1
0.057346,0.746041,1
2.408906,1.483955,1
1.385814,0.147589,1
0.541807,-0.752319,1
0.887659,-0.054439,1
1.434083,-0.898963,1
2.933855,-0.017812,1
1.624880,-0.219948,1
1.751866,0.140870,1
1.261311,-0.146564,1
0.771415,-0.710445,1
1.651103,0.185125,1
0.479479,-0.104129,1
2.164381,-0.088977,1
2.008918,-1.055514,1
1.251079,-0.511387,1
0.119807,-0.055498,1
0.705837,-0.582345,1
1.941049,0.395875,1
0.248391,-0.048241,1
-0.156610,0.063828,1
0.433864,0.851372,1
1.405158,-0.136992,1
2.063266,-0.402230,1
1.597308,1.547539,1
1.831602,-1.918889,1
1.812973,1.195600,1
0.080407,-1.125106,1
1.200577,0.075767,1
0.192031,0.293137,1
1.805019,0.463363,1
1.653424,-0.585665,1
1.578013,0.027432,1
-0.081958,0.458051,1
0.908653,-1.339669,1
1.871068,-0.180452,1
2.147563,0.655849,1
0.636990,0.221140,1
1.620034,-2.136268,1
1.295927,0.690059,1
2.301335,-0.018192,1
1.002996,1.368571,1
1.085560,0.936042,1
1.552294,0.272820,1
1.026633,-0.865692,1
1.484269,-1.308359,1
0.670980,1.088982,1
0.948717,-0.476328,1
-0.341613,1.930501,1
1.167388,0.436728,1
2.072457,0.640781,1
-0.524166,0.072080,1
0.136499,-0.299275,1
0.013420,0.629164,1
0.176637,-0.993123,1
1.871987,-1.167395,1
0.412259,0.135510,1
0.402316,0.534402,1
1.537845,1.225742,1
1.600328,-0.011551,1
-0.019236,-0.129978,1
1.520426,-0.000355,1
0.987911,0.037693,1
1.481518,-0.476196,1
1.401911,0.749620,1
1.948366,0.120018,1
0.613489,0.207110,1
-0.726774,1.455137,1
1.294373,-1.139039,1
1.369370,0.033600,1
0.150614,-1.254555,1
0.925399,-1.093877,1
2.131568,0.361315,1
1.591798,0.296195,1
1.167280,0.162398,1
1.296063,0.591198,1
1.634182,-0.240841,1
0.948485,-0.284245,1
0.393991,-0.919621,1
1.752982,-0.323122,1
1.083370,-0.764944,1
1.924789,0.895280,1
0.356534,-0.237069,1
-0.678652,1.549964,1
0.966815,-0.460577,1
0.175269,0.178823,1
1.922726,-1.568037,1
-1.275540,1.259325,1
1.845000,-0.770392,1
0.600748,0.634117,1
1.954457,-0.301101,1
2.242882,0.415560,1
1.391677,1.934770,1
1.442755,-0.677425,1
-0.415135,0.161537,1
-0.049361,-0.059111,1
0.292313,0.454913,1
0.487470,0.110115,1
0.602435,-0.237063,1
1.304439,-0.945416,1
0.184829,0.586094,1
0.585141,0.379542,1
-0.188564,0.656447,1
0.914938,1.593437,1
2.079670,-0.458860,1
0.565853,0.074353,1
0.597862,-0.364884,1
2.936449,-0.022832,1
0.137324,0.833595,1
1.365573,-0.261217,1
1.452338,-1.015224,1
1.767561,-0.357455,1
0.191009,-0.984612,1
1.962057,-0.194730,1
1.228340,0.337291,1
1.233552,-0.103969,1
2.033835,-0.639563,1
1.426685,-0.380929,1
1.851539,-0.541574,1
0.045308,1.104077,1
2.230309,0.276385,1
0.743949,-0.556448,1
1.060915,-1.788205,1
2.104077,1.153879,1
2.164966,-0.861463,1
1.616498,0.059612,1
0.979770,0.721739,1
0.723693,-0.196605,1
0.730553,-0.720130,1
1.092167,0.651269,1
0.892331,0.394387,1
0.820066,-0.670457,1
-0.084811,-0.213911,1
-0.458309,0.796616,1
1.026730,0.961692,1
1.150122,0.354798,1
1.345911,-0.773762,1
2.727052,0.720130,1
0.920239,0.018209,1
0.392836,0.547352,1
0.010543,-0.655103,1
0.409158,-0.298929,1
1.376893,0.540852,1
1.250068,1.267599,1
1.890800,1.577007,1
-0.000435,0.085511,1
1.131823,-0.674876,1
0.762324,0.053513,1
1.490441,0.980543,1
0.631344,1.283678,1
0.914778,1.466886,1
0.793610,-0.576037,1
0.877955,-1.400212,1
2.130088,1.385306,1
0.650015,0.647978,1
1.036403,-0.280743,1
0.496494,0.021832,1
1.071556,0.730980,1
0.029049,1.879225,1
1.838507,-0.129612,1
0.737516,0.619758,1
0.629809,0.130591,1
0.742666,0.427540,1
0.789671,-0.311176,1
1.654862,-1.200307,1
2.267675,0.614690,1
0.468154,1.895844,1
2.865445,-0.187230,1
2.314778,-1.445243,1
1.490947,-0.930500,1
1.892214,0.910142,1
0.992002,-0.736909,1
0.274720,0.794608,1
1.130538,-0.297192,1
0.232826,0.184294,1
0.809137,-1.080036,1
1.032731,-0.659228,1
0.754453,0.015760,1
1.336893,-1.201062,1
0.737927,1.127078,1
-0.528844,0.495984,1
1.565518,0.281886,1
1.135822,0.101186,1
1.156257,0.476790,1
0.803863,-0.412625,1
0.892701,0.218888,1
-0.449777,-1.355875,1
0.672182,-0.024985,1
1.267091,0.559851,1
1.820949,0.658073,1
1.150584,0.108961,1
0.817072,-0.386509,1
1.335399,-0.687571,1
2.121710,0.720361,1
0.690288,0.382930,1
0.173321,-0.098006,1
1.308304,0.622340,1
0.134234,0.216046,1
0.240839,-1.121943,1
0.328597,1.836405,1
-0.056107,-0.229354,1
0.471832,0.884221,1
0.864928,-1.086042,1
0.776520,-1.600231,1
1.257276,-0.682652,1
-0.370428,-1.194881,1
1.621701,-0.539780,1
2.224586,-1.340235,1
1.568493,-0.299118,1
1.113575,-0.935244,1
0.724348,1.819997,1
0.708875,-0.736322,1
0.098562,-0.185038,1
0.643752,0.446012,1
2.496446,0.675102,1
1.099364,-0.135057,1
2.133403,0.834998,1
2.249969,-0.242644,1
1.895214,-1.037210,1
1.252860,0.604143,1
1.330321,-0.057763,1
2.980915,0.050389,1
0.831654,0.263795,1
0.240607,-0.212603,1
0.369998,0.966358,1
1.069407,0.630955,1
1.094874,-0.621661,1
0.975824,0.996700,1
-0.035741,-0.754540,1
2.156165,2.235579,1
1.327849,0.036164,1
0.625511,1.238720,1
0.306131,-0.906341,1
0.497133,1.256366,1
0.222186,-0.147031,1
1.471708,-0.104879,1
-0.091965,0.435677,1
1.633837,-0.153482,1
1.543501,-0.174647,1
2.092332,-0.811867,1
0.799661,0.216484,1
0.792378,-0.258757,1
1.660976,-0.564516,1
0.089671,1.847972,1
1.378764,0.217219,1
1.239359,-0.206153,1
2.020563,0.336345,1
1.211986,0.194646,1
0.513829,-0.634348,1
-0.089311,-0.667167,1
-0.102784,-0.123178,1
0.652954,-0.477165,1
-0.340708,-0.103217,1
0.993224,-0.048987,1
0.268729,-0.301341,1
1.101343,0.302830,1
1.414213,-0.920756,1
1.682264,0.085255,1
0.790573,-0.503910,1
-0.385196,-1.223409,1
0.541548,0.922278,1
0.450157,0.187477,1
1.516837,-0.621730,1
1.009482,0.039514,1
-0.039504,0.667741,1
1.190338,0.256190,1
-0.133052,-0.801238,1
2.325582,-0.581002,1
1.277064,0.264505,1
-0.140444,0.650294,1
1.963016,-1.026685,1
1.814133,0.602264,1
1.927465,0.780145,1
1.454417,1.435451,1
1.851828,-1.345017,1
0.472401,1.593859,1
0.128206,-0.859467,1
0.662498,-0.608738,1
2.105559,0.709221,1
0.956597,1.016806,1
2.727430,0.446819,1
1.305659,0.530105,1
0.391545,0.684820,1
0.439310,0.107078,1
0.715491,-0.106408,1
0.570016,0.235887,1
1.189615,-0.246573,1
0.723864,0.760931,1
2.012338,-0.747687,1
0.818328,-0.061328,1
1.631753,0.357187,1
0.822823,-0.425968,1
1.091956,-0.209343,1
1.607838,0.393094,1
0.763598,-0.216774,1
1.068152,0.143778,1
0.524837,1.431436,1
1.029793,-0.830765,1
1.416800,0.212950,1
0.155784,-1.023565,1
0.176834,-0.792548,1
1.528299,0.947569,1
1.297911,-0.389406,1
0.121332,0.354736,1
1.556633,-0.637796,1
0.952442,0.745345,1
0.862519,0.058416,1
1.271936,1.576539,1
2.047297,0.942617,1
1.407080,-0.518141,1
0.672250,0.246277,1
2.373585,0.266597,1
1.278214,0.284762,1
1.097713,0.062629,1
0.642200,0.084149,1
0.419026,0.585317,1
-0.477360,1.104289,1
0.295194,-0.758501,1
0.770409,0.140565,1
-0.370497,0.206493,1
-0.039305,0.550106,1
1.234491,-0.409408,1
0.174373,-0.748009,1
0.853378,0.503614,1
0.694368,-0.447819,1
0.480711,-0.764444,1
0.603929,-0.660761,1
0.893843,0.475867,1
1.317728,0.128502,1
1.018728,-0.269233,1
0.932109,0.337521,1
0.258026,0.120117,1
2.481282,0.333207,1
-0.062672,0.034473,1
0.220830,0.127028,1
1.208268,0.388661,1
-0.385365,-0.314617,1
-0.557604,-0.161400,1
0.928665,-0.846593,1
0.877334,-0.444904,1
-0.948153,0.226236,1
-0.092116,0.078266,1
1.304504,-1.226252,1
0.324415,0.103426,1
0.619228,0.363654,1
1.341509,1.198031,1
1.606314,0.050959,1
0.739044,0.077196,1
1.411798,1.071587,1
0.390016,-0.178907,1
2.052614,-0.488603,1
-0.447683,-0.282842,1
1.071413,0.293604,1
1.363277,0.229056,1
1.009309,0.044392,1
1.415580,-1.610623,1
1.831155,-0.440889,1
2.416149,-0.768709,1
2.436142,-0.109226,1
1.525793,-1.728862,1
0.861329,-0.009184,1
0.888628,-0.470055,1
1.518914,-0.047594,1
0.937249,0.718265,1
0.979403,0.408453,1
-0.201872,0.373811,1
2.303651,-0.011530,1
0.047116,-0.759474,1
-0.132215,0.020861,1
1.945889,1.554219,1
0.883554,0.326937,1
0.650966,0.693951,1
-0.296745,-0.355702,1
1.685666,-0.197032,1
-0.016448,0.362022,1
0.846540,-1.001971,1
0.507850,-0.817125,1
1.631398,0.882423,1
1.330264,0.576626,1
2.118866,-0.820336,1
1.906247,0.159556,1
0.058647,0.217238,1
1.282442,-1.096919,1
1.312867,0.401242,1
1.678571,0.740015,1
-0.024175,0.051252,1
1.487871,-1.576869,1
1.365448,-0.163459,1
-0.426043,-0.209604,1
-0.557960,0.533473,1
1.226628,-0.461372,1
-0.577252,1.587721,1
-0.868561,0.663618,1
0.852380,0.767335,1
2.909392,0.196696,1
2.527237,-0.246893,1
0.547322,1.060773,1
1.026184,0.670127,1
-0.783255,2.022290,1
1.009995,0.285592,1
-0.616761,-0.086891,1
1.372326,0.251887,1
-0.067295,0.541886,1
1.020335,-0.277585,1
0.876090,0.228188,1
1.958677,-0.425203,1
-0.432284,-0.608527,1
0.180044,0.208565,1
2.290206,0.228342,1
0.455929,-0.639712,1
0.468864,0.018181,1
0.530001,-0.471919,1
1.681826,-0.054083,1
0.461919,-0.695385,1
0.789604,-0.116050,1
0.671241,-0.078763,1
0.853677,-0.276761,1
-0.356678,-0.245421,1
0.933639,0.848310,1
2.172200,0.258440,1
-0.579719,0.878478,1
0.970763,0.227188,1
0.850763,-0.214953,1
-0.097385,0.369085,1
0.845066,-1.172176,1
1.991797,-0.169549,1
1.840776,-0.069927,1
2.369643,-0.305316,1
-0.111094,-1.152852,1
0.822050,0.770865,1
0.970203,0.101727,1
1.845187,0.056252,1
-0.012820,0.062827,1
1.742177,-1.953331,1
2.636590,2.106447,1
1.676340,-1.115249,1
0.375730,-0.693932,1
1.137237,1.028137,1
1.677871,-0.691807,1
-0.511162,0.633165,1
1.745425,1.264313,1
0.628935,0.723675,1
0.614804,-0.953376,1
-0.256369,0.102478,1
0.847267,-0.465518,1
1.337000,-1.072468,1
0.895225,-0.296498,1
2.643525,-0.873970,1
2.141294,0.190329,1
0.671713,0.327974,1
1.863211,0.656863,1
0.907483,1.714262,1
0.597285,0.414852,1
0.834307,0.012858,1
-0.515726,-0.846894,1
0.244486,0.321332,1
-0.136792,-0.420996,1
1.570975,0.632018,1
0.813393,0.093163,1
0.932748,-0.272405,1
0.998395,0.184998,1
0.990203,1.163375,1
0.697487,-0.298225,1
-0.118038,-0.275427,1
0.910793,-0.346602,1
0.448578,0.995155,1
1.533565,0.839770,1
0.204114,0.302916,1
2.040588,-1.774950,1
2.156344,0.745914,1
0.412727,0.483834,1
0.316780,0.144766,1
1.133529,0.582458,1
-0.311595,0.841488,1
0.432810,1.130151,1
0.316987,0.710753,1
0.735048,-0.191039,1
1.624877,0.439234,1
0.415473,0.304287,1
0.130136,0.516522,1
1.637760,-0.960473,1
2.605158,0.104799,1
-0.601500,0.338272,1
0.725043,-0.396409,1
1.326403,-0.463425,1
-0.375702,-0.892295,1
-0.099581,0.151251,1
2.063462,-2.609519,1
0.704643,0.925768,1
1.821947,1.101507,1
1.213642,0.170709,1
0.178739,0.749967,1
0.649378,-0.643640,1
0.288516,1.034042,1
0.561155,-1.038100,1
1.055235,-0.530333,1
0.848458,0.749631,1
0.749578,-0.104378,1
2.442975,-0.794917,1
0.998481,0.258536,1
1.336555,-0.092977,1
1.855649,0.058492,1
1.375187,0.047552,1
1.001103,0.149588,1
1.157509,-0.462468,1
-0.735408,-0.258476,1
0.081865,0.788741,1
1.505909,1.492465,1
1.611252,0.110610,1
0.491165,-0.365078,1
2.513810,-0.396251,1
0.671819,0.997266,1
1.806639,0.772900,1
0.009520,-0.183512,1
1.740971,0.358189,1
1.700567,-0.292498,1
2.312910,-1.080104,1
1.843782,0.239913,1
1.319657,1.487585,1
0.452879,-0.071873,1
0.594327,-0.684287,1
1.124448,0.433958,1
0.717347,-0.315859,1
1.120195,0.904729,1
2.229394,0.281529,1
2.605860,0.519111,1
0.869866,0.766729,1
2.692791,0.984843,1
0.418635,-0.209643,1
0.038872,-1.135977,1
1.018950,0.985310,1
0.290021,0.678963,1
2.605807,0.156742,1
1.729358,1.195695,1
0.339134,-0.822371,1
2.170654,0.125525,1
0.850953,-0.443955,1
1.064205,-0.099932,1
-0.342154,0.621447,1
0.790785,1.050862,1
1.636181,-0.104876,1
0.426308,-0.940949,1
0.167352,0.713203,1
0.727126,1.499858,1
0.013661,-0.294568,1
0.538993,-1.447320,1
1.119485,1.011077,1
1.314703,0.021224,1
-0.466917,0.122885,1
0.770710,-0.886831,1
1.765945,-0.800257,1
1.491434,-0.346331,1
0.958011,-0.910965,1
1.152342,1.327669,1
0.741361,-0.038806,1
0.792801,1.476752,1
2.031612,-1.348919,1
1.576780,-0.899548,1
1.537952,0.274096,1
1.891906,-0.142879,1
0.672770,1.351997,1
2.237439,0.362493,1
1.049230,-0.129981,1
2.033236,0.036197,1
2.365378,-0.822964,1
1.511809,0.090242,1
1.865494,0.436074,1
1.121258,0.716053,1
0.272923,-0.452353,1
-0.214501,1.295393,1
0.252224,-0.530394,1
0.750782,0.752985,1
0.375518,1.483479,1
1.793695,0.356448,1
2.007448,0.024081,1
0.891567,-1.127547,1
1.061298,0.500352,1
0.003290,-0.900749,1
0.659193,-0.776680,1
0.164937,0.572977,1
1.783761,0.647447,1
1.400605,-0.396405,1
0.745067,-0.034489,1
0.960198,0.008277,1
1.587109,0.298970,1
2.327255,-0.100300,1
0.420313,-0.837534,1
-1.130538,-0.466057,1
1.540624,-0.233537,1
2.108384,0.830979,1
-0.186208,-0.602040,1
-0.764882,1.312114,1
0.700107,-1.405010,1
1.925851,-0.323511,1
1.961037,0.818330,1
1.274877,0.850988,1
0.596924,-1.638948,1
0.245812,-0.872893,1
-0.197959,-0.911185,1
2.490230,-0.333625,1
1.344538,-0.398646,1
-0.047735,-0.208628,1
0.357807,0.077632,1
2.846299,1.548630,1
1.375613,-0.849995,1
1.777112,0.553154,1
0.219656,-0.611083,1
0.150445,1.703238,1
0.974341,0.196137,1
0.557822,0.601611,1
2.627318,-0.727982,1
-0.204357,-0.432870,1
1.863537,-0.995381,1
2.502795,0.031970,1
0.973678,0.153540,1
1.955543,0.595451,1
-0.432513,-0.846911,1
1.328986,-0.993525,1
0.333249,0.432071,1
-0.016248,-0.824614,1
1.252287,-0.703492,1
0.315925,1.144577,1
2.376484,-1.858351,1
-0.201052,-1.781956,1
2.438309,0.127572,1
0.002348,-0.329848,1
0.416606,0.617337,1
0.189501,0.478640,1
0.365027,0.331608,1
1.014769,0.227795,1
0.285300,0.445526,1
1.340299,-0.171969,1
2.963426,1.786816,1
-0.559414,-0.545294,1
1.524339,-0.974353,1
0.211422,0.981788,1
1.346237,-0.416256,1
0.368263,0.090207,1
0.778098,0.065747,1
1.521869,-1.034970,1
1.254610,0.544479,1
0.578973,0.817599,1
1.413073,-0.991936,1
0.698473,0.080461,1
1.220442,0.246124,1
0.830126,-0.880230,1
1.327926,0.686826,1
1.478319,2.146908,1
1.009338,-1.807447,1
0.728816,-1.510978,1
0.982923,-1.063632,1
2.786923,-0.871408,1
1.154764,0.335367,1
1.492111,-0.494745,1
1.161129,-0.512595,1
1.030500,0.509319,1
0.492750,0.394753,1
0.441577,1.055726,1
1.455061,-0.660393,1
1.023402,-0.669804,1
2.235763,-0.793289,1
0.230825,1.436809,1
0.463618,0.327419,1
0.963556,-0.029544,1
0.526747,-1.325556,1
1.076212,0.635748,1
0.516293,0.409308,1
1.442728,-0.581087,1
0.691513,-0.679741,1
1.108541,-0.911031,1
1.373821,-1.071590,1
-0.195090,-0.143935,1
1.204376,1.087174,1
0.660635,-0.216980,1
1.043813,0.256021,1
1.678483,0.347368,1
0.911017,1.554885,1
0.394734,0.050163,1
0.799406,-1.076415,1
0.992478,0.159647,1
1.923365,0.146097,1
0.568947,-2.147035,1
0.866681,-1.172870,1
1.460816,-1.068318,1
1.261612,-0.434577,1
-0.249562,-0.934827,1
1.663873,-0.261444,1
0.367140,0.298618,1
1.501881,0.178739,1
0.729112,0.674451,1
0.346033,-0.864564,1
1.397841,-0.454238,1
0.490296,0.790444,1
-0.381315,-0.043552,1
1.836211,0.600223,1
-0.115888,0.098831,1
0.540361,0.971581,1
0.218252,0.741517,1
0.288074,0.060184,1
1.760386,0.579013,1
0.234653,-0.419806,1
0.661471,0.742285,1
1.225142,-0.188941,1
-0.419817,-0.717531,1
2.199182,0.682683,1
0.951445,0.669017,1
1.824855,1.099217,1
1.367556,-0.069694,1
0.564806,1.109149,1
1.094092,0.021161,1
1.429214,-0.535342,1
1.708464,-0.830310,1
1.295515,1.095363,1
0.048951,0.714033,1
1.028422,0.102574,1
1.483424,-1.140409,1
0.537040,-0.434418,1
0.334874,1.382030,1
1.350682,0.083482,1
0.240892,-0.774744,1
0.872940,-0.684498,1
2.640846,-0.362600,1
0.726631,0.229720,1
1.041095,-1.119616,1
1.467020,0.749514,1
1.576224,1.485688,1
0.618685,-0.137479,1
1.700329,0.474489,1
0.707861,0.191372,1
1.654175,-0.608551,1
0.675464,0.278448,1
1.696415,-0.208352,1
-0.148785,1.012189,1
1.136204,-0.263953,1
1.666628,-0.638339,1
0.660116,1.031645,1
0.777887,-0.448567,1
0.156651,-0.966100,1
0.429008,-0.388875,1
1.386497,-0.116512,1
0.633749,0.256421,1
0.043712,-0.089630,1
0.550595,-1.056267,1
0.127790,0.301165,1
0.982986,0.230688,1
0.263587,0.323622,1
1.305772,0.212233,1
1.421100,-0.598954,1
1.007207,-0.858947,1
1.283932,-0.473176,1
0.099663,0.971733,1
0.103212,-0.561213,1
0.372195,-0.108198,1
1.931812,-0.451661,1
0.570137,1.321178,1
0.798420,-0.881997,1
1.645089,0.034220,1
-0.176833,-0.663485,1
0.841979,-0.586606,1
1.629523,0.629107,1
1.407776,-0.140732,1
0.692584,-0.983346,1
0.750534,0.238878,1
-0.115663,0.137278,1
0.437545,0.363721,1
0.161859,0.554815,1
1.467181,-0.874381,1
0.098582,-0.548555,1
0.421346,-1.159648,1
1.274887,0.716240,1
1.550967,-0.589475,1
1.578145,0.376182,1
1.397888,0.176417,1
2.302854,0.570209,1
1.725256,0.454078,1
1.139143,-1.413464,1
0.974174,-1.603268,1
0.470960,-0.035379,1
1.344111,1.064936,1
1.712151,0.849919,1
1.699637,-1.821710,1
-0.459388,-0.471871,1
0.395369,0.534013,1
1.520070,0.019865,1
0.751087,0.548962,1
-0.340802,0.638202,1
1.867613,-0.220303,1
0.339540,0.210686,1
0.734182,0.943361,1
1.090874,-0.030601,1
2.081570,0.870701,1
0.787281,-0.934187,1
1.783243,-0.706150,1
0.809628,0.941866,1
1.301842,1.077628,1
-0.101595,0.789709,1
0.599451,-1.002883,1
0.737374,-0.194981,1
1.271500,0.106256,1
0.862791,-0.983150,1
0.293711,-0.732970,1
0.848015,1.976469,1
0.836237,-0.954382,1
1.090228,-0.370362,1
1.604134,-0.814617,1
2.064699,0.283565,1
0.762567,-0.897139,1
1.569508,-1.007791,1
2.115677,0.957943,1
0.704953,-0.196990,1
0.857065,0.542697,1
1.614660,-0.451805,1
0.918307,1.018765,1
-0.721624,-1.471825,1
0.771435,0.118616,1
1.080917,-0.149227,1
2.335473,-0.161190,1
0.870416,0.142000,1
1.357158,0.282274,1
1.931876,-0.392386,1
1.658435,0.187416,1
1.243439,-0.290849,1
1.051947,-1.121553,1
-0.134779,0.047251,1
-0.612275,0.086928,1
0.461405,0.265200,1
1.095958,0.529341,1
1.647084,-1.017880,1
0.064245,0.530823,1
0.557711,-0.130026,1
1.506348,1.431844,1
1.008701,0.212391,1
1.239968,-1.350588,1
1.178187,-1.663575,1
1.977392,1.048485,1
0.573788,-0.000432,1
1.567607,-1.442671,1
0.878578,2.259960,1
0.517560,1.489446,1
0.997573,-1.042204,1
1.141705,-0.687489,1
2.173493,0.611390,1
2.639379,-1.105544,1
1.143584,-0.082634,1
1.179426,0.371853,1
-0.020205,0.903782,1
1.885899,-0.839502,1
-0.172028,0.457475,1
1.939336,-0.202339,1
0.436939,-1.483353,1
1.101787,1.171317,1
0.716334,-0.403274,1
1.913744,-0.920746,1
1.825081,-0.671979,1
0.937882,-0.880273,1
3.061335,0.383605,1
0.410410,0.026109,1
0.301637,0.464121,1
0.307444,0.489377,1
-0.570871,-0.956179,1
1.502814,0.039553,1
0.431710,1.267444,1
2.101596,0.390596,1
0.540716,0.503329,1
0.798662,-1.630001,1
0.891315,0.408048,1
0.969719,-0.520193,1
-0.430978,1.629259,1
1.670130,-1.045591,1
1.592210,1.619673,1
0.177922,0.122770,1
1.077931,-0.494438,1
1.381391,-0.053644,1
1.050346,1.222071,1
0.677388,0.154088,1
0.314203,1.063585,1
0.679342,0.094456,1
0.032300,0.145590,1
0.258796,-0.045959,1
0.420533,-0.609295,1
1.057463,-0.400548,1
1.418585,0.213485,1
1.595727,0.236093,1
1.238758,-0.607660,1
1.309661,0.423297,1
1.224944,-1.140422,1
1.097668,0.015275,1
1.799075,0.431957,1
-0.778487,0.134925,1
0.339117,-0.738750,1
2.543727,-0.346858,1
1.176290,0.041752,1
1.621502,-1.513116,1
1.288420,0.021369,1
0.061665,0.500160,1
2.042540,-0.093607,1
1.571246,1.934941,1
0.815425,-0.652039,1
1.660000,-1.069275,1
1.537462,0.962273,1
1.357023,-0.336342,1
1.136819,-0.179168,1
0.275279,0.207895,1
0.478147,0.010052,1
1.075162,0.358016,1
1.003067,-0.294344,1
0.768809,1.141513,1
-0.057993,-0.871084,1
1.019648,0.109908,1
1.569314,-0.479820,1
2.359552,0.156686,1
0.060968,-0.249528,1
0.570340,0.438418,1
2.160183,0.388912,1
1.597199,-0.553983,1
0.145152,0.022297,1
-0.138599,0.605925,1
2.539742,1.173400,1
0.803325,-0.074055,1
0.339165,0.624381,1
1.251821,0.484095,1
2.282531,-0.257262,1
0.431862,0.827085,1
2.325781,0.231781,1
-0.102122,-0.391044,1
-0.088372,0.385847,1
1.197789,-2.578751,1
0.380936,0.824026,1
1.039668,-0.986702,1
2.085025,-0.361071,1
0.239836,1.050234,1
0.619659,0.523278,1
1.624289,0.528325,1
1.072941,-0.808021,1
0.995274,0.179053,1
0.587429,1.488998,1
-0.366331,-0.279894,1
0.572389,1.392488,1
0.704872,-0.840753,1
1.584564,0.906342,1
1.677049,0.247954,1
1.300825,-0.214764,1
2.679088,-2.148355,1
0.729990,-0.845779,1
1.249800,-0.090004,1
1.976687,0.769469,1
1.110417,0.321827,1
1.291334,-1.948125,1
0.524386,-0.612167,1
0.608235,-0.505008,1
1.564370,0.139505,1
1.297797,0.594105,1
2.005030,0.302822,1
0.837953,-1.802922,1
0.714222,1.277730,1
1.089530,-0.104445,1
0.242666,1.808225,1
2.047275,-0.330071,1
0.461868,0.028909,1
0.618557,-1.388883,1
1.563475,-0.977923,1
1.081403,0.017191,1
0.217602,-0.903106,1
1.950253,-0.874029,1
1.359005,0.686593,1
1.591313,0.734806,1
0.326322,-0.667254,1
1.686902,-1.625570,1
1.257246,0.271774,1
-0.137293,-0.754549,1
0.788626,0.978388,1
1.631822,0.436575,1
0.587979,0.463031,1
1.763521,0.005113,1
2.442174,0.595408,1
1.675638,-1.745000,1
2.988951,-0.639792,1
1.265659,1.004829,1
1.550367,0.022104,1
1.660251,0.418694,1
0.374430,-0.435126,1
0.547096,0.340569,1
0.643814,-1.600272,1
1.036766,1.013052,1
1.383567,0.022190,1
1.064748,-0.942200,1
0.208145,-0.967461,1
0.838934,0.284180,1
1.644441,0.711840,1
0.780307,-1.224830,1
1.539615,-0.293795,1
0.411640,-0.432601,1
1.051223,0.633866,1
0.765309,-0.753595,1
2.851241,1.122730,1
0.960291,0.489203,1
1.687750,0.285822,1
0.320288,-0.204379,1
0.577663,0.265208,1
0.171267,1.548808,1
1.158821,0.530242,1
0.457924,1.855864,1
1.603890,-0.428527,1
1.180584,0.085055,1
1.102268,-0.337980,1
0.724214,1.567191,1
0.594725,0.529454,1
0.599715,-1.145607,1
2.448691,-1.078627,1
2.252669,-0.333379,1
1.054547,-0.088881,1
1.239382,0.044851,1
1.561838,0.101746,1
1.307120,-0.382742,1
1.020202,-0.238046,1
0.982446,0.278284,1
0.584942,0.378366,1
1.120998,0.586741,1
0.931597,0.138002,1
0.465037,-0.169109,1
-0.647892,0.893262,1
0.833387,-1.210099,1
1.716053,-0.402623,1
0.098121,0.688045,1
0.996736,-0.435761,1
2.497187,-1.114479,1
2.039355,0.020696,1
0.751476,0.602700,1
0.911915,-0.566824,1
0.842598,-0.266225,1
0.925271,-0.662532,1
2.168638,-0.112572,1
0.630968,-1.634830,1
1.048739,0.063511,1
1.233542,-0.678939,1
-0.098949,-0.571838,1
1.324119,-0.350196,1
0.817627,0.450752,1
-0.968828,-0.022341,0
-1.664913,-0.332035,0
-1.180108,0.060032,0
-1.509620,0.873936,0
-0.746426,-2.351432,0
0.169037,-0.297411,0
-1.181192,-0.585712,0
-1.093524,-0.219255,0
0.383656,0.846123,0
-1.479795,-1.512891,0
-0.855243,1.108710,0
-1.400735,0.104875,0
-0.746436,0.350780,0
-1.591136,1.513885,0
-1.333218,-0.322616,0
-1.579551,-1.460482,0
-1.065494,-0.531053,0
-1.446354,-0.189815,0
-0.749196,0.475144,0
-0.722358,-0.352495,0
-0.138442,-0.077062,0
-2.207071,0.316694,0
0.341139,0.206906,0
-1.179572,-0.301941,0
-1.850086,-0.994875,0
-0.961519,-0.357503,0
-1.500436,-0.068457,0
-0.746003,0.805939,0
-0.125848,-1.592723,0
-0.720816,-0.426990,0
-1.945343,0.133673,0
-0.823692,0.240058,0
-2.388907,-1.462450,0
-1.997833,-0.656357,0
-0.519763,1.134941,0
-1.621693,0.094329,0
-2.157173,-0.743312,0
-1.192189,-0.693236,0
-2.482536,-1.005135,0
-1.202007,-0.647757,0
-2.105975,-0.289384,0
-0.702199,-1.607501,0
-0.169300,0.321922,0
0.205230,-1.064372,0
0.484376,1.039332,0
-0.193679,-0.267168,0
-0.266175,-1.532104,0
-1.193181,1.093582,0
-0.299966,1.162069,0
-0.251864,0.345293,0
-1.222689,-0.257196,0
-1.083437,-0.118908,0
-0.952124,-0.380278,0
-1.464036,-0.043094,0
-1.224382,0.993181,0
-1.402263,-0.419381,0
-0.678790,0.317478,0
-0.816248,0.289645,0
-1.703984,-0.059993,0
-0.826803,0.428992,0
-2.033141,0.324058,0
-2.923878,1.219369,0
-0.764027,0.154546,0
-1.769725,0.589958,0
-1.487948,0.783456,0
-2.267886,0.599700,0
-1.168065,0.109008,0
-1.831956,0.362048,0
-1.542351,-0.903307,0
-0.723646,1.019654,0
-2.211236,-0.619826,0
-0.664020,-0.781737,0
-0.724877,0.224512,0
-1.318710,0.660180,0
-0.344572,0.252458,0
-1.200525,-0.640829,0
-0.719016,0.189098,0
0.208335,0.183145,0
-0.932189,0.666477,0
-1.147978,1.241001,0
-1.390803,-0.717104,0
-1.024605,0.412958,0
-1.423905,-0.536680,0
-0.748697,-0.564381,0
-1.528054,0.767771,0
0.749939,1.405342,0
-1.284749,-1.420979,0
0.017428,1.428618,0
-1.566768,-0.582322,0
-0.909528,0.238362,0
-0.416264,-0.041524,0
-1.559907,-0.334148,0
-0.913958,-1.351867,0
-1.637775,-0.553635,0
-0.334510,0.088767,0
-2.688892,-0.381152,0
-1.918376,0.254821,0
-2.140631,-0.616579,0
1.074809,-0.241456,0
0.500180,0.153136,0
-1.874672,-0.649086,0
-1.108852,0.329496,0
-0.924915,1.092172,0
-0.208228,-0.746874,0
-0.186866,-0.678837,0
-0.994456,0.393686,0
-1.542316,-0.392540,0
-1.532471,0.420929,0
-1.357019,-0.926457,0
-0.123403,1.221236,0
-1.434755,-1.297423,0
-0.827169,-0.412812,0
-1.436094,1.007443,0
-0.926137,-1.398176,0
-1.334115,0.222215,0
-0.435743,0.690035,0
-1.463235,1.378975,0
-1.599441,-0.007950,0
-0.381537,0.256004,0
-1.485110,0.212859,0
-0.762830,-0.596279,0
-1.336182,-0.002193,0
-1.012205,-0.855872,0
-0.295406,1.535698,0
-1.901114,0.584265,0
-1.431794,-0.734160,0
-0.711703,-0.151519,0
-1.097731,-0.255770,0
0.370045,0.684351,0
-0.682535,0.315996,0
-1.022646,0.415538,0
-0.994565,1.430273,0
-0.091014,0.507059,0
-0.920178,1.018646,0
-0.410522,0.776571,0
-0.639110,-0.002885,0
-0.562930,0.410085,0
-0.828015,-0.217241,0
-1.938750,-0.116677,0
-0.647036,0.280163,0
-0.993257,-0.154347,0
-1.537479,0.191356,0
-1.305716,-0.754579,0
-1.042151,0.808068,0
-1.067874,-0.991077,0
-1.744525,-1.584719,0
-2.141737,-1.079565,0
-0.771204,0.370270,0
-2.117911,0.512696,0
-0.474298,-0.267622,0
0.145316,-0.178202,0
-1.567621,0.683718,0
-1.636198,0.268283,0
-1.160290,0.679610,0
0.776752,-0.173564,0
-1.194726,0.116698,0
0.127495,-0.339846,0
-1.854290,0.313004,0
0.399393,0.053159,0
-0.854673,1.716029,0
-1.051718,0.265735,0
-0.278287,-0.030014,0
-0.451443,-0.557312,0
-1.466716,-0.910508,0
-2.253471,0.495108,0
-1.359250,-0.241489,0
-0.315525,-0.394618,0
-0.215915,0.640174,0
-1.727491,0.144749,0
-1.290312,-0.553511,0
-0.612661,0.954675,0
-1.749371,0.348495,0
-0.449828,-0.131252,0
-1.522373,0.364583,0
-1.671019,0.871542,0
-0.836173,-0.345829,0
-2.384827,0.302210,0
-1.616737,-0.248473,0
-1.567917,1.078682,0
-2.565980,-0.062674,0
-1.740716,-0.698167,0
-0.464484,-0.332296,0
-0.927422,-0.267241,0
-2.492066,-0.676859,0
-0.164508,0.106442,0
-1.700768,-0.145336,0
-2.388243,1.369150,0
-1.417328,0.025190,0
-1.949020,0.874353,0
-0.465224,-0.525718,0
-1.011507,-1.290509,0
-0.550956,-0.454915,0
-1.269353,0.632632,0
-1.360181,-0.236931,0
-1.984266,0.889883,0
-0.820643,-0.563091,0
-1.409481,0.252885,0
-1.464992,0.220304,0
-1.241876,-1.120086,0
-0.920512,-0.913355,0
-1.031597,-0.534130,0
0.262403,-0.450631,0
-0.004341,0.734197,0
-3.155525,-0.129258,0
-0.684108,-0.444714,0
-1.445084,-2.159613,0
-1.505080,0.914539,0
-1.536383,1.119875,0
-1.028950,-0.247612,0
-2.109315,-0.849481,0
-0.469711,0.501383,0
-0.849676,-1.151660,0
-0.816063,-0.340148,0
-1.188909,1.359625,0
-1.135590,-0.907092,0
-1.823848,1.212752,0
-1.077654,-0.562688,0
-2.325393,-0.779645,0
-0.789560,-0.021482,0
-1.652798,-0.432715,0
-0.302034,-0.481373,0
-0.068603,1.422683,0
-0.958041,-1.249492,0
-1.535383,0.237287,0
-0.044082,0.197961,0
-0.597542,0.178690,0
-0.498121,0.042764,0
-1.095435,0.215617,0
-0.477016,-0.431846,0
-1.032700,-1.244677,0
-0.274683,-0.173803,0
-2.837605,0.261529,0
-2.077255,0.388485,0
-0.717663,0.339180,0
-0.438796,0.101395,0
-0.555617,0.126998,0
-1.221968,-0.850610,0
-0.114859,-0.530199,0
-0.705139,0.823270,0
-0.469605,0.551111,0
0.684069,0.240867,0
-0.253141,-0.459552,0
0.348134,-0.202286,0
0.593697,1.225107,0
-0.096231,-1.490173,0
-1.969819,1.087319,0
-0.373797,-0.905608,0
-0.295905,0.496810,0
-0.845155,0.953821,0
-1.988316,-0.776916,0
-0.391154,0.056132,0
-1.076746,1.363026,0
0.658091,-1.222860,0
-0.518033,0.785164,0
-0.558467,0.133996,0
-0.464152,0.936850,0
-0.608620,-1.065030,0
-0.296360,0.226143,0
-0.925448,-1.850837,0
-0.300501,-0.003000,0
-1.543878,0.059261,0
-2.310918,-0.668892,0
-0.083506,0.334851,0
-1.814482,-0.846123,0
-1.614951,0.176315,0
-1.136062,-0.678576,0
0.041866,-0.539346,0
-1.957549,0.523072,0
-1.660648,0.226758,0
-2.206345,1.331701,0
-0.871309,-0.508288,0
-2.225072,-0.843079,0
0.031806,-1.661612,0
-1.591566,-0.691621,0
-1.750000,-1.781612,0
-0.831348,0.425655,0
-0.502823,-0.413103,0
-1.869990,-0.076564,0
-0.672790,0.398444,0
-1.655428,-1.192430,0
-0.383560,1.252563,0
-0.842621,0.223455,0
-2.777289,-0.500568,0
-0.881858,0.030521,0
-2.661937,-0.462278,0
-1.517419,0.561812,0
-1.028005,0.296963,0
-1.862579,1.425911,0
-0.388953,-1.500269,0
-0.618507,0.475096,0
-0.101961,0.198135,0
-0.782222,1.074226,0
-1.233530,-0.870551,0
-1.211476,0.223210,0
-2.916757,0.042812,0
-1.478158,-0.068343,0
-1.556192,-0.047223,0
-0.776282,-0.595250,0
0.323108,2.413650,0
-0.339082,-0.859395,0
-0.916107,-0.234619,0
0.087142,-0.794487,0
-1.209829,0.026253,0
-0.544893,-0.365774,0
-0.827885,1.156700,0
-1.535604,-0.536191,0
-0.887989,-0.109139,0
-1.622511,-1.476156,0
-0.226649,0.212017,0
-0.363009,0.554019,0
-0.790378,-1.247790,0
-1.848641,-0.279074,0
-2.463207,0.420809,0
-3.085407,0.512246,0
-0.019876,-1.357687,0
-2.290501,0.164962,0
-1.894398,0.597581,0
-0.368544,0.425591,0
-0.991328,0.419747,0
-1.807164,0.957274,0
-0.596790,0.517168,0
-0.659578,-0.619618,0
-1.334245,-0.356447,0
-0.055337,0.236074,0
-0.613084,1.281673,0
-1.823885,0.742404,0
-0.799269,0.829587,0
-1.480631,0.268808,0
-1.300245,-1.271245,0
-0.748713,-0.556468,0
-0.450402,0.977878,0
-2.279807,-0.719364,0
-1.351781,-0.855246,0
-2.067278,1.543007,0
-0.561358,-0.760901,0
-0.641476,0.456567,0
0.036260,-0.443798,0
-1.548683,0.752229,0
0.941550,-1.179639,0
0.183620,-0.554342,0
-1.733820,-0.929928,0
-1.113995,-1.087513,0
0.020891,-0.607078,0
0.403982,0.636755,0
-0.409731,0.001410,0
-1.574634,1.186972,0
-0.319485,0.092654,0
-0.739198,0.743783,0
-1.050534,-0.754273,0
-1.403353,1.557599,0
-1.359053,0.181449,0
-1.432146,0.271780,0
-0.931985,0.700953,0
-1.744152,0.114370,0
-2.032955,-0.194975,0
-1.847680,0.407737,0
-1.522030,0.239939,0
-0.907809,0.109422,0
0.066490,0.710729,0
-0.517070,0.941689,0
-1.217747,-0.807446,0
1.259382,0.750916,0
-0.860570,-0.692504,0
-1.340804,0.158735,0
-1.515979,0.460034,0
-0.649413,0.026686,0
-0.399778,0.484393,0
0.257556,-0.714668,0
-1.109357,-0.768181,0
-0.554045,0.710091,0
-0.334590,-0.840166,0
-1.520360,1.307892,0
-0.987452,0.896307,0
-2.215407,0.013507,0
-1.265071,0.426046,0
-0.771458,0.168444,0
-2.300114,-0.210545,0
-0.898536,0.832949,0
-1.004824,-0.422410,0
-1.232843,0.135973,0
-0.484315,-0.672628,0
-0.508293,0.009650,0
-1.523311,0.124907,0
-1.472737,0.675601,0
-0.147897,0.308920,0
-0.530272,0.279512,0
-1.723054,-0.262858,0
-0.115755,0.025011,0
0.517429,0.082132,0
-0.640608,-2.176026,0
-1.513664,0.181060,0
-2.182897,1.459302,0
-1.442617,0.726723,0
-1.818891,1.054774,0
-0.839905,0.301533,0
-2.036803,1.370247,0
0.593405,-1.450741,0
-1.436759,1.205213,0
-1.476095,1.695992,0
-0.683630,-0.731754,0
-1.231814,0.578476,0
-1.993041,-0.936991,0
-0.617288,1.640470,0
-1.804199,0.225999,0
-2.118368,0.219615,0
-2.596785,-0.396965,0
-1.507706,-0.367981,0
-1.244834,1.504332,0
-0.503506,-0.568840,0
-1.199033,0.100862,0
-1.248263,1.310059,0
-0.636643,0.582764,0
-0.469151,-0.049852,0
-0.479954,-0.084704,0
-0.920448,-0.908238,0
0.519350,0.435855,0
0.851359,0.477067,0
0.531772,-0.306495,0
-1.069243,-1.000642,0
-0.656601,0.974328,0
-1.439154,0.359186,0
-0.462517,1.674081,0
-1.691506,0.410428,0
-1.115520,0.352025,0
-1.784559,-0.122901,0
-1.957276,-0.865741,0
-0.821349,0.903280,0
-0.715055,0.668422,0
-1.065107,1.053958,0
-1.011515,-0.370843,0
-1.761924,-0.272440,0
-0.543722,0.176585,0
-2.213928,-0.725485,0
-1.425104,0.057645,0
-0.930260,-0.337156,0
-2.235959,-0.513851,0
-1.366497,0.820200,0
-1.000234,0.385617,0
-1.396427,-0.019870,0
0.003587,-0.461019,0
-0.907356,0.193676,0
-1.340701,0.288980,0
-2.397622,0.034682,0
-0.531141,0.316730,0
0.047554,0.776235,0
-0.132571,0.825321,0
-1.647032,-0.994307,0
-1.374580,0.912631,0
-1.170404,0.081424,0
-0.530904,-0.571287,0
-0.470683,-0.971721,0
-1.164531,1.657860,0
-0.164344,0.364048,0
0.676694,-0.322411,0
-1.443756,0.731351,0
-0.570385,0.048333,0
-0.215583,-0.089301,0
0.106235,0.086334,0
-0.900436,0.185392,0
-0.337730,1.049138,0
-2.636931,-0.996100,0
-0.315711,-1.155754,0
-0.738099,0.921719,0
-1.373099,0.325258,0
-1.256171,0.156402,0
-0.998924,0.436930,0
-1.990363,0.853468,0
-1.587582,-0.599300,0
-1.325148,0.586814,0
-1.218490,-0.329831,0
1.304354,-1.827709,0
-0.327406,-0.326827,0
-1.671270,0.261784,0
-0.813426,0.166735,0
-1.615793,0.083975,0
-2.260217,0.886026,0
-2.086612,-1.257974,0
0.225806,0.851724,0
-0.344126,-0.916890,0
-1.043614,1.236021,0
-1.005928,0.461254,0
-1.016774,-0.141907,0
-0.450270,0.252326,0
-0.155952,-0.220634,0
0.113251,1.810605,0
-0.484322,-1.073386,0
-2.072979,-0.807621,0
-1.903316,-0.636328,0
-1.149973,-0.511231,0
-0.267541,0.048592,0
-1.014292,-0.341815,0
-0.654656,0.835630,0
-0.894828,-0.782816,0
-1.020417,0.655933,0
-2.016783,0.223564,0
-1.763172,-1.444150,0
-0.831144,-0.613485,0
-1.040816,-0.005933,0
0.106241,-0.503327,0
-0.717003,0.249169,0
-0.399995,-0.051854,0
-2.034002,0.639866,0
-0.392141,-0.831931,0
-1.245250,-0.034774,0
-1.655891,0.131658,0
-0.879026,0.484288,0
-1.031497,-1.532274,0
-0.697565,0.292735,0
-1.218568,0.150923,0
-1.130197,-1.367890,0
-0.337285,1.539853,0
-0.622262,0.105538,0
0.504972,-0.229861,0
-2.275218,0.464825,0
-1.506080,-0.923129,0
-1.515125,-0.969265,0
-1.005995,0.629250,0
-2.125782,1.078716,0
-1.531610,-0.105193,0
-1.439033,0.544630,0
-1.176461,1.254882,0
-0.982202,0.193255,0
-2.296192,-0.518033,0
-0.749691,-0.014265,0
-2.683629,-1.069991,0
-0.053031,0.059897,0
-1.276766,-0.459671,0
-0.200439,-0.372749,0
-0.961076,-0.232595,0
-0.275261,-0.590099,0
-0.569953,0.504131,0
-1.727937,0.063295,0
-0.847648,-0.615628,0
-1.510429,-1.062811,0
-0.810707,-0.618011,0
-0.009270,-0.259778,0
-0.842088,-0.384390,0
0.300031,0.280692,0
-0.050633,0.656568,0
-2.530716,-1.221890,0
-0.570916,-0.836648,0
-0.869777,-0.163846,0
-1.934935,0.612960,0
-1.576144,0.765043,0
-1.680875,-0.616202,0
-1.270489,-1.023643,0
-1.852519,-0.668957,0
-0.552012,0.153621,0
-0.019111,1.207131,0
-2.075962,0.041523,0
-1.979270,-0.656514,0
-2.699991,0.281616,0
-2.258486,0.651489,0
-1.388341,-1.047436,0
0.222790,0.226435,0
-0.904227,-0.293180,0
-1.390681,-0.493649,0
-1.365389,-0.306766,0
-2.405663,0.588469,0
-0.647093,1.214778,0
-0.558693,-1.254319,0
-1.040373,0.561997,0
-0.064237,1.089469,0
-2.209413,0.904515,0
-1.500278,1.491430,0
-1.597049,-0.503835,0
-0.016403,0.527402,0
-0.994455,2.366996,0
-0.860779,-0.679586,0
-1.254126,-0.984077,0
-1.581767,-1.760743,0
-2.572829,-0.389587,0
-2.710358,-0.015895,0
-1.316251,-1.269189,0
-2.683644,-0.184897,0
-0.552701,0.280313,0
-1.343509,-0.527918,0
-1.601533,0.504950,0
-0.894723,1.297176,0
-1.270247,-1.174562,0
-2.001789,-0.312005,0
0.143513,-0.331458,0
-1.289351,0.251705,0
-0.446118,0.781182,0
0.075882,-0.075457,0
-0.258990,-0.103995,0
0.965772,0.792091,0
-1.419168,0.283742,0
-0.454279,-0.261623,0
-0.186481,0.364947,0
-0.645509,0.870514,0
-1.088710,0.011414,0
-1.590786,-1.144716,0
-1.029074,0.958506,0
-0.240257,1.026496,0
-0.977988,0.508890,0
-0.031026,-0.429047,0
-1.128934,-0.746318,0
-0.718027,0.900160,0
-1.360979,-0.837230,0
-0.482757,-0.506815,0
-2.556187,-0.774517,0
-0.710849,-0.346868,0
0.345570,-0.002561,0
-0.851949,0.102916,0
-1.179457,-0.090897,0
0.379165,-0.279654,0
-0.451192,-0.478144,0
-1.526057,-0.573278,0
-1.458429,0.124189,0
-0.040460,-0.319919,0
0.391604,-0.027378,0
-2.294260,0.506180,0
-0.395217,1.121167,0
-2.319847,-1.005463,0
-0.670108,-0.324304,0
-0.300045,-0.702645,0
-0.674424,0.260154,0
-1.152454,-0.787565,0
-0.630653,-0.085672,0
-0.349119,0.070230,0
-0.942142,0.287922,0
-1.970067,0.802626,0
-0.828140,0.800077,0
-1.292891,0.967104,0
-0.245396,-0.302301,0
0.083150,-0.092307,0
-2.120472,0.074746,0
-1.048998,-1.030639,0
-1.330222,-0.273190,0
-0.444237,-0.621190,0
-0.593188,-0.757504,0
-1.801661,-0.515302,0
-0.061208,-0.527054,0
-1.210777,-0.814973,0
-0.939430,0.007270,0
-1.688444,0.121204,0
-1.590761,0.767905,0
-2.914769,-0.457372,0
-3.102397,0.472334,0
-0.818475,0.492316,0
-0.701689,-0.905027,0
-1.684401,1.162914,0
-0.466792,-1.072362,0
-1.188775,-1.411611,0
-1.767416,-0.861078,0
-2.182191,0.834201,0
0.522293,-0.169385,0
-1.696109,0.733250,0
0.841098,0.231726,0
-1.541442,-0.750497,0
-1.770401,0.835132,0
-0.504683,-0.867508,0
-1.458642,0.116070,0
-2.173037,0.020625,0
-1.293565,0.116484,0
-2.193575,-0.006562,0
-0.843449,-0.073628,0
-1.253951,-0.633176,0
-1.155521,0.244197,0
-0.264203,-0.233703,0
-1.723543,0.281986,0
-1.083748,-0.200848,0
0.871741,0.798140,0
-1.115394,0.745305,0
-1.894326,-1.295564,0
-1.727818,-1.084909,0
-1.470536,0.167753,0
-1.085099,-0.028589,0
-1.515031,-0.581442,0
-0.490380,0.614826,0
-0.752379,0.121287,0
-1.677661,1.643918,0
-2.006260,0.517793,0
-1.879433,0.421415,0
-0.855553,0.736793,0
-1.936886,0.150341,0
-2.074276,0.311271,0
-0.780269,-0.005120,0
-1.455101,-0.242995,0
-0.603313,1.495639,0
-0.175625,0.068296,0
-1.421140,1.142212,0
0.463393,-0.008820,0
-1.325462,1.103180,0
-0.310944,0.177351,0
-1.457708,0.334759,0
-0.650192,-0.402503,0
-1.220182,-0.187434,0
-0.893519,-0.037780,0
-0.624470,1.495178,0
-1.384973,0.172939,0
-1.275800,-0.643974,0
-1.555940,-0.228700,0
-0.341024,0.147253,0
-2.037197,0.629496,0
-1.216357,-0.156485,0
-1.681569,0.497943,0
-2.748183,-0.694391,0
0.941891,0.027193,0
-0.769820,-0.727010,0
-0.600418,0.571556,0
-1.070636,0.760212,0
-1.265741,0.893393,0
-0.505981,-1.431322,0
-1.381674,0.404086,0
-1.069270,-0.852765,0
0.259525,-0.432219,0
-0.595228,-0.150295,0
-1.530117,0.223084,0
-1.032104,-0.864900,0
-0.539145,-0.651966,0
0.033331,-0.611560,0
-1.575282,0.654302,0
-1.905100,-0.241959,0
-1.958211,-0.112834,0
-0.896618,1.558196,0
-0.195766,1.159149,0
0.348331,-0.149174,0
-0.753698,-0.804610,0
-1.373733,1.718632,0
-0.324688,0.325407,0
-1.633036,1.217318,0
-0.882614,0.496121,0
-1.494357,-0.304480,0
0.106606,-1.273193,0
-0.832281,1.601556,0
0.265112,0.292269,0
-0.015091,1.449758,0
-1.873259,-0.179596,0
-0.223375,0.092842,0
-0.795174,1.117535,0
-2.464785,0.314904,0
-0.770610,-0.628267,0
-1.183641,-1.119641,0
-0.278282,-0.624768,0
-2.005857,1.299756,0
-0.740960,-0.249354,0
-1.608664,-0.179269,0
-0.458178,-0.529757,0
-1.560310,0.324615,0
0.281856,-1.575714,0
-0.790995,0.968541,0
-0.145082,-0.848859,0
0.221166,0.062799,0
-0.783279,-0.841166,0
-1.089394,0.148935,0
-2.542174,1.153336,0
-0.804406,0.104471,0
-0.103482,0.232957,0
-0.603123,-0.059612,0
0.151408,0.446403,0
0.274976,-1.053847,0
-0.235963,-0.585450,0
-0.210531,0.052631,0
-0.558931,1.376232,0
-1.848357,0.915141,0
-0.470449,-0.583330,0
-0.048530,0.968535,0
-0.746042,-0.560868,0
-0.966538,0.309092,0
-0.519829,0.388397,0
-0.864790,0.259892,0
-2.064144,-2.191648,0
-1.107669,0.254744,0
0.387788,0.607331,0
-0.974966,-1.193177,0
-2.880083,-0.145418,0
-0.843414,0.711784,0
-0.464428,0.363398,0
-1.481081,-0.116644,0
-0.265369,1.063883,0
-2.463693,1.250374,0
-1.228467,1.193284,0
-0.867623,0.283284,0
-1.162620,-0.251658,0
-2.157630,-0.857587,0
-0.882583,-0.215263,0
-0.781985,-0.500081,0
-1.351960,1.024580,0
-2.225974,-1.498712,0
0.030459,0.803712,0
-1.398235,-1.167374,0
-0.544892,1.184160,0
-0.638209,-0.825016,0
-2.045361,-0.101466,0
-0.818346,-0.821685,0
-0.998763,0.125920,0
-0.412819,1.820063,0
-1.038488,1.600236,0
-1.454345,0.463925,0
-2.054881,0.269707,0
-1.625479,-0.802527,0
-0.668590,0.422425,0
-1.434090,0.245851,0
-1.044177,-0.268815,0
-0.029175,0.192906,0
-1.119664,-1.513872,0
-0.904782,0.543478,0
-0.681890,0.767130,0
-1.240650,-0.025973,0
-1.379300,-2.139057,0
-1.261237,0.039721,0
-1.229935,-0.571346,0
-0.199413,0.832074,0
-2.015852,-1.005607,0
-0.081311,1.018550,0
-1.144107,-1.094775,0
-0.430654,0.086992,0
-1.100774,0.871488,0
-0.831547,0.403847,0
-1.044064,0.715832,0
-1.817838,-1.134255,0
-1.562892,-0.327503,0
-0.976762,0.522197,0
-0.669031,-0.221631,0
-0.143662,-1.120288,0
-1.496687,-1.127900,0
0.179868,-0.549451,0
0.042105,-0.832506,0
-1.792049,-0.269248,0
-1.286922,-0.989167,0
-0.661784,-0.662766,0
-2.476337,-0.114094,0
-1.959647,0.534634,0
-2.059377,0.427485,0
-0.888445,0.075552,0
-1.989710,-0.474653,0
-1.180091,0.434263,0
-0.691364,0.628594,0
0.139462,0.618145,0
-2.083631,0.149537,0
-0.019679,0.421252,0
-1.143521,-0.065111,0
-1.881613,0.583545,0
-1.453582,-1.504511,0
-0.336074,-0.949405,0
-1.865723,1.024373,0
0.313514,1.116423,0
-1.166491,0.968597,0
-0.424580,0.555332,0
-0.764361,0.878019,0
-0.411934,0.297532,0
-2.028318,0.280559,0
-1.971680,0.887503,0
-1.515585,0.257797,0
0.310471,-0.670363,0
-1.762279,-0.635535,0
0.582023,-0.455387,0
-1.551383,-0.236682,0
-0.643260,-1.252282,0
-1.075946,0.850485,0
0.671978,0.008807,0
-1.044076,-0.361977,0
-1.615311,-0.987847,0
-0.212549,1.036804,0
-2.753078,-0.162628,0
-0.106853,-0.550644,0
-0.284181,-0.067270,0
-0.308077,-0.116681,0
-2.900429,0.033719,0
-1.626743,-1.341342,0
-1.732138,-0.045128,0
-0.980363,-0.298418,0
-1.182260,0.829980,0
-2.156982,-0.973362,0
-1.014848,0.579212,0
-0.128603,0.303686,0
-1.344128,0.233772,0
-1.220329,0.276970,0
-0.204106,-0.449932,0
-1.114735,-0.684764,0
-1.011754,-0.701721,0
-1.521275,-1.144427,0
-3.344683,0.203205,0
-1.946952,1.091566,0
-0.459880,0.390035,0
-1.065688,0.455884,0
-0.306114,1.599407,0
-1.766477,0.918848,0
0.352210,1.086838,0
-1.707817,1.859220,0
-0.598925,-1.829356,0
-0.610843,-0.710503,0
-1.719175,0.257292,0
-0.809741,0.355601,0
-0.379741,-0.126964,0
-2.382170,-0.024183,0
-1.361898,0.005666,0
-0.936901,-0.574200,0
-0.812809,-0.450599,0
-1.591758,0.782367,0
-0.303902,1.400107,0
-2.439243,-0.882804,0
-1.478395,-0.120702,0
-0.618570,0.042191,0
-0.035080,1.303744,0
-0.073263,0.126618,0
-2.561827,1.044180,0
-1.508558,0.777150,0
-0.492638,0.342757,0
-0.666052,-0.011113,0
-2.062677,0.541885,0
-0.903338,-0.305333,0
-0.609924,-1.313867,0
-0.579809,-0.474719,0
-0.610567,0.419198,0
-0.169210,0.544917,0
-0.737277,-1.374781,0
-0.242561,0.007505,0
-0.823800,-0.105835,0
0.729426,0.029253,0
-2.495620,0.315207,0
-1.125293,0.512607,0
-0.784784,0.435331,0
-1.629956,-0.261685,0
-1.033425,-0.626723,0
0.285450,0.076197,0
-1.555077,0.784505,0
-1.841751,1.495155,0
-1.253454,1.007885,0
-1.512762,1.139569,0
0.232746,-1.003274,0
-0.998026,0.461187,0
-1.286340,-0.175135,0
0.493200,-0.293037,0
-0.098660,-0.812784,0
0.356008,-0.319333,0
0.263257,-0.099223,0
-0.966584,-0.590546,0
-0.464181,-1.762845,0
-0.920084,0.006167,0
-1.521744,0.065673,0
-1.192962,-0.290172,0
0.434175,-0.288647,0
-0.468213,-0.880608,0
-1.374940,0.224569,0
-0.368660,-0.962535,0
-1.365194,-0.812195,0
-0.157494,0.960994,0
-1.451513,0.864920,0
0.076131,-0.367877,0
-0.233783,-0.497755,0
-1.172661,0.208584,0
-1.069768,0.881848,0
0.252422,-0.116423,0
-1.328304,-1.689733,0
-0.392502,1.226162,0
-0.175223,-0.638689,0
-1.868847,-0.260584,0
-1.516199,1.654424,0
-1.243314,-0.104702,0
-1.651612,-0.021734,0
-1.483595,1.216115,0
-1.401646,-0.364677,0
-1.654325,-0.644129,0
-1.596316,-0.426729,0
0.108078,-1.491633,0
-1.408860,0.166703,0
-0.673360,-1.225256,0
0.389076,-1.881263,0
-1.054107,-1.108133,0
-1.385154,-1.358589,0
0.155949,-0.341931,0
-2.225955,-0.026536,0
-1.305063,-0.415025,0
-0.872020,0.375150,0
-1.853327,0.680000,0
-2.172278,-0.151468,0
-0.621897,0.639716,0
0.514176,-0.036275,0
-0.519060,0.021215,0
-1.177137,-0.846703,0
-0.409009,0.993671,0
-0.681074,-0.561180,0
-0.572533,0.428903,0
-0.114120,0.021207,0
-1.271410,0.136939,0
0.396869,-0.127958,0
-2.237720,0.263901,0
-1.442537,-0.837271,0
-0.622990,1.737380,0
-0.503597,-0.663273,0
-0.891012,0.147030,0
-0.606595,-0.910264,0
-1.934405,-0.853185,0
0.407691,0.169911,0
-1.925387,0.870892,0
-1.357864,0.262110,0
-1.003147,-1.332368,0
-1.457198,-0.032673,0
-1.361853,1.648202,0
-1.532513,0.721919,0
-1.431931,-0.162767,0
-1.771911,0.595182,0
-1.168727,-0.992919,0
-1.097932,-0.390045,0
-0.615724,0.646201,0
-1.494406,0.324537,0
0.223399,1.201377,0
-1.832509,-0.436137,0
-0.903425,0.418958,0
-1.049353,-0.706541,0
0.073521,-0.835574,0
-0.511335,-0.853345,0
-0.905492,-0.292382,0
-0.616598,0.211089,0
-0.796627,-0.428338,0
-1.642713,-0.909988,0
-0.069946,-1.196860,0
-0.096193,1.895767,0
-1.038278,0.657849,0
-1.526670,-0.904528,0
-1.340816,-0.891203,0
0.267488,-0.055144,0
-0.326022,-0.694461,0
-1.188241,-0.210067,0
-1.638572,-0.083931,0
-0.827803,0.849638,0
-2.298792,0.842904,0
-1.228673,0.469991,0
-0.088917,0.384374,0
-0.841672,0.236125,0
-1.083118,-1.344480,0
-0.936830,0.262453,0
-1.061674,0.856040,0
-1.812486,-0.568300,0
-1.185142,-0.329075,0
-1.241543,0.580377,0
-1.137790,0.542794,0
-1.197437,-0.959243,0
-0.302645,-0.210491,0
-1.581972,0.445196,0
-0.223059,0.700359,0
-0.107247,1.372825,0
-1.554407,1.195149,0
-1.239580,-0.121815,0
-1.244224,0.268655,0
-1.306444,0.512143,0
-1.356945,0.395104,0
-0.234675,0.609148,0
-2.888986,-0.631038,0
0.412095,0.569234,0
-0.524076,0.419949,0
-3.009197,1.195441,0
-1.042950,-1.172682,0
-1.419638,-0.018128,0
-1.002935,1.704531,0
-1.786606,-1.247009,0
-1.953796,0.143412,0
-1.533230,-0.526442,0
-0.279409,0.452130,0
-1.640591,0.057514,0
-1.001296,-0.853712,0
0.100595,-0.952567,0
-1.786658,0.072534,0
-0.944230,-0.380565,0
-1.234064,0.999271,0
-0.517742,0.755831,0
-2.068392,0.871416,0
-0.821822,0.152762,0
-3.054678,1.883234,0
-1.772015,0.472455,0
-1.480110,0.057950,0
-0.551746,-2.095775,0
-1.737067,-0.638329,0
-1.027272,-0.994212,0
-0.475617,1.299280,0
-1.084360,-0.978733,0
-1.805716,0.176383,0
-0.422312,-0.305130,0
-1.852426,-0.621328,0
0.242761,-0.239895,0
-0.677580,-1.012852,0
-1.070593,0.184895,0
-0.584968,-0.066488,0
-1.979550,1.320042,0
-1.415654,-0.855369,0
-0.705349,-0.482069,0
-1.914410,0.758308,0
-1.443678,0.260442,0
-0.347646,0.356890,0
-2.039972,0.223654,0
-1.930041,-0.543959,0
-0.455479,0.498269,0
-2.366659,-0.090017,0
0.569401,0.829668,0
-1.405394,0.219516,0
-0.088380,0.539879,0
-1.470839,0.652644,0
-2.986726,1.634741,0
-0.852655,0.372307,0
-1.913081,0.074639,0
-1.364904,-1.003116,0
-0.402035,1.734468,0
-2.172236,0.656918,0
-1.594703,0.855434,0
1.104311,-0.180084,0
-0.929949,-0.358656,0
-1.313722,-0.546649,0
-0.131480,0.859480,0
-0.664747,-0.131966,0
-1.595595,0.600555,0
-1.329827,0.454439,0
-1.578343,1.045357,0
0.187571,-0.667512,0
-0.180573,-0.732696,0
-1.533851,-0.299290,0
-1.490445,0.619389,0
-0.807032,-0.970555,0
-0.559242,1.518955,0
-2.113421,-1.141520,0
-1.836517,-0.505574,0
-0.990504,0.033726,0
-0.563583,-0.220238,0
0.156337,-0.754681,0
-1.817350,1.209980,0
-0.758017,0.288071,0
-1.115694,-0.125999,0
-0.911225,1.335551,0
-1.072119,-1.312037,0
-0.908744,0.808465,0
-0.953290,0.468816,0
-1.490937,0.748587,0
0.749686,-1.193528,0
-0.913601,-0.183188,0
-1.816975,-0.979127,0
-1.799066,1.458644,0
-1.331507,0.747118,0
-0.403998,-0.945216,0
-1.589994,0.958473,0
-0.820818,-0.776895,0
-0.069817,-1.100838,0
-0.385447,0.198213,0
-0.481685,0.599541,0
-1.625461,-1.244838,0
-0.176425,-0.622401,0
-0.006030,0.112544,0
-2.281308,0.216013,0
-1.721298,-0.446146,0
-2.539918,0.775735,0
-0.882328,0.713597,0
-1.612345,1.187139,0
-2.519513,0.380910,0
0.253959,-0.745191,0
-0.728329,0.778054,0
-0.761856,1.279447,0
-2.258328,0.602597,0
-1.887735,-0.125139,0
0.084741,0.839627,0
-2.419460,1.262592,0
-0.963664,0.655469,0
-1.584975,0.295070,0
-1.017367,0.923447,0
-0.384343,0.509350,0
-1.586759,-0.288458,0
-0.772215,-0.219211,0
-0.886358,-0.401241,0
-1.570410,0.415235,0
-0.675734,0.141828,0
-0.450822,-0.837988,0
-2.655788,0.983972,0
-0.147755,-0.154213,0
-0.501923,0.983536,0
0.011167,-0.736015,0
-0.816007,1.115170,0
-0.462687,0.142359,0
-1.057786,-0.289162,0
-2.044672,-0.266257,0
-2.177172,-1.261501,0
-0.244319,-0.266997,0
-0.870279,0.406844,0
0.154834,-0.541536,0
-2.136063,-0.457593,0
-0.532001,-0.316838,0
-3.079852,0.768947,0
-1.325753,0.857121,0
-1.605539,-0.293390,0
-1.471533,0.652997,0
-1.106333,0.423234,0
1.033265,-0.181142,0
-1.109354,-0.074200,0
-2.109764,-1.060283,0
-0.566271,0.039698,0
0.048731,-1.338904,0
-0.763506,0.797640,0
-1.675104,0.384760,0
-1.516908,0.454496,0
-0.280289,0.002148,0
-1.666189,-0.738575,0
-2.050880,1.367015,0
-0.867664,1.035682,0
-2.310820,0.121809,0
-0.476254,-0.684093,0
-0.687154,-0.487311,0
-1.643077,0.293530,0
-1.271360,0.004246,0
0.057154,1.144218,0
-1.314972,-1.096528,0
0.155957,-0.716845,0
-0.147955,-0.177946,0
-0.839714,0.288301,0
-1.126325,0.225639,0
-1.174788,1.055548,0
-2.579264,0.203220,0
-2.210749,-0.415271,0
-1.211266,0.381847,0
-0.708569,-0.280232,0
-1.442928,-0.154557,0
-1.207186,-0.788272,0
-0.945073,-0.173472,0
-0.628288,-1.134984,0
-1.592841,-0.806465,0
-0.821268,-0.816898,0
0.211829,-0.782620,0
-2.046487,-0.629869,0
1.029067,-0.004721,0
-0.064361,1.351117,0
-1.434218,0.195647,0
-0.327018,1.332422,0
-0.429594,-0.341691,0
-1.266001,0.830592,0
-1.730267,1.621514,0
-1.756184,0.792033,0
-1.352636,-0.956327,0
-1.691544,-0.694370,0
0.274382,-0.933020,0
-1.002830,-2.218920,0
-1.867854,0.260536,0
-0.873307,0.528967,0
-2.640281,1.045621,0
-1.688618,-0.866603,0
0.458166,0.115898,0
-1.441503,-0.986196,0
-1.897793,0.012358,0
-1.660176,0.791949,0
-0.174607,-0.744514,0
-0.641893,-0.551586,0
-0.821745,-0.533020,0
-0.821726,0.154704,0
-1.249786,0.342853,0
-1.163086,0.025067,0
-1.965343,1.166509,0
-0.824911,0.392103,0
-0.312769,-1.003957,0
-0.829047,-0.325259,0
-1.018748,0.821712,0
-2.266838,-0.497646,0
-1.352422,-0.693254,0
-1.625510,-0.195443,0
-1.773513,0.450020,0
-0.335532,0.141878,0
-1.964559,-0.287755,0
-0.299270,-0.173213,0
-0.400542,1.893735,0
-2.017494,-0.291031,0
0.777611,-0.173523,0
-1.071431,-0.610181,0
-0.127850,-0.602610,0
-1.081986,0.199575,0
-1.343558,-0.372223,0
-0.154857,0.359161,0
-0.607378,0.503432,0
-0.108931,0.041837,0
-1.540293,0.333894,0
-0.226951,-0.486610,0
-1.573744,0.938100,0
-0.290806,-1.548286,0
-1.994424,0.309812,0
-0.533001,0.463948,0
-1.536533,-1.371349,0
-3.262978,0.155981,0
-1.198693,-0.872799,0
-0.013208,0.044818,0
-0.748310,0.958599,0
0.205644,-0.581874,0
-0.889876,-0.376311,0
-0.548936,-0.033193,0
-2.061958,-0.028799,0
-0.316407,-0.008003,0
0.059500,0.951280,0
-0.432441,-0.256296,0
-1.091051,-0.710672,0
-0.400800,-1.611313,0
-0.072939,-1.161177,0
-1.748841,-0.741311,0
-0.722564,-0.764017,0
-1.180928,0.309000,0
0.045463,0.572995,0
-0.828153,-0.890803,0
-0.645176,-0.138832,0
0.549803,0.341159,0
-1.837416,1.259583,0
-1.164679,1.092626,0
-0.967167,-0.927957,0
-0.820069,1.385561,0
-1.291772,-0.067727,0
-1.106014,-0.531566,0
-0.939086,-0.293368,0
-2.742038,1.109789,0
-1.494599,-0.508844,0
-0.089354,0.241061,0
-1.328757,-0.046296,0
-0.469640,0.851043,0
-0.652955,0.363103,0
-0.682846,-0.395104,0
-1.224841,-0.075553,0
-1.067711,-0.434148,0
0.372623,0.863445,0
-0.784860,-0.161285,0
-2.036791,-0.093547,0
-1.520117,-0.261785,0
-0.354249,-0.336096,0
-1.077777,1.655578,0
-0.531501,-0.666636,0
-0.353961,-0.032683,0
-0.093531,-0.002336,0
-0.571811,0.211831,0
-2.041553,-0.098282,0
-1.133064,0.235260,0
-2.404657,0.395606,0
-1.849614,-0.095027,0
-1.477473,0.788731,0
-0.221263,0.879332,0
-0.206561,-2.481760,0
-0.925337,0.201237,0
-0.102284,0.726831,0
-0.286506,-0.159136,0
0.371521,-0.032223,0
-1.165841,-1.097837,0
-0.471741,0.058717,0
0.957772,-0.741309,0
-1.032817,-0.253850,0
0.091651,0.909698,0
-0.840798,-0.763817,0
-2.037512,-0.534368,0
-1.664646,1.286653,0
-1.420237,0.002584,0
-0.756440,0.805374,0
0.438578,-0.101521,0
-0.334828,-1.489199,0
-0.068678,-0.483530,0
-0.823558,-0.147255,0
0.061606,-0.378425,0
-1.499271,-0.349488,0
-1.392081,0.256865,0
-2.087275,-0.495154,0
-2.457439,1.256041,0
-1.666863,-0.055179,0
-1.548677,-0.009635,0
-0.684671,1.957223,0
-1.505450,-1.066028,0
-0.495210,-0.279050,0
-1.472336,-0.714211,0
-2.196816,-0.051643,0
-1.216456,-0.869680,0
-0.036218,-1.628156,0
-1.403250,0.538143,0
-0.464025,1.058263,0
-1.098860,-0.631761,0
-1.830136,0.230080,0
-0.701777,1.720694,0
-1.390363,0.864946,0
-2.180664,0.644968,0
-0.997752,-0.031292,0
-1.077729,0.645520,0
-0.805153,0.097993,0
-0.923920,0.507120,0
-1.367029,-0.954394,0
-0.668933,0.520134,0
-0.586780,0.610296,0
-1.439684,0.147667,0
-0.952550,0.894472,0
-1.419823,0.386071,0
-0.542611,0.150898,0
-1.333581,-0.592564,0
-2.289354,1.677558,0
-1.794490,-0.179235,0
-0.839950,-0.071147,0
-1.247716,0.561135,0
-1.759818,0.131102,0
-0.828755,-0.048537,0
-2.030859,0.901218,0
-0.386409,-0.681864,0
0.891205,0.327474,0
-0.291937,1.480749,0
-2.241191,-1.149695,0
-1.544469,0.203854,0
-1.397757,-0.964115,0
0.456742,-0.192193,0
-1.815152,-1.315404,0
0.800497,-0.172396,0
-0.524636,0.604929,0
-0.710600,0.538401,0
-0.594286,-0.397552,0
-0.657213,-0.937303,0
-1.212969,-0.191192,0
-1.415323,-0.032117,0
-0.969330,-0.634295,0
-2.035605,-1.307046,0
-1.902697,-0.532280,0
0.084702,-0.511388,0
-0.735535,-0.390362,0
-0.604126,0.241028,0
-1.081897,0.548946,0
-1.106962,-0.370546,0
-0.279773,-0.619807,0
-0.212730,0.427833,0
-1.628327,-1.518953,0
-0.855729,-0.692336,0
-1.016137,-0.750713,0
-0.814525,1.136914,0
0.203541,1.105146,0
-2.548495,0.068358,0
-1.628260,-0.085414,0
-1.174772,1.195539,0
-0.444861,-0.060178,0
-1.239442,-1.568456,0
-1.639427,-0.206357,0
-0.007901,-1.001218,0
-0.577348,0.117180,0
-0.912208,0.887312,0
-0.083032,0.797101,0
-0.974818,0.666344,0
-0.532995,1.308043,0
-1.720281,1.096133,0
-0.921460,0.093036,0
-1.152951,0.804331,0
-1.838314,0.465194,0
-1.003052,-0.592001,0
0.324896,1.283367,0
-0.033003,-0.571150,0
-1.438312,1.423925,0
-0.884478,0.191091,0
-0.167468,-0.144647,0
-1.019158,-1.549074,0
-0.211446,-1.697259,0
-0.872347,-0.278875,0
-0.594105,-0.127026,0
-1.159202,-0.399044,0
-1.522760,0.649862,0
-1.119767,1.444378,0
-1.485611,-0.101438,0
-2.864789,0.559712,0
-1.768701,1.136407,0
-1.402372,-0.822206,0
-2.157216,-0.526228,0
-0.918485,-0.091811,0
-0.293684,-0.744475,0
-1.581579,0.092334,0
-0.930990,0.517732,0
-0.992760,0.188587,0
-1.468054,1.642574,0
-0.909772,0.594018,0
-2.273739,-0.103121,0
-1.717382,0.848870,0
-1.896712,-1.364872,0
-0.334282,-0.267162,0
-0.522412,-1.417579,0
-0.413386,0.399139,0
-0.150653,0.220971,0
-1.776248,-0.590998,0
-0.424583,-0.729333,0
-1.397585,0.483517,0
-0.772980,-0.319113,0
-0.560804,1.008244,0
-0.311120,-0.524486,0
-0.609430,-1.400793,0
-0.376562,-0.891633,0
-1.823334,-0.393932,0
-0.194847,-1.349992,0
-0.970707,0.289849,0
-1.755332,-1.328643,0
-0.319132,0.364583,0
-0.809235,0.825744,0
-2.052750,-0.070723,0
-0.898225,0.245342,0
-0.878557,0.664520,0
-0.573704,-0.607847,0
-0.050057,-0.823800,0
-0.769051,1.856165,0
-0.974504,0.141975,0
-0.500940,-0.542331,0
-0.311642,0.550141,0
-1.335164,0.280312,0
-0.970428,-0.773750,0
-0.752683,0.865457,0
-0.633112,-0.527673,0
-0.416096,-0.473481,0
-2.921144,1.616969,0
-0.065446,0.229280,0
-0.869752,1.088001,0
-1.940358,-0.179763,0
-1.252649,0.296372,0
-0.101440,-0.792599,0
0.988396,0.846650,0
-0.330443,0.269549,0
-1.122956,-0.542513,0
-0.049101,-0.279841,0
-1.518471,0.251600,0
-0.302502,0.593660,0
-0.527619,0.802747,0
-1.595503,-0.009359,0
-1.403412,0.496143,0
-2.175894,-0.268948,0
-0.857730,0.609600,0
-0.492923,0.109541,0
0.361629,0.473441,0
-1.059546,0.453996,0
-0.806838,0.009669,0
-1.249180,0.386830,0
-0.662106,-0.068186,0
-1.171852,0.196810,0
-1.632848,-0.288422,0
-0.994163,0.101624,0
-1.968646,-0.436982,0
-1.458205,0.622183,0
-0.655146,-0.634937,0
-1.009866,0.667480,0
-1.218855,-0.218680,0
-1.558715,0.247857,0
-0.970539,-1.679710,0
-1.976501,0.978831,0
-0.446852,0.285027,0
-1.620172,-0.603935,0
-0.384751,0.674783,0
-0.814852,-0.130923,0
-0.878554,0.348826,0
0.147139,0.932524,0
-1.110436,0.355780,0
-2.054738,2.050693,0
-2.265127,-0.987785,0
-2.747321,-0.941112,0
-1.240770,-1.634018,0
-1.084785,0.077391,0
-1.677418,-0.704733,0
-0.165473,0.201474,0
0.284610,-1.234192,0
0.597329,0.097711,0
0.109980,-0.299011,0
-1.510004,0.857749,0
-0.803049,1.031009,0
-0.644681,-1.182426,0
-1.228471,0.470320,0
-0.187931,0.563599,0
0.264300,0.640798,0
0.814702,-0.566596,0
-1.493109,-0.730121,0
-0.223265,0.757052,0
-1.850881,0.166455,0
-0.872300,-0.062278,0
-0.532320,-0.226014,0
-0.651196,1.016666,0
-1.056371,-0.611415,0
-1.519202,0.384858,0
-1.642978,1.238569,0
0.095300,-0.413002,0
-0.819692,-0.592360,0
-0.189937,-0.270175,0
-1.859855,-0.534641,0
-1.214671,0.865313,0
-0.712038,1.161625,0
-0.008230,0.106089,0
-0.901551,-0.668057,0
-1.031649,0.454671,0
-1.367635,1.319828,0
-1.208579,0.221701,0
-0.528823,0.249340,0
-0.255290,-0.189792,0
-0.976079,0.041953,0
-1.214298,-0.187840,0
-2.185295,-2.956846,0
-1.014034,0.493989,0
-2.021141,0.677984,0
-0.192526,0.092222,0
-1.242838,-1.167306,0
-1.536985,0.325400,0
-0.539160,0.764181,0
-1.279054,0.639562,0
-1.375668,-0.877452,0
-0.492943,1.694374,0
-1.168528,-1.713679,0
-1.517753,0.168862,0
-0.133851,0.339460,0
-1.598769,0.641420,0
-0.713951,-0.933101,0
-1.267972,-1.478902,0
-0.985758,-0.770547,0
-0.747798,-0.067281,0
-0.230398,0.261145,0
-0.262587,1.091667,0
-1.537934,0.268184,0
-1.445700,-0.012784,0
-1.075362,-0.042752,0
-1.487455,-0.287359,0
-1.221453,-1.315254,0
0.154604,-1.403257,0
-0.088507,-0.251129,0
-0.755642,0.507999,0
-1.561395,-0.336545,0
-0.032096,0.912855,0
-1.625624,-0.578577,0
-0.088942,-0.872072,0
0.602529,0.956680,0
-0.954432,-0.556418,0
-0.653377,-0.524467,0
-0.926813,-0.984505,0
-1.459080,0.761385,0
-0.203246,0.798143,0
-0.760134,0.617659,0
-0.099873,0.678707,0
-1.655691,-0.533372,0
-2.259973,0.937918,0
-0.545441,0.317369,0
-2.342971,-1.011822,0
-1.129115,-0.937949,0
-1.183248,-1.008563,0
-0.726519,-1.426153,0
-0.003076,0.429426,0
-0.474202,-0.903235,0
-0.661876,0.743753,0
-1.102070,-0.194602,0
-0.911879,-0.748184,0
-1.762858,-1.354972,0
-0.458395,-0.309588,0
-1.173037,-0.156208,0
0.292230,-1.530191,0
-0.370003,-0.152620,0
-2.060815,-0.692360,0
-0.045654,0.230775,0
-1.510331,0.785008,0
-2.055285,0.080693,0
-0.506294,-0.433990,0
-0.402176,1.198838,0
-1.517190,0.134685,0
-1.268220,-0.475680,0
-0.384123,1.642901,0
-1.933672,0.627165,0
-0.819894,0.255394,0
-3.217536,-1.111929,0
-1.253165,0.463193,0
-1.699882,0.617998,0
-1.158144,0.230446,0
-1.994173,-1.017250,0
-1.017772,-0.211904,0
-1.026153,-0.822316,0
-1.596565,-1.721034,0
0.407423,0.482876,0
0.014758,-0.525886,0
-1.260094,0.937144,0
-1.174560,-0.755833,0
-0.509285,1.324066,0
-1.022245,-0.321851,0
-0.319970,1.685624,0
-1.071826,-0.218563,0
-0.893356,-0.789367,0
0.160662,-0.825288,0
-0.671920,-0.464375,0
-1.208265,-0.760687,0
-1.167774,0.598969,0
-1.191638,-0.773428,0
-1.246817,0.448478,0
-0.924917,-0.706771,0
-1.022700,0.181097,0
-2.406310,-0.086140,0
-0.760990,2.055382,0
-0.104157,-0.112237,0
-0.541188,0.363678,0
-0.266833,0.085352,0
-0.580806,0.368050,0
-1.011147,1.183322,0
-0.638981,0.599629,0
-0.204859,-0.435252,0
-1.787286,-1.818417,0
0.767723,-0.030521,0
-3.081217,-0.710987,0
-1.662552,-0.612803,0
1.073408,1.359941,0
-1.447745,-0.006155,0
-1.144452,1.978462,0
-0.526232,0.654153,0
0.083398,-0.303633,0
0.689282,0.569960,0
-2.045309,-0.064524,0
-2.073126,-0.233739,0
-0.066180,-0.302280,0
-1.311808,0.943234,0
-0.722460,-0.880575,0
-2.051415,-0.524499,0
-1.032439,-0.459185,0
-0.772176,-0.091821,0
-1.464406,-0.268844,0
0.000216,-1.146861,0
-0.619290,0.017300,0
-1.936654,-0.321884,0
-1.810810,-0.165541,0
0.550086,0.138193,0
-0.313314,-0.439137,0
-1.760162,0.117201,0
-0.384081,-1.310712,0
-3.051273,0.540216,0
0.957083,-0.780186,0
-0.046359,0.206237,0
-1.202032,0.417712,0
-0.211154,0.881844,0
-0.712043,0.156161,0
-0.569590,-0.231832,0
-0.736934,-1.776304,0
-1.516435,-0.122821,0
-0.820812,0.336278,0
-1.050028,-1.791191,0
-2.994480,0.655384,0
-0.824823,0.513796,0
-1.402095,-0.304255,0
-0.716744,-0.376886,0
-0.200711,-0.308350,0
-1.185298,0.483594,0
-1.330258,-0.300776,0
-0.381930,-0.277472,0
-1.613575,-0.669857,0
-1.817988,-0.767044,0
-1.155009,0.992231,0
-0.964168,-0.485414,0
-0.098915,0.940939,0
-2.178210,-0.886299,0
-1.419732,-0.667870,0
-0.558672,-0.536935,0
-0.603554,-0.494672,0
-1.863881,-0.343134,0
-1.817210,-0.523390,0
-0.784223,-1.367450,0
-1.708910,1.460016,0
-1.249724,0.068401,0
0.339111,-0.943966,0
-3.380702,-0.518626,0
-1.717454,-0.752086,0
-1.191971,0.351090,0
-1.431676,0.410356,0
-1.972561,-0.508727,0
-1.396047,0.366444,0
-0.361127,1.172767,0
-1.315802,-0.831484,0
-0.400475,0.933423,0
-0.674091,0.886667,0
-1.352858,0.847729,0
-1.067028,-1.704205,0
-0.004191,-1.137217,0
-1.637479,0.337226,0
0.359576,0.287314,0
-0.513443,-0.726660,0
-0.996779,-0.936341,0
0.212109,1.007732,0
-0.576475,0.506183,0
-0.697409,-0.226966,0
-0.326567,-0.016919,0
-0.517357,-0.119324,0
-1.731998,-0.056903,0
-1.523611,1.609577,0
-1.229386,-0.422901,0
-0.371685,-1.289566,0
0.603566,-0.444709,0
-0.654854,0.770298,0
0.938918,0.645557,0
-0.320742,-0.915266,0
-1.836916,-0.789433,0
-1.593387,-0.588171,0
0.078952,0.269719,0
-0.024402,-0.086860,0
-2.715890,-0.673919,0
-0.528144,-0.932776,0
-0.701859,0.792705,0
0.349302,0.624203,0
-0.986421,-0.421768,0
-0.283869,-0.670654,0
0.015807,-0.338829,0
-1.961383,-0.252095,0
-1.642594,-0.669262,0
0.039906,0.625792,0
-1.141625,0.360260,0
-0.750941,-0.110478,0
-1.042720,0.683203,0
-1.275003,0.517997,0
-1.074514,0.412610,0
-0.485254,-0.726630,0
-1.434361,-0.041617,0
-1.310748,-1.159668,0
-1.015951,0.589935,0
-0.119488,0.102118,0
-2.127155,-1.553189,0
-0.807185,0.620470,0
-1.874473,0.285964,0
-1.033065,-0.333428,0
-0.526798,-1.870354,0
-1.080775,-1.686087,0
-1.508112,-0.308281,0
-0.241672,0.140585,0
-1.064256,-1.091221,0
-0.656485,0.305140,0
-0.217181,0.618616,0
-1.379697,-0.161741,0
-1.625724,0.966397,0
0.501253,0.065565,0
-0.647909,0.370351,0
-0.995289,0.065678,0
0.237104,-0.108742,0
0.102969,-0.661610,0
-1.303858,-0.217304,0
-1.408034,0.145132,0
-0.014132,0.443448,0
-1.140464,-0.168035,0
-1.434690,-0.469103,0
-1.771574,0.185152,0
-0.579371,0.222152,0
-1.843982,-0.021934,0
0.664475,0.796043,0
-0.589895,1.267308,0
-0.953157,-0.665960,0
-0.400797,-1.349042,0
-1.685457,-0.904187,0
0.245928,1.258237,0
-1.101089,1.378063,0
-0.172455,0.968059,0
-1.490188,0.898637,0
-1.114836,-0.558126,0
-1.474378,0.649954,0
-0.755825,-0.422718,0
0.077226,-0.195860,0
-0.790382,-1.460867,0
0.043559,0.635088,0
-0.692812,0.251928,0
-0.151362,-0.345197,0
-0.481048,0.190438,0
-0.157052,0.564086,0
-1.342118,-0.346555,0
-2.181378,-1.697383,0
-2.010776,-0.529469,0
-0.850559,1.286392,0
-2.790612,-0.167649,0
-0.589135,0.313324,0
-0.415973,-0.793148,0
-0.194563,0.094742,0
-0.509306,0.020100,0
-0.198566,-1.571989,0
-0.759567,-0.348890,0
-0.125721,0.863172,0
-1.474237,0.978916,0
-0.580852,0.110975,0
-0.707786,0.475503,0
-0.424582,-0.371334,0
-0.345251,0.589022,0
-0.031529,0.297373,0
-1.106855,1.872095,0
-0.969490,1.301943,0
0.603686,0.018972,0
0.234518,1.019338,0
-0.975097,0.730594,0
-1.677036,1.362230,0
-0.223604,0.407967,0
0.154091,-0.980817,0
-1.103530,-0.827682,0
-1.532938,0.522888,0
-1.648926,-0.650924,0
-0.485325,-0.151666,0
-0.843560,-0.460435,0
-1.426350,0.961154,0
-1.330971,-1.214964,0
0.304400,2.171878,0
-0.890999,0.053017,0
0.603984,0.569131,0
0.109948,-0.013716,0
-1.212114,0.440619,0
-0.621495,1.219319,0
-2.262739,1.693554,0
-0.177637,-0.039784,0
0.494125,-1.012647,0
-1.772139,0.320334,0
-0.621384,-1.275268,0
-0.612781,1.179741,0
-2.288530,-0.541938,0
0.832402,0.914564,0
-1.671846,-0.230604,0
-2.281979,0.151002,0
-0.910751,0.018706,0
-0.505515,-1.104063,0
-0.783081,-0.517115,0
-1.582530,0.737453,0
-0.027785,-0.609797,0
-0.134048,-1.213542,0
-0.488443,-0.196403,0
-1.120479,0.615929,0
-0.431356,0.860116,0
-1.148726,0.302769,0
-0.261177,-0.316077,0
-1.166754,0.357773,0
-0.940662,1.026333,0
-1.400888,1.177670,0
1.199001,0.394702,0
-0.586853,0.066951,0
-1.806896,-0.137230,0
-0.834913,-0.019877,0
-2.386484,-0.386155,0
-1.659891,0.199628,0
0.750444,-1.198739,0
-0.030090,-0.024707,0
-1.514140,-1.026226,0
-1.554534,-1.943463,0
-0.594770,-0.533760,0
-0.177671,-0.849560,0
-1.769081,0.019968,0
-1.160669,-0.410186,0
-2.334653,-0.184635,0
-1.110798,0.889776,0
-1.360443,1.800134,0
-1.066191,0.545939,0
-1.539442,-0.221146,0
-1.805429,0.050223,0
-1.146763,-0.121549,0
0.071651,0.061155,0
-1.419852,-0.273537,0
-0.501108,1.123198,0
-1.961750,-0.997981,0
0.031876,-1.076494,0
-0.788907,-0.052239,0
-1.958621,0.116393,0
-0.992754,0.661137,0
-0.752200,-0.462255,0
-0.469105,-0.033750,0
-0.983070,0.581112,0
-0.261087,0.686550,0
-0.572362,-1.090655,0
-1.278894,1.251303,0
-1.247891,0.374878,0
-2.034751,1.360016,0
-1.749940,-0.273352,0
-2.018058,-0.356967,0
1.532586,0.081513,0
-1.177619,-0.879727,0
-1.410130,0.717666,0
-2.637824,-0.694614,0
-0.424603,0.122562,0
-1.173620,-0.171394,0
-0.042592,-0.997567,0
-1.060432,-0.511372,0
-1.481526,-0.076343,0
-0.317558,-0.703761,0
-0.452057,-0.569235,0
-1.364338,-0.754795,0
-2.042323,-0.128385,0
-1.567508,-0.212437,0
-0.836042,-0.705103,0
-1.931189,-0.623814,0
-0.591422,0.484366,0
-0.813349,1.150673,0
-1.620512,-0.325277,0
-1.914358,0.706130,0
-1.727149,-0.198798,0
-3.310559,0.744867,0
-1.787319,-0.110514,0
-0.291829,-0.201827,0
-1.251633,0.601289,0
-0.598034,-0.705496,0
-1.559161,-0.503979,0
-2.297612,-0.435276,0
-0.608174,-0.314020,0
0.327572,-0.428432,0
-1.755099,-0.389972,0
-0.962897,-0.132128,0
-1.940292,1.877585,0
-0.297723,-0.533774,0
-1.228957,-0.485224,0
-0.960793,1.285544,0
-1.329091,-0.402753,0
-1.791264,0.165780,0
-1.276052,0.140660,0
-1.705047,-0.078564,0
-0.721567,-0.816093,0
-1.315076,-1.067607,0
-0.693193,-0.275235,0
-1.021310,0.713713,0
-1.716154,-0.157553,0
-1.282925,1.513645,0
-1.487620,-0.221149,0
-1.593378,0.561380,0
-1.007978,0.933446,0
-2.397503,0.662819,0
-0.340091,0.880217,0
-0.806102,-2.908255,0
-1.698621,1.037190,0
-1.725526,0.909053,0
-1.909119,0.454113,0
-0.850257,0.490758,0
-1.034452,0.035783,0
-0.380541,-0.896950,0
-2.558497,-0.005252,0
-1.094349,-0.589045,0
-0.305626,-0.571369,0
-0.377867,0.927878,0
-1.062482,-0.972137,0
-0.160135,0.292062,0
-2.804079,-0.651074,0
