1.814189,1.480611,1
1.461205,0.254257,1
1.531188,0.547467,1
0.858054,-0.241112,1
1.865549,-0.076052,1
2.956990,1.521946,1
0.348771,-0.790316,1
0.377001,0.884018,1
1.325738,0.470576,1
1.890554,0.744755,1
0.706412,-0.265976,1
1.008806,-0.795425,1
1.296999,0.151730,1
0.747074,-0.398044,1
1.619398,0.544574,1
0.670986,0.900566,1
-0.098666,-0.244698,1
1.962408,-0.163597,1
-0.485994,-0.381020,1
0.957556,0.534818,1
0.586864,1.110983,1
2.601896,1.146472,1
1.259478,-0.551212,1
0.857351,0.474448,1
0.660332,-0.774149,1
1.850319,0.201354,1
1.720434,-1.187896,1
0.930088,0.587184,1
1.127835,-0.767753,1
0.140239,1.503413,1
1.107728,-0.572229,1
0.024663,-0.560076,1
1.572371,0.278156,1
1.570413,1.254681,1
0.521567,0.863627,1
0.724965,0.899054,1
0.394504,0.454238,1
0.464906,-0.136062,1
-0.018606,-0.935358,1
0.837119,0.143162,1
2.090941,0.158769,1
2.803564,1.173024,1
1.567119,-0.177348,1
0.707724,0.719427,1
1.026963,-0.446891,1
0.903623,0.024997,1
0.321136,0.462760,1
-1.070003,-0.933200,1
-0.217895,-1.113922,1
1.212735,-0.838799,1
1.016293,0.543969,1
0.201975,-0.336638,1
0.208817,1.029467,1
1.270463,-1.234414,1
1.287288,-0.305439,1
-0.017837,0.346191,1
1.721803,-0.057520,1
1.102365,-0.204475,1
1.124091,-0.806573,1
1.379972,-1.270489,1
-0.838483,-0.024372,1
1.385492,-0.285107,1
1.091024,1.287865,1
0.371326,-0.417611,1
1.206409,0.289125,1
1.402547,0.843793,1
0.960882,-0.424783,1
2.186680,-0.458798,1
0.841902,-0.242094,1
0.838056,-0.106925,1
1.287415,-0.821585,1
0.712969,0.722571,1
0.933596,-1.129670,1
0.967992,2.106927,1
0.652380,-2.606937,1
0.711453,0.326194,1
1.595801,0.723405,1
-1.021432,0.375827,1
1.685530,-0.412528,1
0.280832,-0.842971,1
0.916387,-1.495033,1
0.350525,-0.353402,1
1.834585,0.256646,1
1.287394,-0.622610,1
0.581306,0.356823,1
1.238281,-0.031007,1
1.953901,-2.423266,1
0.836046,1.324686,1
0.146293,0.018499,1
-1.029729,-0.671076,1
0.819159,-0.320663,1
-0.545067,-0.169013,1
0.614213,1.192199,1
-0.191819,-0.725891,1
0.390645,0.001755,1
1.857561,0.174873,1
0.486592,1.302321,1
-0.129120,-0.712141,1
1.181910,-0.064860,1
1.239455,1.250387,1
2.772630,0.348132,1
1.145376,-0.625388,1
0.599485,0.278571,1
2.143205,0.012874,1
0.489435,0.133029,1
1.426355,0.667264,1
1.819335,0.196848,1
0.653111,0.525354,1
1.825135,-0.622945,1
0.622722,0.984193,1
2.554881,-1.328176,1
0.474759,-0.122672,1
0.475729,0.837183,1
0.787480,0.599607,1
0.563933,-0.492385,1
-0.504732,0.196474,1
2.397850,0.296586,1
1.052423,0.214526,1
0.812418,1.167610,1
1.779924,0.344128,1
2.859163,-0.840537,1
0.440382,0.257727,1
-0.974325,0.074552,1
0.883724,0.521975,1
0.840610,0.985715,1
0.073109,-0.693594,1
-0.197018,2.004775,1
1.435208,-0.127747,1
1.197781,0.531854,1
1.666136,-0.645233,1
2.324919,1.046413,1
2.221620,0.127034,1
1.026663,0.546178,1
1.094330,0.189525,1
1.196195,-0.313901,1
-0.210119,-0.984096,1
0.903727,0.309263,1
2.157670,0.359320,1
0.490551,0.023826,1
1.233086,0.199315,1
1.332336,0.650874,1
0.660681,-0.049165,1
-0.712199,1.149356,1
1.257836,0.244001,1
1.208407,-0.309871,1
0.048794,0.528912,1
2.051626,0.133536,1
1.198952,-0.054888,1
1.051298,1.168811,1
0.946455,-0.401989,1
1.952586,0.497057,1
1.066595,-0.330213,1
2.450761,-1.522989,1
-0.380260,0.888341,1
1.069859,0.844888,1
1.461251,0.368646,1
0.814438,1.192904,1
1.068312,-0.373754,1
-0.362865,-2.012079,1
0.858805,0.053173,1
-0.036475,-0.108235,1
1.464922,-0.176743,1
2.061776,-1.085124,1
-0.074526,2.072671,1
1.240165,0.677491,1
0.879347,-0.185081,1
2.072836,0.209748,1
2.163377,0.111635,1
1.976926,0.509819,1
-0.046434,0.289565,1
2.187620,0.365683,1
-0.014067,0.617502,1
0.312492,0.437861,1
0.967542,-0.284724,1
1.663301,-0.621810,1
1.071747,-0.797718,1
1.339483,-0.796711,1
0.917075,0.237640,1
0.951422,-0.503202,1
-0.066648,-1.122442,1
0.656039,-0.552194,1
0.694955,0.249373,1
2.008057,1.256514,1
-0.300548,-0.628008,1
1.981202,0.112473,1
2.233856,0.279543,1
0.522438,0.219515,1
0.561419,0.059991,1
2.641783,-0.433169,1
0.342045,-0.419719,1
0.867651,-0.128341,1
1.024833,0.061157,1
-0.016145,-0.222997,1
1.279570,-0.861828,1
1.629301,0.554943,1
1.395383,-0.554942,1
1.244937,-0.566652,1
1.499688,2.427371,1
0.939412,0.197815,1
-0.097019,0.443292,1
1.465927,-0.786960,1
0.533317,-0.557371,1
2.148404,0.713515,1
1.092727,-0.037583,1
-0.129845,1.603357,1
0.763997,-0.193201,1
2.893021,-1.475916,1
1.151190,1.570546,1
0.967376,0.520833,1
0.362119,-1.069389,1
1.424153,-0.067203,1
0.675207,-0.264344,1
1.739196,-0.896385,1
1.689283,-0.323047,1
1.135260,-0.002587,1
2.055247,1.700819,1
0.385886,-0.660554,1
-0.150796,1.478970,1
0.342993,0.463955,1
0.695996,-0.015622,1
0.478060,-0.617049,1
1.349906,-0.477666,1
0.573196,0.276431,1
-0.179189,0.202812,1
-0.141457,-0.817765,1
0.608906,0.626593,1
0.727162,-0.573905,1
0.268357,0.398385,1
0.657315,-1.540228,1
1.327135,-0.409398,1
-1.159041,-0.536814,1
0.744707,-0.746937,1
2.631294,-0.546797,1
0.295001,0.170507,1
1.318128,0.475541,1
2.005329,-0.125536,1
1.138496,-0.170418,1
1.605524,-0.483698,1
0.362798,0.853265,1
0.707836,1.278752,1
1.360943,0.339045,1
0.339595,0.065182,1
1.029719,-0.576751,1
-0.147641,0.281083,1
1.807297,-1.503174,1
1.348827,1.637546,1
0.306348,0.427839,1
1.492448,-0.266287,1
-0.059452,-0.470809,1
1.756131,-0.147386,1
-0.376245,-0.103816,1
0.634449,0.244497,1
0.180653,0.025073,1
0.762782,-0.917490,1
2.179784,0.594081,1
0.706115,-1.956491,1
-0.183705,-0.336492,1
1.883112,1.496187,1
1.456207,0.731601,1
1.956314,-0.515088,1
0.649199,0.412515,1
1.458313,-0.577036,1
1.645058,-1.101734,1
2.088862,0.119783,1
0.751742,0.672139,1
0.758840,-1.029574,1
2.537856,0.504035,1
0.134470,0.729032,1
1.129887,-0.464674,1
0.443185,0.154637,1
1.493588,-0.445768,1
0.537686,-1.343342,1
0.874608,-0.663482,1
1.530889,1.312736,1
1.507742,0.069935,1
0.345476,-0.532973,1
1.559687,0.197512,1
0.379679,0.313507,1
1.288427,0.189975,1
2.445425,-0.651532,1
1.006132,0.304854,1
-0.226147,-1.073231,1
-0.050745,0.625861,1
0.968453,1.283248,1
1.228197,-0.297193,1
-0.391531,1.183826,1
2.256104,-0.865540,1
-0.159571,0.155180,1
1.344865,0.025461,1
1.993686,0.196517,1
1.441024,0.157210,1
0.317742,-0.797565,1
1.058735,0.217435,1
2.516474,-0.332007,1
1.913031,-0.871007,1
0.988941,0.661479,1
0.310039,-1.092140,1
-0.218287,0.210014,1
2.083442,0.124542,1
-0.165281,-0.560303,1
2.357121,1.185440,1
1.328173,-0.151855,1
1.090420,2.011284,1
0.180091,0.108094,1
1.244204,1.439231,1
1.894216,0.739437,1
1.936828,-0.083128,1
1.520932,0.163659,1
1.161526,-0.162816,1
0.852598,-0.332206,1
1.673275,0.118121,1
1.261898,0.633122,1
0.256036,0.185281,1
0.449542,-1.434724,1
1.265436,1.460090,1
0.581589,-1.077982,1
1.286853,1.370251,1
0.644659,0.838568,1
0.243865,0.495411,1
1.260951,-0.300519,1
2.859237,0.277920,1
1.045578,-2.212204,1
1.125035,0.685529,1
2.230350,-0.266143,1
0.517672,-1.217884,1
1.089517,-0.492451,1
0.117920,-0.377733,1
1.683464,-1.043744,1
2.157446,1.190529,1
1.109516,-0.120056,1
-0.271669,-1.084680,1
1.013231,-1.355868,1
0.369036,0.500535,1
1.131118,-1.016076,1
0.702066,1.348528,1
0.144295,-1.928069,1
1.461743,0.378149,1
1.959665,-0.916923,1
1.405605,0.805610,1
0.815195,-0.160281,1
1.070413,-0.821326,1
0.191750,1.772591,1
0.878058,0.289293,1
0.748367,0.550838,1
1.353728,2.065797,1
0.789623,-0.194184,1
0.609161,0.357553,1
0.142343,-0.496078,1
0.162883,-1.277037,1
1.471979,-0.799437,1
0.497761,-0.506565,1
2.960787,-0.116183,1
1.945995,-0.353504,1
0.673122,1.455085,1
2.588964,-0.837312,1
2.271402,-2.052713,1
0.993904,0.398076,1
1.354337,0.544199,1
0.719308,0.038459,1
0.767999,0.247074,1
1.301933,-1.026565,1
0.289586,-0.121474,1
1.507240,0.030939,1
0.665630,1.111532,1
0.022336,0.163108,1
-0.579355,0.562669,1
1.153579,0.101908,1
0.351944,0.124205,1
0.309545,0.311824,1
1.849628,-0.107037,1
-0.259240,-0.267500,1
1.512827,-0.479084,1
0.619501,-0.053418,1
1.648822,-0.739842,1
1.986803,-1.218984,1
1.193639,0.307210,1
2.042068,0.550740,1
0.085793,0.089361,1
1.042441,1.274736,1
1.620543,0.114358,1
0.749194,-0.366215,1
2.353832,0.344134,1
1.554248,0.239776,1
1.534052,1.057892,1
0.981954,-0.087498,1
0.985086,-0.571041,1
0.725320,-1.174203,1
1.430834,-0.471674,1
1.401564,-0.426941,1
1.012050,1.042475,1
1.797174,-0.764039,1
1.243230,-0.421912,1
1.883235,-0.345419,1
-0.329977,0.199143,1
1.271843,0.796224,1
1.705143,-0.434532,1
1.520711,0.024640,1
-0.420301,0.052689,1
1.621720,1.549222,1
-0.507192,1.710096,1
3.292049,0.306263,1
0.730188,0.180855,1
1.861360,-0.244059,1
-0.524076,1.518523,1
-0.277552,-0.108917,1
1.392748,-0.314637,1
1.318349,-0.240437,1
2.061343,0.118067,1
0.947265,0.455746,1
0.619336,-0.464918,1
0.878226,-0.789232,1
0.249536,-0.688231,1
0.531448,0.160544,1
1.374842,-0.825570,1
1.179261,1.952063,1
1.815537,-1.106623,1
1.088984,-0.299531,1
0.818449,0.650630,1
0.727123,-1.073044,1
1.527710,0.020032,1
1.186132,-0.118255,1
0.108809,-2.269723,1
1.805310,0.326829,1
0.706080,-0.340964,1
1.588675,1.050937,1
1.938555,0.233186,1
-0.184609,0.007129,1
0.781204,-0.501847,1
1.773326,0.696934,1
2.366140,-1.669434,1
0.903015,0.013083,1
1.177275,0.426015,1
2.454963,0.058850,1
-0.076907,0.284017,1
1.105735,0.012789,1
1.232329,0.739701,1
1.126127,0.102343,1
0.580913,0.651827,1
1.234103,1.625082,1
0.068431,0.512809,1
1.244424,-0.271990,1
1.211627,0.103900,1
-0.792780,-0.031057,1
1.017377,-0.255393,1
1.269925,0.390787,1
0.129122,-0.238621,1
0.961478,0.403170,1
1.264119,0.068394,1
2.168126,0.486386,1
0.642140,0.436526,1
3.209994,0.725563,1
0.553036,0.758634,1
2.237511,-0.052707,1
0.768745,-0.843164,1
1.324839,0.872751,1
1.516734,-0.253073,1
1.526465,0.259211,1
0.404388,-0.280671,1
0.930843,0.050925,1
0.880004,0.655901,1
-0.867619,0.723019,1
1.664237,-0.459329,1
1.323642,1.124060,1
1.191140,1.755547,1
1.061231,0.407977,1
-0.104757,1.477400,1
1.137999,0.412543,1
0.233689,-1.150226,1
1.417268,-0.627780,1
-0.069043,-0.434913,1
1.376896,-0.240730,1
0.643249,-0.959983,1
1.785784,0.607250,1
1.763438,0.751525,1
2.266517,0.819046,1
1.677553,0.105845,1
-0.245150,0.046890,1
1.272827,0.279721,1
1.154451,0.248507,1
2.679359,0.091941,1
0.552346,-0.829210,1
-0.326844,0.697923,1
0.315050,-0.692797,1
0.421779,0.722581,1
2.022375,0.036847,1
1.863629,-0.542838,1
-1.059437,0.174749,1
2.178038,0.441299,1
-0.000655,-0.995819,1
0.403748,0.507823,1
2.783267,0.605411,1
0.780553,-0.019379,1
1.266557,-0.262381,1
2.152996,-0.673534,1
0.290621,0.460333,1
0.427865,1.386596,1
0.281109,-1.684790,1
1.858361,0.446287,1
0.494954,-0.917479,1
0.819643,1.272213,1
2.070664,0.185915,1
1.444181,-0.779121,1
1.612211,0.172751,1
0.328252,0.039141,1
0.257801,-0.145915,1
0.517188,-0.435179,1
1.748306,0.048441,1
0.896657,-0.326612,1
-0.312053,-0.902878,1
-0.305541,-0.825207,1
-0.683452,-1.009880,1
1.610739,-0.126981,1
0.518285,-0.472023,1
0.952420,1.740121,1
0.678505,0.819892,1
1.430821,-0.006483,1
0.985980,-0.287409,1
0.865852,0.683510,1
1.137375,-1.659151,1
0.862130,-0.473964,1
2.358973,-0.844679,1
0.498556,0.689497,1
1.517241,0.433441,1
0.498087,-1.347983,1
2.343487,1.494922,1
1.056122,-0.537688,1
1.422964,0.641432,1
1.980417,0.552040,1
1.110668,-0.916655,1
1.982604,-0.090425,1
-0.661562,-0.536221,1
0.893763,-0.592865,1
0.521961,-0.481978,1
1.785109,-0.197830,1
0.164125,-0.826384,1
2.451157,-0.569764,1
0.662135,-0.207618,1
0.820557,0.672828,1
1.309057,-0.377673,1
0.895218,-0.387052,1
1.861927,1.009510,1
1.531740,1.525956,1
1.595572,-0.622976,1
-0.523765,0.799759,1
0.648212,0.506721,1
1.351032,1.237162,1
0.301279,-0.175041,1
2.270026,1.013087,1
1.201132,0.748720,1
1.181690,-0.148467,1
0.709462,-1.924214,1
1.876114,0.504471,1
0.209876,-0.496494,1
0.203281,-1.369027,1
1.485694,-0.262744,1
0.888597,1.389675,1
1.228611,0.079411,1
1.556032,0.310540,1
0.314142,0.057421,1
0.860135,0.091695,1
0.547045,-0.486038,1
2.241053,0.097204,1
0.410780,-0.859172,1
-0.549561,-0.017925,1
0.617520,0.322929,1
0.941157,0.231318,1
0.198411,-0.088742,1
1.511746,0.655849,1
-0.191016,0.484531,1
0.005896,0.075521,1
2.065625,0.125810,1
1.879015,0.503003,1
1.770202,0.309078,1
1.099752,0.673831,1
1.062117,0.615466,1
0.841771,-1.419490,1
0.849153,0.295825,1
0.653431,-0.819910,1
-0.071220,-1.354015,1
0.503331,0.774269,1
1.431810,0.805871,1
0.586876,-0.177245,1
1.964783,0.491350,1
2.567671,-0.142526,1
1.359174,-1.511589,1
-0.082262,-1.173315,1
-0.365397,0.102112,1
0.917264,-0.601047,1
0.990184,0.139138,1
1.453295,-0.208055,1
2.246871,-0.839804,1
1.178973,-1.082515,1
0.515913,-0.223242,1
0.050566,-0.177332,1
1.327501,-0.017841,1
1.060405,-0.457004,1
2.127177,0.970686,1
2.428101,0.432346,1
0.583001,2.125959,1
1.779306,-0.080697,1
1.370464,-1.082380,1
0.720055,0.795872,1
0.930817,-0.379073,1
1.509864,1.241998,1
-0.002415,0.917567,1
1.841013,-1.131361,1
2.203101,-1.459188,1
-0.700985,0.617468,1
1.582923,-0.137681,1
0.062606,0.153213,1
1.115998,-0.276330,1
0.451485,-1.200311,1
0.205286,-1.193643,1
-0.286029,-0.241270,1
0.457028,-0.719966,1
1.656514,-0.315843,1
1.373205,-0.667877,1
-0.067257,-0.587057,1
0.301994,0.195448,1
0.843411,-1.251917,1
2.590052,-2.236776,1
-0.400985,0.601086,1
-0.389746,1.269584,1
1.031479,0.352168,1
0.989315,0.299741,1
0.466479,0.897720,1
0.116961,0.564860,1
-0.777643,0.840388,1
1.374558,0.581605,1
0.475151,-1.390239,1
-0.046995,-0.103774,1
-1.530073,0.370337,1
-0.701607,-0.224491,1
1.462093,-0.692766,1
2.417916,-0.949897,1
2.503974,-0.103228,1
0.869584,0.716801,1
2.380044,-1.319016,1
1.314250,-0.861610,1
0.345626,-0.059849,1
1.548389,-0.283524,1
0.910406,-0.809636,1
-0.810612,0.187654,1
1.351970,-0.522176,1
0.668381,0.416667,1
2.017603,1.298553,1
0.296126,0.329633,1
0.658209,0.605577,1
1.475064,-0.460985,1
1.758987,-0.004041,1
0.045726,-0.107176,1
0.446532,1.156251,1
1.129131,0.664517,1
1.959497,-0.035368,1
-0.556228,0.155444,1
0.712425,0.380803,1
-0.223237,-0.677992,1
0.423782,0.316579,1
0.825706,-0.455249,1
1.583742,-0.008143,1
2.068315,-0.203104,1
0.927390,0.475929,1
0.856374,-1.465227,1
-1.181434,1.113269,1
1.331578,-0.255780,1
1.329295,-0.673138,1
1.800547,-0.319859,1
0.683571,-0.425628,1
0.182527,0.481069,1
1.284668,0.631182,1
1.412871,0.336286,1
0.164546,-0.762686,1
1.778110,-0.308128,1
0.892856,-0.686640,1
2.226111,0.295924,1
1.502597,-0.299912,1
1.085673,1.519296,1
-0.179784,1.365120,1
1.582297,0.380757,1
0.902319,-1.146779,1
1.254292,-0.181110,1
0.290490,0.409507,1
0.394585,-1.142470,1
0.423164,-1.005543,1
0.452812,0.968921,1
0.963346,-0.310233,1
1.108173,-1.266583,1
0.654010,0.453856,1
-0.684794,0.769434,1
0.998040,-0.873409,1
1.386151,1.139381,1
1.327287,1.397446,1
1.143392,-1.868239,1
1.121007,0.057710,1
-0.334020,-0.023866,1
1.009635,-1.468814,1
-0.294781,1.165134,1
0.672623,-1.426342,1
-1.074280,1.357338,1
0.658537,-2.779448,1
2.796722,-0.138075,1
1.549356,-0.688553,1
-0.589706,-0.483754,1
-0.618125,-0.103192,1
1.213245,0.223111,1
0.267949,1.583382,1
1.310971,-0.191137,1
0.833851,0.220886,1
0.429340,-0.011241,1
1.735840,0.271795,1
1.320477,0.000235,1
0.724556,-0.818087,1
0.011127,0.549804,1
0.420045,-1.384539,1
2.510793,0.862685,1
0.937974,-0.094951,1
2.286501,0.077191,1
0.528495,-0.673994,1
0.672777,-0.393407,1
0.325966,0.070516,1
0.568016,-0.833890,1
0.001257,0.063141,1
2.092514,-0.499052,1
1.984688,-0.550596,1
2.084858,0.588377,1
0.601239,0.331220,1
1.678652,-1.389474,1
1.786035,0.544582,1
0.596184,0.091245,1
0.790223,0.719632,1
-0.053549,0.378494,1
1.262956,0.120010,1
1.636459,0.728926,1
1.211791,0.073894,1
1.740136,0.047060,1
2.058446,-0.104893,1
0.851399,0.714011,1
1.066923,-0.589889,1
1.993661,-0.201532,1
1.918149,0.261276,1
0.416016,0.257070,1
0.428458,0.424761,1
1.455746,1.556099,1
0.516193,1.567386,1
1.527400,-1.184959,1
2.855597,-0.587297,1
1.822838,0.005762,1
0.822900,0.149478,1
1.569292,1.260696,1
0.415960,-0.133676,1
1.191265,1.242448,1
1.573551,-1.254258,1
1.300611,0.867013,1
1.602255,-0.317483,1
1.625792,-0.259387,1
0.828704,1.587066,1
-0.168478,0.420508,1
0.439376,0.135303,1
1.148502,-0.121876,1
0.828348,-0.687674,1
0.772020,-0.296514,1
2.438657,-1.049073,1
1.276536,0.185953,1
0.448027,1.141736,1
1.413810,1.503532,1
0.010715,0.040894,1
0.964133,-0.011011,1
0.387363,-0.588435,1
2.043765,0.003107,1
2.619118,1.200270,1
2.003655,0.514017,1
-0.064448,-1.067918,1
0.368916,-0.232927,1
2.102714,0.003528,1
2.888050,0.437430,1
1.331277,0.785884,1
1.620382,0.074533,1
1.426693,-0.618370,1
1.353171,1.132496,1
1.189307,-0.364471,1
1.435945,-0.702885,1
1.149415,-0.331277,1
0.936144,-0.598724,1
0.546323,1.407006,1
1.463349,0.080461,1
2.524885,0.195389,1
0.721930,1.088319,1
1.691610,1.236932,1
2.837470,0.682357,1
0.586925,-0.202005,1
1.180963,0.269651,1
0.714666,-0.652314,1
0.724610,1.247148,1
0.479388,0.990557,1
2.163629,1.203566,1
2.174184,-0.169922,1
0.537656,-0.972223,1
-0.714216,0.163161,1
2.094692,-0.054167,1
0.378483,1.345257,1
0.933391,0.893087,1
1.628057,0.416633,1
1.304948,-0.588658,1
0.625880,0.299659,1
0.675177,-0.257402,1
0.846907,0.754792,1
1.335545,0.066106,1
0.492010,-0.726660,1
1.529922,-1.382328,1
1.246001,-0.593151,1
1.517309,0.604298,1
0.924102,0.836609,1
0.190472,-0.449904,1
2.193554,0.615349,1
1.006248,0.861624,1
0.964424,0.080545,1
0.874878,1.018151,1
1.592498,-0.272195,1
0.767336,-0.363073,1
1.035677,-0.941063,1
0.662502,0.361514,1
0.611159,-0.555052,1
0.501051,-1.081092,1
2.181832,0.185317,1
1.456264,1.225608,1
0.487261,1.193117,1
1.431420,0.420324,1
0.465260,-0.871290,1
1.052332,0.349147,1
2.904329,1.125164,1
1.357285,-0.957529,1
1.270266,0.932796,1
1.741061,-0.044133,1
2.027884,0.388591,1
0.234830,0.740352,1
2.727385,0.153977,1
0.898014,0.178241,1
1.354887,0.795088,1
1.569261,-0.443264,1
0.603592,0.257016,1
1.826644,-0.692244,1
1.808720,-0.389101,1
0.701887,0.536961,1
2.590596,0.569196,1
1.806021,0.117005,1
1.078368,0.203724,1
0.798156,-0.644712,1
0.532548,-0.768169,1
1.651719,-0.131062,1
0.549170,-0.433480,1
0.589723,1.273120,1
2.571404,1.062832,1
0.851439,0.568761,1
1.521601,-0.089696,1
3.220461,0.570746,1
1.440220,-0.014966,1
1.004093,1.162791,1
1.043433,0.385880,1
0.793633,-0.156102,1
-0.921165,0.504440,1
0.066370,0.958945,1
0.480948,0.121654,1
-0.436087,1.505903,1
1.306414,-0.464120,1
1.634183,-0.301189,1
1.000382,-0.641009,1
1.139440,-0.192301,1
1.664137,0.853167,1
0.867795,-0.041667,1
1.676670,-0.193476,1
0.385577,-0.047157,1
1.664494,-0.131612,1
0.342484,-0.027049,1
0.914974,0.268357,1
-0.538032,0.776752,1
0.888954,-0.702643,1
1.124769,0.871304,1
0.688842,-0.558941,1
0.913162,-0.864480,1
3.320475,1.597553,1
0.017827,-1.153757,1
0.339106,0.280557,1
0.346202,-1.730830,1
1.428635,0.294847,1
1.068305,0.173498,1
2.115509,-0.389840,1
0.614824,0.874846,1
2.076235,0.398045,1
1.821039,1.509487,1
1.917937,0.828367,1
0.958121,0.163248,1
0.753945,0.127289,1
0.729090,-0.031644,1
0.950733,2.041596,1
1.610643,-0.093408,1
0.886192,-1.728590,1
1.201741,0.604076,1
1.857628,-0.351698,1
1.000862,-0.619174,1
1.324169,-0.554420,1
0.043178,1.537112,1
1.224823,0.740073,1
2.468860,0.041922,1
-0.076677,-0.057059,1
0.517688,-0.446341,1
0.957983,-0.672379,1
0.681658,1.235455,1
2.698770,-0.746098,1
0.998387,-0.268400,1
0.686650,-1.041645,1
1.444586,-0.803388,1
1.176732,0.503798,1
2.293500,-0.267272,1
0.310601,0.668525,1
1.034738,-0.468575,1
2.821308,-0.449957,1
0.128752,-0.983588,1
1.599375,-0.444427,1
-0.355603,-0.487233,1
0.122831,-0.676438,1
1.951698,-0.709934,1
0.685162,0.928871,1
0.164362,-0.448910,1
0.673102,-0.611029,1
0.680510,1.048157,1
1.386474,0.619967,1
1.171233,-0.618018,1
0.791676,1.374555,1
0.284879,1.915345,1
-0.123522,0.261040,1
1.931880,-0.963791,1
0.296662,0.258191,1
1.334740,-0.047856,1
0.727226,-0.395293,1
0.754040,-0.947989,1
1.374740,-0.507097,1
2.519348,0.104459,1
0.705281,2.106881,1
1.176361,-0.104672,1
0.583148,0.999367,1
1.160597,0.519302,1
0.567588,0.134709,1
0.245183,-0.526726,1
0.690533,-0.544088,1
0.547062,0.948150,1
0.641324,0.163867,1
0.800119,0.059148,1
-0.072452,-0.659471,1
0.553009,-0.057561,1
0.673953,0.044050,1
0.944265,-0.048817,1
1.142710,0.685790,1
1.011355,0.295244,1
0.494024,-0.916035,1
1.014280,-0.100567,1
0.226442,-0.068779,1
1.446025,-0.151685,1
0.912547,-0.180986,1
1.250041,1.189008,1
0.103670,0.041568,1
0.283848,-1.075559,1
2.189200,0.171005,1
0.539055,-0.407382,1
1.377346,0.082796,1
-0.497239,-2.315260,1
1.061035,1.482706,1
1.074066,0.364197,1
-0.889266,0.630794,1
1.006270,-0.625586,1
1.191864,0.154529,1
0.284774,0.019117,1
2.397583,-0.394566,1
0.903888,-1.558975,1
1.817595,-0.321482,1
-0.920656,-0.399716,1
0.120157,0.137245,1
1.641666,0.214104,1
1.060361,-1.826924,1
1.037294,-0.418960,1
1.158946,0.049826,1
1.421973,0.091419,1
0.856886,-1.139016,1
1.797919,0.164323,1
-0.563713,-1.567061,1
-0.048179,-0.202264,1
1.599812,-0.195276,1
0.646466,-0.787013,1
1.395406,-0.217788,1
0.385727,0.824204,1
1.292399,-0.870527,1
1.823788,0.272487,1
0.699960,-0.310501,1
2.553815,0.721858,1
0.073438,-0.790572,1
1.793294,0.914242,1
0.699098,-0.106942,1
1.140170,0.759102,1
0.391051,-0.619631,1
-0.169339,-1.100425,1
0.791248,0.660167,1
0.978350,0.632757,1
0.882657,0.227763,1
0.966678,-0.572076,1
1.701054,0.278169,1
0.467163,0.210941,1
1.718849,0.115681,1
0.758924,-0.282255,1
1.296636,0.385531,1
0.525130,0.761224,1
0.150382,0.101020,1
1.361421,0.807402,1
0.571379,0.493337,1
1.011946,-0.673271,1
0.909128,0.052239,1
1.233778,1.128885,1
1.848017,-0.101584,1
1.717686,-0.160602,1
0.861703,-1.029099,1
2.072958,1.078234,1
1.661218,-0.030900,1
1.016783,-0.485355,1
0.066666,-0.553369,1
1.273383,-0.143122,1
0.923516,-0.981684,1
1.876460,0.864451,1
0.395978,1.206706,1
0.426217,-0.831691,1
0.403452,-0.328855,1
-0.392699,0.650503,1
1.368544,0.197195,1
0.162927,-0.000170,1
0.563955,0.470662,1
0.719822,0.683674,1
-0.299128,0.838898,1
0.524033,0.018244,1
1.043212,-0.264479,1
2.164486,2.306456,1
2.637650,-0.271384,1
0.384430,1.085602,1
1.087846,-1.113476,1
2.241215,0.052864,1
1.735681,-0.049275,1
0.937941,-0.155012,1
1.409433,-0.574341,1
0.121265,-1.148284,1
2.116847,0.633470,1
2.397148,-1.328252,1
1.319863,0.786784,1
1.869085,0.567078,1
1.134339,-0.512085,1
1.332976,-1.376814,1
1.263459,0.172231,1
0.778278,0.088674,1
0.395316,-0.749783,1
1.936573,0.214248,1
1.463378,-0.870811,1
0.792189,-0.126712,1
0.851324,0.824055,1
0.400387,-0.507544,1
1.198499,0.744091,1
0.943764,0.672681,1
0.691693,0.780781,1
0.989306,-0.266106,1
0.330710,0.101580,1
1.219067,-1.658834,1
0.435943,1.525772,1
1.698299,0.921634,1
0.928135,-1.360002,1
1.175537,0.630451,1
0.641498,0.666557,1
1.678459,0.714378,1
1.838787,1.033606,1
0.773076,-0.491270,1
3.165017,1.345842,1
1.127556,1.545991,1
1.320942,-1.761790,1
-0.082618,0.228780,1
0.603183,0.546068,1
1.420527,0.481649,1
0.791197,1.605939,1
0.004022,-0.470540,1
0.288113,0.053882,1
0.489225,0.646235,1
0.480196,-0.167942,1
1.787572,-0.426221,1
0.506725,0.542018,1
0.893315,-0.547501,1
1.177625,1.640846,1
2.720753,1.439758,1
0.692828,-0.056289,1
2.268376,0.311911,1
1.142249,0.450369,1
0.583617,0.857798,1
-0.519056,-0.859096,1
0.246165,0.443950,1
0.924925,1.048889,1
2.122301,0.921608,1
0.829083,0.771971,1
0.854001,-0.698298,1
0.740386,-0.002002,1
1.262207,-0.094346,1
1.084336,0.103514,1
0.673483,-0.027183,1
0.154468,0.462670,1
0.573511,0.624877,1
2.548800,0.580281,1
0.124814,-0.155955,1
0.733962,0.356783,1
0.397433,-0.800038,1
2.234899,0.492610,1
2.326615,-1.053676,1
0.345932,-1.615779,1
0.838261,-1.050776,1
1.324764,-1.478949,1
1.727549,-2.011062,1
1.679359,-0.206530,1
1.965904,-0.698521,1
0.827798,0.301310,1
0.486548,0.372686,1
1.731971,0.954324,1
3.002068,0.457562,1
0.107284,-0.586476,1
1.225585,1.341799,1
1.132686,0.777083,1
-0.148605,0.510860,1
0.962872,0.600093,1
0.331146,0.213475,1
1.109047,-0.631558,1
1.617693,-0.525461,1
0.379258,-0.661079,1
-0.283065,0.527406,1
0.970950,0.027276,1
0.088815,0.207377,1
1.212721,0.146906,1
1.906467,1.796885,1
1.418223,-0.382794,1
1.759140,0.396516,1
2.042817,-0.915531,1
0.214283,-1.147820,1
0.914736,-0.700957,1
1.086566,-0.003452,1
1.997366,-0.152692,1
-0.505611,0.216299,1
0.992116,-0.567926,1
1.387836,0.757163,1
1.331695,-0.030892,1
0.736396,-0.629800,1
1.194767,-0.846023,1
1.698403,0.495799,1
0.199463,0.349702,1
1.719085,1.455569,1
1.874870,-1.119233,1
0.676413,-0.501924,1
0.704920,-0.864426,1
1.398421,-0.402387,1
1.209267,0.688988,1
1.303307,-0.151431,1
-0.300563,-0.057472,1
1.012191,1.099306,1
1.328000,0.514435,1
0.366079,0.974408,1
0.009326,-0.217907,1
0.922091,-0.557398,1
-0.024094,-0.191971,1
0.451249,-0.874717,1
-0.624971,0.625290,1
1.084498,-0.576383,1
1.812788,-0.329577,1
0.998834,-0.010009,1
0.024590,0.812291,1
1.483533,-0.790273,1
0.603179,-1.600502,1
0.863319,1.142544,1
2.162238,-0.685254,1
1.974641,0.254555,1
1.557019,-0.131123,1
0.641777,0.041981,1
0.755258,1.109934,1
1.013885,0.342461,1
0.227014,-0.141134,1
0.673936,-0.955703,1
0.557205,0.647506,1
1.023873,1.305652,1
1.000824,0.381112,1
-1.097747,0.583819,1
1.737804,-0.310191,1
0.886089,0.439619,1
0.624790,-0.891697,1
2.788808,0.626822,1
0.394497,1.814388,1
2.216743,-1.131288,1
1.605675,-0.759070,1
1.898010,0.882942,1
1.176345,-0.446076,1
1.531393,1.170203,1
1.563072,0.216019,1
1.207361,-0.554770,1
1.287560,-0.258297,1
1.647820,-0.110129,1
0.432772,-0.520979,1
0.226376,0.965410,1
0.331884,0.908445,1
1.918185,-0.250830,1
0.563797,0.220493,1
2.147224,-1.391384,1
0.667628,-0.532782,1
1.734258,-0.728745,1
-0.288341,-0.119652,1
1.842232,-0.397899,1
2.704927,0.962986,1
0.070172,0.315612,1
-0.081552,0.585721,1
2.520748,-0.710499,1
0.708391,-0.553537,1
2.353310,0.554020,1
1.156932,-0.474249,1
0.979550,-1.290392,1
2.102750,0.217907,1
1.491601,0.852752,1
1.614515,0.334106,1
2.241792,-2.109174,1
0.215531,0.380069,1
-0.044630,0.369481,1
1.675357,-0.441820,1
2.091381,-0.768216,1
0.812313,0.274253,1
0.326933,1.009869,1
-0.235383,-0.678240,1
0.971591,-1.129893,1
0.626719,0.566022,1
2.010839,0.068748,1
1.297762,0.674007,1
-0.041111,0.061509,1
0.409052,-0.621818,1
1.099658,-0.650493,1
2.410926,-0.095662,1
1.267518,0.459086,1
0.721828,-0.049732,1
1.049770,0.218622,1
0.165091,-0.427582,1
0.353317,0.531657,1
0.969492,2.390939,1
1.738371,-0.353884,1
2.094915,-0.444866,1
1.024295,0.783958,1
0.212293,-0.438305,1
1.940885,-0.130449,1
1.508483,0.623670,1
1.624266,0.027411,1
1.426227,0.247134,1
0.762619,0.291498,1
0.918053,-1.123851,1
-0.156019,0.112512,1
-0.107123,0.387736,1
1.808920,-1.148742,1
-0.757103,-1.190783,1
1.094856,0.500247,1
0.200572,1.590133,1
0.005215,-0.660750,1
1.738391,-0.315098,1
0.417149,0.193794,1
2.306078,0.582098,1
1.456347,0.011878,1
0.106084,-0.572820,1
1.126000,0.683129,1
-0.044897,0.094508,1
1.558578,0.500996,1
1.255812,0.005908,1
-0.043535,0.066747,1
1.384147,1.090457,1
1.019232,-0.442928,1
1.045004,1.970909,1
1.363825,-0.455614,1
1.871696,-0.677392,1
0.662692,0.917446,1
1.535820,0.098112,1
2.155050,-1.270021,1
1.017346,-0.165773,1
0.562159,-0.872636,1
1.575712,0.112278,1
1.233993,-0.385478,1
1.071125,0.564468,1
-0.224986,1.000300,1
1.411512,0.356548,1
0.011573,0.558009,1
1.623120,0.105186,1
0.896559,0.366381,1
0.884855,-0.874448,1
1.620956,1.645246,1
2.126341,0.314518,1
-0.369430,0.849603,1
0.678246,0.477467,1
0.616404,-0.038845,1
0.848567,0.435662,1
1.928581,0.936038,1
0.637826,0.117188,1
0.370383,-0.003453,1
0.800716,0.487228,1
2.775586,-0.352019,1
0.393284,1.429100,1
-0.607148,0.729914,1
1.691450,0.081216,1
0.518547,-0.629104,1
2.050539,0.383243,1
0.573351,0.187676,1
-0.047768,0.609141,1
0.029900,-0.517899,1
0.306400,0.161849,1
-0.681045,-0.013744,1
0.999394,0.746950,1
1.690937,-0.388694,1
1.523621,0.247297,1
0.962872,1.764691,1
0.594938,-0.886209,1
-0.188073,-0.367554,1
0.437430,-0.431055,1
1.322451,0.521984,1
1.273885,0.056842,1
-1.013058,0.660241,1
0.898889,0.234557,1
-0.520103,-1.107528,1
0.925659,1.480502,1
1.627896,0.390659,1
0.165726,2.023237,1
0.191250,0.409830,1
1.328313,0.013620,1
1.181513,-0.436165,1
0.984751,-0.195922,1
0.170368,0.613845,1
0.429475,-0.967796,1
1.489860,-0.011972,1
0.409354,-1.733938,1
0.486435,0.796250,1
1.621506,-0.785324,1
1.463007,1.082207,1
0.510503,0.530154,1
0.876646,-0.435339,1
1.137446,0.831160,1
-0.158333,-0.032221,1
2.711788,-1.270758,1
0.282668,0.273730,1
0.102168,-0.478121,1
1.436081,-0.032794,1
2.015295,0.437824,1
1.606988,0.663262,1
1.383037,0.602741,1
0.713823,-0.961493,1
1.108056,0.241396,1
2.052906,0.400543,1
0.680484,1.017657,1
0.835961,-1.452970,1
-1.630524,0.366659,1
0.370442,-1.137770,1
-0.439150,-1.278771,1
1.721730,0.139345,1
1.046268,0.342590,1
0.453428,0.195606,1
1.548331,1.231463,1
2.632650,0.144651,1
0.980286,-0.081622,1
1.796215,0.251697,1
1.709743,0.752040,1
1.645262,-0.109260,1
1.181587,-0.605782,1
-0.545747,0.889139,1
0.447444,0.163784,1
0.602047,1.570924,1
0.664399,-0.154204,1
1.049896,-0.220395,1
0.655724,-0.153182,1
1.482706,-1.876938,1
1.973819,0.774932,1
0.783606,-0.362779,1
1.824763,1.206653,1
1.652713,0.315232,1
0.287922,1.167113,1
1.199890,0.295714,1
-0.246685,0.769375,1
1.255173,-0.748664,1
1.429273,2.204713,1
1.095696,1.095747,1
0.809597,-0.292360,1
2.174261,-0.882396,1
1.532859,-0.354796,1
1.494947,-0.205124,1
0.158055,0.141250,1
1.642684,0.698003,1
0.822830,0.068340,1
0.918911,-0.046124,1
1.058910,-0.369125,1
-0.095449,-0.850115,1
2.224699,-0.999405,1
1.138122,1.269974,1
1.490272,-0.653540,1
-0.284491,0.576342,1
-0.308428,-0.239571,1
1.626456,0.239328,1
2.481783,0.546654,1
-0.557251,1.915327,1
1.880025,-0.049787,1
1.186624,-0.647418,1
0.879393,0.366499,1
0.085310,-0.208775,1
1.571190,-0.215166,1
2.342424,0.235024,1
2.740452,-1.449315,1
0.856276,-1.002737,1
1.230615,-0.093194,1
0.232037,-0.345975,1
1.638652,1.174495,1
1.709951,-0.192703,1
1.782104,0.254014,1
0.833953,0.413190,1
1.366899,0.394883,1
0.948083,0.003901,1
1.957696,-0.755616,1
1.896184,0.904857,1
1.107689,-0.167063,1
-0.075676,-0.196834,1
1.610727,-0.732357,1
0.136904,0.286657,1
1.949956,-0.587015,1
2.189023,-0.356774,1
0.685851,-1.847647,1
1.241277,0.564834,1
0.626765,0.478674,1
1.674052,-0.876625,1
1.303967,-0.113261,1
1.443277,0.870887,1
0.610879,0.345647,1
1.154352,0.914264,1
0.616586,0.178986,1
0.883356,0.743952,1
1.478155,0.549099,1
1.559508,1.950556,1
0.251397,-0.835870,1
0.898631,-0.502318,1
1.155262,0.152878,1
1.626387,-0.547665,1
1.157366,-2.156386,1
1.525237,0.573149,1
0.901885,1.433843,1
-0.428474,0.073393,1
1.473996,0.352637,1
0.873418,-0.198161,1
0.089046,0.086871,1
1.150940,-0.248861,1
2.543233,-0.808978,1
2.575324,-0.138351,1
1.591558,-1.121794,1
1.984386,-0.891447,1
-0.169839,1.456922,1
0.496254,-0.282936,1
0.438755,-0.902335,1
0.902631,1.250307,1
2.158071,0.524540,1
2.043169,0.004172,1
1.199471,-0.769297,1
0.728215,0.935349,1
1.108923,-0.661480,1
0.474756,0.212995,1
0.124450,0.055338,1
0.375200,0.931022,1
1.816378,2.552495,1
1.176936,-1.892489,1
-0.832179,-0.174814,1
1.742177,0.728994,1
2.801695,0.610580,1
1.330407,-0.192260,1
0.777046,0.580171,1
0.612473,0.091553,1
0.102799,-0.431444,1
1.138615,-1.151167,1
0.577346,-2.104101,1
0.467358,0.896993,1
0.792184,-0.149155,1
1.549380,1.064286,1
1.465125,-0.013664,1
0.274404,-0.531017,1
0.219719,0.693517,1
2.191403,-1.327167,1
2.362723,1.016133,1
0.004329,0.586739,1
2.027595,0.137860,1
1.665905,-0.205098,1
0.658618,-0.389285,1
0.392193,0.115837,1
1.962527,-0.397158,1
1.610275,1.055979,1
1.555944,0.822987,1
2.253543,-1.026492,1
3.050028,0.503078,1
1.839298,-0.259843,1
0.319384,0.585208,1
1.031934,0.527908,1
-0.603372,0.879539,1
0.415069,-0.866344,1
1.633150,0.341470,1
1.102364,0.978697,1
1.825182,-0.872190,1
0.440197,-0.497088,1
1.298702,-0.456849,1
1.502174,2.217334,1
1.369631,0.201220,1
0.329091,0.382555,1
0.639872,-0.361469,1
1.905542,-1.390404,1
0.589873,0.947707,1
1.463744,-0.074892,1
0.336547,1.110468,1
0.151869,0.213521,1
1.568597,-0.868736,1
0.674071,-0.094832,1
1.177110,-0.227826,1
1.909466,-0.336172,1
0.726391,-0.124041,1
1.467358,0.741246,1
-0.153080,0.137004,1
1.360166,0.308789,1
-0.487238,0.690944,1
0.094811,1.229383,1
0.661589,-0.117300,1
1.007532,-0.067575,1
-0.039777,0.518613,1
1.594088,-0.266574,1
0.986560,-1.067836,1
1.334141,0.235165,1
1.258408,1.288234,1
2.126089,-0.177660,1
0.280182,-0.483014,1
0.272361,0.108805,1
1.660932,1.237155,1
0.460516,-0.470878,1
1.685829,-0.137711,1
0.840072,-1.378434,1
2.612489,0.162424,1
1.429537,-1.406144,1
0.185399,1.621256,1
1.387475,0.711045,1
1.446316,2.352415,1
1.553780,-1.349514,1
1.120045,-0.677219,1
2.824624,-0.195000,1
1.806725,-0.879212,1
0.769443,1.065203,1
0.312891,0.120701,1
0.603641,-1.218719,1
1.323013,-0.207609,1
1.416784,-0.403796,1
0.582977,1.436263,1
0.462863,1.257599,1
1.508003,1.150166,1
-0.198887,0.985189,1
-0.378886,-1.080608,1
0.957292,-0.337843,1
2.189356,0.160506,1
0.513583,0.667674,1
-0.110553,0.317035,1
0.733901,0.282822,1
0.935830,0.995293,1
1.656385,-0.275534,1
2.824378,0.164593,1
0.432137,-0.952832,1
1.216613,0.633099,1
0.566101,-0.824656,1
1.608725,0.442766,1
0.567219,2.120394,1
2.544508,-1.449357,1
-1.625220,-0.177203,1
1.774898,-0.281333,1
0.043078,-0.520463,1
2.068602,-1.099948,1
1.868920,0.486492,1
-0.944794,-0.074688,1
0.765718,-0.330607,1
1.716506,-0.543604,1
-0.612440,1.265968,1
1.829404,-0.697101,1
-0.074021,-0.078285,1
1.396425,-0.506399,1
2.289788,1.512062,1
0.833586,0.137805,1
1.328980,1.006321,1
-0.057916,-0.437641,1
0.633427,-0.490447,1
0.969864,1.467525,1
1.776320,-0.082410,1
1.383130,-0.622622,1
1.628787,1.533706,1
0.926364,-1.379829,1
1.157913,-0.771594,1
0.351789,-0.562746,1
0.574300,-1.752015,1
1.726940,-0.338246,1
0.625800,-1.034414,1
0.119900,0.354202,1
0.349558,0.047278,1
0.705919,0.656235,1
-0.274172,0.523919,1
1.719649,1.805894,1
2.665742,-0.199938,1
0.346388,1.124924,1
1.005352,0.545905,1
1.304647,-1.198362,1
-0.613919,-1.744472,1
1.532928,-0.834495,1
2.759350,0.510320,1
-0.270458,-0.391195,1
0.932729,-0.353253,1
0.980294,-0.030353,1
1.031113,1.682617,1
0.438879,-0.033260,1
1.366407,0.749884,1
1.270982,0.201948,1
1.163367,-0.037242,1
1.462537,-0.542288,1
0.078270,0.883327,1
0.345938,1.268663,1
0.413287,0.746704,1
-0.183435,0.647375,1
2.376745,0.561383,1
2.168243,-1.147046,1
0.906388,0.798125,1
1.263511,-0.015572,1
0.473151,0.733635,1
1.081641,0.743481,1
1.266296,0.250922,1
0.786877,0.227035,1
1.752317,-1.153867,1
1.535212,-0.026646,1
0.925646,0.381298,1
2.021456,-0.130381,1
0.648189,-0.253157,1
-0.039993,-1.281991,1
0.778326,-0.216914,1
0.278099,0.036996,1
0.335282,-0.937744,1
1.383931,-0.828302,1
1.098285,0.045881,1
0.622360,-0.809439,1
-0.163715,-0.753215,1
-1.469768,0.975670,1
0.456019,0.311607,1
-0.750723,-0.550694,1
0.909244,-0.641706,1
0.968683,-0.901873,1
0.443307,0.338258,1
-0.836636,0.665679,1
1.012971,0.096440,1
1.410312,-1.108318,1
2.928652,-1.200451,1
1.329724,0.462545,1
0.936525,-0.120595,1
1.372548,-0.558912,1
-0.212272,0.295928,1
2.344181,-1.542193,1
1.877803,1.079710,1
0.616567,-0.031571,1
0.543677,-1.890101,1
1.647053,0.881011,1
1.466985,-0.326280,1
0.513022,0.792289,1
2.189742,-0.205691,1
2.174964,1.697607,1
0.060091,-0.860254,1
1.196820,0.518131,1
0.525105,0.943534,1
0.825209,0.222739,1
2.443663,0.713873,1
1.765659,-1.019232,1
1.213374,-0.905615,1
1.734233,-0.990914,1
0.801314,1.383119,1
0.434884,-0.173000,1
1.241562,-0.528011,1
2.609681,-1.120448,1
1.656096,-1.423358,1
0.131907,1.063765,1
0.015784,1.142658,1
1.019964,-0.224389,1
1.339420,-0.319320,1
-0.332451,0.893097,1
0.237520,0.012311,1
-0.462751,0.424478,1
0.780057,0.411126,1
0.357699,-0.215989,1
1.875899,-0.703963,1
1.333764,0.358075,1
0.660209,-0.310142,1
1.438016,-0.193204,1
2.082324,0.684146,1
1.743567,0.784795,1
2.319951,0.358458,1
0.383662,-0.641405,1
2.088261,-0.080011,1
0.394876,-0.220656,1
2.682129,-0.789404,1
1.883867,-1.883993,1
0.618197,0.098634,1
2.503600,-0.466292,1
1.744638,2.201298,1
0.837115,-0.508212,1
0.449045,1.405114,1
-0.359960,-1.384610,1
2.042959,-0.613082,1
1.899185,-0.622824,1
0.540758,1.010557,1
0.410642,1.015344,1
3.169737,0.708983,1
2.230898,-0.174348,1
0.913772,0.871204,1
1.230391,-0.701594,1
1.441327,-0.178931,1
1.739838,-0.311547,1
1.744872,1.517439,1
-0.266157,-0.729487,1
1.736407,-0.263857,1
1.892978,-0.217663,1
0.052654,-1.003624,1
1.571833,0.094600,1
0.851133,0.027751,1
1.214907,-1.432631,1
0.334200,-0.464442,1
0.347753,0.235005,1
1.495292,-0.459381,1
0.188192,0.520014,1
0.946417,0.551885,1
1.598520,-1.296774,1
0.951935,1.333484,1
1.540797,1.206602,1
0.483970,0.129764,1
0.921465,1.306904,1
2.733680,-0.900526,1
1.398326,-0.352481,1
1.876624,0.674255,1
1.236851,0.451227,1
0.437742,-0.852767,1
-0.030188,1.068427,1
-0.011884,-0.921324,1
1.090852,0.185152,1
0.448524,-0.415833,1
1.681888,0.135805,1
0.972951,1.158678,1
1.563239,0.462258,1
1.282456,0.320045,1
1.700821,0.917567,1
-0.155653,-0.612747,1
1.471602,-0.338469,1
0.865689,0.077968,1
-0.652871,0.457234,1
0.787803,-0.190408,1
1.792162,-1.552977,1
2.427513,1.208506,1
1.771134,0.936758,1
1.075615,-0.710341,1
0.012572,-0.455274,1
2.659133,-0.100234,1
1.402770,0.632934,1
-0.778090,0.340758,1
0.255347,0.964723,1
0.476867,-0.279222,1
2.280677,0.447150,1
1.408371,-0.175843,1
1.493801,1.851374,1
1.487798,0.881851,1
1.349279,0.163191,1
1.168223,0.676426,1
1.206538,0.811366,1
1.712618,-0.631940,1
-0.490298,0.097899,1
-0.146029,-1.642899,1
-0.061439,-0.073599,1
0.885961,0.479602,1
0.837347,-0.531791,1
0.732923,1.311351,1
1.239109,0.162659,1
0.803445,0.100407,1
0.453333,-1.553896,1
-0.039679,1.453002,1
1.461174,-1.153032,1
1.002894,-0.261259,1
0.954679,-0.399072,1
1.808953,0.066963,1
0.893486,-1.614678,1
0.354760,-2.132313,1
-0.271466,-0.705017,1
0.917216,-0.247141,1
0.526460,0.284397,1
1.324042,-0.692863,1
1.238925,-2.015836,1
0.702301,0.948161,1
0.507766,0.438731,1
0.901409,-0.177236,1
0.146218,1.086114,1
1.714630,-0.448606,1
1.442526,-0.337426,1
1.606322,0.340752,1
1.177265,0.589087,1
0.841308,-0.432049,1
2.399524,-0.373524,1
2.527635,-0.801990,1
1.016809,-1.467408,1
1.633083,-0.385723,1
0.705191,0.346524,1
1.467834,0.972392,1
2.781395,-0.118604,1
0.850137,-0.127400,1
0.412392,-0.888827,1
0.253529,0.202394,1
2.199906,0.162268,1
1.725663,1.018146,1
0.914093,0.561227,1
1.339609,1.841697,1
0.255465,0.915818,1
1.366987,1.290638,1
1.978548,-0.478755,1
0.648475,0.101458,1
1.442385,1.003318,1
1.210266,-1.127873,1
1.409170,0.960503,1
0.873654,0.809797,1
2.190550,-0.473646,1
0.101336,0.717478,1
0.913672,0.742989,1
0.178125,0.729677,1
1.230613,-0.554307,1
0.022770,-0.293865,1
1.219578,0.592547,1
2.172942,-0.155183,1
0.592664,0.558382,1
1.033537,-0.704275,1
0.938710,-0.230548,1
0.442916,-0.745563,1
1.032844,1.081524,1
1.169715,0.404612,1
0.123429,-0.400331,1
1.924655,0.763409,1
1.476914,0.206709,1
1.087667,-0.054694,1
1.709129,0.176658,1
1.294866,0.910075,1
1.346633,0.094534,1
0.564177,0.994587,1
0.791460,-0.927734,1
2.150500,0.188116,1
0.352991,-1.450797,1
1.425062,-1.056735,1
1.425929,-0.030788,1
2.781900,-0.432758,1
1.963627,-0.006851,1
1.478101,0.709765,1
1.430025,-0.786518,1
1.325726,-0.525644,1
0.595528,-0.655502,1
0.983955,0.255629,1
0.253003,0.834247,1
1.256496,0.549865,1
0.887260,-0.350339,1
0.518535,0.253768,1
0.592682,0.827152,1
0.678830,-0.106313,1
0.756443,-0.938773,1
0.707666,0.898605,1
2.683386,0.508611,1
-0.359839,1.835654,1
-0.377600,-0.607191,1
0.884441,1.463742,1
1.561228,1.040457,1
1.291067,-0.860162,1
0.301847,-0.991343,1
1.351843,0.188570,1
2.105554,1.809152,1
1.227749,0.758886,1
2.293883,1.125495,1
0.154614,-0.026534,1
0.163837,-0.273230,1
-0.101535,-1.092980,1
0.760000,0.919858,1
0.620719,-1.211138,1
1.234110,0.118625,1
1.144922,-0.775503,1
0.120512,0.597110,1
2.662052,-0.412049,1
-0.114066,-0.496519,1
1.494677,0.204212,1
0.754941,0.152330,1
1.846273,-0.025192,1
0.484939,1.297903,1
1.130442,-1.025211,1
1.133767,-0.112115,1
0.645654,1.804379,1
0.350879,-0.992868,1
1.187972,1.374068,1
-0.035798,0.771230,1
1.025986,-1.533567,1
1.292753,0.011641,1
0.007281,-0.002093,1
0.305776,0.673501,1
0.413329,-0.420311,1
-0.395577,0.871769,1
1.020958,0.081842,1
0.538662,0.181666,1
0.327718,0.477934,1
1.259991,-0.019275,1
1.367341,-0.171890,1
-0.026990,0.418497,1
1.467880,-1.358865,1
0.955326,-0.751228,1
0.294838,-0.189803,1
-0.428413,0.224876,1
0.171611,0.696497,1
2.076050,0.792858,1
0.759598,0.030263,1
-0.951183,0.304050,1
0.400826,-0.391714,1
1.718687,1.503601,1
-0.162252,0.233769,1
0.339567,0.060435,1
1.272648,0.511626,1
0.683042,-1.917654,1
2.094668,-0.621464,1
2.405955,-0.721598,1
1.087832,-0.715462,1
1.368277,0.766938,1
1.458775,-1.137577,1
-0.564201,0.834217,1
1.974844,0.739507,1
1.798934,-0.332863,1
1.428797,-0.745829,1
0.515133,-0.682364,1
0.916662,1.272587,1
0.583627,0.690301,1
1.733916,-0.007856,1
0.301295,-1.337613,1
1.614418,0.511459,1
0.583919,1.303895,1
1.034488,0.790584,1
2.072217,0.093787,1
1.321348,0.358619,1
0.796198,-0.801839,1
0.294599,-0.725104,1
1.206747,0.572923,1
2.579689,-0.430563,1
0.351576,1.018201,1
1.866901,0.502183,1
-0.327754,1.156716,1
-0.079795,-0.898523,1
0.053587,-0.038492,1
2.022105,0.108134,1
0.618760,-0.704848,1
0.778396,0.453617,1
1.210961,0.602747,1
0.635133,0.534576,1
0.584003,0.693495,1
0.958239,0.600377,1
0.924646,0.964803,1
1.803664,0.775371,1
0.567721,-0.210391,1
0.993892,0.843272,1
0.688337,-0.831205,1
0.649049,0.268304,1
1.165056,0.076145,1
0.470762,-0.946860,1
0.401817,0.766592,1
1.555893,-0.230126,1
0.915949,0.700616,1
0.581526,-0.998594,1
0.202109,0.962040,1
1.024283,0.539572,1
2.122892,-0.464036,1
1.676722,-0.075010,1
2.028155,-0.349671,1
0.089026,0.160669,1
1.079962,0.639549,1
0.542001,-2.353746,1
1.531589,-0.379706,1
1.605202,-0.621631,1
0.998649,0.417796,1
1.381296,1.340272,1
0.002196,0.527501,1
0.933468,-0.827533,1
1.391143,0.308011,1
1.861714,-0.325871,1
0.620192,0.971522,1
2.017392,0.234217,1
2.575863,0.268518,1
2.123958,0.118916,1
0.712130,0.923407,1
0.843561,-0.239433,1
1.196927,-0.068789,1
1.809151,-0.004826,1
0.807288,0.578488,1
0.367022,-1.011140,1
0.362714,-0.104578,1
0.644762,1.332379,1
2.614045,-0.187848,1
1.328466,0.091899,1
0.965250,1.271062,1
1.587418,-1.089695,1
-0.225338,0.825938,1
-0.353675,0.525605,0
-2.206078,0.220225,0
-1.847336,0.306892,0
-0.582420,0.050239,0
-0.966939,1.863478,0
-1.484155,0.921272,0
-1.614288,-0.676984,0
-2.722556,0.780863,0
-1.124519,-0.119555,0
-0.974697,0.140067,0
-1.526393,0.992551,0
-1.614210,-0.652537,0
-0.763050,-0.279556,0
-0.661570,1.010695,0
-1.340416,0.260853,0
-0.242426,0.762813,0
-1.886133,-1.687866,0
-0.081670,-0.486328,0
-1.157192,-1.235280,0
-1.977500,-1.393789,0
-0.520058,0.637766,0
-0.562969,0.595906,0
0.176239,-0.834314,0
-1.801409,0.257988,0
-0.710340,0.488444,0
-1.276170,-1.360153,0
-2.241745,0.147405,0
-0.564327,-0.178257,0
-1.228252,-0.038221,0
-0.919487,0.315523,0
0.233036,-0.754404,0
-0.840594,0.812393,0
-0.988749,-0.357549,0
-0.711665,-0.759153,0
-1.062160,1.598653,0
-1.384367,0.302154,0
-0.432436,0.457276,0
-2.509647,0.941792,0
-1.120155,-0.317464,0
-0.955103,0.952348,0
-1.842609,1.480255,0
-1.413111,-0.150443,0
-1.099394,-0.385373,0
-1.180828,-0.505126,0
-1.416132,0.259003,0
-1.663164,0.235171,0
-1.503386,-0.794896,0
-1.843505,-0.157321,0
-1.316949,-1.324675,0
-0.537769,1.721195,0
-0.653505,0.443473,0
-0.813187,0.869072,0
-0.344045,0.916005,0
-0.987742,-0.338271,0
0.091502,0.333954,0
-0.561184,-1.199781,0
-1.210549,-1.533551,0
-0.900851,-0.645217,0
-0.928710,-0.396129,0
-0.838317,0.552462,0
-1.835789,-1.112507,0
-0.377271,1.200873,0
-2.618820,-0.344945,0
-1.423472,0.205904,0
-1.514530,-0.967590,0
-0.880526,-0.873203,0
-0.353044,-0.099642,0
-0.706413,0.435945,0
0.041226,-0.591181,0
-1.201797,-0.478079,0
-1.281536,-1.261124,0
-0.551515,0.903751,0
-1.222514,0.647147,0
-1.138665,0.727022,0
-1.181418,0.605134,0
-0.067244,0.623877,0
0.298217,0.786654,0
-0.667151,-0.362719,0
-0.246472,0.185447,0
0.234313,0.387165,0
-1.445772,0.134100,0
-0.931996,0.637555,0
-0.905963,-0.498575,0
-1.550071,0.068640,0
-0.955388,-0.075217,0
-0.572889,-0.677738,0
-1.149432,-0.501319,0
-2.184638,0.798652,0
-2.208500,0.875057,0
-0.818739,-1.657143,0
-0.540103,0.345275,0
-1.021808,-1.160609,0
-1.316531,0.401023,0
-0.242897,1.509720,0
-0.539131,-0.624200,0
-1.060846,0.328792,0
-1.596011,0.679632,0
-0.495068,1.196419,0
-1.731115,1.694037,0
-1.267424,0.784865,0
-1.131748,-2.487419,0
-1.471345,1.922206,0
-1.554485,-0.878748,0
-0.150693,0.749588,0
-1.730669,1.088289,0
-0.676069,0.268872,0
-1.050888,0.109001,0
0.362580,-0.336029,0
-1.024364,0.645654,0
-1.181492,-1.457689,0
-1.333476,-0.836471,0
-0.795392,-0.253491,0
-2.630649,-0.615046,0
-1.163676,-0.096676,0
-1.933908,0.220486,0
-1.059955,0.661125,0
-2.022655,-0.198611,0
-1.141421,-0.698580,0
-0.350184,0.349194,0
-1.192186,-0.295721,0
-1.669874,1.141008,0
-1.256520,0.116129,0
-0.062212,-0.679632,0
-2.699120,0.477468,0
-1.457002,-0.260486,0
-0.232049,0.211148,0
-2.424069,-0.839578,0
-1.028825,-0.607535,0
-1.747247,-0.558767,0
-0.907424,-0.412743,0
-0.676717,0.940735,0
-0.706119,-0.451624,0
0.092270,-1.170275,0
-1.040558,0.741631,0
-1.769525,-0.075089,0
-2.196059,-1.045410,0
-1.356842,-1.245810,0
-1.767899,0.399294,0
-1.154561,-0.235228,0
0.894109,-0.950871,0
-1.613051,0.180803,0
-1.953061,0.491398,0
-0.797504,0.691119,0
-1.263662,-1.082722,0
-1.891457,-0.261506,0
0.391863,-0.852276,0
-0.889607,-0.002977,0
-0.849112,-0.038797,0
-1.460123,0.639781,0
-0.188524,-1.903829,0
-2.244297,-1.226063,0
-0.923890,-0.563503,0
0.875991,-0.578625,0
-1.060712,-0.342615,0
-0.710080,-0.158066,0
-0.131969,0.154601,0
-0.825324,-0.187007,0
-0.338856,0.511940,0
-0.696486,0.613727,0
-1.767198,0.624733,0
-0.416006,-0.082955,0
-0.246936,0.657454,0
-1.413895,-1.252196,0
-0.961880,-0.060411,0
-1.200189,0.916520,0
-0.110804,-0.363560,0
0.445494,-0.528349,0
-1.916458,0.135074,0
-0.945833,-1.148888,0
-1.474080,-0.025662,0
-1.673389,-1.442675,0
-0.285848,-0.590055,0
-1.341508,0.216890,0
-1.365716,-0.933280,0
-2.612072,0.207847,0
-1.110974,-0.185689,0
-0.339650,0.152265,0
-0.324202,0.490548,0
-0.455395,-1.426188,0
-0.908369,-0.007738,0
-1.099922,0.266247,0
-1.993749,0.322466,0
-0.131655,1.080967,0
0.373764,0.353668,0
-1.450931,-0.757102,0
-1.477642,-0.275895,0
-2.311066,0.830000,0
-1.187741,-0.228203,0
-0.633724,0.501214,0
-0.692555,-0.878785,0
-0.879683,-0.078846,0
-1.027087,0.001131,0
-0.726900,1.230621,0
-1.939963,-0.532019,0
-0.940692,-0.158583,0
-1.473542,-0.769248,0
-1.055581,0.191409,0
-3.505666,1.205794,0
-0.348952,1.055113,0
-0.968791,1.273856,0
-2.324354,0.043057,0
-1.675333,-1.933610,0
-2.427994,0.820656,0
-1.141690,-1.487169,0
-0.966370,0.031522,0
-0.821555,1.554533,0
-0.301559,0.294571,0
-1.298041,-1.127967,0
-2.253715,-0.032208,0
0.003064,1.362410,0
-0.711757,1.465966,0
-1.101951,-1.142555,0
-1.282093,-1.515847,0
-2.714112,-0.291496,0
-0.411952,0.399125,0
-0.360505,-1.195359,0
-1.431791,0.569872,0
-1.047074,0.473150,0
-0.240092,-0.073865,0
-0.549371,-0.115668,0
-1.788734,-1.081143,0
-1.422091,-0.997165,0
-0.199329,-0.071916,0
-0.513938,0.118144,0
-2.110051,0.434770,0
-0.987583,0.124347,0
-2.344725,0.635617,0
0.222428,0.707853,0
-0.603656,0.554522,0
-0.717434,-0.256126,0
-0.111413,1.478417,0
-0.738358,-1.407606,0
-0.408984,0.214879,0
-1.194371,-0.598567,0
-1.245086,-0.702816,0
-1.824774,0.157607,0
-1.055041,-0.789936,0
-0.278003,-0.034328,0
-1.512260,0.311876,0
-1.444884,-0.931557,0
-0.496216,-1.670890,0
-0.801059,-0.259777,0
-0.662961,-1.699100,0
-1.427199,-0.346403,0
-1.069756,0.013640,0
-1.782878,0.103341,0
-0.332065,0.097507,0
-1.896259,0.563162,0
-0.719624,0.258639,0
-2.232810,0.622967,0
-0.662269,0.514238,0
-0.763362,0.818936,0
-0.288080,0.912161,0
-0.605681,-0.369127,0
-2.270510,-0.217524,0
-0.536212,-0.970698,0
0.133534,0.277100,0
-2.231250,0.185971,0
-0.448161,0.666931,0
-1.157139,-0.322091,0
-0.781921,-0.366556,0
-0.244119,-0.654945,0
-2.369004,-1.556260,0
-2.581452,-2.079212,0
-0.917602,-1.778905,0
0.045504,1.270588,0
-1.108525,1.582340,0
-0.279876,0.849204,0
-1.344174,-0.675370,0
-2.401962,0.308090,0
-0.003098,0.351679,0
-0.572414,-0.452732,0
0.419729,-0.585425,0
-0.323164,-0.339722,0
-2.451577,1.173336,0
-0.158874,-1.363800,0
-1.520614,0.528024,0
-1.457975,0.772199,0
0.245914,-0.819611,0
-0.689814,1.710311,0
-0.737111,-0.329749,0
0.179774,-1.379384,0
-0.592450,0.304264,0
-1.661233,-0.286393,0
-2.053576,0.560750,0
-1.221902,-1.548921,0
-1.838078,0.004567,0
-0.875390,1.443674,0
-1.240992,0.554337,0
-0.714858,-0.891685,0
-1.809722,-0.663378,0
-0.257827,-0.027412,0
-1.013250,0.731654,0
-0.699610,0.004023,0
-1.729226,-0.909439,0
-1.789146,-0.047612,0
-1.016167,0.151587,0
-0.188023,0.386848,0
-1.480952,1.169395,0
-3.313926,-2.190236,0
-1.607067,0.273589,0
-1.777830,1.486574,0
0.168864,0.478582,0
-1.918292,-0.964721,0
-1.188860,-2.002444,0
-0.776075,0.690377,0
-1.044471,-0.290706,0
-1.810716,0.241714,0
-0.684188,-0.756739,0
-0.621865,-0.754696,0
-0.095508,0.338285,0
0.551593,-0.268157,0
-0.406912,-0.141380,0
-1.686016,-1.077051,0
-1.405338,-0.579619,0
0.043923,1.604331,0
-2.133225,0.135895,0
-1.013837,-0.775724,0
-1.422160,0.628936,0
-2.092629,-0.950975,0
0.333131,0.804115,0
-2.134597,-0.296493,0
-0.523698,-0.076091,0
0.449635,0.041908,0
-1.980723,0.628728,0
-1.051370,-0.605380,0
-0.333302,0.053959,0
-0.750556,-0.310552,0
-2.731264,-0.061518,0
-0.990449,0.176105,0
-1.946606,0.562300,0
-0.311163,0.214165,0
-0.626084,-0.189181,0
-2.301027,-0.445060,0
-1.974267,0.749024,0
-0.690820,-0.304274,0
-1.083491,0.239508,0
-2.216539,0.146628,0
-0.571049,-1.365909,0
-1.251811,-1.394262,0
-0.483591,-0.000565,0
-0.922397,-0.997152,0
-0.201061,0.357198,0
-2.001281,0.021684,0
-2.006282,0.175414,0
-1.485156,-0.429304,0
-0.023801,0.659659,0
-0.044968,-0.379995,0
-1.211699,-1.221532,0
-0.443673,-0.472574,0
-0.290276,-0.770924,0
-0.526923,-1.159562,0
0.144655,1.235914,0
-1.254577,0.868118,0
-1.020472,-0.335972,0
-1.679505,0.105967,0
0.049200,-1.025485,0
-2.524811,0.348267,0
-2.575762,-1.236834,0
-0.889998,-0.121311,0
-0.276302,1.041555,0
-1.938823,0.482116,0
0.266476,1.148488,0
-1.035556,-1.280677,0
-0.968225,-0.093478,0
-1.397427,0.875371,0
-0.559086,0.386701,0
-2.570539,-0.366628,0
-1.127599,0.167002,0
-1.340939,-0.293553,0
-1.038475,1.274333,0
-1.959194,-1.764620,0
-0.704595,0.792716,0
-0.712321,0.319763,0
-1.172244,0.346012,0
-0.568276,-0.723894,0
-1.153383,0.537262,0
-0.258221,1.053286,0
-1.051597,-0.013016,0
-1.096503,-1.027895,0
-1.265702,-0.025145,0
-0.849079,1.071980,0
-0.215118,0.353642,0
-1.503206,0.327695,0
-0.892518,0.954605,0
-1.707039,-0.450166,0
-1.256630,0.545307,0
-1.307385,-0.514983,0
0.400626,-0.179068,0
-2.339706,0.863988,0
0.354807,0.419844,0
-0.530776,-0.843895,0
-1.083356,-0.171169,0
-1.994467,-0.319588,0
0.091875,0.019651,0
-0.277230,0.985991,0
-1.648814,-0.571558,0
-0.662101,0.850738,0
-1.570290,0.262900,0
-0.756923,-0.063406,0
-1.472402,0.991008,0
-2.184705,0.621525,0
-2.313039,-0.887168,0
-2.132561,0.754922,0
-0.090630,0.417888,0
-1.278293,0.060328,0
-1.076648,-0.570167,0
-1.629483,-0.644158,0
-1.773361,0.872080,0
0.170818,-0.743142,0
-0.759143,-2.038697,0
-1.768257,1.874486,0
-1.561900,-0.989412,0
-0.816774,0.887130,0
-0.579446,-1.086959,0
-1.310514,0.014270,0
-0.368153,-0.076524,0
0.247567,0.756296,0
-1.535325,-0.049026,0
-0.823611,-0.287211,0
-0.218137,-0.630219,0
-1.814615,0.717310,0
-1.468462,-1.687370,0
-2.175122,0.319349,0
0.722357,-0.286598,0
-0.359265,0.755205,0
-1.771299,0.964186,0
0.093490,0.754572,0
-1.187121,-0.416618,0
-1.303956,-1.986926,0
-2.263827,-0.132216,0
-0.881061,0.177968,0
-0.016384,-1.238411,0
-2.283104,-0.766760,0
-0.526327,0.542014,0
-2.137273,0.751174,0
-1.353289,-0.351836,0
-2.056786,0.506058,0
-0.151953,-0.259805,0
-0.927678,-0.634746,0
-1.395268,-0.559409,0
-1.094671,1.401933,0
-0.112621,0.565584,0
-2.429783,-0.357760,0
-1.197621,-0.507000,0
-0.181397,-1.218510,0
-1.687913,0.072743,0
-0.770169,1.118859,0
-0.390772,1.141726,0
-0.259656,0.978727,0
-1.158109,0.019744,0
-0.884154,0.480491,0
-1.226174,1.226211,0
-0.238366,-1.248789,0
0.128573,-0.838479,0
-1.129742,-0.715210,0
-0.042858,-1.680142,0
-2.270892,0.216791,0
-0.595017,-1.168694,0
-1.314293,0.516453,0
-0.714617,1.071333,0
-0.895580,0.608795,0
-0.714262,0.293600,0
0.487599,-0.007782,0
-0.122878,0.430544,0
-0.652421,0.067838,0
-0.208126,-0.773932,0
-2.922491,0.183298,0
-0.335950,-0.321492,0
-0.411415,1.858283,0
-0.889442,0.122388,0
-2.641324,-0.383161,0
0.006751,0.105384,0
-0.704957,0.483717,0
-0.818898,-1.164624,0
-0.768066,-0.261382,0
-1.180251,0.071518,0
-2.440158,0.987470,0
-1.157342,-0.643932,0
-0.507578,-0.383542,0
-1.694290,0.593039,0
0.768490,-0.274161,0
-0.040831,0.215036,0
-1.052256,0.363443,0
-0.943983,-0.073153,0
-0.496849,0.395909,0
-2.139201,-0.173381,0
-1.650529,0.997447,0
-1.429083,0.860078,0
-0.677195,0.074883,0
-0.272188,0.810149,0
-1.862459,-1.286664,0
-1.287533,-0.391723,0
-0.524688,-0.109302,0
-0.287455,1.511944,0
-1.498503,-1.175671,0
-1.820158,-0.196653,0
-3.107215,-0.566873,0
-1.459216,0.430573,0
-0.116713,-1.617793,0
-1.622528,0.012891,0
-1.056548,0.818198,0
-0.549855,0.326851,0
-1.948874,-0.544589,0
0.665871,-0.443880,0
-1.406972,0.462186,0
-1.300715,-1.191146,0
-0.015901,0.471473,0
-1.266801,0.335250,0
0.448005,-1.507017,0
-0.020014,0.291686,0
-1.512391,-0.430893,0
-0.676443,-1.301088,0
-0.625789,-0.253992,0
-2.325048,1.051285,0
-0.621054,-1.083660,0
0.522430,0.396373,0
-1.952716,0.350889,0
-0.270226,-1.491679,0
-1.290731,0.726559,0
-1.670352,-1.218740,0
-0.312624,0.331421,0
-1.706604,0.469968,0
-0.353944,-1.424423,0
-0.645595,-0.086879,0
-0.214600,-1.535652,0
-0.805478,-0.460581,0
-1.085701,0.695868,0
-0.922070,0.498131,0
-0.739040,0.493382,0
-1.895298,-0.980115,0
-2.942299,-0.668547,0
-0.536283,0.902464,0
-0.140759,-0.044211,0
-1.780855,0.329235,0
-1.246626,1.143985,0
-0.457491,0.128615,0
-1.173962,0.541285,0
-0.576055,-0.729587,0
-0.096299,0.106150,0
-1.805311,0.478846,0
-0.890667,-0.004374,0
-0.525236,-0.201685,0
-1.908206,1.143429,0
-0.850934,-0.776976,0
-2.534025,0.139900,0
-1.523763,0.520610,0
-1.425541,-0.340467,0
-0.689843,-1.601894,0
-3.095472,-1.331329,0
-0.529957,1.023980,0
-1.310588,-0.118918,0
-0.131760,1.152425,0
-2.087717,0.588454,0
-0.161808,-0.328188,0
-1.560286,-0.375941,0
-1.915698,-0.411002,0
-2.457773,1.188377,0
-1.280285,-0.571625,0
-1.434182,0.816578,0
-1.665214,-0.510358,0
-0.269778,0.404489,0
-1.103020,0.182855,0
-0.296074,-0.045868,0
-1.229818,-0.548127,0
-0.550470,0.577660,0
0.287187,-0.571019,0
-0.290844,-0.050892,0
-2.409564,0.257629,0
-1.073139,-0.446310,0
-1.142765,0.466291,0
-1.215379,-1.576439,0
-1.869995,0.392919,0
-1.324622,0.345164,0
-0.903135,-0.233993,0
-1.103020,-0.656547,0
-0.735674,-0.006378,0
0.127985,0.738311,0
-1.463627,0.861599,0
0.006757,1.161482,0
0.044583,-0.363968,0
-1.437115,-0.221091,0
-1.397340,0.349163,0
-0.127342,-0.098702,0
-1.244624,0.532993,0
-1.637847,-0.042214,0
-0.727403,-1.230528,0
-1.544538,-0.481350,0
0.323611,-0.106551,0
-0.700341,0.410217,0
-1.200902,0.233568,0
-0.227158,-0.032227,0
-0.841549,-0.079667,0
-0.774096,-0.792123,0
0.609058,0.446245,0
-0.749518,0.902874,0
-1.440418,-0.144864,0
-1.536443,-1.274209,0
-0.543661,-0.027401,0
-1.417396,-0.702599,0
-0.313116,-0.249065,0
-0.968648,-1.463223,0
-1.348552,0.885306,0
-0.427600,-0.447313,0
-1.600797,-1.061807,0
-0.106004,-0.335677,0
-0.887044,0.902165,0
-0.025234,0.722539,0
-1.351936,0.108462,0
-1.746505,0.218419,0
-0.814871,-0.145562,0
-0.329845,0.477495,0
-1.294805,1.629093,0
-0.795339,0.752319,0
-2.075147,-0.653617,0
0.423717,-0.750928,0
-0.969053,0.832238,0
-0.660163,-0.072848,0
-1.194483,0.045060,0
-1.077309,1.143743,0
-0.703260,0.263341,0
-0.052943,-0.016277,0
-1.172679,-0.340914,0
-2.287712,-0.465901,0
0.068185,0.727233,0
-0.499330,0.153661,0
-0.802561,-0.344759,0
-3.022303,-0.288219,0
-0.506547,0.537596,0
-0.239793,0.935886,0
-1.243759,0.842913,0
0.306992,0.298991,0
-0.559732,-0.775660,0
-1.153256,-0.451689,0
-2.395109,0.560756,0
-0.349845,0.646733,0
-0.301347,1.182995,0
-1.377945,0.257044,0
-0.684332,0.712509,0
-0.564991,0.897721,0
-0.167154,-0.835057,0
-1.553538,-0.958019,0
-0.222445,2.110738,0
-0.031278,1.025440,0
-1.625715,0.960852,0
-0.913658,1.270962,0
-1.289664,0.750949,0
-1.313122,0.883466,0
0.334256,0.531627,0
-1.292559,-1.081498,0
-1.501560,0.115586,0
-3.197789,-0.645109,0
-0.976008,-0.389517,0
-1.873023,-0.460028,0
-0.027762,0.950007,0
-1.613135,-0.446895,0
-2.426515,0.519075,0
-1.062343,-0.967529,0
-0.887820,-0.535161,0
-1.219186,-1.788844,0
-1.371206,-0.364446,0
-2.415839,0.755092,0
-1.306108,-1.327321,0
-1.616582,-0.418926,0
-0.866600,0.069607,0
-1.479255,0.330468,0
-1.474929,0.803418,0
-1.088888,-0.226728,0
-1.542552,0.845481,0
-0.382517,0.149945,0
-1.525822,0.065519,0
-0.271761,0.175034,0
-0.900876,0.794288,0
0.749148,-0.809204,0
-0.781015,-1.166287,0
-1.134677,1.474029,0
-1.028370,-0.600650,0
-1.947706,0.460676,0
-0.673187,-1.361964,0
-1.846394,1.118727,0
-2.332284,-0.742240,0
-1.384867,-0.696559,0
0.009848,2.139432,0
-1.412034,-0.018421,0
-1.389493,0.567616,0
-0.464789,0.538787,0
-2.136247,-0.555178,0
-0.706164,-1.174972,0
0.002038,-0.275947,0
-1.330659,0.364316,0
-1.292288,1.423122,0
-1.145919,1.610943,0
0.586482,-0.244345,0
-1.622047,-0.381573,0
-1.822469,-0.213927,0
0.400111,-0.220324,0
0.280492,-0.558955,0
-0.425706,-0.786322,0
-0.378006,0.246918,0
-1.426685,0.688014,0
-0.962328,-0.827296,0
-1.724308,0.864114,0
-1.018205,-0.394043,0
-0.525691,-0.226760,0
-1.916628,0.942373,0
-0.886004,0.186220,0
-1.973396,0.475673,0
-1.743940,0.142091,0
-0.292456,-0.127149,0
-0.510741,1.149467,0
1.093090,0.596598,0
-1.482132,0.413732,0
-0.467073,-0.091451,0
-0.570695,0.529921,0
-1.539505,-0.663558,0
-0.172546,-0.055778,0
-1.856407,0.747084,0
-0.948721,-0.919238,0
-0.877183,0.030421,0
-0.415831,-0.224228,0
-0.727259,0.508129,0
-1.698426,-0.656105,0
-0.722988,-0.021011,0
-0.821433,0.503716,0
-0.776133,2.066485,0
-0.430073,-0.227151,0
-1.061447,0.509494,0
-0.942576,-0.493065,0
0.099486,1.004193,0
-1.230116,1.097989,0
-0.498005,-1.027277,0
-1.568267,0.280005,0
-1.238982,-1.177486,0
-1.369224,0.200680,0
-0.808786,0.970570,0
-0.393600,0.647443,0
-0.001381,0.390187,0
-0.202796,0.759905,0
-0.950863,-0.129907,0
-1.861235,0.528762,0
-0.121438,-0.436032,0
-0.581506,0.219679,0
-1.215011,0.823795,0
-1.623943,-0.123441,0
-1.236392,-1.800644,0
-0.633297,1.516192,0
-0.826165,1.173986,0
0.074779,-0.100309,0
-0.579607,-0.386269,0
-2.105960,-1.343826,0
-0.410926,0.318187,0
-1.871663,-0.287576,0
-2.252815,-1.185093,0
-1.344520,-1.430719,0
-0.678620,-1.226163,0
0.247173,0.020448,0
-1.254634,-0.045498,0
-1.530072,-0.529126,0
-2.003603,0.305151,0
-0.962541,0.034724,0
-2.444243,-0.661038,0
0.121562,-0.931304,0
-0.496554,-0.539840,0
-1.093182,-0.693752,0
-0.806444,-0.921866,0
-1.138457,-0.808189,0
-1.592657,0.439407,0
-0.460459,-0.146070,0
-0.861016,-0.312329,0
-0.528449,0.327865,0
-0.802916,-1.008405,0
-1.813501,-0.834960,0
-0.159885,0.342255,0
-1.511341,-0.807321,0
-1.667726,-1.493257,0
-2.066799,-1.073904,0
-0.466046,-0.638496,0
-0.862514,0.225230,0
-1.494464,-0.563341,0
-0.904569,0.644126,0
-0.826877,-0.816130,0
0.099592,-0.770841,0
-1.743095,0.857559,0
-0.248292,0.683387,0
-0.568481,1.024235,0
-1.151943,-0.192224,0
0.453248,-0.776546,0
-0.540468,1.801239,0
-0.447213,-0.566819,0
-2.011013,-0.026707,0
-0.358973,0.219604,0
-2.628169,-2.003576,0
-1.100552,-0.985751,0
-0.634073,-0.485631,0
-0.690943,-1.136425,0
-2.318409,-0.808379,0
-0.510820,-0.206830,0
-1.630195,0.594733,0
-0.407940,-0.692082,0
-0.287185,0.204500,0
-0.859015,0.813393,0
-0.219225,0.218136,0
-1.275597,0.165676,0
-1.959719,0.046829,0
-0.319058,-0.229043,0
-1.735176,0.518720,0
0.090536,0.605070,0
-0.326535,0.732721,0
-1.625820,0.814507,0
-0.749157,-1.058278,0
-2.770587,0.630628,0
-1.903796,0.809337,0
-0.583262,0.323060,0
-0.723195,-0.273778,0
-0.826827,-0.469428,0
-1.760514,-0.233426,0
0.282954,-0.840817,0
0.067873,-0.078600,0
-1.669502,0.446826,0
-0.788112,0.169761,0
-1.075929,-0.098796,0
0.020878,-0.641700,0
-0.434463,-0.050770,0
-0.465958,-0.644472,0
-1.021988,0.119352,0
-0.955320,-0.623088,0
-0.859478,-0.359962,0
-0.496752,1.196508,0
0.158475,-0.323049,0
-1.338222,1.181583,0
0.548829,0.163646,0
-1.200068,0.913604,0
-1.726070,-0.746136,0
-1.069490,-0.389358,0
-1.514762,0.564862,0
0.003993,0.034145,0
-1.267184,-0.252615,0
-0.537485,-0.668279,0
-1.629181,0.343788,0
-1.519842,-0.705726,0
-1.107097,-0.704452,0
-2.175608,0.068435,0
-1.372674,-0.240467,0
-0.827107,-0.006653,0
0.453552,-0.100799,0
0.329124,0.816944,0
-1.019047,1.131551,0
-1.376317,-0.483060,0
-0.914771,0.490081,0
0.324090,-0.563986,0
-1.009839,-0.684987,0
-1.423624,-1.026523,0
-1.641961,-0.903747,0
-1.532005,1.123776,0
-1.117686,-0.134368,0
-2.002151,0.697589,0
-1.448467,0.213510,0
-2.103763,0.666488,0
-1.111344,0.541571,0
-1.228065,0.267046,0
-0.977676,-0.443957,0
-0.273912,-0.677946,0
-1.595606,0.001274,0
0.106069,0.510140,0
-1.602633,-0.421308,0
-1.323236,0.683258,0
-0.738878,0.594943,0
-1.740660,2.226544,0
-0.936607,0.235062,0
-1.163521,0.205731,0
-3.065284,-0.197124,0
-1.097627,-0.366956,0
-0.348729,0.421393,0
-0.472762,0.648578,0
-1.348832,0.226875,0
-1.649905,-0.074062,0
-1.564066,0.307320,0
0.317093,0.124924,0
-0.027934,0.099938,0
0.816112,0.274128,0
-1.547318,0.118275,0
-1.031331,-0.469364,0
-1.600976,1.163775,0
-0.589050,-0.264466,0
-0.779630,-0.553950,0
-1.541133,-0.772245,0
-1.004431,0.612673,0
-0.198827,-2.206788,0
-0.452314,-0.709294,0
0.472378,-0.113341,0
-1.553130,-0.089656,0
-0.827589,0.029291,0
-0.428616,-0.867002,0
-1.227109,-0.281387,0
-0.310025,1.267320,0
-0.743259,0.076582,0
-1.535369,1.143815,0
-0.459383,0.174619,0
-1.134074,-0.160385,0
-2.050501,-0.533053,0
-2.139743,1.014349,0
-0.430874,1.728405,0
-1.219653,-0.325748,0
-0.901527,-0.048753,0
-1.000779,-1.104980,0
-2.727939,-0.423682,0
-1.590842,0.016322,0
-0.840047,0.512170,0
-0.698076,-0.858423,0
-0.374147,0.808331,0
-0.524142,-1.080165,0
0.173341,-0.271038,0
-1.266493,-0.520356,0
-1.589879,0.353604,0
-0.869897,0.026694,0
-1.085534,-1.597882,0
-1.450291,0.444266,0
-1.008162,-0.716489,0
-0.676123,0.083385,0
-0.874346,-0.757995,0
0.556793,-0.393058,0
-1.011282,-0.331799,0
-3.155982,-0.168549,0
-0.767727,-0.529766,0
-1.480789,-0.176078,0
-1.039001,-0.863873,0
-1.802839,0.057526,0
-1.222475,0.243890,0
-1.139121,-1.166075,0
-0.607337,0.701015,0
-1.046387,-0.255634,0
0.215613,-0.521825,0
-1.495041,0.112233,0
0.102079,1.517775,0
-0.865435,1.103079,0
-0.774893,-2.790546,0
-2.316983,0.700240,0
-1.388697,0.936498,0
-1.556857,-0.157275,0
0.695738,0.406531,0
-1.526759,-1.196233,0
-0.026421,0.733467,0
-1.291809,-0.492777,0
0.018472,-0.307841,0
-2.491235,0.072535,0
-3.247131,0.462855,0
-1.208477,0.644720,0
-1.925288,0.509599,0
-1.098946,1.778645,0
0.062293,0.512226,0
-1.655304,-0.108943,0
-2.693883,-0.352374,0
-0.934350,-1.395167,0
-1.623542,-0.016127,0
-0.937548,-0.534598,0
0.680663,-0.624483,0
-0.978388,0.464536,0
-1.421815,-0.149448,0
0.212513,-1.033405,0
-1.128254,-1.394509,0
-1.484222,-0.067132,0
-1.293299,1.160055,0
0.057701,0.278418,0
-1.388809,-0.313688,0
-0.962941,0.940624,0
-0.661271,-0.687433,0
-0.837188,-1.712178,0
-0.437310,0.877265,0
-0.098627,0.244477,0
-0.683693,-0.217694,0
-0.343109,0.339216,0
-0.566947,0.179921,0
-1.558134,-0.441872,0
-1.229599,0.108959,0
-0.718728,-0.803263,0
-0.340393,0.119217,0
-0.435567,-0.838123,0
-0.748858,-1.159046,0
-0.599865,-1.225730,0
0.218931,-0.389971,0
-1.075157,1.472087,0
-0.788900,0.628874,0
-1.152250,0.269846,0
-2.743675,-0.190594,0
0.651898,-0.136585,0
-0.143129,-0.946379,0
-0.698853,-0.421993,0
-1.927341,1.041381,0
-0.032023,1.781841,0
-1.197669,-0.261335,0
-1.319161,-0.707122,0
-2.087406,-0.101965,0
-1.486166,0.188910,0
-2.126231,-0.500265,0
-0.666240,0.564119,0
-1.740054,-0.484037,0
-0.627719,-0.331143,0
-0.672215,-1.533557,0
0.515087,0.221893,0
-0.558143,0.910672,0
-1.511356,0.191419,0
-1.896948,-0.607585,0
-0.852133,-0.553562,0
-0.360050,-0.687887,0
-0.647907,-0.113904,0
-0.657896,-1.107628,0
-0.630857,-0.631501,0
-1.133415,0.514039,0
-0.681509,1.104598,0
0.366492,-1.204317,0
-0.580356,1.060807,0
-1.779274,0.306491,0
-0.446025,0.071358,0
-0.831421,0.086133,0
-1.395560,1.325502,0
-0.936220,-0.252903,0
-1.391609,1.094921,0
-1.543654,1.462340,0
-1.137329,0.772295,0
-0.507327,-0.145947,0
-0.897448,-1.258605,0
-0.782797,0.494444,0
-1.887041,1.437332,0
-0.915045,-0.925720,0
-1.940773,0.980407,0
-2.127457,-0.248998,0
0.357197,-0.198075,0
-1.354174,1.612918,0
-1.345295,0.393760,0
-1.649420,0.291180,0
-1.687640,0.269369,0
-2.606087,-0.631335,0
-0.387805,0.358795,0
-1.498833,-0.438220,0
-0.361519,0.003976,0
-0.595745,0.363164,0
-1.292630,0.075202,0
-0.905766,-0.592557,0
-0.767710,-0.361912,0
-1.353834,0.279654,0
-0.335575,0.343381,0
-0.223836,-0.299638,0
-0.163163,-0.859395,0
-1.288423,-0.127769,0
-1.193064,0.843396,0
-1.420763,0.526190,0
-1.405399,-1.419298,0
-1.822577,-0.429586,0
0.207470,-0.855803,0
-0.145533,-0.584220,0
-0.781989,-0.435339,0
-1.737133,-0.647356,0
-0.142955,0.497215,0
-0.941780,-1.095000,0
-1.522488,-0.338963,0
0.171103,-0.540219,0
-2.619408,-0.353280,0
-0.729076,0.942561,0
-1.007635,0.085071,0
-0.473414,-0.544925,0
-0.661583,1.250751,0
-1.457807,1.147856,0
-1.899940,0.692794,0
-0.104629,-0.884863,0
-1.844520,-0.047402,0
-1.425643,0.080233,0
-0.213321,0.029314,0
-1.080477,0.928738,0
0.008459,-0.641892,0
-2.522796,1.396500,0
-0.883592,0.804430,0
-1.668202,0.134296,0
-0.506557,-1.289272,0
-1.458322,-0.690687,0
-1.787530,-0.439459,0
-2.806039,-0.817543,0
-2.385827,-0.136203,0
-0.157291,0.554402,0
-1.464000,0.021138,0
-1.651954,0.556576,0
0.212216,-0.321975,0
-0.367838,-0.481074,0
0.142645,0.377833,0
-0.731784,0.549936,0
-2.114953,0.678484,0
0.021927,0.115502,0
-2.018632,-0.103273,0
-0.565344,-0.548329,0
-1.824714,-0.544792,0
-1.534878,0.436881,0
-1.642758,1.317491,0
-2.021811,0.125169,0
-0.250572,-0.060298,0
0.326734,-0.396041,0
0.171351,1.367998,0
-0.595803,-0.788731,0
-1.236182,0.457194,0
-0.033689,0.095892,0
-1.405290,-0.394445,0
-0.404201,1.293009,0
-0.856069,-0.509090,0
-1.554696,-0.746054,0
-3.051358,0.549058,0
-0.978290,0.843338,0
-1.537999,0.236712,0
-0.161616,-0.606716,0
-0.814492,0.218222,0
-0.927711,0.466355,0
-1.335849,1.803668,0
-0.967605,0.376906,0
-1.208187,-0.789175,0
-1.634166,0.826983,0
-0.070748,0.117323,0
-1.290703,1.428675,0
-1.361399,0.143249,0
-1.340957,-0.491567,0
-0.600507,-0.825593,0
-0.080030,-0.839582,0
-1.131624,0.135233,0
-1.259114,0.859757,0
0.310617,-0.658993,0
-0.345018,-0.399121,0
-2.382537,0.513896,0
-1.809823,-0.819846,0
-1.070134,0.733869,0
-0.883714,-0.367844,0
-1.623995,0.890490,0
-0.479933,-0.483589,0
-0.540114,-0.480579,0
-1.011211,0.057663,0
-1.700816,-0.170424,0
-0.316354,0.532378,0
-1.116235,0.239490,0
-0.834809,-0.056733,0
-1.510762,0.950155,0
-0.875492,-0.450195,0
-1.238333,0.673588,0
-1.585382,-1.639236,0
-0.331697,-1.048594,0
-1.854585,-0.566333,0
-1.067784,-1.332813,0
-0.749699,-0.873707,0
-0.834302,0.513514,0
-0.600957,0.155681,0
-1.204847,0.595423,0
0.212602,0.713683,0
-0.288258,0.119866,0
1.169229,-0.979725,0
-1.687091,-1.628475,0
0.229956,-1.220769,0
-1.403327,0.331132,0
0.010960,0.664877,0
-0.821450,-0.720497,0
0.400554,0.693520,0
-1.730835,-1.664125,0
-0.980703,0.406724,0
-2.427042,-0.179687,0
-2.989636,-0.100193,0
-1.313866,-1.372837,0
-0.224346,0.948554,0
-0.837842,-0.790480,0
-0.581755,-0.932961,0
0.028330,0.265347,0
-2.027366,-0.764677,0
-1.421361,-0.234665,0
-1.166311,-0.524471,0
-0.660706,-0.387268,0
-0.894487,0.297803,0
-0.748875,-0.877797,0
-2.684239,0.868254,0
0.410028,-2.040422,0
-2.445554,-0.006457,0
-1.231245,-0.482601,0
-0.807250,-0.326480,0
-1.232827,-0.395107,0
0.004956,0.177291,0
-1.176797,0.815604,0
-0.124214,0.288647,0
-2.570098,0.005323,0
-1.837320,0.224842,0
-2.115291,0.068650,0
-1.329022,0.212218,0
-2.558491,0.046717,0
-0.877479,-0.961698,0
-0.566103,-0.539241,0
-0.993638,0.631000,0
-1.017757,0.753827,0
-0.481788,-1.213006,0
-1.337385,-0.367182,0
-0.972316,-0.522822,0
-0.166792,0.783582,0
-1.743324,0.410517,0
-1.509274,1.417766,0
-0.819874,1.427547,0
-1.432790,0.172275,0
-1.872538,-0.617328,0
-1.314044,-0.747201,0
-0.463960,-0.214754,0
-1.025907,-1.197722,0
-1.893531,0.784919,0
-0.781378,-0.599994,0
-0.139405,1.257829,0
-0.561605,1.892753,0
-1.041510,-0.303701,0
-1.463773,0.798012,0
-0.582664,0.361181,0
-1.274507,1.248575,0
-0.930544,1.475018,0
-0.227815,-0.085861,0
-1.360669,-0.905469,0
-0.773107,0.655690,0
-1.611202,1.173050,0
-1.261076,0.011514,0
-0.144096,0.176591,0
-1.379743,0.149095,0
0.097090,1.775998,0
-0.661831,0.175009,0
-0.987112,0.724631,0
-1.551242,1.180892,0
-0.361027,-0.069855,0
-1.210417,0.619047,0
-0.940870,0.155604,0
-0.135617,-0.780320,0
0.765971,-0.237503,0
-1.053089,-0.333586,0
-0.830229,-1.390552,0
-0.744433,0.781322,0
-1.967738,-1.116995,0
-0.827495,-0.204667,0
-1.325687,-0.972937,0
-1.548320,-0.167617,0
-2.235554,0.869237,0
-1.018588,-0.495131,0
-1.179424,0.154613,0
-0.119872,-1.621885,0
-0.955060,0.041414,0
-1.621205,-2.331875,0
-0.241208,0.824659,0
-0.196981,-0.688734,0
-1.280392,0.263313,0
-0.857403,-1.235525,0
-0.323720,-1.634274,0
0.212948,0.913440,0
-0.921062,-0.918691,0
-1.514051,-0.430182,0
-0.731231,0.566966,0
-1.535227,0.337612,0
-0.777697,0.024388,0
-0.791889,-0.552373,0
-0.160918,0.059834,0
-0.818997,-0.566952,0
-0.298310,0.228315,0
-1.123269,-0.120335,0
-1.493336,0.513452,0
0.919896,-0.881928,0
-0.795739,-0.091728,0
-1.085102,0.644199,0
-0.256597,0.690053,0
-2.082722,-0.069892,0
-1.235533,-0.760047,0
-1.949264,-0.417091,0
-1.566900,0.547980,0
-0.569344,-1.263917,0
-0.046212,-0.560998,0
-0.743113,-0.325024,0
0.073471,0.642348,0
-0.273950,0.287582,0
-2.160921,1.019096,0
0.232723,-0.233283,0
-0.955212,-1.226517,0
0.179973,-0.270239,0
-1.144341,0.101105,0
-1.109922,1.390401,0
-1.838318,-0.909668,0
-1.227470,-0.604501,0
-1.831673,-0.494622,0
0.307313,0.202641,0
-0.148378,-0.025041,0
-1.163869,0.507051,0
-1.129765,0.103678,0
0.013240,-0.338571,0
-1.304213,-0.344212,0
-2.241533,0.214037,0
-1.970900,0.155909,0
-0.402289,-0.269529,0
-1.608931,1.402097,0
-2.123612,-0.320806,0
-1.479549,1.122167,0
-0.440302,-1.462640,0
-1.021175,-0.021477,0
-0.361114,0.492761,0
-0.519449,-0.691765,0
0.099467,-0.467168,0
-0.138197,0.126483,0
-1.610339,-1.176582,0
-0.989991,-0.375499,0
-1.085171,-0.420125,0
-1.178378,-0.313308,0
-0.987432,-0.576747,0
-0.152212,-1.314567,0
-1.217132,0.154613,0
-2.008641,0.135515,0
0.054569,0.611197,0
-0.085327,0.343993,0
-1.214682,-0.146223,0
-1.471660,-1.245966,0
-0.312850,0.213171,0
-2.600193,-0.425625,0
0.159926,-0.978511,0
-1.162521,-0.244933,0
-0.741636,1.212608,0
-0.485459,1.570265,0
-1.456096,0.164778,0
-0.891886,-1.037576,0
-2.898370,0.343527,0
0.747030,-0.066833,0
-1.465498,0.255562,0
-1.740879,0.538965,0
-2.412593,-0.002500,0
-1.381119,-0.218057,0
-1.006411,-0.626854,0
-1.179457,1.088402,0
-1.141593,-0.787338,0
-0.741615,0.100036,0
-1.730257,-0.386683,0
-0.982291,-0.074037,0
-1.665222,-0.378977,0
-1.865260,0.349559,0
-1.239623,0.096935,0
-0.057307,-0.611654,0
-0.153437,0.129535,0
-0.451528,0.076123,0
-2.333631,-0.485865,0
-0.877293,-0.330343,0
-2.230089,-1.045994,0
0.128838,0.449253,0
-0.834809,0.098394,0
-1.332992,-0.890517,0
-0.303844,-0.978146,0
-1.102026,0.808805,0
-2.579131,0.492576,0
0.164112,-0.081456,0
-1.255952,1.344800,0
-1.585121,0.059810,0
-0.430791,-0.350892,0
-0.899982,1.968275,0
-1.345347,0.387072,0
-1.205146,0.920289,0
-1.485464,-0.059998,0
-1.068771,0.836529,0
-2.666088,0.939634,0
-0.649190,0.084032,0
-1.002463,-0.280097,0
-0.593712,0.498382,0
0.195156,1.535523,0
-2.271082,0.549345,0
-0.874105,0.005186,0
-2.169852,-0.219153,0
-1.580497,-1.502451,0
-0.174535,0.120102,0
-1.891150,1.365266,0
-0.384035,0.858844,0
-0.704453,0.136450,0
-1.739834,-0.199805,0
0.898295,-1.048484,0
-0.347770,-1.037268,0
-0.696559,0.049776,0
-1.262160,-0.109846,0
-1.876038,0.591846,0
-0.666694,-0.292387,0
-1.290427,0.139044,0
-0.603342,-1.191253,0
0.776137,-0.757033,0
0.684115,0.471194,0
-1.555226,0.944206,0
-1.775273,0.046722,0
-2.279936,0.549017,0
-0.904153,-1.002787,0
-0.290309,0.375961,0
-2.055364,-0.826173,0
-1.066894,0.685618,0
0.103097,0.843161,0
-1.690174,0.052632,0
-0.275641,0.137468,0
-0.840426,-0.428386,0
-1.785178,-0.081771,0
-0.595558,0.271831,0
-1.345012,-0.095343,0
-0.735348,-0.719091,0
-1.676508,-0.361184,0
-0.846068,-0.196303,0
0.864728,0.093410,0
-1.107835,0.134382,0
-0.693414,0.705427,0
-0.910218,0.153823,0
-1.204510,1.109088,0
0.008790,0.421472,0
-0.770325,-0.164798,0
-1.068059,-0.152285,0
-2.024408,0.791378,0
-2.013466,0.193245,0
-1.053446,-1.067545,0
-1.612408,0.280747,0
-1.006101,0.784423,0
-1.214813,-0.623107,0
-0.784329,1.289051,0
-2.011303,-0.918566,0
-1.727804,0.865409,0
-1.877528,-0.104374,0
-0.615889,-1.040615,0
-2.618841,-0.257386,0
-0.506616,0.339872,0
-0.699759,-1.006732,0
-1.194299,0.777127,0
-0.774769,-0.065832,0
-1.766587,-0.378712,0
-2.162867,1.175199,0
-1.096471,-0.295855,0
-0.602449,-1.258501,0
-0.111200,0.282377,0
-2.188219,0.076003,0
-0.928499,-0.442635,0
0.489500,-0.070246,0
-1.027806,0.853756,0
-0.135198,-0.850668,0
-1.314673,0.203494,0
-1.221169,1.431526,0
-0.700020,-0.015311,0
-0.572531,-0.077774,0
-1.210629,-0.018199,0
-0.236996,-0.006842,0
-0.978115,-1.054714,0
-1.743182,-0.333780,0
0.427027,0.918195,0
-1.352558,-0.919111,0
-1.865142,-1.818953,0
-1.602619,-0.180607,0
-0.288245,-0.149151,0
-1.726358,-0.499221,0
-1.976751,-0.335274,0
-0.375975,0.211720,0
-0.333926,0.170062,0
-0.658324,0.595885,0
-1.237351,-0.286200,0
-0.686219,-0.097080,0
-1.216904,0.064366,0
-0.733588,0.730864,0
-2.399277,-0.365793,0
0.036462,1.426653,0
1.139369,0.856483,0
-0.959773,0.219553,0
-0.156469,0.488815,0
-1.102211,-1.068373,0
0.815717,1.252299,0
-1.106583,-0.533788,0
-0.116247,1.004317,0
-1.979761,0.526358,0
-1.909780,-0.566923,0
-1.151837,0.159071,0
-0.816633,-0.033016,0
-1.585840,-0.458321,0
-0.399005,-0.569293,0
-1.660082,-1.031350,0
-0.563287,-0.050482,0
-1.018535,-0.998191,0
-0.321623,0.146394,0
-0.405326,0.562669,0
-2.050946,0.351490,0
-2.170924,-0.297152,0
-0.918230,-0.877524,0
-0.970552,0.615940,0
-0.059908,-0.085207,0
-0.949998,0.507765,0
-0.490445,1.053639,0
-0.987508,1.950245,0
-1.280380,0.985199,0
-1.796074,0.559070,0
-0.419417,-1.264180,0
0.374558,-0.785738,0
-0.555466,1.430836,0
-0.571418,0.169285,0
-1.526047,-0.199082,0
-0.794056,-0.724362,0
-0.662732,0.898331,0
-1.644870,0.052361,0
0.175781,-0.485285,0
-1.237927,0.099819,0
-1.145339,-0.270876,0
-2.323639,0.395274,0
-0.655250,1.021174,0
-0.548657,0.046341,0
-0.407067,-0.192460,0
-2.368496,0.523038,0
-1.407993,-0.979338,0
-1.895231,0.336270,0
-0.665563,-1.085265,0
0.087410,-0.939360,0
-0.489075,-1.757897,0
-0.591957,-0.570676,0
-0.838030,0.788762,0
-0.696167,-0.404592,0
0.278302,0.095067,0
-0.916819,-0.490807,0
-0.184420,0.589486,0
-1.179493,-1.068117,0
-1.910581,0.472915,0
0.865699,-0.235383,0
-0.837555,-0.240866,0
-0.655205,-1.166516,0
-1.118519,0.823035,0
-1.445165,0.448238,0
-1.055578,-0.623396,0
-1.298244,0.594879,0
-1.470234,0.689071,0
-0.313945,1.377120,0
-1.316180,-0.182019,0
-2.053416,0.214335,0
0.082592,0.846834,0
-1.045600,-1.066498,0
-0.572377,-0.599661,0
-2.045220,-0.568450,0
-0.895651,-0.616125,0
-3.456969,1.296491,0
-1.022734,0.562911,0
-1.049880,0.421509,0
-2.395446,0.150225,0
-1.084382,0.541122,0
0.407462,-0.162260,0
-1.503581,-0.065338,0
-0.733050,0.049945,0
-0.157290,0.306051,0
-2.196894,-0.283164,0
-1.984528,-0.356243,0
-1.191460,-0.620655,0
-0.845166,0.794524,0
0.362877,-0.513255,0
-0.867521,-0.862951,0
-0.670515,0.002215,0
-1.197155,-1.971246,0
-1.855891,-0.684631,0
0.053964,-1.562351,0
-1.849667,1.132266,0
-2.168299,-1.054414,0
-0.784894,0.557307,0
-0.479237,0.095614,0
-1.932671,1.858915,0
-2.158189,1.091836,0
-1.611505,-0.245442,0
-1.524130,0.577255,0
-0.824712,-1.195016,0
-1.322040,-0.376001,0
-1.659090,0.215977,0
0.094643,-0.949591,0
0.207718,-0.498388,0
-1.501120,0.899046,0
-0.318467,0.155279,0
-1.345525,0.208886,0
-2.319939,0.482339,0
-0.489508,0.406327,0
-1.752250,-0.857201,0
-1.775159,0.582753,0
-0.421771,-1.571811,0
-1.395230,0.505233,0
-0.510861,0.898527,0
-0.065891,0.459523,0
-1.180486,-0.092411,0
-1.304469,0.372462,0
-0.631834,1.881088,0
-0.757518,0.689093,0
0.289619,0.423314,0
-1.481084,-0.743065,0
-0.907843,-0.556000,0
-1.507432,0.701991,0
-0.614725,-0.878862,0
-1.014830,-0.585160,0
-1.139898,0.471786,0
-0.063683,-0.434615,0
-2.396839,-0.636402,0
-0.771248,0.756256,0
-1.599944,-1.136072,0
-0.625755,0.668294,0
-0.972022,1.459805,0
-2.274219,0.679249,0
-1.356188,0.703475,0
-0.714611,0.758591,0
-0.995798,-0.308491,0
-0.415221,-0.629995,0
-1.357629,1.251462,0
-0.964864,0.822111,0
-2.252662,0.266609,0
-1.460912,0.115796,0
-1.455126,1.291305,0
-1.047129,0.865008,0
-1.093970,1.750545,0
-0.001054,0.631095,0
-0.768642,-0.833989,0
-0.973599,0.773169,0
-0.434784,1.818099,0
-1.738377,-0.624990,0
-0.806948,0.161728,0
-1.435750,0.187780,0
0.078863,-1.934071,0
0.185691,-0.790391,0
1.119810,0.012339,0
-2.357259,1.081367,0
-0.321145,-0.476438,0
-1.594727,-0.253663,0
-1.347486,-0.951431,0
-0.123022,-0.405735,0
-0.663861,0.965094,0
-1.089185,0.605691,0
0.012144,-1.289843,0
-0.477834,-0.000363,0
-0.188731,0.644426,0
-1.066667,-0.886242,0
0.241479,0.736217,0
-0.615670,0.734491,0
-0.459617,-0.170685,0
-0.702634,1.016837,0
-0.555661,-0.552960,0
-1.399221,-0.436022,0
-1.159812,-0.371999,0
-1.434461,-0.180066,0
-0.983614,0.272979,0
-1.587895,0.315143,0
-1.709018,-0.265800,0
-0.740360,-0.658328,0
-1.910848,0.468882,0
-0.911615,0.071383,0
0.437960,-0.530460,0
-0.258481,-0.069518,0
-0.702802,-0.556718,0
-1.358466,1.473044,0
0.112481,-0.080394,0
-0.671185,0.810230,0
-1.226892,-0.938653,0
-0.772174,0.208922,0
-1.591456,0.237991,0
-0.704500,-1.010514,0
-1.400449,-0.814472,0
-1.450053,-1.121758,0
-1.565462,-0.558211,0
-2.285482,0.286764,0
0.576991,1.277627,0
-0.663668,0.617368,0
-1.701140,0.053555,0
-0.735367,-1.589011,0
-1.041391,-0.132271,0
-1.896000,-0.015635,0
-1.409163,0.712945,0
-1.800342,0.722553,0
-1.321108,-1.441974,0
-1.507588,-0.270659,0
-2.318388,0.121159,0
-2.168777,1.214958,0
-1.433413,0.083820,0
-1.582104,0.019895,0
0.657260,-0.125425,0
0.203357,1.604712,0
0.300733,0.867130,0
-1.152470,-1.081407,0
-1.290626,1.077503,0
-1.546913,-0.227629,0
-0.992488,0.054665,0
-1.215854,-1.504411,0
-0.432869,-1.007285,0
-2.156006,0.151908,0
-1.766895,0.259126,0
-0.863326,0.854153,0
-0.403212,-0.475007,0
-1.344933,-0.677104,0
-0.986157,-0.263763,0
-1.000238,0.328674,0
-1.154533,-0.574648,0
-2.005618,0.658264,0
-1.465359,-0.533534,0
-0.274154,0.357901,0
-0.061706,1.086801,0
-1.666656,0.022322,0
-0.649430,0.156175,0
-1.654529,-0.368898,0
-0.608889,-0.270003,0
0.055580,0.085586,0
-2.591691,0.043558,0
-0.977130,-1.089499,0
-0.756618,-0.041410,0
-1.309586,0.656356,0
-1.550040,-0.151548,0
-2.636377,0.333488,0
-0.417612,-0.379971,0
-0.248544,0.963371,0
-1.834433,1.172687,0
-0.397770,-0.220215,0
-0.703947,0.252678,0
-1.172527,-1.342539,0
-1.011924,0.274508,0
-0.358559,1.290102,0
-2.664625,-0.790860,0
-2.569700,-0.247072,0
-1.989839,0.360165,0
-0.952925,-0.597298,0
-1.436248,-0.466256,0
-1.735831,-0.894393,0
-0.654203,0.596199,0
-1.020346,0.926118,0
-0.937824,0.177435,0
-0.226071,1.356039,0
-0.580156,0.376217,0
-0.707763,0.269987,0
-0.021663,0.298251,0
-0.651545,0.563085,0
-1.203178,0.345722,0
-1.846682,-1.237809,0
-1.797068,-0.120430,0
-1.484124,0.635045,0
-0.478753,1.276419,0
-2.813371,0.261365,0
-0.895058,1.667886,0
-0.648430,0.114952,0
-1.719781,-0.361578,0
-0.263351,0.375591,0
-0.574506,-0.271209,0
-0.403099,0.120796,0
-1.702141,-0.476072,0
-1.069630,-0.591830,0
-1.749256,-0.564948,0
-2.252388,0.364756,0
-0.195673,-0.495235,0
-0.516488,1.532078,0
-1.102162,0.318647,0
-0.652031,1.192000,0
-2.064968,0.020506,0
-0.038930,-0.339498,0
-0.007205,0.289594,0
-0.487034,0.247579,0
-1.529093,-1.217821,0
-1.411811,0.325480,0
-1.858385,-0.380249,0
-1.749897,0.382641,0
-2.348412,0.248428,0
-1.035277,0.106189,0
-2.054319,-1.127167,0
0.214167,-0.254071,0
-1.054593,-0.553713,0
0.350187,0.564395,0
-0.993827,0.458224,0
0.016331,0.225779,0
-2.454965,-0.606510,0
-0.770436,0.408499,0
-0.689464,-1.299981,0
-0.595067,1.705588,0
-1.322042,-1.191812,0
-2.383401,1.334126,0
-1.191339,0.591010,0
0.576562,-0.957714,0
-0.374938,-0.089528,0
-0.247122,0.565229,0
-2.585381,0.040453,0
0.989694,-2.500449,0
-0.184977,0.082700,0
-1.934494,0.882132,0
-0.486831,0.975788,0
-1.671971,1.205907,0
-1.668026,0.646061,0
-0.722953,-1.052562,0
-1.151750,0.981722,0
-1.103586,0.300594,0
-0.264888,-0.115122,0
0.539274,0.790823,0
-1.327540,-1.043243,0
-0.953640,-0.771397,0
-1.283412,-0.614216,0
-1.427356,0.344999,0
-0.932791,0.437734,0
-0.410166,-0.081433,0
-1.007033,0.055601,0
-0.320721,-0.041639,0
-0.896060,0.501291,0
-1.304497,0.011754,0
-0.469804,-0.880040,0
-1.439195,-1.650676,0
0.633828,1.114766,0
0.223943,-1.287530,0
-1.972650,-0.874753,0
-0.940131,-1.323710,0
-1.087376,-1.431368,0
-2.467939,0.342083,0
-1.212608,1.602215,0
-1.407253,0.822224,0
-0.870349,0.172679,0
-0.161177,-0.094243,0
-0.857061,-0.408836,0
-1.293517,-0.370099,0
0.377896,0.101830,0
-1.052941,1.023934,0
-1.625735,1.011886,0
-2.015759,-0.085161,0
-0.670352,0.771657,0
-1.356953,-0.000363,0
-1.679730,-0.448996,0
-1.574673,-1.207091,0
-0.859271,-0.491502,0
-0.721058,1.003776,0
-1.566295,-1.087499,0
-0.199899,-0.515594,0
-1.180840,0.678129,0
0.190379,-0.745948,0
-1.796896,-0.105140,0
-0.561949,-0.263218,0
-0.943757,1.075552,0
-0.909522,-1.113224,0
0.187193,-0.033352,0
-1.697816,-0.324259,0
0.080431,-0.451520,0
-1.029425,0.269431,0
-1.261989,1.176146,0
-0.558834,-1.204222,0
-1.129237,0.111875,0
0.594157,-0.418971,0
-1.171040,1.086767,0
-0.345428,0.498411,0
-2.185911,-0.717415,0
0.139002,-0.906563,0
-0.687252,0.386783,0
-0.377246,-1.482473,0
-0.641090,0.832775,0
-1.119396,0.676955,0
-0.428051,-0.581258,0
-1.048600,-0.023619,0
0.580968,-1.039643,0
-1.178831,-0.892812,0
-2.545709,-0.970700,0
-3.259783,0.783713,0
-0.642495,-1.072927,0
0.039502,-0.073664,0
-2.555615,-1.277328,0
-1.268987,-0.394415,0
-1.748818,-0.658439,0
-1.425556,-1.189880,0
-0.403124,0.328840,0
-0.704615,1.640008,0
-2.355971,0.993150,0
-1.283793,-0.328823,0
-1.624700,-0.772382,0
-0.385821,1.096645,0
-1.632030,-0.677933,0
-0.034877,0.018753,0
-0.046797,-2.096919,0
-0.629192,0.629968,0
-1.100154,1.245692,0
-1.355607,-0.593075,0
-0.790124,-0.234383,0
-2.004244,0.543412,0
-1.322389,0.240737,0
-0.845089,0.218163,0
-0.031243,-0.287577,0
-1.583081,0.374947,0
-2.293048,0.154247,0
-0.740733,0.505398,0
-0.965778,-0.999558,0
-1.147454,-1.946498,0
-0.316734,-0.741183,0
-0.487016,0.722330,0
-1.421236,0.200773,0
-1.041804,1.084607,0
-1.369907,-0.035886,0
-1.920557,0.066241,0
-1.079909,1.008316,0
-0.287300,-0.118545,0
-1.420889,0.366457,0
0.249715,0.092698,0
-2.059909,-0.176005,0
-0.082444,-0.306133,0
-1.039501,0.566566,0
-0.454999,0.247671,0
-2.264505,1.025648,0
0.282451,0.449130,0
-0.399364,-0.347683,0
-0.656364,-1.700020,0
1.349040,-0.959112,0
-2.314897,-0.586461,0
-1.962303,1.430844,0
-1.919300,-0.265564,0
-0.453147,-0.576463,0
0.198115,0.045002,0
-2.301189,-0.430614,0
-0.029027,-1.127739,0
-1.107316,-0.280683,0
-1.228329,0.212172,0
-0.522145,0.919813,0
-0.431599,-0.366779,0
-0.073989,-1.544158,0
-2.260849,0.182786,0
-0.851287,-0.243431,0
-0.036517,-0.195756,0
-2.011524,0.645260,0
-0.445252,2.439170,0
-0.305111,0.245308,0
-0.222119,0.361630,0
-0.511548,1.028523,0
-1.655362,0.237892,0
-1.353199,-0.867806,0
-1.678960,0.672083,0
-0.558447,0.006680,0
-0.869005,0.003075,0
-2.502055,0.266713,0
-1.249705,0.740047,0
-1.734999,0.196127,0
-2.149005,-0.184432,0
-1.389705,0.309030,0
-0.893564,-2.052762,0
-0.596680,-1.347583,0
-0.906394,1.036307,0
-0.847642,-0.164985,0
-1.007733,-0.555825,0
-1.950908,-0.629395,0
-0.025011,-1.103785,0
-0.768238,-0.031393,0
-1.231990,0.507700,0
0.412535,-0.664689,0
-1.525585,-0.100567,0
-1.542655,-0.310027,0
-0.416314,-0.215386,0
-0.800656,-0.211968,0
-0.786090,0.528783,0
-0.942593,-0.457904,0
-0.621567,0.874290,0
-0.864532,-1.050725,0
-0.457757,-0.316590,0
-0.116475,1.122698,0
-1.320735,0.496107,0
-2.084659,-1.205590,0
-0.997182,-0.638946,0
-0.980560,0.251159,0
0.209375,0.159261,0
-1.210061,-0.276788,0
-0.569995,0.678986,0
-2.344164,-1.200832,0
0.261579,1.429659,0
-1.357219,-1.112302,0
-0.582718,0.354283,0
-1.354688,-0.626772,0
-1.082453,-0.993131,0
-2.429060,1.170239,0
-1.316282,-1.059803,0
-1.368752,0.573204,0
-0.574631,1.196288,0
-1.308231,0.236209,0
-0.576349,0.789781,0
-1.014902,0.014351,0
-1.668411,1.371772,0
-0.556958,-0.208946,0
-1.232645,0.336539,0
-1.665939,-0.643659,0
-0.999146,-0.563365,0
-1.941619,0.569310,0
-1.659255,0.029125,0
-0.651689,-0.046621,0
-1.445618,-0.390429,0
0.359522,0.253734,0
-2.372217,-0.052763,0
-0.287322,-0.541267,0
-1.520159,-0.553917,0
0.304092,1.254028,0
-0.661783,-1.292444,0
-0.863704,0.309286,0
-1.434125,1.656401,0
-1.150743,-0.287388,0
-2.198150,1.296226,0
-0.514628,-0.770874,0
-1.254885,-0.411896,0
0.340677,-0.181818,0
-1.160029,0.337735,0
-1.053669,0.209352,0
-0.289867,0.357633,0
-1.131789,0.637751,0
-1.277888,0.861266,0
-1.355141,0.411989,0
-1.979547,0.175880,0
-0.857281,-0.443564,0
-1.847370,0.657776,0
-0.185376,0.312345,0
-0.729659,0.301456,0
-1.633053,-0.093955,0
-0.629707,-0.756138,0
-0.789713,0.790111,0
-0.383940,-0.492318,0
-0.061798,-2.004617,0
-1.347878,-0.158661,0
-0.184099,1.103461,0
-0.781259,0.306287,0
-2.904635,-0.776968,0
-1.427906,-0.251713,0
-1.496551,0.648543,0
-0.324366,1.064289,0
-2.576107,0.756567,0
-1.682636,0.632930,0
-2.375497,0.838147,0
-1.361319,0.223521,0
-0.948714,1.601108,0
