-0.108128,-0.579462,1
0.628597,-0.700659,1
2.137697,-0.418363,1
2.066722,-0.516403,1
0.168486,1.867090,1
1.936899,0.611891,1
1.350741,0.047768,1
1.756728,-0.503553,1
1.961979,1.015350,1
0.965962,-0.053192,1
0.093946,0.482406,1
2.862342,0.586669,1
0.450129,-1.185861,1
1.220015,0.482679,1
1.740080,0.562232,1
0.508438,-1.933919,1
1.348579,-0.954777,1
1.447033,-0.499188,1
0.711887,1.200421,1
0.754676,1.205124,1
1.459591,1.181545,1
1.425889,1.209761,1
0.800490,-0.291204,1
-0.240442,0.978408,1
2.057703,0.915646,1
0.638720,-0.613030,1
1.587337,0.352036,1
0.415888,-0.320321,1
1.037015,-0.645062,1
1.019181,0.425049,1
0.484104,-0.212095,1
0.892470,0.528120,1
0.863887,0.801585,1
1.674118,0.395661,1
1.673712,0.306474,1
0.806383,0.056552,1
2.134508,-0.623741,1
1.222353,-0.391248,1
0.612352,2.019977,1
1.935012,-1.251026,1
-0.118710,0.916263,1
-1.194801,0.473449,1
2.075858,0.165820,1
1.749628,1.446013,1
1.699293,-0.552995,1
1.327055,-0.286789,1
1.835371,-0.398117,1
1.003123,-0.602883,1
0.753305,-0.273282,1
2.115862,-0.796117,1
1.981115,-1.214120,1
0.704264,-0.675067,1
0.662332,0.028450,1
2.743644,-0.481689,1
1.227326,0.396191,1
0.473235,0.434481,1
0.026614,-0.808711,1
1.508825,-0.490764,1
0.277805,0.133447,1
1.842654,0.695486,1
0.957285,-1.237348,1
0.290170,-0.193333,1
2.575472,-0.830856,1
1.788578,0.230879,1
1.871670,-0.964696,1
0.587404,-1.896011,1
0.827519,-0.396685,1
-0.019619,0.305533,1
1.387706,-0.601813,1
2.150593,-1.761381,1
1.621061,0.665322,1
2.076819,-0.312419,1
0.801991,0.955975,1
0.043740,-0.253220,1
0.349557,1.300549,1
0.212395,-1.021881,1
0.272720,-0.153254,1
1.077910,0.664618,1
3.099168,0.393538,1
0.713662,0.627808,1
-0.135137,-0.114938,1
1.286865,0.109872,1
0.807844,-1.380740,1
1.152101,0.601144,1
1.649905,-0.044742,1
-0.338287,-0.265008,1
0.286138,0.303179,1
1.621844,-1.231404,1
0.065995,-0.111715,1
1.156528,-0.232420,1
0.496712,-0.111672,1
-0.337463,0.130154,1
0.815893,0.674414,1
1.006505,0.430442,1
0.188268,-0.037486,1
1.524961,-0.885473,1
-0.096028,-0.429231,1
0.941255,0.885210,1
1.395129,-0.727403,1
1.226527,-2.120862,1
2.361441,-1.295628,1
1.246398,-0.821447,1
1.864000,0.193258,1
2.081867,1.296662,1
1.654899,0.349449,1
1.510164,0.768499,1
1.808496,-0.549470,1
0.758853,0.432076,1
0.243875,-0.123285,1
-0.072291,-0.186811,1
1.213714,-0.301663,1
-0.539997,0.416727,1
1.156975,-0.871636,1
-0.979866,-0.964187,1
-0.209644,-1.588639,1
0.524018,-0.447145,1
0.218935,-0.081286,1
0.608876,0.593990,1
1.027826,-0.620438,1
1.711196,0.361811,1
2.677274,0.855324,1
0.545539,0.344273,1
0.825770,0.818329,1
0.231482,-0.703310,1
0.861410,-0.862408,1
1.447896,0.359650,1
0.148045,-0.009398,1
1.020460,-1.762607,1
1.446672,0.505412,1
1.186407,0.421608,1
-0.184665,-0.553110,1
0.312066,0.857565,1
0.285119,-0.798198,1
0.903755,0.844029,1
2.055551,-0.460477,1
2.382216,-0.206192,1
1.384023,0.585922,1
1.937942,1.227008,1
2.044155,1.268016,1
0.963940,0.017423,1
1.033913,-0.046188,1
0.454511,0.508205,1
1.219185,-0.520095,1
1.325959,1.240042,1
0.348673,0.608499,1
2.476039,0.406765,1
0.966541,-1.137206,1
-0.142220,-0.447951,1
0.977034,0.201093,1
1.672930,-0.394623,1
2.282267,0.329562,1
1.275145,0.370653,1
0.962939,-0.230538,1
1.516261,0.230433,1
1.410888,0.618684,1
-0.455651,1.723858,1
-0.512489,1.061691,1
0.849946,1.078903,1
0.240114,-0.305575,1
0.564655,-1.180306,1
0.724855,-1.406613,1
1.702548,0.389896,1
-0.889125,0.439665,1
1.113176,-0.705381,1
1.550947,-0.368741,1
1.015282,0.651690,1
0.608499,0.351380,1
0.615366,1.132580,1
1.254407,0.131789,1
2.491840,-0.727762,1
0.720909,-1.282221,1
1.520437,-0.721474,1
0.523297,0.307045,1
0.967783,0.599872,1
0.239818,1.117634,1
0.023687,-0.432712,1
0.686198,-0.269458,1
1.084855,-0.470934,1
0.771283,1.245492,1
1.269371,0.043836,1
0.778344,0.029800,1
1.855516,0.473599,1
0.685917,0.084858,1
1.315369,-1.142893,1
1.367600,2.381166,1
1.086055,-0.121342,1
2.581611,-1.370229,1
-0.326783,-0.543427,1
0.329925,-1.283005,1
1.374551,-0.108913,1
1.417548,-1.033188,1
1.095265,0.439447,1
-0.549122,-0.043467,1
2.750254,2.873460,1
1.837564,0.724388,1
0.839924,-0.036956,1
2.214965,0.462909,1
0.614237,-0.810110,1
1.575225,1.048067,1
1.153851,0.191863,1
1.933213,1.061468,1
0.510688,-0.114982,1
1.292582,0.361825,1
0.758722,0.956444,1
0.945520,-0.210937,1
1.569984,0.466267,1
0.735224,-0.900022,1
2.314553,0.348135,1
0.171315,0.080425,1
0.214831,0.275694,1
1.972415,0.297526,1
1.277639,1.035767,1
0.083278,-1.085886,1
0.641603,-0.566444,1
0.084182,0.870447,1
0.190895,0.108605,1
2.300721,1.593297,1
0.542742,-0.488114,1
1.590937,-0.740041,1
3.185361,-1.009069,1
1.070520,0.454364,1
1.258975,2.014345,1
2.052838,0.796854,1
1.953852,0.353184,1
0.991775,-1.837834,1
1.493469,-0.708287,1
1.831395,0.967909,1
0.497696,0.747042,1
1.110699,0.255275,1
0.667613,2.072562,1
0.910660,-0.573898,1
0.797201,-0.502176,1
0.831826,0.189212,1
1.133966,-0.434013,1
0.263724,-0.523604,1
1.758561,-1.037785,1
-0.368425,-1.099722,1
1.702258,0.413608,1
1.695472,-1.086764,1
-0.012221,-0.698910,1
0.758842,-0.375338,1
-0.555088,0.067388,1
1.949966,-2.254963,1
1.947469,0.620066,1
1.004840,1.166118,1
0.463909,-0.227555,1
0.735467,-1.159212,1
1.501549,1.460332,1
2.326309,0.883481,1
0.361527,-1.475415,1
1.670100,-0.543155,1
0.850107,-0.108594,1
2.345874,-0.067072,1
0.325213,-1.893479,1
1.491249,-0.042317,1
1.195419,0.177711,1
1.038529,0.641128,1
0.128481,-0.268991,1
0.425730,1.696265,1
0.744840,0.253708,1
1.427371,0.215402,1
-0.340831,0.179690,1
0.450461,-0.699819,1
1.956073,-0.649541,1
1.212068,-0.017585,1
0.353203,0.892536,1
0.606953,-0.584634,1
1.148626,1.078188,1
1.045616,-0.613162,1
1.274611,0.374414,1
1.278928,0.233991,1
-0.070888,-1.289127,1
-0.131764,0.797503,1
-0.068047,-0.224128,1
1.821143,-0.197372,1
0.382807,1.268564,1
1.701718,0.463641,1
0.099783,0.184232,1
3.001343,0.331734,1
1.291362,0.133144,1
0.700470,-0.554995,1
0.804956,-0.842945,1
0.272639,-0.661039,1
1.851277,-0.308410,1
0.650814,0.792691,1
0.395190,0.742841,1
1.258188,0.493051,1
0.525731,0.448802,1
1.657312,0.444527,1
-0.377532,0.349636,1
0.657193,-0.437700,1
-0.643985,0.227528,1
0.679367,0.098307,1
-0.749430,0.554110,1
1.398314,-1.050870,1
1.956259,-0.029909,1
0.641492,1.085069,1
0.418928,0.253073,1
-0.045047,-0.092831,1
0.505111,-1.083018,1
1.499541,0.021182,1
0.798129,0.331907,1
1.728844,1.055602,1
1.576271,-0.806354,1
2.223809,0.944151,1
0.376990,0.025406,1
0.510645,-0.494013,1
0.335723,-0.271847,1
-0.301020,0.437713,1
1.392837,1.340311,1
1.427972,1.130741,1
0.004178,-0.313000,1
1.962681,0.487669,1
-0.028728,0.891021,1
-0.456879,-0.472865,1
0.876942,-0.205356,1
0.430965,0.187796,1
1.344078,0.015968,1
0.423004,-0.013202,1
2.076648,0.007125,1
-0.135148,-2.036376,1
1.401510,-0.029058,1
-0.101370,-0.045595,1
0.784640,-0.014302,1
0.443147,-0.174270,1
1.948362,0.524755,1
0.498782,-0.532327,1
0.182252,-0.273503,1
1.302253,0.531951,1
0.331162,0.783947,1
1.146600,0.750203,1
0.764260,0.151826,1
1.523071,0.444804,1
0.269305,0.075081,1
-0.065757,-0.334092,1
0.015192,-0.326058,1
1.656440,-0.498669,1
0.815348,-0.214860,1
1.857212,-0.568119,1
-0.358981,-0.048783,1
1.665251,-0.329942,1
-0.411958,0.856854,1
1.097069,-0.686013,1
1.357199,0.717409,1
0.862450,1.396978,1
0.127266,0.297226,1
0.679319,-0.485469,1
1.818903,-0.452105,1
1.940034,-0.406313,1
0.167431,0.451648,1
1.712890,0.339430,1
1.086713,-0.513695,1
0.805254,0.741794,1
1.397755,-0.182011,1
0.696678,0.787592,1
0.834955,1.466720,1
1.489931,0.454594,1
2.017011,-1.242294,1
-0.253609,-0.593628,1
-0.135826,0.390277,1
1.744341,-0.032939,1
0.168417,-0.704476,1
1.382086,-0.960872,1
-0.771025,-0.013698,1
1.116786,1.522228,1
1.733590,1.452796,1
0.931673,-0.945441,1
2.901329,-1.129712,1
1.576980,-1.085194,1
0.592199,0.226753,1
1.205172,0.232675,1
1.841877,0.235809,1
1.459562,-0.556490,1
1.076952,-0.389640,1
-0.562269,-0.048116,1
-0.782983,0.168359,1
0.441710,0.746570,1
1.648714,0.171738,1
-0.329166,-0.477658,1
2.083516,-0.374269,1
2.454110,1.189965,1
2.002663,-0.200522,1
0.261643,-0.329884,1
1.170896,-1.848839,1
2.111401,-0.995039,1
1.508783,1.117401,1
1.065157,-0.336147,1
0.264018,0.598917,1
1.600616,0.778840,1
1.340856,0.111770,1
2.450589,-0.317111,1
0.424284,0.349020,1
1.304028,0.280322,1
1.044304,0.326220,1
1.232526,1.236963,1
1.198280,-0.463771,1
1.269190,0.110275,1
0.890592,-1.117172,1
1.792509,-0.515962,1
1.485782,-0.070436,1
0.572284,1.254199,1
1.614542,1.139325,1
1.337523,-0.280726,1
0.863720,-0.647453,1
1.368887,-0.197566,1
-0.325355,1.402071,1
-0.184170,-0.034792,1
1.326503,-0.136865,1
0.483635,-0.327175,1
1.688909,0.257172,1
0.272477,-0.421934,1
2.484761,-1.489856,1
0.382938,0.550892,1
0.281832,-1.031277,1
1.172997,-1.306342,1
1.800382,0.162063,1
2.044334,-0.679546,1
0.957319,-0.608584,1
0.600968,-0.386217,1
1.687826,-1.020752,1
0.668854,0.801660,1
-0.109852,0.121646,1
0.108135,-0.629397,1
1.068929,0.869842,1
1.200934,-0.828374,1
0.045119,1.088854,1
1.050337,0.170792,1
1.651476,-1.139108,1
-0.354668,-0.185339,1
2.267309,-0.063493,1
2.217194,-0.857362,1
1.882217,0.726485,1
1.559072,0.649494,1
2.058624,-1.405413,1
0.328459,0.315729,1
1.171915,0.908202,1
-0.571245,-2.022154,1
1.654194,-0.568877,1
2.762802,0.082264,1
2.476939,0.112097,1
1.913125,0.614787,1
1.201609,0.512201,1
0.428270,0.382327,1
1.415127,-0.002943,1
1.079044,-0.278399,1
1.248037,1.147387,1
0.094744,0.095502,1
-0.539192,-0.740382,1
0.699738,-1.543529,1
0.502039,-1.971613,1
0.788025,0.096282,1
-0.019934,-0.016132,1
0.674225,0.659877,1
1.003542,-0.000524,1
-1.217739,-0.015524,1
0.227520,1.323395,1
2.490341,1.250911,1
0.607489,0.915454,1
0.571736,-0.015089,1
1.018342,0.668159,1
2.123293,1.215517,1
0.642662,2.012019,1
1.185708,-0.861542,1
1.726071,-0.054682,1
0.774506,-0.621588,1
0.229419,1.175299,1
0.121967,0.379625,1
0.551373,0.962928,1
1.715419,-1.262314,1
0.712056,-0.948014,1
1.294181,0.383777,1
1.234467,-1.152032,1
-0.918305,-1.009828,1
0.847351,-1.437647,1
-0.289872,0.178033,1
-0.131539,-0.111769,1
-0.067174,0.134996,1
0.683218,-0.502014,1
1.282947,0.770816,1
0.843180,0.839155,1
0.601370,0.115044,1
0.269424,-1.136420,1
1.570799,0.131729,1
0.045510,-0.377334,1
1.125802,-0.851107,1
1.430117,-0.930471,1
0.745834,-0.222691,1
1.023554,-0.542507,1
0.175360,-0.411811,1
1.448253,-0.512461,1
0.567939,-0.189722,1
-0.050308,-1.106970,1
2.044436,-0.535270,1
0.548326,0.401399,1
0.672391,0.438789,1
2.232010,-0.126547,1
0.876773,-0.944659,1
1.344871,0.614159,1
0.847450,-0.282882,1
0.764597,0.510415,1
0.809316,-0.326186,1
0.078156,-1.634685,1
2.594065,-0.237881,1
2.119127,0.704467,1
-0.107633,0.142789,1
0.040692,-0.654014,1
0.462479,-0.117603,1
1.691808,-1.297703,1
1.039621,0.322541,1
1.363763,-0.447735,1
1.568088,-0.053407,1
1.581625,-0.206395,1
1.322024,-0.266224,1
0.891895,0.973690,1
1.295218,-1.299530,1
0.781665,0.598248,1
2.276610,-1.187764,1
-0.522300,1.179881,1
0.543971,-1.476965,1
2.189206,0.691802,1
1.206426,0.831152,1
1.211756,-2.227556,1
2.287603,0.740269,1
-0.415730,0.229398,1
1.060260,-0.926837,1
-0.403944,-1.305618,1
0.288216,-0.960445,1
1.168945,1.236639,1
1.037874,0.592585,1
2.604134,-1.143570,1
1.379836,1.616710,1
1.917438,0.358568,1
0.643343,-0.270429,1
0.530896,-0.508739,1
0.132753,0.118953,1
-1.050233,0.392122,1
-0.006343,-0.067800,1
1.170765,-0.082386,1
-0.312108,-0.432078,1
0.433106,-0.570877,1
0.280005,-0.035155,1
1.621267,0.296376,1
1.751403,0.190478,1
1.013932,1.941744,1
1.300963,-0.040965,1
0.176406,-1.112539,1
-0.032746,0.172184,1
0.548540,-0.018538,1
0.612540,-0.519711,1
0.758730,-2.036206,1
0.919298,0.879921,1
1.587270,0.650036,1
1.064876,-0.950572,1
1.588245,-0.917695,1
0.923155,1.462567,1
1.759276,0.536964,1
0.912120,-1.256610,1
1.753965,-1.702610,1
0.848595,-0.565792,1
0.563236,0.239164,1
0.501449,0.719646,1
0.445226,-1.052802,1
1.119114,-0.929309,1
1.902700,0.169573,1
2.135053,0.759802,1
0.810271,-0.195409,1
-0.539175,-1.437075,1
-0.864236,1.030163,1
2.301788,0.594137,1
1.915811,-0.128987,1
1.176045,0.299016,1
1.772108,-0.326876,1
1.872094,2.037145,1
0.966939,1.110388,1
1.360636,0.351425,1
0.095237,-0.812882,1
1.172239,-0.474793,1
0.843751,-0.193634,1
0.337740,-0.493459,1
1.137307,-0.062208,1
2.509835,-0.236258,1
-0.904385,-0.404161,1
1.637990,0.367831,1
0.354118,1.309985,1
0.388781,-0.070130,1
1.444570,-0.424393,1
1.434065,0.800845,1
1.065474,1.154988,1
0.793112,-0.689408,1
1.830618,0.620567,1
1.672345,-0.778695,1
1.097960,0.571669,1
1.756545,0.842934,1
-0.096367,0.388013,1
1.580074,0.508724,1
2.804700,0.085372,1
-0.811393,0.107926,1
0.337272,-0.008045,1
1.395155,-0.019455,1
0.688702,0.248628,1
1.566067,-0.170697,1
0.944139,-1.569454,1
0.800145,-0.144748,1
0.098177,1.956512,1
1.200733,-0.333697,1
0.773488,-0.946202,1
0.598043,0.534130,1
0.224295,-0.545269,1
0.620411,-0.987455,1
-0.890277,-0.177286,1
1.340668,0.745849,1
0.367242,-0.453638,1
1.601847,0.547809,1
0.483401,0.220182,1
-0.050272,1.176449,1
1.353312,-0.337496,1
0.181225,0.519124,1
1.451839,0.531931,1
1.560312,-0.618192,1
0.555533,1.344130,1
0.199537,-0.396534,1
1.423273,-0.294419,1
1.111349,-0.200079,1
-0.114440,-0.871726,1
0.681755,-0.498608,1
1.689543,1.394233,1
0.944166,-0.495766,1
0.688689,-0.908355,1
1.993651,0.317944,1
0.880471,0.154737,1
-0.482669,0.428827,1
1.793603,-1.389762,1
1.469640,-0.893626,1
0.754266,1.165443,1
1.540800,-0.823709,1
1.056951,-0.229248,1
1.555599,0.966943,1
1.790913,1.067874,1
2.632113,-0.352350,1
1.233263,-1.809274,1
0.699601,-0.560978,1
0.489987,1.792823,1
1.172064,0.317423,1
1.026455,0.317055,1
-0.542140,0.291583,1
1.009577,1.487234,1
1.322052,0.064466,1
1.225244,0.133193,1
-0.035489,-0.502746,1
1.504015,0.013922,1
2.072701,-1.770809,1
-0.133228,-0.459442,1
1.411181,-0.013445,1
1.234091,-0.397329,1
1.781101,1.152166,1
0.204282,-0.413759,1
2.335566,-1.459115,1
2.859434,-0.154399,1
1.052429,-0.478391,1
0.815240,-0.669622,1
0.642061,0.381344,1
0.288746,0.579894,1
-0.433663,-0.466991,1
0.347448,0.607325,1
1.129429,0.110562,1
1.300611,-0.089375,1
0.546684,-0.583438,1
2.502487,0.863188,1
0.685641,-1.303029,1
0.354049,0.461761,1
1.386941,-0.527717,1
3.488534,-0.076141,1
0.600690,-0.686281,1
0.243358,-0.560983,1
2.132331,0.957501,1
1.393579,0.353500,1
0.753390,-0.199205,1
1.701190,-0.895662,1
0.191930,-0.732693,1
0.348478,0.479998,1
1.226993,0.117330,1
-0.168257,0.403212,1
2.187946,-1.015667,1
1.109897,-0.041818,1
1.487359,0.253700,1
1.182315,-0.378941,1
0.800661,0.931586,1
1.599967,-1.447539,1
1.420285,1.365550,1
0.694438,0.042019,1
-0.048728,-0.578934,1
0.604769,1.330204,1
1.413611,-0.877033,1
0.206858,0.897950,1
0.579724,-0.223443,1
0.836379,-1.197248,1
-0.217832,0.305674,1
0.265504,-0.920447,1
0.354007,-0.845708,1
0.202516,1.015376,1
1.099499,-0.631842,1
-0.662657,0.504892,1
2.656530,-0.480933,1
0.737825,0.298873,1
0.644433,-1.232609,1
0.819662,-1.470697,1
0.871357,0.506974,1
-0.057443,0.487735,1
1.141023,0.408548,1
0.339219,-0.073580,1
1.557218,-0.153956,1
1.052342,0.129485,1
1.063153,0.565207,1
0.873351,0.823604,1
0.169387,-1.169583,1
0.584086,-0.640464,1
0.606760,-0.977745,1
2.078932,-0.784138,1
0.968224,0.548540,1
-0.326554,-0.247076,1
0.449762,0.500765,1
0.221778,0.879638,1
0.208058,-0.708271,1
0.059102,-0.184025,1
1.533390,1.252755,1
-0.225079,0.532647,1
1.261533,0.654947,1
0.886635,-0.734132,1
0.884201,0.017076,1
0.029142,-0.624253,1
-0.210897,-0.470401,1
1.477027,0.009464,1
-0.711366,-0.031739,1
1.747325,0.324336,1
0.382864,0.400451,1
0.727846,0.189363,1
0.263896,-0.592283,1
0.842303,0.111811,1
1.781992,-0.657186,1
1.102846,0.076155,1
2.076620,-1.318896,1
1.369270,0.659781,1
1.753508,-1.980391,1
1.513664,0.367983,1
1.406984,0.724888,1
0.878745,0.225154,1
1.160853,0.389301,1
1.237701,0.593245,1
1.514298,0.161695,1
-0.683541,-1.244534,1
0.106510,1.182245,1
0.969178,-0.696844,1
0.946346,-0.840264,1
1.108669,-0.063560,1
1.769631,-0.306435,1
1.109394,0.930346,1
1.739076,1.082876,1
0.509505,0.031618,1
1.912291,-1.327841,1
0.563727,0.551228,1
0.454834,-0.714115,1
1.200893,-0.919630,1
1.095005,-0.026188,1
1.147454,-0.403928,1
2.188692,-0.626070,1
2.137323,-1.107116,1
1.727333,-0.793656,1
0.949121,1.463880,1
1.753269,-0.249842,1
-0.099299,-0.938410,1
0.470560,0.115588,1
0.959347,-0.708822,1
0.094518,-0.882678,1
1.765181,-0.494767,1
0.572880,1.406716,1
0.723442,-0.007793,1
1.768492,0.222204,1
0.950671,1.537006,1
2.583661,0.009121,1
0.359801,0.640515,1
0.119513,0.300287,1
0.646926,-0.417374,1
0.378425,-0.134178,1
-0.177469,-0.914838,1
1.153590,0.225047,1
1.575491,0.415614,1
2.281799,0.395270,1
0.732343,0.274937,1
1.213790,-0.270934,1
1.713361,0.725149,1
-0.603812,0.466513,1
1.426027,1.268616,1
0.754126,-1.027847,1
3.039641,0.549883,1
1.475382,-0.391767,1
1.176769,-1.795581,1
0.389252,-0.217650,1
0.114157,0.213036,1
1.419140,-0.143193,1
2.053397,0.565745,1
0.958026,-0.856411,1
1.174006,1.754534,1
1.129904,0.379883,1
0.849233,-1.107114,1
0.326108,0.532867,1
-0.181206,-0.570853,1
1.707211,0.096334,1
1.585502,1.227579,1
1.290978,-0.916561,1
-0.939360,0.110505,1
1.875416,-0.619633,1
1.107156,0.281367,1
1.409515,-0.669196,1
0.743673,0.480957,1
0.924943,0.513438,1
0.149631,0.114262,1
0.678678,0.398921,1
0.906179,0.391594,1
1.171263,-0.334645,1
1.420297,-0.395044,1
1.366155,-0.291290,1
1.255706,0.895730,1
0.666613,-0.047370,1
1.081450,0.470791,1
0.434924,0.927828,1
-0.335786,-0.095468,1
0.082329,-0.941241,1
0.517194,-0.524057,1
1.737383,0.070547,1
1.298791,0.482651,1
2.911851,-0.604123,1
1.325041,0.477526,1
1.964905,0.783720,1
0.581927,-0.198296,1
-0.621932,-1.191715,1
0.526202,0.611661,1
0.737408,-0.349785,1
1.099085,0.145125,1
0.720813,-0.425943,1
1.204998,-0.733828,1
0.501484,0.146618,1
1.761007,1.691166,1
1.544929,1.188056,1
0.438169,-0.743492,1
1.692939,0.446020,1
1.910581,-0.611997,1
0.073638,1.024741,1
0.071677,-0.759179,1
1.105480,0.359477,1
-0.175769,1.758710,1
0.039850,-0.245986,1
0.046084,0.669029,1
1.200759,0.179272,1
0.831060,-2.441039,1
-0.146815,-0.562955,1
1.198567,-1.039110,1
0.969449,0.801542,1
1.384140,0.754474,1
1.280645,-0.060141,1
0.545102,0.025440,1
1.830980,-0.611355,1
1.496439,0.668333,1
0.239912,0.670258,1
0.776714,0.542460,1
0.081636,0.383968,1
0.642298,-0.531003,1
0.740474,-1.478104,1
1.114808,-0.763201,1
1.087846,-1.688730,1
0.954334,-1.300566,1
-0.838272,1.045832,1
1.001229,0.263987,1
2.329471,-0.574419,1
0.170225,-0.059588,1
0.447694,-0.354159,1
0.739677,2.005047,1
0.658466,0.189358,1
0.936836,-0.594031,1
1.892968,-0.622752,1
1.696369,-0.589195,1
-0.532833,-0.411307,1
1.024651,0.916235,1
0.356352,-1.626714,1
0.963056,-0.841342,1
0.750776,-0.290016,1
0.583913,-0.891130,1
1.242978,0.059878,1
1.315985,0.759898,1
1.029974,0.232678,1
-0.100729,0.206448,1
1.175009,-0.039680,1
1.256174,-0.601010,1
1.690854,-1.139487,1
0.033145,1.476177,1
-0.558240,0.252741,1
1.334271,-0.128715,1
0.087875,-1.376772,1
1.070430,0.087448,1
0.072162,0.833574,1
-0.164264,-0.366470,1
1.501571,0.317982,1
-0.608531,0.530789,1
1.495425,0.323088,1
2.693157,-1.594748,1
0.804435,-0.506419,1
1.409406,0.154212,1
1.817217,0.069227,1
1.971540,-0.925491,1
1.424034,0.496450,1
1.385236,0.490942,1
2.567444,-0.112239,1
0.073941,-0.090506,1
-0.011686,0.885277,1
0.080143,-0.101966,1
1.358767,-1.127987,1
1.207760,0.294536,1
0.725012,-0.429927,1
0.952827,1.080793,1
2.349162,-0.055985,1
-0.432963,-0.115772,1
-0.021270,0.835262,1
0.299687,1.432805,1
0.452819,1.982475,1
0.285861,0.566639,1
1.280107,-1.365430,1
1.346352,1.146429,1
-0.166561,0.890780,1
0.967915,1.330672,1
0.314670,1.045858,1
0.637219,-1.031373,1
1.638668,0.203096,1
0.475635,1.141430,1
1.359362,-0.253429,1
1.740326,-0.455668,1
1.510537,-0.882344,1
1.558223,-0.882801,1
1.068122,-0.815801,1
1.072535,0.467374,1
0.186116,-0.444085,1
0.649493,0.126642,1
1.825235,0.337171,1
0.464699,-0.226414,1
2.035572,-0.004390,1
0.355024,-3.121318,1
1.583982,-1.121542,1
0.693102,-0.281568,1
0.078793,0.559088,1
1.301059,-0.042078,1
1.472614,-0.122298,1
0.828802,1.213096,1
0.598042,1.536372,1
2.564763,-0.921374,1
2.866248,1.178543,1
1.765355,-1.281218,1
1.405460,1.393232,1
-0.087067,0.598564,1
0.927620,0.909234,1
1.957899,-1.236590,1
0.601398,-0.648864,1
-0.057557,-0.249366,1
1.232800,0.128749,1
0.235885,-0.677365,1
0.976969,0.246490,1
-0.033632,-0.632354,1
2.740144,-1.276497,1
1.179926,0.995106,1
2.023796,0.483928,1
1.644885,0.039112,1
1.125528,-0.312782,1
1.447516,-0.864648,1
0.316173,-0.661986,1
1.240628,0.682602,1
0.515651,0.865266,1
-0.073107,0.198148,1
0.361502,0.471580,1
1.393115,2.311902,1
1.362868,-0.314000,1
1.046848,1.130541,1
0.521303,-1.197232,1
1.586205,-1.008555,1
0.001768,0.580241,1
1.102439,-0.362695,1
0.466181,0.318607,1
0.538699,0.510659,1
1.852891,-0.006241,1
2.142516,-0.399366,1
2.097563,0.733089,1
0.552972,-0.081885,1
1.443099,0.031034,1
-0.947399,-0.177544,1
0.358931,1.140762,1
0.349871,1.301887,1
1.016484,0.651058,1
1.144570,-0.628492,1
1.359020,0.230950,1
-1.207199,-0.493262,1
1.130098,0.071760,1
1.878167,2.153346,1
-0.245373,-0.275277,1
0.323448,-0.798161,1
2.322778,0.689239,1
0.748402,-0.910828,1
0.498813,-0.970565,1
1.773304,0.598044,1
0.780461,0.493015,1
0.991567,-1.273793,1
0.427405,-0.233751,1
0.690878,0.955175,1
1.588747,-0.726184,1
1.527904,1.431504,1
1.152721,-1.007822,1
0.580176,0.502758,1
-0.142146,-0.339816,1
0.652159,-0.763021,1
1.626455,0.439610,1
1.799845,0.524762,1
1.322448,1.318378,1
2.687846,1.429334,1
1.969476,-1.194761,1
1.808566,0.907795,1
-0.700583,0.738571,1
2.782834,1.372822,1
1.042017,-0.389058,1
1.223622,-0.628606,1
2.187458,-0.468198,1
1.024299,-0.399897,1
0.371769,0.715543,1
1.175046,0.239798,1
-0.045953,0.226328,1
-0.003702,-0.043548,1
0.898857,1.569768,1
0.779184,-0.509057,1
1.417077,0.562260,1
0.374157,0.192878,1
0.396927,1.421282,1
1.568695,-0.312137,1
0.833325,-0.203473,1
0.105213,-0.545122,1
0.984160,-1.271703,1
0.986111,-0.390793,1
1.518306,0.938618,1
0.209795,1.723910,1
0.655049,-0.179769,1
-0.942925,-0.467355,1
1.991706,-1.029131,1
1.376528,0.343706,1
-0.514323,0.363887,1
0.803708,0.584459,1
1.000030,-0.345204,1
1.020095,1.174671,1
1.823144,1.103649,1
1.203809,0.729139,1
1.086059,0.957121,1
0.434898,0.607743,1
0.641184,-1.065023,1
2.170040,-0.443667,1
1.002266,0.019130,1
0.091790,0.349572,1
0.961691,-0.634928,1
1.148198,-0.520954,1
1.324417,-0.747396,1
0.856473,-0.076820,1
0.059937,0.040750,1
0.901815,-1.525174,1
2.079306,-0.017260,1
1.103781,0.487960,1
0.640180,-0.266153,1
1.795398,-0.491850,1
0.851974,0.051168,1
1.802806,0.505904,1
1.827356,-0.325739,1
1.057530,-0.166701,1
0.744360,-0.137296,1
1.252778,0.363212,1
0.865101,-0.549452,1
0.497652,-1.093288,1
0.590439,0.845754,1
0.788185,-0.174212,1
1.956488,-0.023090,1
1.311370,-0.844273,1
0.158715,0.297843,1
-0.002285,-1.516898,1
2.026231,-0.477068,1
0.564699,0.557064,1
0.365938,0.514876,1
1.116687,-0.483596,1
0.612703,0.746879,1
0.710386,0.705410,1
0.664226,-1.010668,1
1.090434,1.251021,1
0.947800,1.532473,1
1.275152,-0.236876,1
1.722366,-1.941702,1
2.199406,0.194223,1
1.784467,0.282098,1
0.134691,-0.355027,1
1.507851,1.063530,1
0.290759,0.264126,1
0.237323,0.457507,1
1.418695,-1.537774,1
-0.127206,-0.183050,1
0.026945,0.570885,1
0.903499,-0.361927,1
-1.159034,-0.368475,1
0.138958,1.614378,1
1.306131,0.331414,1
1.253379,-0.908453,1
0.232878,0.596064,1
1.089794,0.299146,1
1.241955,-0.858542,1
0.587879,-1.326728,1
1.392718,0.909071,1
1.137812,-0.024501,1
1.898300,-0.166720,1
0.650900,0.610506,1
0.207592,-0.799661,1
1.014740,-1.160224,1
0.211259,0.122699,1
1.510258,-0.083102,1
0.149883,-0.660822,1
1.283635,1.076521,1
0.655207,-0.198492,1
-0.362152,-0.420715,1
1.162930,-0.340231,1
0.892075,-1.811893,1
0.494658,-0.058129,1
1.152969,1.086762,1
0.897736,0.057681,1
0.336282,1.164577,1
0.510064,-0.529534,1
-0.384438,0.544793,1
1.092681,-0.700851,1
2.551227,-1.999972,1
1.583099,-0.550738,1
0.773120,-0.095557,1
0.913605,-1.220121,1
1.200100,0.164379,1
2.378842,-0.187838,1
0.074279,-1.078897,1
1.006882,0.338689,1
0.526429,1.086103,1
0.532170,-0.977181,1
1.778269,0.193553,1
0.169075,-0.819294,1
1.267997,-0.478201,1
2.198046,-0.602656,1
0.380041,-0.240155,1
1.234472,-0.241027,1
0.893708,0.931297,1
1.294312,0.880908,1
1.545808,-1.180014,1
0.379718,2.174238,1
1.347092,0.343452,1
0.404357,-0.315765,1
0.974039,0.033003,1
-0.130876,1.752531,1
0.720111,-0.506541,1
2.565616,-0.352144,1
0.450326,0.058821,1
-0.753637,0.523306,1
0.965139,-1.377054,1
0.986307,0.119593,1
1.369252,0.997897,1
2.141586,0.164213,1
0.526285,-1.636598,1
0.554900,-1.016467,1
0.649468,0.267771,1
1.291009,-0.101752,1
1.403459,-0.777180,1
0.536996,0.830391,1
0.862745,0.194449,1
0.993189,0.784649,1
0.058502,0.649997,1
1.396885,-0.218992,1
1.611455,-0.179704,1
1.713872,0.341146,1
1.467255,1.214921,1
0.968346,-1.373565,1
0.242764,0.039500,1
0.059664,0.159839,1
-0.436536,0.110396,1
0.827250,-1.338752,1
0.662964,0.956439,1
-0.008214,0.640628,1
2.002869,-1.094926,1
0.398935,-0.918480,1
2.089699,0.083804,1
2.353198,-1.318683,1
0.305220,0.542433,1
1.268640,-0.202404,1
0.736455,-0.042188,1
1.081301,-0.174923,1
0.735028,0.807867,1
1.785581,0.372407,1
0.988866,0.304354,1
1.500294,-0.903322,1
0.319653,1.064774,1
1.329186,-0.706693,1
1.376191,-0.546481,1
0.518492,-0.438041,1
-0.017923,-0.961061,1
1.723495,-0.983425,1
0.500374,0.510044,1
1.518683,-0.138577,1
2.003704,0.519935,1
1.363002,-0.201423,1
2.138339,0.225016,1
2.990503,0.193928,1
1.268463,0.406224,1
0.398102,-0.765586,1
2.518510,0.358772,1
1.616391,1.475577,1
1.004552,-0.462616,1
1.709210,0.379153,1
1.729671,0.666504,1
0.789681,0.886902,1
1.423599,1.241897,1
0.239861,-0.435949,1
1.775788,0.810956,1
1.226652,-0.291762,1
0.626895,-1.459362,1
0.040971,0.009000,1
0.788429,0.214427,1
0.969423,-0.513712,1
1.272184,-0.285304,1
1.301290,0.897662,1
0.887269,-0.768049,1
1.936018,-0.059183,1
1.455127,-1.003352,1
0.215576,-0.324666,1
2.221692,-0.656328,1
1.225199,-0.362594,1
-1.080250,0.549572,1
1.736517,-1.191119,1
-0.352923,-0.360073,1
0.769856,1.116497,1
0.957996,-0.305649,1
0.700491,-0.342885,1
1.021377,0.457950,1
0.779790,0.667088,1
2.627010,0.041102,1
2.185354,0.333217,1
-0.225507,-0.158279,1
0.823791,0.400593,1
0.638965,0.697765,1
1.140535,-0.655680,1
1.462308,-0.616513,1
1.376495,-0.913007,1
0.636059,0.066893,1
0.367341,0.957627,1
1.342906,0.239043,1
1.359249,-0.327534,1
1.330571,0.909162,1
0.577841,-0.125435,1
0.453682,-0.593369,1
0.993910,-2.080360,1
0.869092,0.450713,1
0.591371,-0.739075,1
1.746159,0.719709,1
0.712872,-0.048850,1
1.310776,-1.442536,1
-0.576756,0.014801,1
0.747423,1.287731,1
1.343485,-1.126634,1
0.947968,0.641878,1
1.766143,-0.358565,1
0.846396,0.510734,1
0.777655,1.395950,1
-0.130450,-0.550644,1
1.149735,0.709729,1
0.741476,0.516770,1
0.888728,0.696987,1
0.516891,0.465222,1
1.150902,-0.220867,1
0.609029,0.258327,1
1.754599,-0.228935,1
0.559746,-0.639661,1
1.353016,-0.033441,1
0.916175,-0.012066,1
0.757777,0.330644,1
-1.081835,-0.570703,1
2.316830,-0.369952,1
1.935329,1.514945,1
2.056735,1.115694,1
1.056924,-0.646440,1
2.061611,0.273251,1
2.562262,-0.658598,1
2.584707,-0.593128,1
1.892559,-0.906039,1
0.746019,-0.099529,1
1.686744,-0.650138,1
2.139843,-1.351597,1
0.948470,0.266588,1
0.704481,-0.867589,1
1.678060,0.476722,1
0.225065,0.873245,1
1.422946,-0.054660,1
0.928115,1.595665,1
0.438308,0.829118,1
1.764380,-0.101078,1
-0.113952,-0.340911,1
1.055488,-0.706959,1
-0.436623,-0.997391,1
1.170889,0.355365,1
-0.164556,0.381856,1
1.438889,-0.095229,1
0.483671,0.822639,1
0.981166,-0.906208,1
0.552027,-0.824884,1
1.270140,-0.608593,1
0.288244,0.811119,1
1.706486,0.650668,1
1.411418,0.377120,1
2.592366,0.621445,1
-0.187760,0.020603,1
0.869962,-1.092076,1
2.414700,-0.190611,1
1.775101,0.044240,1
0.474267,1.744103,1
1.238077,-1.532996,1
1.683879,0.574845,1
0.984702,-0.951615,1
1.874435,1.178051,1
2.499685,-0.085064,1
0.519908,1.126216,1
1.496475,0.566374,1
-0.359685,-0.924825,1
0.798273,-0.679489,1
0.365826,-0.603566,1
-0.180539,0.420504,1
0.490955,0.221607,1
0.433873,0.813317,1
0.279415,0.886921,1
1.496752,-0.435917,1
1.437526,-0.470758,1
0.892074,-0.422948,1
1.986777,-1.247475,1
1.058471,-0.754158,1
1.285280,-0.377438,1
-0.260694,-0.096198,1
0.553601,-0.330349,1
1.941588,-0.079155,1
1.201983,0.239278,1
1.781808,0.257433,1
0.699082,1.064002,1
0.402413,0.530729,1
0.572836,-0.836199,1
-0.291409,-0.028446,1
1.211668,0.349486,1
1.608538,-0.041144,1
2.181430,-0.216587,1
1.120766,0.645434,1
1.785069,-0.526408,1
1.748098,0.862007,1
0.946683,-0.655174,1
1.480342,0.001696,1
1.575412,-0.878786,1
1.839526,0.982777,1
1.213290,-0.496584,1
1.040127,-1.364990,1
1.834043,-0.368273,1
0.918737,0.188329,1
2.062976,-0.386147,1
0.262310,0.807334,1
0.529678,1.696355,1
1.163615,1.592639,1
-0.329411,-0.792787,1
0.669464,0.596194,1
0.572248,-0.646085,1
1.896153,0.651062,1
1.787306,0.253043,1
0.956122,-2.034372,1
1.187583,-0.206276,1
0.978872,-0.093149,1
1.226686,-0.545716,1
-0.298308,0.234510,1
0.786777,-0.768646,1
2.072871,1.400433,1
1.841754,-0.756082,1
1.999857,0.497734,1
1.030382,0.795475,1
1.551259,-1.634514,1
1.658111,0.552634,1
-0.596907,0.544127,1
0.512960,-0.021764,1
1.080607,1.200037,1
2.026249,-0.588688,1
1.353953,-0.399997,1
1.976377,0.596742,1
0.428858,0.704401,1
1.082532,0.230220,1
-0.538176,-0.885386,1
0.266392,-0.277025,1
0.878718,-0.379558,1
0.182575,-0.720052,1
1.840971,-0.773807,1
1.101095,1.019867,1
2.311384,-0.699826,1
1.320722,0.422140,1
0.846834,1.447991,1
0.773410,1.006815,1
0.900944,1.030589,1
-0.018341,-1.295637,1
0.543810,-0.279422,1
0.781398,-0.420490,1
1.705303,0.656402,1
0.332204,1.492986,1
0.885861,-0.410639,1
1.549484,0.083897,1
1.651157,-0.673136,1
0.088470,-1.047416,1
0.900781,0.857780,1
0.649235,-0.135205,1
1.354585,0.027054,1
1.324864,-0.188433,1
1.510857,0.722289,1
0.748192,0.529714,1
0.147162,-0.059897,1
2.309632,1.206452,1
1.442754,-1.285580,1
0.894126,-0.003271,1
1.179774,-0.924203,1
1.740837,1.434710,1
1.174651,0.443922,1
0.582077,-0.204618,1
1.471267,0.984097,1
0.981851,-0.588655,1
1.706238,-0.702052,1
0.697807,0.625912,1
1.470501,0.295386,1
0.509957,-0.215927,1
1.809090,0.230431,1
1.812395,-1.761691,1
0.555566,-0.595388,1
-0.831600,-0.630101,1
0.384653,0.680071,1
0.411069,-0.400883,1
1.713687,0.623383,1
-0.070681,1.154613,1
0.700387,1.327410,1
3.088200,0.547314,1
1.144730,-0.870817,1
1.169264,0.451012,1
0.265455,0.915469,1
1.313662,0.509409,1
1.298480,-0.175386,1
1.938925,1.484197,1
0.660385,-0.656112,1
1.048062,0.185319,1
1.404083,-0.546429,1
2.503013,-1.308370,1
1.527856,-0.946485,1
-0.116537,-0.663635,1
1.917669,-2.591554,1
0.851415,-0.350290,1
2.050277,0.982714,1
1.898247,-0.482463,1
0.313208,-0.606509,1
1.429262,-0.340028,1
0.622196,0.493314,1
2.364640,0.734310,1
1.803347,-0.785552,1
1.293912,-1.368093,1
2.221456,0.233510,1
0.881406,0.174547,1
1.344667,-0.488908,1
1.683574,-1.337674,1
1.081650,-1.206159,1
2.268662,-0.669650,1
-0.988347,0.888859,1
1.771456,-0.042792,1
0.903163,0.268527,1
-0.916943,0.505608,1
1.366556,0.788279,1
1.328737,0.732761,1
-0.031690,-0.284340,1
0.061045,0.765656,1
0.767075,-0.380370,1
0.269880,-0.155283,1
0.807686,1.055537,1
1.577870,0.451034,1
2.412626,-0.177485,1
1.785114,0.040388,1
0.800853,0.232366,1
0.997834,0.154737,1
1.191144,0.870835,1
2.149003,-0.601565,1
1.008825,1.466476,1
1.260044,0.515643,1
1.936692,0.649869,1
1.202695,1.001327,1
0.095279,0.280309,1
0.291999,1.265199,1
1.258778,1.261045,1
2.369662,1.070716,1
0.233616,1.375288,1
0.394523,-0.900206,1
0.820487,-0.937252,1
0.737696,-0.486420,1
-0.103860,0.560180,1
1.198179,0.785364,1
1.496267,-0.364277,1
1.643649,0.367363,1
1.739264,-0.838932,1
-0.083388,-0.316612,1
0.305847,-0.750233,1
1.018525,-0.120601,1
0.901998,-1.294995,1
0.858367,-0.522678,1
0.440889,-0.169893,1
-0.243134,0.360432,1
1.172746,-1.036911,1
1.573897,0.339439,1
1.168318,-1.463053,1
-0.136297,0.941762,1
0.845603,-1.158657,1
0.776898,-0.043252,1
1.699950,-1.033713,1
1.811260,0.084804,1
1.583835,-0.185921,1
0.944298,-0.375789,1
1.371526,-0.082285,1
0.227849,0.385264,1
1.952936,-0.547642,1
-0.213272,0.078258,1
1.466951,-1.731705,1
-0.563760,-1.510999,1
2.730912,1.135027,1
0.850676,0.379164,1
0.835003,0.693262,1
1.529191,-1.356580,1
-0.051582,0.249401,1
0.553663,0.839268,1
1.735132,-0.060463,1
1.730264,0.623024,1
0.840502,-1.008018,1
1.684737,0.996673,1
0.400095,0.395000,1
2.058838,-0.369658,1
2.599521,-1.087170,1
1.701645,0.277066,1
0.060198,1.270987,1
1.997392,-0.822186,1
1.821287,-0.534809,1
1.602409,-0.400814,1
1.816693,0.175725,1
0.765699,1.138501,1
-0.600843,-0.367531,1
1.139952,0.137673,1
1.248778,0.661225,1
-0.323970,0.594021,1
1.366024,0.375597,1
1.329705,-0.861736,1
1.210597,0.313118,1
1.670994,-0.517729,1
1.234130,-0.423092,1
0.147925,-0.913991,1
0.968701,-1.600530,1
1.080206,0.467278,1
0.062991,0.681246,1
1.442272,0.783010,1
1.240448,-0.214735,1
0.262705,-1.020165,1
0.855897,-0.101210,1
1.012004,0.707073,1
2.039473,-0.756624,1
0.302193,-0.080488,1
1.694778,-1.539928,1
0.897886,-0.082138,1
-0.250967,0.085354,1
0.407407,-0.618152,1
0.544577,-0.004297,1
1.206890,-0.809921,1
1.135362,0.317060,1
2.130641,-0.637794,1
1.769638,0.466995,1
-0.530189,0.184388,1
1.142870,-0.097663,1
2.562141,0.306069,1
-1.130311,0.187813,1
1.285090,-0.568079,1
1.996607,-0.852344,1
1.150400,0.422352,1
0.672356,0.768092,1
1.101906,-0.028157,1
1.225240,0.918754,1
0.397253,0.045464,1
-0.013435,-0.284876,1
1.775832,-0.954601,1
0.738319,-0.388461,1
0.798817,-0.305999,1
-0.612231,-0.083132,1
0.657720,-0.771041,1
1.755942,0.227311,1
1.812493,-0.230780,1
1.045363,-0.024946,1
0.908464,-0.221679,1
1.005964,0.370583,1
0.293596,0.308064,1
0.986312,-1.022913,1
0.827368,1.045076,1
2.092900,-2.023887,1
1.316171,0.445567,1
1.154138,-0.632695,1
0.230605,0.410290,1
0.224798,0.003097,1
1.020873,0.653738,1
1.147759,0.210918,1
1.657562,-0.087649,1
0.729961,0.321291,1
0.603575,-0.713525,1
2.241230,-0.050525,1
0.959546,-0.584309,1
-0.388302,-0.247934,1
0.926180,0.018723,1
0.658960,-0.063435,1
1.046711,-0.404988,1
0.621376,-1.124910,1
2.217033,-0.710716,1
2.400366,-0.505370,1
0.415243,0.354564,1
0.604148,-0.818331,1
0.872891,0.240588,1
1.173051,0.762332,1
1.216391,-0.161379,1
1.475235,0.080162,1
0.986595,-0.263801,1
1.158389,0.502260,1
1.772948,-0.674550,1
2.110597,-1.111864,1
1.028399,-0.003503,1
2.003187,0.679217,1
0.942902,0.009933,1
0.495327,0.765702,1
0.684770,-2.192394,1
0.225264,-0.936459,1
0.456208,0.698779,1
1.945217,-0.096235,1
0.655585,-0.518089,1
0.888118,0.577389,1
1.149700,-1.015772,1
1.015564,0.650115,1
0.414336,0.187365,1
0.735708,-1.134178,1
1.531171,-0.755048,1
0.437331,-0.249215,1
1.498081,0.534080,1
0.884382,-0.645621,1
0.525684,0.278768,1
0.529349,1.038560,1
1.120355,0.449407,1
0.551956,0.917710,1
1.163856,-0.077507,1
1.246233,1.234601,1
1.406810,-0.030372,1
1.243931,0.004222,1
1.813379,0.549591,1
2.823466,-0.117380,1
1.124951,1.707072,1
-0.541505,-0.102979,1
1.724870,-0.444617,1
0.984797,-0.200587,1
0.664711,0.754766,1
1.068862,-0.493388,1
0.501815,1.102590,1
1.528629,0.183405,1
1.183589,-1.101461,1
0.453466,-0.883054,1
0.448863,0.201191,1
0.297200,-0.425469,1
0.857786,-0.358258,1
1.457305,0.367288,1
0.430292,0.701573,1
1.730307,-0.371670,1
1.724917,-0.905473,1
0.047427,-0.121618,1
-0.667447,0.316476,1
1.886522,-0.921547,1
-0.779114,0.832064,1
-0.454518,-0.913862,1
1.678291,-0.651401,1
1.988857,0.902346,1
1.586848,-0.645888,1
1.411107,0.168429,1
1.652663,0.466163,1
1.636630,1.436126,1
2.279832,-0.058237,1
1.114374,-0.775908,1
0.595045,0.902117,1
0.731537,0.946878,1
0.163835,0.282442,1
0.839199,-1.659697,1
0.874755,0.630972,1
0.674319,0.334759,1
2.224940,0.017137,1
0.800434,-1.035042,1
-0.390197,-0.225209,1
0.926410,0.266706,1
0.435088,0.563189,1
1.338363,0.783288,1
1.050091,1.269455,1
1.598345,-0.171451,1
0.031277,-0.109759,1
0.770871,0.394766,1
0.533447,0.791827,1
0.067210,-1.669489,1
0.482143,-0.292619,1
1.736302,-0.267263,1
0.913130,0.859999,1
0.165466,-0.775960,1
0.598869,1.618501,1
1.279468,-0.907544,1
2.094173,0.772647,1
0.834585,-0.053655,1
1.745942,-1.057285,1
1.358609,0.451726,1
1.525503,0.851329,1
1.370626,-0.521354,1
0.806559,0.303775,1
0.349350,0.066453,1
3.044900,-0.730067,1
1.341231,0.421333,1
0.949612,-0.868285,1
1.693922,-0.955182,1
0.703056,0.198494,1
2.026862,0.507227,1
0.625706,1.457673,1
0.836773,0.213772,1
1.244773,-0.010205,1
-1.227441,0.060268,1
0.230328,-0.070617,1
1.870059,0.332761,1
1.008424,0.728345,1
1.753148,0.502467,1
0.801073,1.085355,1
2.002962,-0.216785,1
1.239787,-0.971333,1
0.976458,0.955059,1
2.455405,-0.848836,1
1.928755,-0.367576,1
1.120671,-0.445535,1
0.664672,-0.654589,1
-0.074522,-1.227861,1
1.264678,-0.581993,1
1.990954,1.031152,1
-0.254895,1.739020,1
2.182974,0.569626,1
0.349757,-1.058807,1
0.611595,-0.607199,1
1.271171,0.895289,1
1.597495,-0.589252,1
1.517148,1.781775,1
1.909454,-0.578095,1
2.167955,0.451440,1
0.700602,0.846732,1
1.046877,-0.023216,1
1.130828,0.168349,1
2.251512,1.548965,1
1.598787,-0.289221,1
0.532402,-1.068048,1
-1.365969,-1.570983,1
0.194206,0.070818,1
1.157266,-0.027737,1
2.749856,0.311417,1
0.802212,-0.264141,1
-0.093722,0.162282,1
-0.263027,0.033924,1
-0.338844,-0.083848,1
1.174557,-0.817121,1
0.136312,0.192589,1
0.610413,0.029575,1
0.876390,0.444820,1
0.426585,-0.277889,1
1.857029,0.517891,1
1.431794,-1.496173,1
1.524984,0.776793,1
1.654343,-0.772525,1
1.160609,-0.481189,1
1.057808,0.229103,1
1.714172,0.365694,1
1.595730,-0.515189,1
-0.116624,0.289490,1
1.435251,-0.479422,1
1.836126,-0.207863,1
0.430767,-0.616941,1
-0.173581,-0.606088,1
0.046694,0.009092,1
0.773143,1.898344,1
0.830762,-0.220500,1
0.468820,-1.429159,1
1.380510,-0.662100,1
0.458642,-0.198131,1
0.822913,0.607639,1
2.145343,0.471696,1
0.657282,-0.014801,1
0.613655,0.566323,1
0.438760,0.475123,1
1.763365,0.258757,1
0.262637,0.256163,1
0.699584,-1.088154,1
0.308189,-0.411357,1
1.136212,-0.056255,1
0.077067,-0.776886,1
0.796045,-0.199430,1
0.355029,0.011184,1
0.057681,-0.898193,1
1.402400,0.723110,1
1.011718,0.882411,1
1.562054,-0.663198,1
1.323536,0.074513,1
0.414730,2.105730,1
2.165926,0.522734,1
0.205028,0.392584,1
1.246529,-0.363820,1
0.389923,-1.711212,1
1.033996,-0.078808,1
0.827925,-0.000116,1
0.019025,0.421998,1
1.773457,0.870345,1
-0.276890,1.448795,1
0.761635,0.766500,1
1.267448,-0.661030,1
0.828879,1.953791,1
-0.034435,-0.562015,1
1.208069,0.914138,1
1.085322,0.127581,1
1.304779,0.327142,1
1.487814,0.385336,1
0.430136,0.804103,1
0.372804,-0.196858,1
0.943000,-0.634129,1
0.112888,-0.177656,1
0.792514,0.352207,1
1.323304,0.603101,1
2.196290,-0.439540,1
1.058436,-0.336122,1
2.970477,0.251740,1
2.977349,1.175685,1
0.138595,-0.376281,1
1.742500,-0.116204,1
0.866380,-0.232700,1
0.397281,-1.207273,1
1.354760,1.058115,1
0.627133,-0.197474,1
0.706915,0.317810,1
2.117245,-1.410427,1
1.353763,0.026608,1
1.203126,-1.018834,1
0.518013,-0.116997,1
0.947853,0.413510,1
1.647802,-0.186887,1
0.537963,0.140845,1
1.212631,-0.254499,1
0.912381,-0.486345,1
1.489400,0.161106,1
0.933846,0.457133,1
-0.037018,-0.597888,1
-0.236041,0.199744,1
0.247843,-0.501263,1
1.610804,0.916077,1
2.144864,-0.747540,1
1.232778,0.438433,1
-0.022335,0.071817,1
0.484569,0.984279,1
-0.334755,1.388285,1
1.112872,0.084366,1
0.019034,0.718649,1
2.770716,0.440703,1
0.911328,0.436805,1
0.857437,-0.510585,1
1.319223,-0.087676,1
0.280443,-0.800801,1
1.329071,1.758645,1
0.492710,1.220315,1
1.221719,-1.730023,1
1.054716,0.788909,1
1.716509,0.631133,1
1.524539,-0.471526,1
0.180556,-0.107851,1
0.555357,0.904635,1
0.254165,-2.670291,1
0.696059,1.334228,1
0.477990,-0.940135,1
1.448396,0.357326,1
1.488384,0.177105,1
1.086175,0.122046,1
1.471706,1.054804,1
0.323873,0.368113,1
0.938727,-0.201947,1
2.430101,-0.595636,1
-0.293313,-0.235814,1
2.267028,-0.447276,1
0.467914,-0.351602,1
0.587290,0.436029,1
2.747566,-1.754116,1
2.357585,0.000197,1
0.911153,-0.130303,1
0.511027,-0.767562,1
-0.219376,0.124003,1
0.761600,-0.841502,1
0.521882,0.499585,1
0.695999,-0.267129,1
0.154425,0.181487,1
0.678784,-1.775136,1
0.170133,-0.031296,1
1.752780,0.555255,1
0.585510,0.669063,1
0.936520,0.253579,1
1.185325,0.528137,1
0.445065,-0.554446,1
1.833163,0.139694,1
1.340411,0.811244,1
2.057798,-0.367910,1
2.319452,0.070088,1
0.672009,0.081087,1
0.935091,0.584422,1
0.455083,0.319235,1
1.551007,0.039915,1
0.473601,1.258390,1
1.151511,0.008499,1
0.488316,0.638973,1
0.316592,0.646556,1
-0.010886,1.248026,1
2.010697,0.249654,1
1.532942,-0.487875,1
0.690932,-0.533464,1
1.655059,-1.397382,1
1.082000,1.924413,1
0.799696,1.212372,1
0.743540,1.061293,1
2.396571,0.243029,1
-0.011706,0.895117,1
0.246527,-0.696128,1
0.561233,0.178696,1
-0.110055,-0.471687,1
1.482191,-0.646139,1
0.466141,0.026909,1
0.882686,0.770286,1
0.856924,0.039863,1
1.526392,0.926947,1
-0.164282,-0.237078,1
-0.074582,-0.717698,1
2.039353,-0.156743,1
1.348927,-0.111279,1
-0.116075,-0.491572,1
1.773994,1.236453,1
2.190578,1.838404,1
1.829827,1.937196,1
1.919510,-0.837443,1
1.637569,0.013026,1
1.171761,0.324967,1
1.210274,-0.709007,1
0.225018,-1.464410,1
2.242397,1.690769,1
1.996004,-0.913552,1
1.325216,0.646143,1
1.582243,0.714054,1
0.352781,0.396576,1
1.278570,-0.066698,1
0.724736,0.020096,1
0.981117,1.351267,1
0.014191,-0.445832,1
1.625573,1.226841,1
0.775150,0.064986,1
2.791171,-0.459960,1
0.713901,0.062344,1
1.000406,0.645997,1
2.329597,1.193014,1
0.147303,-0.408007,1
1.319914,0.837989,1
-0.372794,-0.704625,1
1.218689,0.288540,1
1.338323,-0.632753,1
0.662679,-0.655608,1
1.535624,-1.582852,1
2.238607,0.797160,1
0.498179,0.278041,1
2.383140,-0.211174,1
1.444018,0.253662,1
2.489922,0.657608,1
1.199514,-0.175839,1
0.597034,1.739464,1
-0.352484,-0.082887,1
0.905037,1.291274,1
2.287812,1.388101,1
1.115135,0.931405,1
1.062674,0.987806,1
1.830836,-0.897706,1
0.878878,0.347823,1
0.691277,1.322303,1
0.801865,0.488272,1
1.254318,0.342884,1
1.281415,-1.597362,1
1.665730,0.815868,1
0.981119,-1.018249,1
1.069819,-0.799544,1
0.881130,-0.299227,1
1.569565,0.354254,1
1.231868,0.654873,1
1.081095,-0.202890,1
-0.033874,-0.613170,0
-1.503196,0.072596,0
-0.309825,-0.928861,0
-1.033575,0.357321,0
-0.394960,0.719268,0
-1.156791,-0.714218,0
-1.683882,0.279754,0
-0.991971,0.082555,0
-0.956413,0.787299,0
-1.088568,-0.033089,0
0.480543,0.140234,0
-0.798007,0.385376,0
-0.226099,0.629203,0
-0.823822,0.365937,0
-1.237634,-1.148735,0
-1.724938,-0.165294,0
-1.615453,0.056438,0
-1.862186,-0.311290,0
0.085966,-0.629945,0
-1.619211,-0.880580,0
-1.357199,-1.173703,0
-1.412669,-0.368549,0
-0.000878,-0.083588,0
0.102817,0.318549,0
-0.584411,0.613312,0
-0.932111,0.024083,0
-0.817000,0.467732,0
0.068559,-0.132375,0
-0.262218,-0.452351,0
-1.333659,-0.113788,0
-1.095227,-0.342269,0
-1.605150,-0.006402,0
-0.253846,1.036717,0
-1.359074,-1.278427,0
-0.925114,0.824076,0
-1.180741,0.221040,0
-1.546402,-0.329774,0
-0.571329,0.074109,0
-1.081757,0.419877,0
-2.328603,0.063289,0
0.649974,0.314339,0
-1.046891,0.075984,0
-2.155105,-1.518726,0
-0.839591,-0.430152,0
-0.894889,-0.271324,0
-2.094903,-0.296523,0
0.111295,-0.152587,0
-1.927363,1.462192,0
0.419988,0.095391,0
-2.273580,0.094695,0
-2.206637,0.752396,0
-0.886224,0.007789,0
-1.177720,0.267937,0
-1.140155,-0.082943,0
-1.899754,0.218918,0
-1.678197,0.177338,0
-0.622462,-0.085702,0
-1.567574,0.647863,0
-0.978354,0.721029,0
0.769824,1.348610,0
-1.296666,-0.542296,0
-0.815236,1.667199,0
-0.700433,0.597142,0
-1.829851,-1.178195,0
-1.103123,-0.113338,0
-0.058936,-0.763069,0
-0.916148,-0.699000,0
-2.012897,1.089012,0
-1.770228,0.169214,0
0.204739,0.265537,0
-2.147673,0.607337,0
-1.774731,0.761578,0
-2.324357,-0.611372,0
-0.835139,-0.263784,0
0.007648,-0.188283,0
-1.769099,0.419194,0
-0.716317,0.264321,0
-0.848448,-0.074114,0
-0.688528,0.006657,0
1.216070,3.027876,0
-0.467384,-0.662621,0
-2.164709,-0.158776,0
-2.165406,0.425390,0
-1.083283,0.938888,0
-1.276427,-0.127946,0
-0.820490,1.273117,0
-2.106615,0.052196,0
-0.505971,-0.123184,0
-0.398662,0.985014,0
-0.027101,0.240193,0
-0.531370,-0.565483,0
-1.893016,-0.292606,0
-0.936849,0.700741,0
-1.394708,-0.718618,0
0.334121,-0.840183,0
-1.033880,-0.073986,0
-0.048412,-0.633220,0
-0.227851,-0.002114,0
-2.011406,0.254151,0
-0.392734,-1.317413,0
-1.461339,-0.624111,0
-0.830478,0.230072,0
-2.322007,0.960387,0
-0.901574,0.534203,0
-0.656627,0.335232,0
-1.043151,-0.575906,0
-1.448406,-0.368236,0
-1.545343,0.102374,0
-0.975297,0.636649,0
-2.088527,0.041896,0
-2.211379,-1.508701,0
-0.423727,-0.007085,0
-1.585160,0.373532,0
-0.380625,-0.373721,0
-1.241839,0.782268,0
-1.848248,-1.223142,0
-1.932513,0.341381,0
-0.425185,-0.156860,0
-2.339020,0.725096,0
0.734214,0.435886,0
-1.717104,0.139512,0
-0.947194,-1.330519,0
-0.938267,1.107261,0
-0.742542,0.022155,0
-0.752774,-0.016272,0
-2.042149,1.075012,0
-1.475031,-0.060083,0
-0.124744,-0.214900,0
-1.186100,1.195691,0
-0.729241,-0.440700,0
0.269102,-0.274720,0
-1.331484,0.674812,0
-1.597217,0.077232,0
-0.537159,-0.443427,0
-2.179801,-0.975114,0
-1.941688,1.251640,0
-1.796681,0.444350,0
-1.018438,-0.494291,0
-0.200688,0.495644,0
-1.931053,-0.044909,0
-0.433956,-0.796311,0
-1.096753,-0.624271,0
-1.464886,0.435438,0
-1.634216,1.105078,0
-0.419211,1.062203,0
-0.571456,0.860903,0
-0.548061,-2.673952,0
-1.411813,-0.812453,0
-0.358493,0.722992,0
-2.023146,0.174006,0
-0.388573,-0.882895,0
-1.846522,-1.697416,0
-0.423119,-0.107959,0
-1.934634,0.525343,0
-1.439061,0.615978,0
-1.538124,1.644559,0
-1.271127,0.131759,0
-1.516041,-1.266680,0
-0.253182,-0.085609,0
-1.317451,0.769994,0
-0.371231,-0.321201,0
-0.159750,0.290420,0
-1.599995,-0.424196,0
-0.943428,-0.044178,0
-0.747950,-0.615211,0
-2.117995,-1.466583,0
-1.435674,-0.827824,0
-0.965363,0.659209,0
-0.471606,-0.905482,0
0.175721,-0.248736,0
-0.543838,0.577972,0
-0.401895,-0.625218,0
-2.044993,0.091081,0
-0.449217,-0.095383,0
-0.360555,0.911301,0
0.925913,1.045711,0
-0.923115,0.432840,0
-0.907912,-0.506555,0
-0.449482,-0.126348,0
-1.274607,-0.917428,0
-1.892801,-0.799852,0
-0.424410,0.152524,0
0.056659,0.535899,0
-1.153826,1.798574,0
-0.518701,0.598478,0
-0.582694,0.180736,0
0.057523,0.788087,0
-0.330293,0.496782,0
-0.090093,0.091471,0
-0.145718,-1.237457,0
-2.215401,0.924737,0
-1.229240,-0.757797,0
-1.930109,0.874522,0
-1.836044,0.139964,0
-1.203071,-1.447667,0
-1.723166,-0.454659,0
-0.067573,0.375840,0
-0.792028,1.827996,0
0.054814,-1.068267,0
-1.238072,-0.110269,0
-1.081454,-1.229506,0
-0.503932,-0.951023,0
-1.978229,0.839407,0
-1.219958,0.818171,0
-0.029298,-0.602732,0
-2.072228,-1.027862,0
-0.808979,0.103708,0
-1.416392,-1.593583,0
0.469155,1.023064,0
-1.479219,0.365936,0
-0.802765,-0.029327,0
-0.660772,0.460872,0
-0.470571,0.839650,0
-1.443975,0.497479,0
0.237389,0.936346,0
-1.011967,1.591748,0
-1.313992,-0.986622,0
0.100271,1.018192,0
-1.830055,-0.709140,0
-1.376988,-0.847699,0
0.250562,0.655564,0
-0.275541,0.111594,0
-2.519487,1.648716,0
0.250708,-0.105263,0
-0.964860,0.840558,0
-0.072474,0.555675,0
-2.941294,0.084767,0
-1.013239,0.259002,0
-1.533189,1.135879,0
1.309185,0.397941,0
-1.739588,-0.701721,0
-2.421539,0.711056,0
-1.279067,0.095790,0
-0.496440,0.156260,0
-0.498623,-1.252347,0
-0.892702,-1.168111,0
-0.508460,-1.206877,0
-0.718346,0.464064,0
-0.416496,0.443504,0
-1.857889,-0.442180,0
-1.318442,1.418649,0
0.307262,1.044558,0
0.558026,-0.386908,0
-1.168497,-0.423430,0
-0.464834,-1.698131,0
-1.988796,0.501483,0
-1.258407,1.340376,0
-1.163993,0.596518,0
-0.596548,0.550573,0
-0.795221,0.129424,0
-2.111077,-0.636018,0
-1.550060,-0.520602,0
-2.713346,0.787859,0
-1.960894,-0.040225,0
-2.427335,-0.501276,0
-1.393515,-0.061106,0
-1.822103,-0.032353,0
-0.822138,0.021763,0
-0.880881,-0.014894,0
-0.725853,-0.107729,0
-2.988702,0.241754,0
0.503252,-0.182277,0
-1.658548,-0.121886,0
-0.522364,0.652929,0
-0.604135,0.034542,0
-1.301222,-0.230370,0
-2.408757,0.673262,0
-0.864890,1.099292,0
-0.623501,0.656553,0
-0.535027,-0.479394,0
-1.392160,0.085130,0
-0.162765,0.125033,0
-1.987555,1.329453,0
0.300123,1.738439,0
-1.051843,-0.506443,0
-1.096657,0.854695,0
-0.051882,0.433584,0
-1.412104,0.136521,0
-2.551799,-0.361287,0
-0.671681,-0.528812,0
-0.320709,-1.587756,0
-1.195089,0.104958,0
-2.061714,-0.458640,0
-0.957478,-0.024031,0
-1.930655,0.485521,0
-1.311676,0.643328,0
-0.659010,-1.656941,0
-1.171805,-0.536199,0
-2.112689,0.408077,0
-1.059991,0.821621,0
-0.708449,0.326921,0
-1.633794,0.631730,0
-1.597846,2.094599,0
-2.378563,-1.355041,0
-1.994852,1.147756,0
0.309918,0.208219,0
-1.640918,-0.057601,0
-2.476101,0.252448,0
-0.560031,0.268588,0
-1.085376,-0.176415,0
-1.016137,-0.193991,0
-1.815227,-1.006096,0
-1.374227,-0.484833,0
-0.834784,-1.556258,0
-1.480107,-1.210486,0
-2.110957,-1.048435,0
-1.270288,-0.987052,0
-1.399676,1.851456,0
-1.182216,1.098170,0
0.793101,1.000439,0
0.115730,0.901871,0
-0.683144,-0.634240,0
-0.721307,-1.011508,0
-1.299132,0.275749,0
-2.037492,0.306962,0
-0.085780,-1.279139,0
-1.602904,-0.311276,0
-0.783718,0.271831,0
-1.221468,0.036627,0
-0.276964,1.091536,0
-2.752939,0.227446,0
-1.396654,0.024827,0
-1.611067,0.440542,0
-2.255652,0.975266,0
-1.389284,-1.455135,0
-1.839585,-0.841512,0
0.532076,0.395206,0
-1.535713,-0.171800,0
-1.398854,-0.150767,0
-1.781985,0.053612,0
-0.858405,0.138269,0
0.270408,-0.259557,0
-0.447712,0.571432,0
-0.759115,0.509379,0
-0.581571,0.735301,0
-1.445827,-0.581820,0
-1.014053,1.436111,0
-1.943869,0.374064,0
-0.754820,-1.134017,0
0.051066,-1.397453,0
-1.243214,1.196727,0
-1.295113,-0.141779,0
-0.720789,-0.530669,0
-0.230175,-0.329233,0
-1.111218,0.148214,0
0.448815,-1.152513,0
-1.185295,-0.393627,0
-0.949838,0.463920,0
1.003283,-1.266112,0
-1.193175,1.373464,0
-2.346386,1.571664,0
-0.628071,-0.284759,0
0.599240,0.900221,0
-1.330447,0.154835,0
-0.432861,0.592500,0
-0.476363,-0.075998,0
-1.696546,0.759477,0
-1.312002,0.994770,0
-0.729475,0.550770,0
-1.678276,-0.731013,0
-0.324455,0.231123,0
-1.653090,-1.347881,0
-2.225285,-0.671221,0
-1.348514,0.500526,0
-1.693988,1.410647,0
-1.237056,0.759019,0
-0.947266,-0.757490,0
-1.322181,0.471659,0
-1.187634,0.248218,0
0.082177,0.265656,0
-0.558754,-0.778328,0
-1.295252,0.608442,0
-1.039219,-0.514374,0
-0.823224,-0.894345,0
-1.053421,0.347918,0
0.441004,-0.977163,0
-1.055487,-0.166481,0
0.132955,-0.364998,0
-1.827772,0.429042,0
-0.675925,0.978319,0
-0.806067,-0.669813,0
-1.087951,-0.079367,0
-1.076631,-0.088868,0
-1.383758,0.036162,0
-1.686038,-1.280440,0
-2.554568,0.983607,0
-1.336844,0.530964,0
-0.158650,-0.551307,0
-0.129369,-0.146202,0
-1.398543,-1.113957,0
-0.574579,0.685248,0
-1.080432,-0.984706,0
-3.079644,-0.488403,0
-0.399785,0.092869,0
-1.270876,-1.223486,0
-0.207489,-0.560987,0
-0.789436,0.005519,0
-0.882213,-0.350200,0
-1.564060,-0.078292,0
-2.236682,0.753366,0
-1.683523,-0.330277,0
-1.845243,0.056697,0
-1.178793,0.215113,0
-1.028504,-0.005723,0
-0.796977,-0.433024,0
-1.965023,-0.510435,0
-0.931772,-0.050359,0
-2.168601,1.119343,0
-1.025016,1.389572,0
-1.403554,-0.882558,0
-1.089603,0.291106,0
-1.595622,0.573394,0
-1.879977,0.421113,0
0.258476,-0.391293,0
-0.682873,1.389519,0
-0.354872,-1.641329,0
-1.513449,-0.271409,0
-1.112628,0.629603,0
-1.084619,0.505746,0
-1.007257,-0.597373,0
-1.961372,-0.496680,0
-0.970295,-1.029686,0
-1.470476,0.972039,0
-1.075651,-0.697364,0
-1.736167,0.182178,0
0.104978,-0.163482,0
-2.061799,0.080719,0
-1.401008,-0.012288,0
-0.803841,-1.044429,0
-0.157245,0.214586,0
-0.348732,0.675666,0
-0.064728,0.911093,0
-1.501707,0.210623,0
0.245677,0.331228,0
-0.982379,0.132024,0
-0.364853,-0.011401,0
0.027465,-0.276353,0
0.055419,0.995759,0
-0.808649,-0.087456,0
-0.036807,0.519101,0
-1.703952,0.182624,0
-0.184363,0.752458,0
-0.592556,-0.621032,0
-0.847618,1.475354,0
-1.116104,-1.648647,0
-1.810835,-0.099520,0
-0.827937,0.011079,0
-2.168456,-1.238761,0
-1.446742,0.448778,0
-2.150009,-0.031594,0
-1.702053,-1.049571,0
-1.224606,0.706786,0
-2.159353,0.154309,0
-2.322947,-1.174453,0
-1.720730,0.445264,0
-0.503930,-0.991504,0
-0.577673,0.536742,0
-0.746775,-0.104994,0
-2.834985,0.194446,0
-1.137460,-1.914999,0
-0.744109,-0.518154,0
-0.152120,-1.195994,0
0.396420,0.492031,0
-0.385548,0.740945,0
-0.732486,1.109034,0
-0.443485,-0.195074,0
-0.886293,-1.077405,0
-0.120468,-0.648056,0
-0.482903,-0.791986,0
-1.063031,0.265447,0
-1.063044,1.660987,0
-1.002361,0.392415,0
-2.066105,0.266725,0
-1.122417,0.110409,0
-1.082169,-0.429434,0
-1.384892,-0.382725,0
-1.560913,0.316490,0
-0.374097,-0.270341,0
-0.464947,0.997031,0
-0.684493,-0.986204,0
-0.984401,-0.849239,0
-2.526395,0.262493,0
-0.944052,0.345530,0
-0.658679,0.466802,0
-1.496384,-1.387177,0
-0.124101,0.537309,0
-1.567179,-0.933590,0
-2.349264,-0.361501,0
0.132252,-0.615052,0
-0.670809,-0.284529,0
-1.386589,-0.951961,0
-0.149576,0.790420,0
-1.403372,0.680102,0
-2.826072,-0.772777,0
-0.081611,-0.544186,0
-0.696041,0.025993,0
-1.511637,1.046822,0
0.556304,1.547775,0
0.304864,0.741921,0
-1.494534,-0.367800,0
-1.482622,-0.836255,0
-1.463868,0.313424,0
-0.463289,0.476696,0
-1.789263,0.436931,0
-1.335576,0.354854,0
-0.802914,-1.114350,0
-0.837410,1.282757,0
-1.437854,0.651638,0
-2.491750,0.807224,0
-0.341387,0.154477,0
-1.288786,-0.199262,0
-1.640724,0.502785,0
0.032099,-1.031564,0
-1.306472,0.853711,0
-0.622658,0.775689,0
-1.349007,1.082810,0
-2.276618,-1.470539,0
-1.483087,-0.538072,0
-0.711507,0.127105,0
-1.921882,0.282724,0
-0.128598,0.375197,0
-1.228117,-0.087584,0
-0.228229,0.831173,0
-1.949713,0.908219,0
-0.648707,1.039376,0
-0.072435,-0.954090,0
-2.309528,-0.240774,0
-0.715011,0.863155,0
-1.146177,1.295270,0
-2.469167,-1.540591,0
-0.940500,1.018352,0
-1.287473,0.903878,0
0.537125,0.430545,0
-0.791137,-0.310538,0
-1.732651,1.378206,0
-0.396775,-0.187313,0
-0.281387,0.930622,0
-1.139612,0.037252,0
-1.367574,0.644150,0
-0.236661,1.079518,0
-1.078056,-0.982060,0
-0.695148,-0.329236,0
-1.507222,1.087611,0
-0.422681,-0.306762,0
-1.884618,0.298718,0
-0.245005,0.233104,0
0.163689,0.879878,0
0.585063,-0.619697,0
-1.048023,-0.448275,0
-1.904181,-0.357639,0
-1.917459,0.323702,0
-0.889124,-0.094683,0
-0.351951,-0.098690,0
-1.033927,0.618051,0
-1.139681,0.644878,0
-0.450617,0.684098,0
-0.923711,1.029684,0
-0.259086,-0.044474,0
-0.634951,-0.489079,0
-0.706277,1.186423,0
-1.075936,-0.300697,0
-0.165626,0.863240,0
-2.069828,-0.263828,0
-0.997664,-0.492251,0
-1.365137,0.071588,0
-0.678868,-0.613216,0
-0.949596,-0.059781,0
-1.505438,-0.934850,0
-0.338963,0.057000,0
-1.560827,-0.589272,0
-1.767459,0.753065,0
-1.514707,-0.291601,0
-0.761610,0.726484,0
-0.980170,0.971165,0
-0.312279,0.884539,0
-1.687774,0.338322,0
-1.111676,0.513816,0
-2.420407,-0.371836,0
-0.874493,-0.813279,0
-0.369605,1.144577,0
-0.441316,2.042961,0
-2.153433,0.904233,0
0.369353,-0.573866,0
-1.180017,0.957058,0
-0.696479,-0.532720,0
-0.978939,-0.090022,0
-1.557361,-0.077626,0
-1.082368,0.799854,0
-0.762694,0.180970,0
-2.546926,0.800148,0
-1.854201,-0.208034,0
0.229550,0.462952,0
-1.833292,1.789821,0
-1.232108,0.106580,0
-2.044950,-0.785380,0
-2.043856,-1.233499,0
-2.521872,-0.350367,0
-0.259025,-0.804902,0
-1.128963,0.952344,0
-0.313532,0.618734,0
-0.640526,0.246352,0
-1.094963,1.335340,0
-0.805511,0.209861,0
-1.150337,1.258202,0
-0.681419,-0.581690,0
-1.011553,0.930462,0
-0.225608,-1.979674,0
-0.900306,-0.002681,0
-0.569382,0.171041,0
-0.588287,0.051288,0
-0.558114,-0.432519,0
-0.396672,-0.841104,0
0.005780,-0.299102,0
-0.466852,0.569893,0
0.675346,-0.887898,0
-1.787736,-0.566900,0
-2.143235,0.268408,0
-2.073923,-0.753178,0
-2.758007,1.190654,0
-1.683506,0.826690,0
-1.145005,-0.769195,0
-1.689386,1.049616,0
-0.993580,0.516731,0
-0.494733,-0.006323,0
0.543799,0.342538,0
-0.315175,0.125421,0
-1.081382,0.139022,0
-1.316353,-0.328726,0
-1.491227,0.636043,0
-1.714386,-1.428220,0
-1.801648,-1.181764,0
-1.291579,0.036984,0
-1.710463,0.666628,0
-0.960019,0.219303,0
0.605089,0.638440,0
-1.344266,-1.366328,0
-2.210005,0.372725,0
-2.532709,-1.291288,0
-0.830220,-1.177251,0
-1.039857,0.283020,0
-0.264440,0.040602,0
-1.177948,0.668983,0
-0.588848,-0.091520,0
-0.328414,-0.956168,0
-0.589957,-0.096919,0
-2.098163,0.197151,0
-1.039589,-0.496045,0
-0.839723,-0.282500,0
0.062487,0.254192,0
-1.276530,0.847563,0
0.455969,-2.285088,0
-0.038910,0.868446,0
-1.559882,0.635020,0
-0.441089,-0.849959,0
-1.763781,0.229565,0
0.603313,-1.710210,0
-1.432257,-0.123942,0
-1.523709,1.325055,0
-0.553512,0.173547,0
-1.635101,-1.583251,0
-1.906255,1.047618,0
-2.238483,1.673818,0
-0.613737,-0.418437,0
-0.856300,-0.917884,0
-0.959684,0.033340,0
-0.542271,0.216577,0
-1.806447,0.811279,0
-1.089090,0.039205,0
0.501279,0.807295,0
0.819690,-1.496544,0
-1.864784,0.085155,0
-0.513914,-0.313450,0
-0.923608,0.740282,0
0.392545,0.053128,0
-1.409656,0.157333,0
-1.356188,-0.825354,0
-0.619535,0.810797,0
-1.059116,-0.454796,0
1.131750,0.831751,0
-2.187424,0.147164,0
0.137535,-0.619596,0
-2.461508,0.273048,0
-2.044126,0.193602,0
-0.782498,0.571385,0
-0.800921,-0.890528,0
-1.991578,0.017391,0
-1.294456,0.123820,0
-0.219788,-1.064650,0
-0.274783,-0.156083,0
-1.774970,0.265019,0
-1.027797,-0.403870,0
-2.018474,-1.599296,0
-1.424457,-0.075764,0
-1.083299,0.788089,0
-1.631712,0.768190,0
-0.390576,0.134795,0
-1.636245,-0.021388,0
-0.532217,0.960663,0
-0.498535,0.376675,0
-0.814486,-0.104916,0
-0.740424,0.028539,0
-0.056055,0.007067,0
-1.227226,-0.114688,0
-0.502041,1.182655,0
-0.037762,0.828753,0
-1.599011,1.856165,0
0.063393,-0.138388,0
0.218979,0.275737,0
-1.151924,0.285630,0
-0.543965,-0.651747,0
-1.454259,-1.072334,0
-0.902339,-0.739955,0
-1.944315,1.076907,0
-0.308995,-0.820298,0
-0.344567,0.967656,0
-0.519265,0.999480,0
-1.105867,-0.155040,0
-0.271148,-0.202471,0
-2.777379,0.823722,0
-0.819073,1.105297,0
-2.220414,0.395457,0
-0.029168,0.251345,0
-0.758436,-1.064896,0
-1.188447,-0.323713,0
-1.709103,-1.177205,0
0.505555,-0.651449,0
-1.598793,-0.049682,0
-2.313674,0.102503,0
-1.001244,-0.676648,0
-1.450194,-0.279101,0
0.551203,-1.114513,0
0.124477,0.433730,0
-0.835232,-1.988883,0
-1.957614,0.183622,0
-0.935262,0.626736,0
-2.568364,1.213678,0
-0.706533,-0.645423,0
-0.646673,0.444648,0
-0.529586,1.290678,0
-0.843911,0.031565,0
-1.121088,-0.294221,0
-0.160293,0.932889,0
-0.532627,0.451468,0
-1.042481,1.163272,0
-0.158302,0.726873,0
-2.045703,0.239326,0
-1.807265,0.536776,0
-0.355482,0.900928,0
-0.435057,0.381510,0
0.587794,-1.191418,0
-1.577110,1.601542,0
0.261646,0.847525,0
-1.722125,0.034882,0
-1.327317,-0.887941,0
-1.528119,-0.601840,0
-0.911646,1.384712,0
-0.081955,0.840590,0
-0.027000,0.127111,0
-2.048838,-0.324168,0
-0.591484,0.026244,0
-1.388163,-0.584810,0
-1.194570,0.894764,0
-0.601198,1.850622,0
-1.509527,0.032346,0
-2.105251,-0.649986,0
0.239973,0.294144,0
-1.113313,0.175384,0
0.031608,-0.302307,0
-0.485736,0.380551,0
1.227552,1.040597,0
-0.883036,0.078248,0
-0.776335,0.073598,0
-0.311434,-1.043235,0
-0.118272,0.874999,0
-0.576793,-0.134194,0
-0.127557,1.071008,0
-1.647966,1.875059,0
0.602582,-0.483495,0
-0.139397,0.210019,0
-1.200942,0.103072,0
-0.919014,0.686422,0
-0.587168,0.776870,0
-1.021846,-0.227890,0
-0.534999,0.026913,0
-1.138519,-0.388211,0
-0.773115,-1.057344,0
0.338739,-0.366708,0
-3.295146,0.006269,0
-0.885831,-0.229765,0
-0.835414,-1.461579,0
0.069343,-0.635892,0
-0.002437,0.957071,0
-1.130931,-0.391544,0
-1.254428,0.887671,0
-1.344604,-1.067085,0
-2.107799,-1.451324,0
-1.269755,-0.729429,0
-1.806070,0.940431,0
-1.742991,-0.304439,0
-1.670245,0.428284,0
-0.188223,-0.159177,0
1.071879,-1.001664,0
-0.926323,-1.361848,0
-1.610675,0.920708,0
-0.899428,-0.691754,0
-1.001683,-0.662557,0
-0.357340,0.257940,0
-2.024904,-0.665588,0
-0.726588,-0.457730,0
-2.147936,0.333681,0
-1.985524,-0.472453,0
-0.241240,-0.940526,0
-1.509009,0.555797,0
-1.111963,-0.566242,0
-0.848503,-1.476072,0
-1.156216,-0.788086,0
-1.278467,0.280393,0
-2.175710,-1.072553,0
0.152119,0.610117,0
-1.652483,-0.980160,0
-0.584803,0.448075,0
0.496027,1.300051,0
-1.438677,0.091630,0
-0.390019,-0.386401,0
-0.693123,0.348391,0
-1.603187,-0.629060,0
-2.275102,-0.028335,0
-0.394086,-0.449028,0
-0.835212,1.285127,0
-1.616320,1.085429,0
-1.061641,-0.289419,0
-1.058313,1.078859,0
-0.431680,-0.701944,0
-2.311492,-0.055648,0
-0.389518,0.017066,0
-1.072218,-0.016880,0
-0.786142,-0.129597,0
-0.059340,1.353731,0
-1.935712,-0.675818,0
-1.192083,1.240296,0
0.460851,0.138526,0
-1.237840,-0.676301,0
-1.340534,0.644851,0
-0.742874,0.083467,0
-0.742422,0.274531,0
-1.363522,1.118414,0
-2.122557,0.389016,0
-0.909593,0.071236,0
-0.973296,-1.236467,0
-1.224750,-0.028106,0
-0.852569,0.641311,0
-0.160479,0.581076,0
-1.500526,0.503445,0
0.176753,2.889802,0
-1.454543,-0.815020,0
0.173908,0.322411,0
-0.720847,-0.222698,0
-0.053028,-0.522904,0
-1.587342,-2.031929,0
-0.955058,0.030225,0
-0.616075,-0.295132,0
0.177012,-0.463080,0
-2.099891,0.754002,0
0.770123,0.547451,0
-0.751327,0.284514,0
-1.545009,-0.761369,0
-2.050652,-0.345177,0
-1.512508,0.408970,0
-1.620003,0.570522,0
-1.606971,0.822864,0
-1.222082,-0.832455,0
-2.068681,-0.268095,0
-1.385070,0.815696,0
0.016350,-1.381666,0
0.201367,0.330667,0
-1.106914,-0.022630,0
-1.136511,-0.284393,0
-0.885353,-0.044394,0
-0.912038,-0.433018,0
-0.689613,0.745882,0
-1.203001,0.072940,0
-0.589263,0.121828,0
-2.065020,-0.942934,0
-2.094073,-0.842105,0
0.583148,0.031515,0
-2.019736,0.296348,0
-1.090216,1.914943,0
-1.825526,0.618925,0
-1.888498,0.779260,0
0.470499,0.973516,0
-0.665406,0.581090,0
-1.066889,0.201107,0
-0.418188,-1.385053,0
-1.594933,-0.346172,0
-1.598542,0.235633,0
-1.987013,1.393785,0
-0.021202,1.094244,0
-2.219606,-0.295295,0
-1.519329,-1.274974,0
-0.981695,-0.087652,0
0.049858,1.009258,0
-1.137815,0.833633,0
-1.860601,-0.068706,0
-0.733603,0.078306,0
-1.101300,0.460694,0
-0.241111,0.708860,0
-0.840305,-0.679993,0
-1.435206,0.176459,0
-1.292927,-0.520436,0
-2.782758,0.552147,0
-1.302425,-0.688414,0
-0.619655,-0.267134,0
-1.268102,-0.799718,0
-0.494077,-0.673177,0
0.559404,-0.499730,0
-1.016464,0.641683,0
-0.641351,-0.399923,0
-1.432263,-0.153919,0
-0.309803,0.178767,0
-0.564300,0.163733,0
-0.273113,-0.817258,0
-1.260380,-0.170420,0
-1.649044,-1.668197,0
-1.784763,-1.503142,0
0.134413,1.481415,0
-1.405842,0.028280,0
-1.125485,-0.935632,0
-1.587183,0.228863,0
-2.304655,-1.344025,0
0.478014,0.491113,0
0.463522,0.785780,0
-1.502045,-0.123997,0
-1.051049,-0.111288,0
-1.966775,0.079930,0
-0.682954,0.471345,0
-0.379824,0.594205,0
0.115384,-0.592675,0
-0.445297,0.318634,0
-1.148873,0.475112,0
-1.596999,0.458881,0
-1.457783,-0.230521,0
-2.488542,-0.667471,0
-2.038490,1.654354,0
-0.989839,-1.831790,0
-1.773715,0.478242,0
-1.389954,-0.031744,0
-1.891727,0.167776,0
-1.543873,0.314052,0
-1.372257,-0.122106,0
-0.924357,0.353441,0
-2.245536,-0.144499,0
-0.187884,0.258972,0
-1.136691,-0.089921,0
-2.061999,1.438051,0
0.137676,-0.739425,0
0.263530,0.614083,0
-0.729409,-0.913233,0
-1.483685,0.127832,0
-1.185436,0.227720,0
-0.903870,0.079805,0
-1.456940,-1.140663,0
-1.595907,0.372505,0
-1.603054,-1.840547,0
-1.541422,-0.205198,0
-1.521102,-0.685618,0
-0.438672,-0.979943,0
-2.177121,-0.312504,0
-0.607853,0.626040,0
-1.308433,-0.548306,0
-1.360195,0.153441,0
-2.270912,0.239246,0
-0.762409,0.405594,0
-2.570993,-0.166734,0
-0.747519,-1.017948,0
-1.196004,-0.181104,0
-2.646012,-0.075302,0
-1.206137,1.914126,0
-1.366551,-1.191847,0
-1.246992,-1.414313,0
-1.085343,0.841767,0
-0.566404,1.866729,0
0.763009,0.058406,0
-2.291581,-1.082487,0
-1.382897,0.382510,0
0.635558,0.224310,0
0.348106,-1.122872,0
-1.133050,0.573747,0
-0.298816,-0.433301,0
-0.021867,0.137240,0
-1.633977,-0.062671,0
-0.782134,-1.231535,0
-0.526328,1.185455,0
-1.252658,0.579986,0
-0.598560,-1.060796,0
-1.057137,-0.923446,0
0.309307,-0.023389,0
-0.344951,-0.335263,0
-0.219402,-1.105999,0
-1.017621,0.285600,0
-0.623475,0.188221,0
-1.265321,-1.273091,0
0.702125,-0.316306,0
-0.138438,-0.940244,0
-1.077031,0.063017,0
-1.051611,1.302504,0
-2.160976,-0.616465,0
-1.137654,-1.252980,0
-0.526977,0.409511,0
-2.125150,-0.454716,0
-0.885247,0.521420,0
-1.596317,0.253999,0
-1.719496,1.507448,0
-2.209153,-0.380913,0
-1.731766,1.029381,0
-0.541745,0.633852,0
-1.533234,-0.061654,0
-1.264820,0.198514,0
-1.234863,0.090126,0
-0.628150,-1.152765,0
-1.167366,-0.527009,0
-0.419302,0.582988,0
-0.502256,-0.761425,0
-1.704375,-0.640755,0
-0.363790,-1.031126,0
-1.469321,-0.625222,0
-0.950319,-0.104365,0
-0.633597,0.892501,0
-1.272060,0.173724,0
-0.208746,0.168441,0
-1.826596,-0.995895,0
-2.167871,-1.208799,0
-0.560862,-0.152673,0
-0.923928,-0.733694,0
-0.432296,-0.756410,0
-0.245488,-0.717958,0
0.211540,-0.672582,0
-0.825971,0.128285,0
-1.007434,1.033694,0
-0.704481,-0.066681,0
-1.814859,-0.467265,0
-0.034801,0.626019,0
-0.436200,0.389527,0
-0.690648,-0.450740,0
-0.407934,0.712488,0
-2.402328,0.647566,0
-0.813327,0.664557,0
-0.922981,-0.034720,0
0.180620,-0.550618,0
-2.691351,-0.130894,0
-0.509268,0.088759,0
-1.280217,1.461528,0
-1.216310,1.090328,0
0.804119,0.270406,0
-0.693729,-0.229504,0
-1.044706,0.050594,0
-2.138254,-1.252756,0
-0.563166,0.815156,0
-0.193549,0.598423,0
-0.629453,-0.448295,0
0.094426,0.075044,0
-0.202681,0.608548,0
-0.545443,0.246503,0
-1.296178,-0.938214,0
-0.828616,-0.902816,0
-0.161254,0.907618,0
-1.664936,-0.327702,0
0.525214,-0.414532,0
0.487430,-0.009541,0
-1.236620,0.180055,0
-1.526903,0.814152,0
-0.678620,-1.357249,0
-0.876681,1.375871,0
-0.930253,-0.384385,0
-1.613481,0.854641,0
-1.660729,-0.011110,0
-1.597456,-0.835647,0
-0.150005,0.777136,0
-1.196117,-0.320759,0
-2.102915,-0.069969,0
-1.321122,-0.344942,0
-0.547782,-0.144953,0
-1.345467,0.095097,0
-1.302958,0.040541,0
-1.501508,-0.003473,0
-1.411105,-0.844468,0
-1.022848,-1.061678,0
-1.590701,1.172399,0
-0.911529,0.066223,0
-1.270742,-0.300335,0
-0.379700,-0.006241,0
-0.777810,0.295643,0
-0.868628,0.858104,0
0.063876,-1.022601,0
-0.923837,0.292934,0
-0.470321,0.262158,0
-1.337708,-0.845437,0
-0.893426,-0.247678,0
-0.803303,-0.865049,0
-2.615213,0.068265,0
-2.672398,-1.477715,0
0.234838,-0.320642,0
-1.182871,0.162933,0
0.356031,0.171726,0
-1.985588,-0.225710,0
-0.343780,-0.307730,0
-1.413257,-0.535507,0
-0.285853,0.830802,0
-0.812781,-0.511607,0
-2.474154,0.878958,0
-1.682076,1.689806,0
-0.359978,0.335696,0
-0.904167,0.478900,0
-1.191109,0.571021,0
-1.910710,0.728673,0
-1.938589,1.058077,0
-1.716103,0.213890,0
-0.047971,-0.116064,0
-0.991928,-1.266812,0
-1.842068,1.508753,0
-1.970037,-0.131527,0
-0.525513,-0.151595,0
-0.913798,-0.605736,0
-1.576228,0.252217,0
-0.993849,0.602533,0
-2.023452,-0.175405,0
-1.281031,0.295378,0
-0.456039,0.886591,0
-0.907693,0.668345,0
-2.232073,-0.517692,0
-0.051167,-0.313223,0
-1.459989,0.043466,0
-0.493857,0.211716,0
-1.106153,0.961624,0
-1.490813,1.449928,0
-2.918408,-0.810701,0
-0.618711,1.510272,0
-2.060062,-1.155419,0
-0.024675,0.952884,0
-1.338140,-0.496116,0
-0.399529,0.528666,0
-2.237489,0.646254,0
-1.376717,-0.057739,0
-0.381325,-0.076999,0
-0.388438,0.475510,0
-0.484087,0.498760,0
-1.294683,1.110819,0
-0.538951,-1.748792,0
-1.849802,-1.151180,0
-0.787449,0.688348,0
-1.787911,0.902591,0
-0.613561,-0.642570,0
-2.151776,-0.149181,0
-1.555747,0.163261,0
-1.177004,-0.115947,0
-0.484008,-0.258655,0
0.060021,0.248358,0
-0.632525,-1.509229,0
-1.936733,1.247060,0
-0.229995,1.048869,0
-0.405250,0.115133,0
0.166387,-0.187604,0
-1.247162,1.013396,0
-2.396018,0.940721,0
-0.474480,0.987924,0
-0.298529,-1.552159,0
-1.461040,-0.379168,0
-1.565742,-0.641158,0
-0.326751,-0.963025,0
-2.054229,0.027519,0
-1.453421,-0.023013,0
-1.562508,0.413727,0
-1.359011,-0.692980,0
-0.227785,0.330733,0
-1.093944,1.263769,0
-0.702819,1.041851,0
-1.167754,-0.855821,0
-1.322974,-0.028102,0
-1.380885,-0.705592,0
-1.236911,-0.740069,0
0.042433,-0.775120,0
-1.686419,1.060675,0
-1.693025,-0.366281,0
-0.792526,0.946376,0
-0.857750,-0.422236,0
-0.501647,0.729297,0
-0.820105,0.056862,0
-1.411274,-0.141932,0
-1.065347,0.317875,0
0.615676,0.308585,0
-0.950170,-0.016101,0
-0.445829,-0.066256,0
-0.700412,-0.993073,0
-1.272355,0.905587,0
-1.107480,-0.008576,0
-0.609519,0.492036,0
-0.879530,0.514316,0
-0.829050,0.207659,0
-1.180938,0.917298,0
-1.102437,-0.362893,0
0.192973,-0.735783,0
-1.637834,-0.949821,0
-0.104675,0.092614,0
0.261553,-0.365983,0
-1.356417,-0.347038,0
-1.181783,-0.393254,0
-0.593436,-0.694341,0
-1.090873,-0.860904,0
-1.815825,-0.372312,0
-1.207909,0.294120,0
-1.648622,0.141389,0
-1.316009,0.579227,0
-1.687249,-0.678407,0
-1.857859,1.740167,0
-1.648493,0.368559,0
-1.649087,-1.921381,0
-1.614377,0.192451,0
-1.556511,1.710099,0
-0.871039,-0.064271,0
0.446540,0.366228,0
1.019593,-0.162499,0
-1.379999,-0.145597,0
-0.992532,-0.299216,0
-0.926526,-0.490466,0
-0.691082,-1.144010,0
-1.004556,-0.682607,0
-1.009522,-0.014101,0
-0.818788,-0.429476,0
-0.529184,-1.083028,0
-0.829002,-0.695301,0
-0.576048,0.773726,0
-1.735091,1.756286,0
-1.540678,0.662345,0
-0.221337,-0.673860,0
-1.536049,1.744796,0
-0.807884,0.374931,0
-0.831540,0.227650,0
-0.224529,1.241215,0
-2.092991,-0.028104,0
-0.984505,-0.257621,0
0.708590,-0.134180,0
-1.186977,-1.094146,0
-1.122464,-0.690655,0
-1.559295,0.970743,0
-0.936065,0.619723,0
-1.861031,0.285590,0
-1.973763,-0.488971,0
-1.089878,0.976636,0
-1.155441,1.225355,0
-1.329333,0.574910,0
-0.919520,0.380841,0
-1.357775,-0.252622,0
-1.398888,-1.868967,0
-0.236909,0.238625,0
-2.140150,0.410128,0
-0.377061,-1.251355,0
-0.066268,-0.204999,0
-0.833425,0.428041,0
-1.277488,-1.504819,0
-1.916853,1.626956,0
-1.758814,0.377957,0
-0.620989,0.782903,0
-3.391440,-0.283036,0
-0.659790,-0.355049,0
-2.141871,-0.700490,0
-0.423381,-0.324375,0
-0.422998,0.264783,0
-0.784512,0.033470,0
-0.526437,1.058121,0
-1.480133,-0.916857,0
0.359331,-0.578224,0
-0.338044,1.389698,0
-1.622721,1.376689,0
-0.626528,-0.288734,0
-0.928517,0.399118,0
-1.090960,-0.246623,0
-1.025385,0.274190,0
-0.971200,-0.072819,0
-0.534932,0.594920,0
-1.355917,0.902975,0
-0.735336,1.361415,0
-1.939811,0.699144,0
0.383090,0.268584,0
-0.628227,0.095543,0
-0.447192,0.544503,0
-2.016451,-1.343709,0
0.353180,-0.167595,0
-0.658701,-1.095523,0
-0.774733,1.009608,0
-1.221392,-0.023490,0
-0.818822,0.309109,0
-2.286353,0.390668,0
-2.212170,-0.059045,0
-0.684095,0.071969,0
-1.829503,1.155797,0
0.154659,-0.498383,0
-1.012739,0.104662,0
-0.493470,-0.422867,0
0.125080,0.886702,0
-0.212638,1.597700,0
-0.566231,-1.172203,0
-1.412773,-0.590953,0
-0.116230,0.117474,0
-1.010339,1.055201,0
0.548971,-1.161515,0
-2.325738,-0.202652,0
-1.045006,-0.244029,0
-0.622448,0.140685,0
-0.308123,-0.506844,0
-2.332375,-0.577805,0
-2.004217,-1.105855,0
-1.196300,0.335419,0
-1.059171,0.339139,0
-0.138095,0.260286,0
-0.578530,1.068946,0
-0.444045,1.272607,0
-0.160895,0.010966,0
-1.721029,-0.491691,0
-0.078988,0.553009,0
-0.849692,-0.970351,0
-1.179646,0.730813,0
-1.286448,0.011693,0
-0.583490,-0.219904,0
-0.711306,0.251147,0
-2.518006,-0.642943,0
-0.324376,0.382105,0
-0.668077,-0.509576,0
-0.487727,-0.415101,0
-0.194112,0.255840,0
-0.349022,0.202752,0
-0.265406,-0.720207,0
-1.086022,-0.088846,0
-0.869735,-1.017840,0
-1.474607,-0.621957,0
-1.156557,0.519565,0
-1.078711,-1.625800,0
0.634934,0.826200,0
0.032167,-0.786271,0
-0.433364,0.474273,0
-0.797055,-1.368059,0
-1.552190,0.372398,0
-0.521254,0.431126,0
-0.137174,0.789074,0
-1.774598,-1.620115,0
-0.708929,-0.396980,0
-1.263852,-0.159357,0
-1.221642,-0.272378,0
-1.422435,0.254626,0
-2.440503,1.390292,0
-0.417474,-1.199387,0
-1.109646,0.192013,0
-0.414187,0.375134,0
-0.358424,-0.645079,0
-1.252990,0.872956,0
-1.014766,1.159914,0
-1.683605,-0.593563,0
-0.809189,-0.301405,0
-0.651646,-0.408454,0
-0.824263,-0.609736,0
-1.578687,-1.613459,0
-1.257244,1.634868,0
-1.023778,-0.822825,0
-1.274723,0.202316,0
-1.579610,0.584062,0
-1.393634,-0.368340,0
-1.173824,-0.339682,0
0.490353,-1.426559,0
0.480207,0.300119,0
-1.530560,0.115246,0
-0.663966,1.380867,0
-1.424582,0.368259,0
-0.233190,-0.147104,0
0.177164,-0.042417,0
-1.006913,0.275650,0
-2.544526,0.830285,0
-1.346530,-1.237026,0
-0.547512,0.278572,0
-0.973289,0.821970,0
-0.657445,0.587000,0
-0.378891,-1.147167,0
-1.625405,0.683372,0
-0.618392,-0.707857,0
-0.468580,-0.781856,0
-1.168149,0.089110,0
-1.165906,0.874116,0
-1.377983,-1.173839,0
-1.438431,-2.155809,0
-1.018924,0.223933,0
-0.699943,-1.547572,0
-0.263913,-0.530017,0
-1.515300,0.490949,0
-1.043466,0.886221,0
-1.225146,-1.372561,0
-1.532154,0.255379,0
0.332483,0.519522,0
-0.557918,0.052701,0
-0.198714,-0.265041,0
-0.751710,0.279055,0
-0.717793,0.083848,0
-0.661746,0.470232,0
-0.526219,-1.075092,0
-0.946047,-0.714734,0
-0.337191,-0.185843,0
-1.614889,0.482425,0
-1.872014,0.582304,0
-0.656431,-1.132774,0
-1.120035,-0.011838,0
-2.302126,-0.043865,0
-0.866451,0.030645,0
-1.065767,-1.852400,0
-1.025670,-0.081134,0
0.280659,-0.037871,0
-0.752970,0.902285,0
-1.216136,1.525624,0
-0.203288,-0.909002,0
-0.854232,-1.747497,0
-1.012138,1.119610,0
0.170566,0.948193,0
-1.531685,-1.698426,0
0.231227,-1.351014,0
-0.172975,0.453167,0
0.132045,-1.351558,0
-2.466383,0.766963,0
-1.234334,-0.327575,0
-2.253389,-0.162152,0
-1.227211,-0.727430,0
-0.765032,-0.560547,0
-1.254653,-0.910632,0
-0.695212,0.068292,0
-1.333560,0.666024,0
-0.737445,-1.054221,0
-2.130819,0.957384,0
-1.125734,-0.536516,0
-1.164559,-0.221239,0
0.019204,0.218976,0
-0.718428,-0.537483,0
-2.449527,-0.215313,0
-0.471008,0.516961,0
-1.344362,-1.066895,0
-0.651391,-0.905824,0
-2.119158,-0.436968,0
-1.032666,-0.113673,0
-2.738136,0.679351,0
-0.856828,-1.049919,0
0.026943,0.782017,0
-0.279280,-0.151695,0
-1.394702,-0.576382,0
-1.354043,-0.290202,0
-0.833754,-2.047870,0
-0.978155,-0.889115,0
-0.752516,-1.455811,0
-1.453416,1.125153,0
-1.166941,-1.252716,0
-0.243682,-0.726884,0
-0.598695,0.287098,0
-2.523468,-0.376046,0
-1.409125,-0.286122,0
-0.594633,0.677358,0
-0.583857,-0.673148,0
0.247016,-0.226760,0
-1.797102,-0.205193,0
-1.111440,-0.188069,0
-0.951360,-0.855269,0
-0.620355,-0.709860,0
-0.857781,0.160646,0
-1.287565,1.006351,0
-2.655664,1.281029,0
-1.327297,0.023693,0
-0.817500,0.930719,0
-1.422608,-0.238332,0
-1.330021,-0.005415,0
-0.974830,-0.287439,0
-0.306011,0.620643,0
0.613469,-0.408234,0
-0.677090,-0.001882,0
-1.349250,0.349655,0
-1.336905,-0.390303,0
-0.832441,0.430144,0
-0.630942,0.661083,0
-1.361841,0.147413,0
-2.077009,-0.807646,0
-0.653606,-0.656508,0
-1.389392,-0.593390,0
-1.729509,-1.002606,0
-2.139289,0.818238,0
-0.819499,1.242589,0
-0.280129,-0.207168,0
-1.206599,0.602245,0
-1.010551,0.329691,0
-0.724991,0.811305,0
-1.005971,0.389675,0
-2.266096,0.094385,0
-0.338494,1.184534,0
-2.911918,-0.859979,0
-1.579716,1.268059,0
-1.228005,-0.120862,0
-0.419797,-0.121096,0
-1.286178,-0.533780,0
-0.824187,-0.135778,0
-1.806080,-0.073060,0
-1.696751,-0.510002,0
-2.340202,0.688142,0
-0.543320,-0.804154,0
-1.632837,0.034274,0
-1.159860,-1.197629,0
-2.393243,-0.523697,0
0.151411,-0.715613,0
-1.050282,-0.310510,0
-0.249596,-0.352700,0
-0.897547,-0.029682,0
-0.825200,-0.295297,0
-0.942542,0.638551,0
0.378589,-0.356920,0
0.468066,0.184116,0
-1.200464,0.678121,0
-0.889804,1.360981,0
-0.717122,-0.511918,0
-1.865480,1.134957,0
-1.094481,0.672499,0
-0.782241,1.516781,0
-1.591037,0.610657,0
-1.751820,0.347606,0
-0.693156,-0.830366,0
-0.463448,-0.770571,0
-0.700261,0.554168,0
-0.318405,0.598223,0
-0.869434,-0.169292,0
-0.132680,-0.032942,0
-0.703580,-1.523099,0
0.561509,1.157689,0
-0.719348,-0.396185,0
-1.468516,2.186527,0
-0.088500,-0.465655,0
-2.558245,0.013377,0
0.412350,-1.090262,0
-0.689294,0.124004,0
0.382697,-0.971923,0
-2.151639,-0.587695,0
-0.128750,-0.815952,0
0.136956,-0.127586,0
-0.660642,0.009205,0
-0.897323,-0.311599,0
-0.913638,-0.091046,0
-1.259971,-0.312490,0
-1.191266,-1.489446,0
-1.208323,1.319719,0
-1.295117,0.454433,0
-0.420087,0.775723,0
-1.133119,-0.291286,0
-0.484994,0.038093,0
-1.267513,0.082220,0
-1.703265,0.274696,0
0.569799,-0.638328,0
-1.344931,0.613629,0
0.068900,0.763428,0
-1.366686,-0.233441,0
-0.433728,-0.953215,0
-0.904447,0.286884,0
-1.656830,-0.059956,0
-0.831855,1.213335,0
-1.647758,0.772507,0
-0.107493,0.185503,0
-0.274054,-0.004992,0
-0.504371,0.019180,0
-1.035429,1.050993,0
0.185856,1.248792,0
-1.712089,0.387401,0
-0.841468,1.373192,0
-2.119909,-0.248856,0
-1.157756,-0.409267,0
-1.383805,-0.508872,0
-1.050350,-0.425792,0
-1.158485,0.161176,0
-0.403331,1.521089,0
0.754802,1.041474,0
-0.635160,0.700574,0
-2.557223,-0.589245,0
-1.378209,-0.261361,0
-2.288903,1.305955,0
-1.719672,0.073501,0
-1.356385,-0.114028,0
0.549216,-0.439034,0
-1.418181,0.426935,0
-1.508677,-1.278846,0
-0.517348,-0.219459,0
-0.240606,0.295756,0
-0.709514,-0.244967,0
-0.343208,0.773499,0
0.819787,-0.009302,0
-1.493133,-0.851600,0
-0.746662,-0.681294,0
-1.355793,-0.724519,0
-2.013331,0.231526,0
-1.589587,0.119126,0
-0.026203,-0.884487,0
-0.738080,0.123362,0
-1.740844,-0.107154,0
-1.152928,-0.919644,0
-1.610223,-0.556144,0
-1.883674,-0.712118,0
-1.886181,-0.562021,0
-1.402642,-0.946775,0
-0.803690,0.960307,0
-0.952791,-1.399108,0
-1.142886,-0.790115,0
-2.988209,-0.248638,0
0.811188,-0.557920,0
-1.689442,-0.371988,0
-1.423759,0.324234,0
-1.023483,1.233959,0
-1.761230,0.661036,0
0.718135,1.371734,0
-0.271691,1.036431,0
-1.201451,-0.178343,0
-0.831721,-0.219416,0
-1.170243,-0.401685,0
-0.617032,-0.515576,0
-0.575819,-0.671321,0
-1.154016,-0.590515,0
-1.085741,0.012812,0
0.781297,1.277987,0
0.163927,-0.539138,0
-1.061733,0.194490,0
-1.279433,-0.185272,0
-0.435128,0.121332,0
-1.137106,0.727913,0
-1.237118,-0.556586,0
-0.693150,-1.540563,0
-1.407126,-0.467611,0
-1.413761,-0.581513,0
0.324158,0.449634,0
0.985115,-0.361608,0
-1.513001,-0.460405,0
-1.695461,0.260108,0
-1.954177,0.859925,0
-0.003787,-1.490501,0
-0.818804,0.203924,0
-0.554145,0.420158,0
-0.588496,-0.163904,0
-0.398158,1.066200,0
-1.037819,-0.413825,0
-1.778037,-0.977574,0
-0.580641,-1.083712,0
-0.430513,-0.025940,0
-0.527085,0.069082,0
-1.146690,-0.072919,0
-1.928823,-0.046754,0
-2.017962,-0.381346,0
-0.717908,0.349386,0
-1.569964,0.230991,0
-2.058249,-1.090072,0
0.662821,-0.053057,0
-1.924585,0.987616,0
-1.816839,0.987753,0
-1.192845,0.189880,0
-1.581187,-0.412278,0
0.286459,-0.287604,0
-1.099956,0.863719,0
-0.059688,-0.210698,0
-1.893571,0.323302,0
-1.911084,-0.387245,0
-1.003407,-0.099077,0
-1.212520,0.210842,0
-0.149584,0.659827,0
-0.933413,0.812472,0
-1.569172,0.937978,0
-0.358830,1.414342,0
-1.260665,-0.550704,0
-0.896912,-1.384183,0
-0.838203,1.331332,0
0.162786,1.042122,0
0.011136,-0.843325,0
-0.719952,-1.280607,0
-0.559235,-0.573667,0
-1.554216,-0.000813,0
0.001034,-1.037640,0
-1.563722,-0.632617,0
-0.696866,1.200997,0
-1.245326,0.563540,0
-0.432688,0.126737,0
-1.910963,-0.871545,0
-0.822211,0.325568,0
-0.133840,0.314648,0
-2.682238,0.251642,0
-1.019395,0.662860,0
-0.366117,0.604665,0
-0.950819,1.097386,0
0.651716,0.599127,0
-0.591651,-0.131524,0
0.071335,-1.696813,0
-1.231668,1.178568,0
-1.393177,0.010723,0
-0.924929,0.445684,0
-0.152907,-0.971079,0
-1.329464,-1.746296,0
0.199722,0.617216,0
-1.691812,-0.134670,0
-0.787671,0.737387,0
-1.722769,-0.033296,0
-0.145145,0.646104,0
0.407077,0.412047,0
-1.757834,-0.154151,0
-0.066001,-0.593418,0
-0.821957,-0.386270,0
-1.240561,-0.125441,0
-3.022586,-0.429662,0
-0.689986,0.141140,0
-0.328547,0.075206,0
-0.065780,-0.714822,0
-1.733523,-0.577183,0
-0.707443,0.007424,0
-1.590915,-0.184518,0
-0.782129,-0.528635,0
-2.188068,-0.909401,0
-0.864478,0.322944,0
-3.072855,-0.244437,0
-2.672678,0.111103,0
0.195569,-1.269555,0
-1.309631,-1.451609,0
-1.713471,0.873198,0
-1.703762,-0.630812,0
-0.323718,1.574650,0
0.717327,-1.173622,0
-0.856718,-0.285982,0
-0.395702,-0.994496,0
-0.308225,-0.377781,0
-0.807246,-0.053346,0
-1.661891,-0.993615,0
-0.816038,-0.772447,0
-1.893240,-1.065499,0
-1.240838,0.703027,0
0.005389,0.325374,0
-0.303240,0.516132,0
-1.643981,-0.032172,0
0.459141,-0.395732,0
-1.850390,-0.882291,0
-1.875578,-0.468467,0
0.423682,0.959424,0
-0.567050,-1.646753,0
-1.365202,-0.218861,0
-1.776890,-0.649045,0
-0.335377,-0.037845,0
-1.125812,-0.752943,0
-1.750783,-0.025020,0
-0.565159,-0.459190,0
-1.209018,-0.233706,0
-1.363297,-0.449804,0
-1.589942,-0.431294,0
-0.952313,1.428637,0
-1.354686,-0.506983,0
-0.092377,-1.043504,0
-0.047134,0.071436,0
-1.338821,1.143565,0
0.231433,-0.256293,0
-0.873563,-1.039903,0
0.872242,-0.741090,0
-1.275721,0.189618,0
-2.037640,-0.412811,0
-1.724592,-0.564486,0
-1.534577,1.298185,0
0.050551,2.146575,0
-0.306982,0.611805,0
-0.799047,-0.077180,0
0.747644,-0.673858,0
0.066084,-1.625528,0
-1.843021,0.101422,0
-1.011094,0.005208,0
0.389633,-0.242429,0
-0.680649,1.457836,0
-0.011165,0.432289,0
-0.477956,-0.195672,0
-1.475979,1.221286,0
-0.797072,0.070350,0
-0.710421,1.077915,0
-0.354700,0.583947,0
-0.452140,0.097345,0
1.031607,0.375984,0
-0.301562,-0.192261,0
0.279766,0.963209,0
-1.159368,-0.028108,0
-0.725249,-0.766395,0
-1.029401,-0.682130,0
-1.216574,-0.129550,0
-1.811195,0.107196,0
-0.466948,-0.967461,0
-0.393523,-0.384632,0
-1.376731,-0.731067,0
-0.300071,-0.090063,0
-0.037309,-0.499878,0
-2.703062,-0.493380,0
-1.313222,-0.608723,0
-1.172507,-0.027204,0
-2.077893,1.026518,0
-1.356306,0.610564,0
-0.916689,-0.526557,0
-1.314464,-1.577591,0
-2.033719,1.038517,0
0.179695,-0.322367,0
1.234252,1.252523,0
-0.593699,0.599634,0
-0.439043,0.420675,0
-1.109075,0.036863,0
-1.198814,0.142645,0
-1.999107,-1.583006,0
-2.490321,0.177857,0
-1.677105,1.099492,0
-2.060682,0.230021,0
-1.617276,-0.277871,0
-0.722830,-0.754852,0
-0.171555,0.217770,0
-0.216868,1.229596,0
-0.124756,0.997551,0
-0.032399,0.300777,0
0.057662,-1.897117,0
-1.007206,-0.438469,0
-2.023536,0.064602,0
-0.276822,-0.244869,0
-1.552918,-0.700156,0
-0.133522,-0.403705,0
-1.825716,-1.067854,0
-1.071348,-0.887154,0
-1.148605,-0.091703,0
-0.295397,-0.355529,0
-0.216157,0.021103,0
-0.898014,-1.418462,0
-0.685187,0.575772,0
-0.607142,-1.877801,0
-1.428252,0.824215,0
-0.695942,-0.688837,0
-1.583694,0.984858,0
-0.844918,0.710624,0
-1.233532,0.854791,0
-1.138170,0.762799,0
0.004812,0.508168,0
-0.645314,-0.298236,0
0.189773,-0.470240,0
-0.557941,-0.089040,0
-1.390200,-1.493823,0
-0.779843,-0.754431,0
-1.681926,-0.001061,0
-1.608188,0.077522,0
0.448245,0.812018,0
-1.014196,0.003222,0
-2.806596,-1.873857,0
-0.462316,-0.214879,0
-0.470477,1.445938,0
-1.433443,-0.896842,0
-1.358319,0.026509,0
-0.567475,-0.982021,0
-0.911890,-0.571743,0
0.009225,-1.276369,0
-2.018698,0.834653,0
-2.381309,-0.964771,0
-2.303464,-0.319533,0
-1.640336,-0.661763,0
-1.331833,-0.441080,0
-2.515500,-0.051121,0
-0.971422,0.629369,0
0.563433,1.050619,0
-1.760084,0.830028,0
-0.570601,-0.789799,0
-1.511202,0.120082,0
-0.732926,0.205583,0
-0.986322,0.534966,0
-2.955507,-0.632285,0
-0.936437,-0.497366,0
0.233637,-0.538574,0
-1.178069,-0.055181,0
-0.728764,-0.335438,0
-1.230290,1.077190,0
-1.317727,-0.792378,0
0.072065,-1.750190,0
-1.456537,-0.127075,0
-0.725171,0.581363,0
0.432005,-0.589634,0
-0.840285,1.292865,0
-0.995892,1.228769,0
-0.682137,-0.989372,0
-0.959265,-0.401473,0
-1.722176,-0.053697,0
0.134029,0.389514,0
-2.527887,-1.083225,0
-1.723883,-0.139748,0
-1.936682,-0.418054,0
-1.229967,-0.217684,0
-1.688860,0.079893,0
-0.996981,0.332599,0
-0.455697,-1.675539,0
-1.204447,1.357186,0
-1.799404,-0.497745,0
-1.712377,-0.576688,0
-1.472369,-0.307892,0
-1.141913,-0.064122,0
-2.330169,0.937449,0
0.514945,0.039240,0
0.233594,0.014682,0
-2.668184,-0.054670,0
-1.273434,-0.328578,0
-0.075998,-0.932368,0
-3.239813,-1.349834,0
-1.091696,-0.074518,0
-0.638311,-0.279014,0
0.216817,-1.591221,0
-1.424550,0.548483,0
-1.195348,-1.184006,0
-0.774354,0.100886,0
-2.152649,0.133248,0
0.040367,-0.307322,0
0.764667,0.248266,0
-1.397246,0.751020,0
-1.761940,0.772214,0
0.673251,-0.011611,0
-1.617000,0.023983,0
-1.274755,-0.361555,0
-0.279368,-1.091584,0
-2.328912,0.553822,0
-0.954668,-1.126666,0
-1.507129,0.854415,0
-1.073591,-0.851811,0
-0.781858,-0.089030,0
-0.390127,-0.315641,0
-1.087802,-0.923378,0
-0.879806,1.137881,0
-0.870924,-0.081030,0
-0.203810,-0.221504,0
-0.888926,-0.331265,0
-0.031836,0.161785,0
-0.058819,-0.644180,0
-0.133751,0.653584,0
-0.006794,0.126341,0
0.038899,-0.026886,0
-0.994101,0.678160,0
-1.099656,-0.262636,0
-1.711080,0.520935,0
0.243129,-0.005308,0
-1.259614,-0.209533,0
-2.368366,1.144436,0
-0.502235,-0.533676,0
0.389442,-0.538809,0
-1.314089,-0.597333,0
-2.145769,0.850796,0
-0.653837,-1.077101,0
-0.937521,-1.014981,0
-0.158431,-1.138221,0
-1.971017,-0.839927,0
-0.578551,-0.822327,0
-1.793707,-0.615354,0
-0.386503,-1.042528,0
-1.476956,-0.328750,0
-1.635105,-1.599050,0
-2.845472,0.372429,0
-0.728607,-2.009827,0
-0.458491,0.776902,0
0.556327,0.215825,0
-0.670273,-0.549720,0
-0.680726,-0.335084,0
-1.466481,1.904000,0
-1.177251,0.575267,0
-1.653642,-0.031069,0
-1.484423,-0.608223,0
-0.439315,-0.109345,0
-2.180970,-0.796182,0
-0.697605,-0.697993,0
-2.518750,-0.204356,0
-1.302450,-0.421991,0
-1.368866,0.126913,0
-0.537632,-0.770522,0
-1.569856,-0.044842,0
-0.235890,1.759827,0
-1.506873,-1.264572,0
-1.693943,-0.137404,0
-1.123354,-0.099193,0
-1.570893,0.472055,0
-0.664936,-0.104373,0
-1.510054,-0.745176,0
-0.442097,-0.080765,0
-0.010517,-0.087963,0
-1.751230,0.744202,0
-0.894067,-0.436619,0
-2.005721,0.789067,0
-1.548366,-0.623914,0
-0.313722,-0.064280,0
0.753369,-0.764374,0
-2.017969,-0.871053,0
-2.078189,-0.404061,0
-1.213262,0.393727,0
-0.176733,-0.549363,0
-0.865474,-1.482543,0
-1.502228,0.309774,0
-1.404422,-0.180186,0
-0.726165,-1.399089,0
0.052454,-0.878666,0
-0.695366,-0.843354,0
0.177014,0.747943,0
0.064161,0.857951,0
-1.132526,-0.503053,0
-2.070206,1.274586,0
0.918638,0.468777,0
-2.443803,-0.435855,0
-1.790592,0.994719,0
-0.555570,-0.861357,0
