1.933286,1.140614,1
1.189306,-0.695779,1
1.180575,-0.030790,1
1.076864,-0.687465,1
0.968365,0.294249,1
1.370466,1.452975,1
0.325118,0.687902,1
1.439295,0.692974,1
1.897881,0.501448,1
0.812739,-0.875119,1
2.711450,0.266870,1
1.832634,0.164018,1
-0.562167,-0.625486,1
1.814886,-0.972412,1
1.131139,0.058643,1
1.378171,-0.558873,1
2.804940,0.334834,1
0.226566,0.241407,1
1.695242,-0.401075,1
2.318439,0.078918,1
0.337447,0.204431,1
1.082145,-0.809130,1
1.531786,1.312102,1
1.285659,0.968025,1
0.818016,-0.840875,1
0.709545,-0.926662,1
0.906558,-0.504940,1
0.570459,-0.661108,1
1.096011,-0.644177,1
1.777519,-0.552483,1
0.064645,0.293354,1
1.815183,0.642093,1
0.586632,-0.621015,1
1.109253,0.366408,1
1.754444,0.150501,1
0.013011,0.996109,1
1.765777,-1.536498,1
1.062883,-0.175594,1
0.395982,0.063783,1
1.355854,0.734791,1
1.765381,-1.462242,1
1.125054,-0.619888,1
-0.395255,-0.116379,1
-0.252896,-0.549678,1
2.223540,0.486261,1
0.402952,-0.786331,1
1.514673,-0.808410,1
-0.718800,0.767617,1
0.868723,0.496186,1
0.268815,0.275299,1
-0.045954,0.765044,1
0.456820,1.127990,1
1.282719,-0.881630,1
2.322655,0.639345,1
1.814681,0.413389,1
1.012279,-1.404897,1
1.279789,-0.129624,1
1.749768,0.921390,1
0.688209,0.707007,1
0.593197,0.365145,1
2.087362,-0.335918,1
2.252437,-0.389425,1
1.087451,-0.672160,1
0.284125,0.531609,1
-0.584691,1.217492,1
1.389631,-1.089886,1
1.849618,-0.395570,1
-1.014972,-0.248186,1
1.131417,0.309754,1
0.854554,-0.315401,1
-0.868689,0.332484,1
1.964194,0.153820,1
1.275322,-1.196750,1
0.767598,0.539558,1
1.480563,0.379520,1
0.105141,-0.595894,1
0.985056,-0.189063,1
2.270034,-0.302981,1
1.303904,-0.490145,1
1.249599,-0.667185,1
0.870517,-0.599095,1
0.670721,-0.234775,1
2.321329,-0.345201,1
0.367563,0.922513,1
0.973099,0.062297,1
1.105365,1.615286,1
1.272078,0.783993,1
-0.008942,-0.880696,1
2.289195,-0.141415,1
1.221064,-0.099986,1
0.895587,-0.225179,1
0.637589,-1.214062,1
0.315436,0.153477,1
0.427990,-0.903400,1
0.110639,0.874861,1
1.905451,0.996899,1
1.253860,0.108304,1
2.519933,-0.926706,1
1.325856,-0.202288,1
0.526882,-1.105376,1
0.754314,-0.598842,1
0.015802,0.006628,1
1.020733,-1.501660,1
1.136613,0.201818,1
0.855074,-0.945837,1
0.431190,-1.275529,1
2.111129,1.644800,1
0.093487,1.150091,1
1.330693,-0.531990,1
0.061480,-0.678967,1
0.988233,1.304663,1
1.419321,1.793021,1
0.633052,-1.200370,1
0.656647,0.925745,1
-0.595820,0.612165,1
1.056276,0.198826,1
1.270640,0.313664,1
2.658279,-0.687340,1
1.350216,0.833725,1
0.540213,-1.072606,1
-0.243453,-0.301106,1
1.496825,0.277645,1
1.118259,-0.195951,1
2.566998,1.050614,1
0.055530,0.108059,1
-0.690205,1.239488,1
2.082732,-0.795925,1
1.989483,1.146653,1
1.379328,-1.016928,1
-0.553386,-0.217528,1
0.116009,0.042447,1
0.670663,-1.489175,1
0.918515,0.432275,1
-0.912538,0.315280,1
-0.112092,0.889979,1
-0.011472,1.101179,1
0.552452,-0.024518,1
0.795065,0.896649,1
1.096197,-0.040533,1
2.124080,1.908631,1
0.341541,0.079647,1
1.094007,-0.188362,1
0.945802,-0.343558,1
1.028749,1.493005,1
1.327549,1.018353,1
1.619672,-0.475905,1
-0.689164,-0.248702,1
0.355657,-1.568362,1
1.625788,-0.572306,1
0.219479,-1.383333,1
0.102760,0.061711,1
-0.522110,-0.160459,1
1.207274,-0.390117,1
0.315747,0.595989,1
2.103255,-0.173527,1
2.696414,-1.114284,1
-0.102175,-0.066163,1
1.439669,-0.159290,1
0.703019,0.206763,1
0.248445,-0.173035,1
1.157945,0.767330,1
2.041291,-1.011442,1
2.131260,0.661699,1
1.604799,-1.774477,1
0.557151,-0.545327,1
0.429329,1.381364,1
2.078985,0.307916,1
1.249767,0.530297,1
0.642760,1.236089,1
0.861453,-0.633727,1
2.743019,-0.175132,1
0.524707,1.038728,1
1.328659,-1.199040,1
1.645558,0.339176,1
0.372582,-1.333535,1
0.776899,-0.787837,1
2.340007,-0.685851,1
0.859484,0.035979,1
-0.541647,0.227708,1
0.528100,-1.140747,1
0.710352,0.241653,1
0.839928,-1.548181,1
1.190433,-1.560613,1
1.810709,-0.517297,1
1.427548,-0.103388,1
0.982258,-0.225199,1
1.389667,-0.132442,1
0.772623,-0.422312,1
0.773242,-1.111114,1
1.315748,-0.132156,1
2.154103,-0.415849,1
0.647060,0.642318,1
0.158555,1.934173,1
1.026473,0.116945,1
2.088083,0.332692,1
0.931922,-0.514094,1
0.951069,-0.538226,1
1.916249,0.895098,1
1.867156,0.071613,1
2.356896,1.064009,1
0.991757,0.364290,1
1.250478,-0.894894,1
0.792211,0.256677,1
1.253561,-0.263434,1
0.475047,0.121218,1
1.142409,0.097811,1
1.098926,1.390493,1
-1.202957,-0.250994,1
0.848108,-0.635018,1
0.140918,-1.073361,1
2.199072,-0.316752,1
1.038824,-0.781329,1
0.878655,0.354164,1
2.259462,0.845032,1
1.069270,-0.242578,1
1.471090,-0.314767,1
0.926936,-1.066552,1
-0.222602,-1.573349,1
1.552570,-0.660651,1
-0.437648,0.076601,1
0.133962,-0.266230,1
1.997973,-0.306588,1
1.425048,-0.907722,1
1.242928,0.329045,1
0.507032,-0.878538,1
0.594385,0.079197,1
0.115848,0.150808,1
0.974079,0.104760,1
2.057753,1.410289,1
1.219421,0.009860,1
-0.591993,-0.560936,1
0.813947,-0.195676,1
1.261855,0.251644,1
1.128961,0.877775,1
1.884591,0.906552,1
1.011237,0.272575,1
0.814487,1.632916,1
0.364399,0.395718,1
0.785759,0.704096,1
1.631792,-0.019228,1
1.310241,-0.615324,1
1.932470,0.191059,1
1.069693,-0.663954,1
0.364828,1.588059,1
0.847970,0.704930,1
0.806364,-1.245924,1
1.613477,-1.038465,1
0.667092,-1.174276,1
0.995886,1.363361,1
0.738114,0.298833,1
2.253176,-0.436600,1
-0.096618,0.090710,1
0.192447,-0.709530,1
0.530694,0.843259,1
1.059469,0.426223,1
1.816992,1.228955,1
0.700054,1.192102,1
1.249776,0.270289,1
0.809725,1.509074,1
1.141741,-0.432651,1
1.516204,0.759110,1
0.620486,-0.600005,1
0.648469,-0.440066,1
1.428052,-0.831663,1
0.242054,0.097632,1
1.234336,-0.677331,1
0.699302,-0.732298,1
0.954177,0.280816,1
1.076919,-0.782155,1
-0.058070,-0.749721,1
0.576075,-1.229640,1
1.296386,-0.993397,1
0.521078,-0.060786,1
1.694655,0.137566,1
1.314333,0.240908,1
1.882629,-0.982047,1
1.033933,-0.359889,1
2.421819,0.436087,1
1.243192,-0.122114,1
0.994579,-0.006987,1
1.537974,0.417491,1
0.808319,-0.054959,1
1.841149,-0.152014,1
1.122361,0.083554,1
0.051507,-1.096517,1
0.307660,-0.045581,1
0.598885,0.161934,1
1.244707,-0.698714,1
0.178298,-0.229369,1
0.575283,0.987003,1
2.617517,-0.074431,1
3.917412,-0.118584,1
-0.291223,0.654422,1
0.358097,1.069819,1
1.704471,0.422746,1
1.325326,-1.100438,1
0.621886,1.050431,1
1.952204,0.213914,1
1.906455,0.960529,1
1.569000,-0.643355,1
1.880583,-1.200867,1
0.451116,0.410642,1
1.600738,-0.803211,1
1.635677,-0.144546,1
2.519958,-1.724504,1
0.674210,-0.716512,1
0.315853,-0.809140,1
0.284304,1.248478,1
2.345345,1.000696,1
1.095937,0.061795,1
0.657419,-0.394012,1
0.955763,0.574780,1
1.224268,0.065949,1
1.559199,0.381285,1
1.955266,-1.383843,1
0.671344,-0.187884,1
0.505345,1.327512,1
1.854853,0.318909,1
0.977362,-0.531604,1
1.866148,0.700114,1
1.307746,0.601139,1
0.516699,-0.709922,1
0.121956,1.290755,1
0.131299,-0.166686,1
1.301536,-1.051430,1
1.575099,-0.404650,1
0.827791,0.748405,1
1.000378,-0.730824,1
-0.025074,0.303334,1
0.243949,0.333696,1
1.360605,0.547246,1
1.526033,-0.111476,1
2.211018,-0.068838,1
1.674310,0.553218,1
1.762674,0.002709,1
1.502742,1.148875,1
0.747775,-0.128617,1
-0.013091,0.024332,1
0.133766,-0.190776,1
2.444373,-1.010419,1
1.898622,1.278361,1
0.851686,0.039906,1
-0.343176,-0.546561,1
0.752903,1.670499,1
0.919564,0.234175,1
1.227178,-0.533887,1
1.667079,-0.488168,1
1.627597,0.508345,1
0.651953,-1.835302,1
0.199628,0.285236,1
1.662111,-1.093303,1
0.272895,0.023815,1
2.082112,-0.638820,1
0.534653,-0.390268,1
0.158589,1.523040,1
1.470612,-0.307627,1
-0.172958,-1.446490,1
1.081410,0.308698,1
2.353039,0.227607,1
0.153303,-0.250131,1
0.842645,-0.006676,1
0.980840,1.184555,1
0.647868,0.690296,1
1.362434,-0.192798,1
0.761245,-0.660392,1
1.214180,-0.284734,1
1.900915,-0.112793,1
0.865057,-0.480697,1
1.240797,-0.214213,1
1.401327,-0.171380,1
0.923945,0.011552,1
1.017023,0.105814,1
0.648626,0.065033,1
0.688850,1.023813,1
1.335542,0.239998,1
2.479366,2.343359,1
0.478772,1.039292,1
1.022580,0.362941,1
1.114772,-0.914195,1
-1.482875,0.249724,1
-0.072566,2.285696,1
1.921914,0.645230,1
0.963560,0.134820,1
1.431851,-0.638616,1
1.779443,-0.487988,1
-0.689140,1.234049,1
1.052131,-0.459646,1
0.842674,-0.194065,1
0.081880,-0.411065,1
-0.613792,-1.595713,1
2.036947,0.786350,1
-0.083433,0.601241,1
2.065572,-1.937250,1
-0.047609,-0.402342,1
2.652401,-0.803653,1
1.857016,-0.032652,1
0.512388,-0.566616,1
2.318681,-0.105641,1
0.111196,0.975174,1
-0.513000,-0.418845,1
0.472262,-0.994518,1
0.521292,0.825925,1
1.260194,-0.237850,1
-0.473627,-0.199156,1
2.494532,-0.377467,1
1.318813,-0.932146,1
1.197972,-2.026801,1
-0.020514,0.569364,1
0.428544,-0.633916,1
-1.056450,0.529077,1
0.143148,0.830648,1
0.418428,1.694870,1
0.584631,-0.300591,1
0.470979,1.399780,1
0.275586,-0.000002,1
-0.445980,0.208605,1
2.769230,0.677463,1
2.636409,-1.845304,1
1.083192,0.759815,1
0.731902,1.282820,1
-0.084812,0.834113,1
0.497335,-0.601096,1
1.957506,1.009925,1
-0.110178,0.728570,1
0.433594,0.289487,1
0.933733,0.337403,1
0.180286,0.276029,1
1.236505,0.115970,1
1.735616,-0.068338,1
1.592682,-0.287271,1
1.148386,1.223696,1
1.280057,-0.678415,1
1.468136,-0.659407,1
0.109707,-0.973961,1
0.999742,0.254523,1
1.899797,1.417180,1
1.769356,-0.437661,1
2.058125,0.376995,1
1.135797,0.647288,1
1.165931,0.213591,1
0.380701,1.003215,1
0.787081,0.634362,1
1.291489,-0.237404,1
1.120185,-0.335410,1
1.201546,0.214897,1
-0.258109,0.683914,1
2.402939,0.971999,1
-0.075396,0.415601,1
2.312633,-0.470724,1
-0.176021,0.647087,1
1.420462,-0.750968,1
0.022892,-0.152379,1
1.315913,-0.014879,1
1.327278,0.807260,1
0.697601,-0.104591,1
1.934759,-2.003008,1
1.930875,-1.202161,1
1.069285,0.426686,1
1.499695,0.187127,1
0.718969,0.327680,1
1.035079,-0.741281,1
1.946221,1.508982,1
0.432018,0.641666,1
0.274698,-0.100889,1
0.856439,1.299882,1
0.235757,-1.037594,1
1.586002,0.576729,1
0.263642,0.557761,1
1.809593,1.052771,1
0.982379,0.573344,1
0.777941,0.133323,1
1.214715,0.952777,1
1.009565,1.264658,1
0.670550,0.595681,1
2.174111,0.194095,1
0.658158,-0.020118,1
1.101138,1.505676,1
1.752176,0.487698,1
0.946787,-0.357220,1
1.272698,-0.367788,1
-0.376207,-0.802447,1
-0.488652,0.267297,1
1.121277,0.814821,1
-0.865315,-1.597894,1
0.854900,-0.020831,1
1.324629,-0.138725,1
1.296251,-0.590890,1
0.960807,-0.427035,1
-0.457830,0.841000,1
0.959038,0.892074,1
1.800408,0.054199,1
1.514837,1.063605,1
0.568233,-0.284013,1
1.728018,0.440675,1
0.448794,-0.566121,1
0.486742,0.707296,1
1.546639,0.320835,1
2.790389,-0.231387,1
1.309241,-0.781124,1
1.275973,0.807069,1
2.182567,-0.673431,1
0.793767,1.247457,1
-0.298893,0.621397,1
1.205279,0.536369,1
1.911634,-0.549829,1
2.014683,1.371407,1
1.513863,0.215942,1
2.143933,-1.285512,1
0.889571,-0.155362,1
2.721800,1.092450,1
0.187579,0.719928,1
0.068405,-0.354244,1
1.050236,-0.437358,1
0.638031,-0.823506,1
0.350512,-0.710299,1
1.265440,-1.041437,1
1.276605,0.062395,1
0.630507,0.868105,1
0.279685,0.914470,1
-1.315161,-0.388934,1
0.719684,0.352062,1
1.774434,-0.002034,1
1.025078,-0.050475,1
0.086991,-0.172520,1
0.206331,0.408642,1
1.367729,-1.868136,1
0.787391,0.445855,1
0.843039,0.976080,1
1.527595,-0.984935,1
2.521175,1.192315,1
1.126045,0.132845,1
1.788706,-0.290817,1
1.292870,0.341847,1
2.248754,0.295532,1
-0.419868,0.788656,1
1.887754,0.614211,1
0.736348,-0.525673,1
0.264661,1.657199,1
1.062019,-0.494895,1
1.476216,-0.118086,1
1.317986,-0.477858,1
0.478022,-0.131966,1
0.004319,0.255304,1
0.329780,-1.000755,1
0.828799,-0.681172,1
1.798789,-0.556217,1
0.630156,-0.380201,1
0.777888,-0.433034,1
1.271600,-0.106363,1
1.378111,0.099655,1
0.497516,-0.821450,1
1.252802,0.320374,1
1.390414,-1.112403,1
1.100026,-0.760512,1
2.270795,-1.506007,1
2.048663,-1.417842,1
0.832495,-1.067827,1
0.187216,1.238403,1
0.445530,0.357785,1
0.705115,-0.664382,1
1.737358,-0.232047,1
0.705280,-0.190645,1
1.966144,-0.956848,1
1.213094,1.351015,1
0.555578,-0.632463,1
0.684393,0.800794,1
-0.780918,-0.145992,1
1.922848,0.234749,1
0.605002,0.651253,1
1.266982,0.103299,1
0.495237,0.379252,1
1.164903,-0.443620,1
2.532782,0.320235,1
0.485466,0.645242,1
0.713107,0.533776,1
0.991576,-0.875215,1
1.017288,-0.436342,1
0.265417,1.713908,1
1.565440,0.197498,1
1.143813,-2.348840,1
0.324834,0.561407,1
0.392241,0.873630,1
1.763816,-1.417922,1
-0.764097,1.228437,1
2.581241,-0.219455,1
2.091857,-0.908996,1
0.607183,-0.175903,1
2.264014,0.265378,1
1.509204,1.844943,1
0.088997,0.270710,1
0.638981,0.383563,1
0.460489,0.863186,1
-0.263108,0.272619,1
1.578958,0.322942,1
2.099651,1.375503,1
0.888810,0.317752,1
0.434958,-0.567564,1
0.360672,0.107883,1
0.943129,-0.705302,1
-0.003604,-0.571577,1
0.219245,0.253051,1
0.766289,0.653832,1
0.575206,0.698678,1
0.022664,0.226313,1
0.583331,0.776127,1
0.287353,-0.594375,1
1.095757,-0.701226,1
0.879915,0.342965,1
1.429669,1.544161,1
-0.135082,1.083764,1
1.313734,0.151761,1
0.932932,1.595368,1
-0.447801,-0.463276,1
1.673463,-1.058373,1
0.019950,0.422305,1
0.590434,0.412134,1
1.049146,0.784781,1
0.067271,-0.281728,1
-0.203000,0.272464,1
0.823952,-0.479444,1
1.678849,-0.518578,1
1.129687,-0.224543,1
0.714191,0.180116,1
1.959167,0.624805,1
2.599360,-1.099420,1
2.780776,-1.400182,1
0.926779,0.560782,1
-0.516604,0.891106,1
0.451246,0.883315,1
1.041455,0.516351,1
2.139993,0.709289,1
0.625909,-0.400776,1
-0.622181,-1.351211,1
0.711916,-0.647559,1
2.055593,-1.504018,1
-0.268940,0.732241,1
0.031224,-0.636390,1
1.080347,-0.744869,1
0.459416,0.443265,1
0.746559,0.620310,1
1.604047,-0.244540,1
0.599447,-1.039659,1
-0.179059,0.010338,1
1.371185,-0.962620,1
1.828185,1.560648,1
2.337017,-0.541286,1
1.052919,-0.284923,1
0.910468,-1.115263,1
0.780580,0.443940,1
0.743498,0.338515,1
0.050567,-0.009598,1
-0.412383,-1.009528,1
-0.315597,0.246912,1
1.006064,-0.325422,1
1.336343,-1.135709,1
1.236277,-0.235101,1
1.686366,0.616874,1
1.161797,0.577327,1
0.707226,-0.584080,1
0.771921,-1.150371,1
1.623874,0.497048,1
1.076740,0.731374,1
1.700951,-0.244315,1
0.243351,1.759760,1
0.485742,-0.361140,1
-0.107275,-0.247803,1
2.312074,0.480323,1
1.348724,-0.870228,1
-0.262892,1.174202,1
-0.015572,-0.063789,1
1.001997,-0.106478,1
1.161917,0.215982,1
1.592107,-0.757521,1
0.385844,-1.774174,1
0.820178,-0.416675,1
1.134306,-0.469483,1
1.469247,-0.717498,1
0.354178,0.584300,1
0.855309,-0.602928,1
1.774698,-0.178106,1
-0.200660,-0.571305,1
0.472686,0.348864,1
0.660961,0.680373,1
0.834469,0.106771,1
0.996532,-0.953201,1
0.491716,0.881249,1
-0.000709,-0.781300,1
1.332401,1.958128,1
1.182060,0.670754,1
0.209449,0.367832,1
1.498324,-0.575324,1
0.141252,-0.017935,1
0.306933,1.983020,1
1.810690,-0.363674,1
1.076853,-0.137725,1
0.778436,0.090116,1
2.021436,1.040581,1
0.644919,0.698765,1
1.721763,-0.833512,1
1.909499,-0.549649,1
0.529640,-0.343670,1
0.237592,0.723811,1
2.359001,0.194590,1
1.000792,-0.147061,1
1.600657,-0.454058,1
0.863975,0.903222,1
1.778930,-0.205547,1
0.894752,0.716326,1
1.084095,0.350614,1
2.287755,-0.119722,1
-0.725442,0.137506,1
0.615480,0.012267,1
0.632617,-0.062454,1
0.395399,-0.181279,1
1.521161,0.576097,1
1.331786,-0.003429,1
1.860785,0.305641,1
2.414027,-0.178356,1
0.481885,-1.606301,1
2.187212,-0.223203,1
0.527821,0.778278,1
1.812415,-0.941446,1
-0.356089,0.012422,1
-0.633596,0.724783,1
0.449191,-0.460708,1
0.745787,0.830723,1
1.740517,-1.698700,1
1.013493,-0.945680,1
1.837836,-0.193747,1
1.231875,0.599103,1
1.799122,-1.478504,1
1.801742,0.458437,1
0.653942,1.576459,1
1.230387,-0.183409,1
1.148398,0.680409,1
1.281427,1.226583,1
0.525708,0.049309,1
0.216042,-0.328776,1
0.371482,-0.154062,1
0.704679,-0.567146,1
1.026443,-0.101936,1
-0.665791,-0.240777,1
2.390699,-0.408451,1
0.062405,-0.717452,1
0.509155,-0.437333,1
-0.537924,0.181263,1
2.489393,0.224794,1
0.289542,0.245552,1
2.102076,0.060996,1
0.602919,0.516499,1
1.075666,-0.759727,1
-0.351609,-0.128097,1
-0.052502,-0.532447,1
0.947478,-0.383401,1
1.329273,0.906984,1
1.325810,0.012054,1
0.676090,-1.568511,1
1.117237,-0.510963,1
1.514001,0.242946,1
0.604494,0.402994,1
0.333422,0.090096,1
1.306776,-0.786917,1
-0.014065,0.629282,1
0.477986,0.069064,1
1.168547,-1.629051,1
1.738790,0.374061,1
0.953919,-1.076894,1
0.649867,-0.428693,1
-0.152362,1.082611,1
0.070535,0.118150,1
0.086535,-1.594884,1
0.097802,0.823023,1
2.283309,-0.473720,1
0.296585,-0.019224,1
0.878724,-0.551245,1
1.134565,-0.291393,1
0.535737,0.852769,1
0.336107,-0.015455,1
2.407963,-0.219678,1
1.095890,1.869152,1
1.447242,-0.940030,1
1.502888,0.155538,1
-0.078005,0.156354,1
0.760785,-0.038129,1
1.504538,-1.316813,1
1.801902,-0.604298,1
-0.106808,-1.034806,1
1.045320,1.455413,1
0.439542,-1.353285,1
1.677335,-0.279266,1
2.450580,-0.739812,1
2.332485,0.496845,1
1.521504,-1.054615,1
1.344369,-0.544129,1
2.271312,0.179658,1
-0.407689,-0.510189,1
0.813084,-1.397027,1
-0.168452,-2.159605,1
0.912413,0.244182,1
0.656727,-0.338368,1
0.557081,-0.155702,1
0.158268,-1.012179,1
0.632059,-2.517476,1
-0.350732,0.076233,1
0.411134,0.449981,1
1.516908,2.070661,1
-0.446528,1.361509,1
0.067813,-0.838221,1
1.897323,0.025685,1
1.927348,0.387924,1
1.240645,-0.266973,1
2.209457,-0.031902,1
-0.522956,0.949996,1
-0.158128,-0.746779,1
2.039338,-0.147973,1
1.066631,0.016820,1
1.059935,0.368080,1
0.936272,0.102726,1
0.677823,-0.201553,1
1.508833,0.068965,1
1.836999,-0.610746,1
1.059360,0.854751,1
0.726651,0.034589,1
0.679454,0.574174,1
1.811702,0.028054,1
1.564321,-0.245672,1
1.273787,-0.630093,1
2.700709,-0.613373,1
-0.108389,0.402244,1
0.164769,0.022179,1
0.974244,0.255509,1
2.275802,-0.734890,1
0.972013,-0.435630,1
0.960875,-0.052683,1
1.481902,1.201925,1
2.654998,-0.835763,1
1.606695,0.841961,1
-0.509739,-0.029112,1
0.718736,1.997526,1
0.846203,-0.523662,1
0.029067,-1.753949,1
1.704537,-0.125608,1
2.537475,-0.685198,1
1.512233,0.636296,1
0.306922,-0.035475,1
0.802464,-1.126007,1
1.117309,-0.146267,1
1.082943,-0.975935,1
2.051632,0.027047,1
2.241224,0.552001,1
1.040616,-0.432484,1
2.006040,0.684963,1
2.509167,-0.729450,1
1.550184,-0.307470,1
1.676691,0.573655,1
1.167316,-0.248348,1
1.755934,-0.344914,1
1.069252,-0.384414,1
0.580093,-0.755939,1
1.088605,0.918401,1
1.971820,-0.426259,1
1.115257,-1.641314,1
1.612825,0.225633,1
1.657427,-0.199010,1
0.911746,-0.017145,1
1.620695,0.501884,1
0.614217,-0.331526,1
2.199364,-0.080784,1
0.861894,-0.259091,1
0.712124,-1.404380,1
0.494630,-1.030901,1
1.345670,0.288537,1
1.312097,0.921446,1
0.695754,0.566749,1
0.193993,0.027896,1
0.598054,-1.110355,1
1.347612,0.528144,1
1.528599,-0.594264,1
0.798410,-1.114090,1
0.893061,0.191298,1
-0.209621,0.569361,1
1.044831,0.879159,1
0.060705,-0.889076,1
1.461498,-0.057114,1
1.345908,-1.136356,1
0.494606,1.222193,1
-0.175236,0.041164,1
0.882664,0.784942,1
1.855398,-0.898219,1
0.296778,-0.566956,1
-0.126889,-0.344614,1
0.938919,-1.584797,1
0.588442,-0.355360,1
1.127982,-0.702985,1
0.184896,0.572625,1
0.057632,0.560091,1
1.087212,-0.424432,1
1.124943,-1.880473,1
1.175749,-0.666660,1
1.243158,1.382891,1
0.594068,-0.459720,1
1.556413,-0.334962,1
0.832610,-1.127465,1
0.166734,-0.064701,1
1.198798,0.602814,1
1.179218,0.584422,1
0.051665,1.209505,1
0.210598,0.087860,1
1.218710,-0.269069,1
1.199070,0.345572,1
1.955619,-1.923441,1
1.337740,-1.117513,1
1.831711,-0.705603,1
1.004002,0.541688,1
-0.768825,-0.917301,1
0.579736,0.359186,1
1.012085,0.433245,1
-0.113514,-2.373775,1
0.777641,-1.037148,1
1.081010,0.374692,1
1.046517,0.696066,1
1.328881,-0.263149,1
1.291638,0.273343,1
2.084871,0.553219,1
0.488261,-0.736735,1
-0.394135,-0.502422,1
0.127225,-0.586762,1
1.530602,0.053728,1
1.391532,-0.715352,1
1.821141,-0.463793,1
2.530071,0.710705,1
0.460909,0.605796,1
0.123272,-0.667303,1
0.742937,0.679562,1
1.202475,-0.417322,1
-0.423883,0.848279,1
1.345492,-0.056146,1
-0.531700,0.127373,1
1.585287,0.007988,1
0.460891,-0.923056,1
1.918476,0.334234,1
0.542496,-0.747224,1
1.551394,-0.576576,1
0.263946,-0.556031,1
0.814145,-0.243987,1
0.879078,-0.187898,1
0.576451,1.381069,1
0.668520,-0.091665,1
1.219323,0.060850,1
0.728637,0.621070,1
0.962236,0.132039,1
1.581546,0.976908,1
0.971105,-1.015008,1
1.903844,1.598908,1
-0.205692,1.390239,1
0.728669,-0.651148,1
0.965980,0.461611,1
1.857707,0.153138,1
0.413633,0.114677,1
0.316839,-1.265275,1
1.270192,1.300862,1
0.576954,0.593005,1
2.228866,0.122439,1
1.790887,-0.572772,1
2.306139,0.881373,1
2.174765,0.251334,1
1.576669,-1.172898,1
0.814323,1.541936,1
0.166754,-0.038048,1
0.758595,-0.749859,1
1.576001,-1.409790,1
0.257484,0.723900,1
1.312318,-0.974171,1
2.826038,-0.726696,1
0.708615,0.559951,1
-0.305060,0.352860,1
1.080453,0.720975,1
0.867967,-0.094213,1
0.257733,1.645978,1
3.092642,0.657103,1
0.204422,0.325638,1
1.749456,1.268204,1
0.515567,-0.669423,1
1.706389,0.065717,1
0.618370,-0.122463,1
-0.025055,0.403633,1
2.293267,-0.260682,1
-0.361825,-0.278065,1
0.820322,-0.434145,1
1.771969,0.436911,1
1.298562,-1.006748,1
0.842162,1.101097,1
-0.188205,-0.558910,1
0.456845,-1.191708,1
0.000130,-0.110465,1
0.374499,0.078788,1
1.177868,0.159198,1
2.089049,0.344176,1
0.889122,-0.656641,1
0.150445,-1.464577,1
1.639955,0.524284,1
0.908601,-0.376458,1
1.558727,0.176409,1
1.021310,-1.710834,1
0.920632,-0.976659,1
1.265930,1.005466,1
1.276827,-0.239579,1
0.883260,-0.298148,1
0.995472,0.536344,1
1.127442,1.040654,1
1.318990,-1.380728,1
1.570809,-0.631201,1
0.649827,0.984424,1
0.846426,-1.209747,1
0.748199,0.864860,1
0.508116,0.005632,1
1.742550,-0.141922,1
0.758904,0.918526,1
1.444308,0.684903,1
-0.115022,-1.100115,1
0.335436,-0.181465,1
0.770205,0.607286,1
0.840117,-0.884954,1
0.921841,0.881492,1
0.450302,-0.146348,1
0.713517,0.336660,1
1.023715,0.136665,1
0.134485,-1.501343,1
1.982141,-0.073308,1
0.715728,-0.615763,1
1.282395,-0.283037,1
2.442536,0.246686,1
1.960557,-0.007660,1
0.596713,0.893171,1
-0.639698,-0.721433,1
1.210719,-0.767639,1
0.641356,0.872125,1
0.603692,-0.373165,1
1.253550,1.116743,1
0.941380,-0.295988,1
2.147097,-1.062023,1
0.248548,0.878664,1
0.546449,0.881423,1
1.196141,0.065623,1
0.300123,0.773921,1
0.614338,-0.489946,1
0.827060,0.120924,1
1.083791,0.552154,1
2.004820,0.423903,1
0.854110,0.249788,1
0.923091,-0.804448,1
0.795410,0.428489,1
0.568045,-0.886423,1
1.353144,0.246744,1
0.408749,-0.081225,1
0.143946,0.178001,1
0.366524,0.664322,1
0.196456,0.234523,1
1.280635,0.835102,1
0.238908,1.135040,1
0.489611,0.056446,1
1.971915,-1.218144,1
0.860363,0.250214,1
1.911058,-1.233064,1
-0.715672,1.140686,1
1.285028,-0.012077,1
1.078777,-0.701337,1
0.909926,0.016664,1
0.371333,-0.679182,1
1.769778,-0.249149,1
1.314061,-0.110444,1
1.541120,-0.364547,1
1.487584,-0.519641,1
1.001899,-0.337249,1
1.232094,-0.750132,1
1.148774,-1.384866,1
0.192159,0.512267,1
1.359674,-0.181836,1
0.829499,0.845094,1
2.254670,0.739807,1
1.514904,-0.346992,1
0.853485,0.914884,1
0.474527,-0.350149,1
1.055600,-0.190634,1
0.146683,0.053929,1
1.166618,-0.516402,1
-0.375642,-0.354959,1
0.853127,0.177130,1
1.119513,-0.714659,1
0.212178,-0.828364,1
1.028501,-0.550568,1
0.261671,-0.202312,1
2.380516,0.402881,1
1.016738,1.275651,1
0.429289,-0.412842,1
2.000340,-0.681531,1
1.124478,-0.573202,1
1.429947,-1.242653,1
1.160882,0.479762,1
2.850811,0.440747,1
0.675429,-0.616532,1
1.594267,0.121582,1
1.523609,1.421418,1
0.209993,-0.217588,1
0.565097,0.674125,1
0.983607,1.140216,1
0.938915,1.058436,1
1.675088,1.035518,1
0.996072,-1.134776,1
1.682933,-0.593841,1
0.500723,-0.129917,1
-0.387861,0.140884,1
1.326780,0.753644,1
1.575459,-0.028136,1
2.306886,0.200318,1
1.650945,0.692370,1
1.142266,1.447435,1
-0.189324,-0.155678,1
0.807592,1.164832,1
1.068562,1.605437,1
1.476797,-0.842085,1
0.967207,-0.333910,1
0.647214,1.119297,1
-0.470484,0.183242,1
-0.411657,-0.697687,1
0.503928,-0.734023,1
1.174036,0.119941,1
3.069717,-0.313605,1
2.226477,0.346332,1
1.230812,-0.970409,1
0.499854,-0.594044,1
0.677621,1.276977,1
0.534583,-0.268298,1
1.397294,0.058743,1
0.264312,0.197313,1
0.218907,-0.650408,1
0.904238,-0.363230,1
1.808266,0.449812,1
-0.020906,-0.233989,1
2.478939,-1.744716,1
-0.156108,-0.043579,1
1.420243,-1.030858,1
0.304352,0.954019,1
0.887131,0.168951,1
1.803354,-0.913266,1
3.665830,-0.488626,1
0.471008,-0.239331,1
0.909152,-0.364742,1
1.187818,-0.222568,1
0.877884,0.900191,1
-0.133784,-0.828029,1
0.408514,-1.680542,1
0.665407,-0.004321,1
0.259660,0.101747,1
1.812590,-1.466032,1
1.432680,0.238890,1
0.315021,-0.077709,1
1.477407,0.067211,1
0.732795,-1.325395,1
0.629469,0.671570,1
0.821188,0.488781,1
2.482510,1.425345,1
0.626645,-0.772205,1
0.028406,-0.959308,1
1.972837,-0.001801,1
0.779692,0.147092,1
1.518354,-0.398474,1
0.504258,-0.827911,1
0.338337,0.525996,1
0.318926,1.142375,1
0.539791,-0.220305,1
-0.319666,0.215429,1
0.734771,0.760396,1
1.149534,-0.796082,1
1.261341,0.650495,1
1.869251,0.710815,1
1.804296,-0.541473,1
1.159044,0.279432,1
0.258908,1.565624,1
1.203266,-0.639583,1
2.650221,1.169973,1
0.856750,-0.549661,1
-0.404583,1.158676,1
0.612623,-0.469942,1
1.175073,-0.368934,1
1.703007,-0.187283,1
1.547814,0.828835,1
0.161984,-0.574306,1
1.103374,0.105745,1
0.710248,0.288886,1
2.334172,-0.737535,1
-0.105135,1.813093,1
2.093501,-0.103868,1
0.246042,-1.169659,1
1.235485,0.033677,1
0.742003,-0.186338,1
0.176921,-0.051072,1
1.302126,-0.237509,1
2.238546,1.156761,1
1.994234,-0.863555,1
-0.126383,0.405319,1
0.156513,0.662456,1
0.611255,-0.416263,1
1.327429,-1.475695,1
2.262837,-1.210747,1
0.343440,-0.326011,1
1.429803,0.439658,1
0.565543,0.350464,1
0.955103,1.249249,1
1.343549,0.440792,1
0.477644,-0.693099,1
2.001250,1.552927,1
1.723754,-0.331251,1
-0.004776,-2.285023,1
1.947422,0.213514,1
0.157999,0.150746,1
0.403820,-0.545763,1
1.077926,0.130182,1
1.760163,-0.118446,1
1.646157,-0.572294,1
1.072727,0.344884,1
0.641052,0.203273,1
0.826656,0.125412,1
1.702641,0.884142,1
0.552521,1.357155,1
2.138214,-1.659129,1
1.368138,0.634684,1
0.207353,-0.924267,1
-0.013540,-0.888584,1
1.547844,0.058194,1
1.851011,-0.974957,1
2.924689,-0.535188,1
2.277444,1.395088,1
0.938021,-0.770242,1
1.145505,0.512357,1
1.193086,0.336735,1
1.263490,-0.300288,1
0.624950,0.998716,1
1.547326,0.281689,1
0.693299,-1.059661,1
0.285502,-1.190992,1
1.213271,-1.632133,1
1.456947,0.034106,1
1.088753,0.406507,1
0.337983,0.087656,1
0.980875,-0.975972,1
1.687259,0.183060,1
2.073713,0.449307,1
1.088411,-0.046102,1
1.050049,-0.076691,1
-1.202205,0.626643,1
0.323122,1.114879,1
1.190864,-0.232549,1
2.330730,-0.170570,1
0.062197,0.016533,1
1.567338,0.619831,1
1.302173,-0.866843,1
0.771069,0.041267,1
1.221593,0.392837,1
-0.190424,1.558063,1
0.076939,1.048978,1
2.035002,0.217755,1
0.596678,-0.053801,1
1.076091,0.659382,1
0.603212,-1.546881,1
1.702036,0.799494,1
1.706340,-0.537262,1
-0.260719,-1.027346,1
2.037898,0.333971,1
0.006586,-0.382225,1
0.003095,0.892823,1
1.802702,0.550534,1
1.271363,-0.800035,1
0.812279,-0.128412,1
0.940665,0.030506,1
0.053923,-1.601092,1
-0.093250,0.228146,1
2.254439,-0.600506,1
1.188007,-0.984202,1
1.798957,-0.511365,1
0.616102,-0.062047,1
0.313543,-0.760912,1
1.717808,0.350989,1
1.814200,-1.405039,1
0.759827,-0.014941,1
1.541706,-1.295643,1
2.002771,-0.564042,1
1.038984,-0.016063,1
1.330979,-1.426255,1
1.423735,-1.066118,1
0.788479,1.018877,1
1.554922,-1.227868,1
1.331698,-0.719245,1
0.530422,-0.208953,1
0.728275,-0.190013,1
2.234366,-1.070801,1
0.063855,-0.046524,1
1.907587,0.680334,1
-0.705829,-0.293281,1
-0.412742,0.722806,1
1.787018,-0.627267,1
1.247504,0.431008,1
1.939859,1.127315,1
1.688651,-0.931531,1
0.006546,0.823952,1
1.343688,0.078819,1
0.843846,-0.543183,1
-0.065536,0.902485,1
1.006302,-0.428393,1
0.885646,2.041226,1
0.022117,0.217034,1
0.333192,-0.033842,1
-0.000761,0.661515,1
2.053319,-0.429940,1
1.993255,-0.186843,1
-0.195873,1.140849,1
1.727881,-0.236814,1
0.387162,0.466957,1
0.299232,0.575456,1
2.053706,-0.381827,1
1.547134,0.842391,1
-0.095247,0.272475,1
-0.372539,-0.014244,1
0.757093,-0.668199,1
0.676547,-0.453875,1
1.836798,-1.369338,1
0.943306,-0.968194,1
0.436317,0.788959,1
0.308710,1.268043,1
0.914057,0.422818,1
1.574967,0.085920,1
1.995981,1.128344,1
0.422207,-0.237103,1
1.051348,-0.656729,1
0.558608,0.846859,1
1.356166,0.763750,1
0.383150,-0.122638,1
2.546280,-0.432983,1
0.116787,0.347751,1
0.213454,0.662669,1
1.899885,0.049364,1
1.954383,0.893252,1
1.231319,0.427386,1
1.951846,-0.974718,1
1.004857,-0.830691,1
-0.393612,-1.053784,1
1.505427,0.238901,1
1.091307,-0.378617,1
1.785248,-0.458503,1
0.196148,-0.264691,1
0.794568,0.825764,1
0.853352,-1.491012,1
0.974942,-0.010131,1
1.236158,-1.011902,1
0.533238,-0.219866,1
1.845886,-1.042840,1
-0.016062,0.293238,1
0.830036,0.408801,1
0.829960,-0.540453,1
0.162843,-0.135382,1
0.483649,-0.221700,1
1.181527,-0.456228,1
1.253319,0.510435,1
0.856605,-0.248964,1
-0.166819,0.218322,1
1.447454,0.229333,1
0.906819,-0.321938,1
0.849161,0.268720,1
0.780896,0.741404,1
1.998131,0.054201,1
1.197058,-0.325329,1
0.948865,1.004944,1
0.702118,-1.276706,1
1.613258,-0.857793,1
2.578068,-0.107036,1
0.501806,-1.363552,1
-0.032549,-0.132014,1
2.162492,0.410699,1
1.574459,-0.453289,1
0.114474,-0.119440,1
0.206848,-1.561127,1
0.075857,0.157178,1
0.515938,-1.141965,1
-0.068539,-0.963756,1
0.966478,0.143551,1
1.396640,0.829185,1
-0.127956,0.214301,1
2.070819,-0.015022,1
-1.108115,-0.041522,1
-0.045166,-0.393129,1
1.350307,0.914217,1
1.846711,0.056049,1
0.796492,0.139260,1
1.863937,-0.414774,1
1.876774,0.043178,1
-0.258420,-0.502908,1
1.799787,0.232343,1
2.016686,0.115255,1
1.484868,0.155391,1
1.083782,-1.670367,1
0.947443,-0.078206,1
1.189925,0.741293,1
0.221329,0.072780,1
1.175995,-0.198391,1
0.794995,0.384107,1
1.091358,1.173010,1
1.359813,0.511822,1
0.230378,0.183015,1
1.083030,0.760474,1
0.707084,0.080984,1
1.141708,-0.921917,1
0.686153,0.433082,1
0.561815,-0.134014,1
1.923519,-0.292633,1
0.760607,-1.083089,1
0.914818,-0.590527,1
0.639002,1.386697,1
1.722725,0.923517,1
0.747040,0.305709,1
1.328769,0.524256,1
0.785252,-0.042964,1
0.866373,-0.023649,1
0.873312,0.004987,1
1.440954,-0.833517,1
1.292880,-1.055414,1
1.216095,0.851946,1
1.613073,1.468880,1
1.704904,-0.198521,1
0.785318,-0.470189,1
1.044852,-0.496557,1
2.528809,-0.474478,1
1.058271,0.362191,1
-0.109378,0.418484,1
0.807400,0.777831,1
-0.078103,1.770542,1
2.214091,-1.477128,1
0.133562,-0.211408,1
0.612608,0.808669,1
0.445595,-0.256728,1
2.886025,1.197095,1
1.532215,1.118129,1
1.439067,-0.107222,1
0.210942,-1.069967,1
0.916028,0.102717,1
1.909391,-0.974988,1
1.681299,0.182702,1
1.557234,-0.770308,1
1.427720,-0.974756,1
1.087111,-0.604806,1
0.962684,0.725638,1
0.818281,0.755104,1
0.665763,-0.487019,1
0.903459,0.743789,1
-0.618106,-0.649794,1
1.419192,-0.237634,1
-0.462880,-0.694770,1
0.276395,0.501222,1
0.712881,0.225558,1
0.553726,0.394654,1
2.232756,-1.296549,1
1.194363,1.116620,1
0.307659,0.325757,1
2.214349,0.575033,1
1.597034,-1.488529,1
1.045578,-0.548261,1
0.086498,-1.168241,1
0.961565,0.714160,1
1.843558,-1.149433,1
-0.896605,-0.002039,1
0.432899,-0.590791,1
0.071307,-1.429941,1
0.148801,0.470739,1
1.127744,-0.347657,1
-1.280005,1.059120,1
-0.440647,0.651489,1
0.240877,-0.425291,1
1.187459,-1.092476,1
1.808072,1.261875,1
-0.021588,-1.223299,1
0.322367,-0.091544,1
-0.277201,1.413842,1
0.720181,-0.945805,1
-0.032172,0.619627,1
0.001360,1.455301,1
0.762048,0.238816,1
1.226661,-0.458455,1
0.577673,-0.355681,1
1.802536,-0.050226,1
1.574642,0.820314,1
1.616259,-0.560119,1
-0.347040,1.026698,1
2.306748,-0.205253,1
-0.222248,0.483618,1
1.140618,-0.333333,1
0.558382,-2.166530,1
2.637481,1.204421,1
-0.146076,0.233306,1
-0.386110,1.052416,1
0.629659,-0.321433,1
0.502128,-0.889107,1
-0.053763,0.072544,1
1.523544,0.823700,1
0.534125,0.883341,1
1.673492,1.243636,1
0.411816,-0.073872,1
0.568525,0.179788,1
0.525089,-0.484328,1
0.733921,-0.627915,1
2.282848,0.177058,1
0.806256,0.859710,1
-0.293435,0.605219,1
-0.390754,0.811902,1
1.873619,0.040912,1
-0.306521,-0.240124,1
1.111082,0.013164,1
3.176312,-0.389232,1
1.449824,-0.850023,1
0.316610,0.070227,1
0.974640,-0.803520,1
0.119097,-1.236525,1
0.962140,-1.456657,1
0.133815,0.177710,1
-0.079994,-1.031415,1
-1.027865,-0.641916,1
-0.040677,0.370689,1
0.216416,1.017585,1
1.897272,0.183742,1
-0.363621,0.249716,1
1.849909,-0.830978,1
0.001812,0.087346,1
0.364520,0.436307,1
0.874023,-1.771960,1
0.484075,-0.097439,1
-0.133486,-0.385807,1
1.131813,1.239685,1
1.230677,-0.946246,1
0.715834,0.638283,1
0.593775,0.241312,1
0.313686,0.167668,1
0.860728,0.510252,1
2.251064,0.190010,1
0.299980,1.051093,1
-0.087031,0.675988,1
0.092346,-0.826692,1
1.703754,-0.430177,1
0.134330,-1.421742,1
0.321026,0.438141,1
0.688828,1.223359,1
0.339655,-0.037459,1
1.221595,0.871862,1
0.744583,0.903835,1
1.665885,0.203703,1
-0.381895,-0.126678,1
1.822756,-0.735866,1
1.272802,0.615461,1
-0.341413,0.192219,1
1.790720,0.118743,1
1.743032,0.521892,1
0.645034,0.106982,1
1.155292,-1.459336,1
0.468233,0.303350,1
2.218237,-0.486331,1
1.617587,0.125417,1
2.104060,-1.531799,1
1.836875,0.430634,1
-0.043677,0.602371,1
1.827573,0.589136,1
0.909292,0.376923,1
0.805412,-0.696266,1
0.485986,-2.097310,1
0.529655,-0.448656,1
2.229644,-0.220716,1
0.772928,-0.157078,1
1.055046,-0.380877,1
1.930512,1.664920,1
0.993348,-0.081323,1
0.737502,-0.354873,1
1.223550,-0.845759,1
1.344313,0.185439,1
1.394877,0.747389,1
0.933941,-0.874107,1
1.128563,0.603929,1
1.834747,-0.305119,1
-0.458284,0.191208,1
2.451048,-0.530372,1
1.931836,1.204576,1
1.018969,0.055069,1
-0.318370,0.340695,1
2.398922,0.032316,1
1.824437,1.189624,1
2.296598,-0.447304,1
0.737543,1.371682,1
1.627364,0.884574,1
2.064923,-0.246735,1
1.421269,-0.585268,1
1.855066,-0.527491,1
1.169162,-0.053513,1
1.746380,0.773825,1
0.331094,0.333685,1
2.414857,-1.658607,1
0.866273,0.495536,1
0.472172,1.166506,1
0.673656,-0.490694,1
1.298535,-0.723644,1
-0.091037,1.641291,1
0.352911,-0.599325,1
0.511534,0.368100,1
1.523220,-0.210193,1
1.219815,0.537233,1
0.035048,0.958838,1
0.039287,-0.168472,1
1.525734,0.090841,1
2.023055,-0.282526,1
0.459619,0.900173,1
1.580148,-1.080806,1
0.644987,-0.136479,1
-0.935623,-1.626835,1
-0.214043,0.929753,1
1.522512,-1.233090,1
1.213457,0.175739,1
1.404280,0.646131,1
1.038614,-1.922294,1
1.292713,-1.061654,1
2.411103,-0.778470,1
-0.073959,0.858760,1
1.058993,-0.097418,1
0.808522,-0.034452,1
1.285417,1.732240,1
1.317658,-1.357448,1
0.852227,0.289199,1
1.613768,-1.826444,1
-0.335363,0.321975,1
0.780385,0.213661,1
1.691158,-0.694520,1
0.103963,-0.004670,1
1.238070,-0.405969,1
-0.476727,0.237475,1
-0.122957,-1.082917,1
0.781062,-0.827317,1
2.268855,-0.125150,1
-0.383320,-0.281899,1
2.620428,0.258079,1
0.653450,-0.113869,1
1.060629,0.224391,1
2.591537,-0.702995,1
1.669139,0.394897,1
0.834357,0.096501,1
0.681093,-0.394843,1
-0.035332,-0.781319,1
0.720828,-1.443507,1
0.707557,-0.098275,1
0.094060,0.355393,1
0.575372,0.617080,1
1.551414,-0.244748,1
0.877518,-1.022378,1
2.323679,-1.961752,1
1.377914,0.149612,1
1.242026,-0.696436,1
1.224489,-0.519561,1
0.976845,-0.226622,1
0.419891,-1.196659,1
0.958651,-0.707139,1
3.489973,-0.352566,1
0.794100,0.645504,1
2.749351,1.172046,1
1.571452,0.073109,1
1.304834,-0.025855,1
0.841095,0.866209,1
0.328128,0.320790,1
0.532133,0.835197,1
0.995941,-0.487825,1
1.507442,1.140790,1
0.143441,-0.247304,1
1.211611,-0.799418,1
1.107337,0.093318,1
0.441769,0.165193,1
0.408345,0.657606,1
0.623262,1.244177,1
1.202629,0.503780,1
1.147899,-0.290886,1
0.886012,-0.892356,1
1.413918,0.874741,1
-0.278782,0.149674,1
1.447423,0.496156,1
0.828971,1.746136,1
0.981196,0.186035,1
0.286995,-1.468155,1
1.277103,0.314655,1
0.239532,-1.431057,1
1.694189,0.385161,1
0.619798,1.133251,1
2.294049,1.140499,1
0.011903,0.169371,1
0.741223,0.527527,1
-0.981625,-0.322904,1
0.826021,0.542562,1
0.255231,-1.020817,1
1.337763,-0.344954,1
0.968307,0.044098,1
1.459785,0.404883,1
1.444967,-0.395255,1
1.817937,0.176445,1
0.254990,0.103212,1
2.299634,0.686798,1
1.385603,0.017164,1
1.173620,-1.342779,1
1.539125,-0.670755,1
0.220810,-0.208352,1
0.968455,0.855013,1
0.735946,-0.252337,1
0.864094,1.660396,1
1.413758,-0.242088,1
1.211304,-0.481932,1
-0.153462,-1.010608,1
1.877553,0.747767,1
1.289565,0.088569,1
0.674082,-0.344114,1
2.130160,0.128875,1
0.473984,-0.059601,1
1.656157,-0.320666,1
0.788263,-0.416148,1
0.604505,0.017552,1
0.812941,-0.212071,1
1.125788,-0.703796,1
0.814714,0.089984,1
2.656536,1.522046,1
1.381566,0.396790,1
0.281217,0.464268,1
1.723542,0.276391,1
1.014851,-0.030356,1
1.712373,0.637688,1
0.225674,-0.277008,1
0.851253,-1.919561,1
1.393622,0.761367,1
1.890648,-0.349808,1
0.542601,0.266520,1
0.925277,0.550830,1
1.505415,-1.099010,1
1.095133,-1.251471,1
1.909861,-1.255268,1
0.345297,-0.919358,1
0.712334,-0.233788,1
0.441211,-0.032224,1
1.833003,-1.250992,1
0.772083,0.870486,1
1.859687,0.354389,1
1.569279,-0.169679,1
0.504397,1.125230,1
1.312366,-0.589317,1
0.489701,0.698094,1
-0.832438,0.202382,1
0.891443,1.245355,1
0.677969,0.922707,1
0.653986,0.684676,1
1.793269,-0.909716,1
1.154752,-0.292549,1
1.876633,-0.430491,1
0.931018,0.368273,1
-0.191490,-0.847779,1
1.013688,-0.080498,1
0.517007,-1.005333,1
0.907789,0.619496,1
0.995236,1.158310,1
2.402040,0.312426,1
1.567167,0.141538,1
1.088272,-0.672938,1
-0.042731,1.239583,1
1.455951,-0.124055,1
0.938720,1.107367,1
0.624528,1.146582,1
1.325906,0.919511,1
1.111515,0.213108,1
-0.749433,-0.240292,1
1.912862,0.524856,1
1.658073,0.131100,1
0.694800,0.410855,1
0.080421,0.411855,1
0.664738,-0.891753,1
0.835976,1.654510,1
0.856705,0.974686,1
-0.467136,-0.908480,1
0.616580,-0.086453,1
0.548577,0.736786,1
2.310984,0.540132,1
0.635076,0.157914,1
1.416641,-0.025547,1
0.364459,0.942245,1
1.438046,0.027588,1
1.327108,0.379368,1
-0.260429,0.424986,1
1.226530,0.110966,1
1.099741,0.527643,1
0.650871,-0.091883,1
-1.261601,-0.111443,1
-0.220546,0.602370,1
1.732994,0.660644,1
0.499114,0.225544,1
0.666876,0.108555,1
0.977664,-0.384459,1
1.128784,1.194043,1
0.035578,0.331094,1
1.043778,0.697192,1
-0.171684,-0.663449,1
1.098831,-0.411809,1
0.807149,0.529882,1
1.527683,-0.331682,1
1.432303,-0.457310,1
-0.376328,-0.066354,1
2.135237,0.811953,1
0.714382,0.335639,1
2.438162,-0.466496,1
0.563143,0.031670,1
-0.631089,0.686568,1
1.051445,-0.137966,1
0.637136,0.599433,1
0.559604,-1.071429,1
1.431905,-1.522117,1
1.536673,-0.440278,1
0.659394,0.241255,1
1.027898,0.833923,1
0.192219,-1.154938,1
-0.322147,-1.089790,1
2.159429,-0.661411,1
1.222942,0.017079,1
1.557545,-0.447063,1
-0.307304,0.359541,1
1.869289,-0.107602,1
1.231136,0.432139,1
0.520576,1.471581,1
1.078192,0.698196,1
1.388161,-0.722136,1
2.992280,0.557131,1
0.603334,1.283129,1
0.299785,0.745719,1
0.314414,-1.250558,1
2.376820,-0.411681,1
0.513645,-0.825186,1
1.469668,-1.877409,1
1.026656,-0.944448,1
2.071145,-0.281850,1
2.041307,-0.287268,1
0.210154,1.285069,1
0.252226,1.003204,1
2.167866,-0.587722,1
0.500451,-0.228700,1
3.138230,0.458546,1
0.943646,-0.072459,1
0.506841,-1.580099,1
0.939551,1.193771,1
1.447983,0.920653,1
1.061979,1.096602,1
0.550076,-0.347027,1
0.467345,0.527356,1
-0.249821,0.124792,1
1.213224,0.962765,1
0.580921,-0.116613,1
0.994444,0.118681,1
0.619165,-1.695115,1
1.540409,0.526153,1
0.154407,-1.858020,1
0.302951,0.339255,1
1.051378,-0.070031,1
1.318566,0.724618,1
1.337085,0.024521,1
0.628957,0.945601,1
1.130023,-0.909238,1
1.430391,-0.274915,1
0.278685,0.429077,1
0.244356,-0.003527,1
0.856799,-0.396414,1
-0.038162,-0.043440,1
0.692797,-0.584573,1
1.365613,0.187596,1
1.103548,-0.596721,1
0.429459,0.462976,1
2.030633,0.261567,1
1.055395,0.083013,1
0.634458,0.066082,1
1.165925,-1.583141,1
1.675167,-0.078631,1
-0.055641,0.325920,1
1.315602,0.112592,1
0.228572,-0.468484,1
-1.105106,1.652085,1
1.450180,-0.419117,1
0.751117,0.496956,1
1.376287,1.067081,1
1.568641,-0.323537,1
-0.307465,0.981883,1
0.576254,0.678171,1
1.985930,0.277327,1
1.369870,0.516777,1
1.278085,-0.709607,1
1.148587,0.120213,1
1.898042,1.205494,1
0.214516,-0.592853,1
0.190773,-2.347746,1
0.111907,0.131882,1
1.360644,0.312546,1
2.070215,0.203250,1
1.296897,1.476572,1
1.501277,0.391645,1
-0.889007,-0.951818,1
0.213894,-0.088343,1
2.019691,-1.495457,1
0.936009,1.036986,1
1.642368,0.927403,1
1.864877,-0.097107,1
0.777594,1.186293,1
0.920642,0.696226,1
0.639688,1.293949,1
-1.269670,-0.257404,1
0.027081,-0.205599,1
2.393095,-0.210012,1
0.099285,-0.787299,1
1.559130,-0.932753,1
0.893236,-1.024923,1
0.549719,-0.155350,1
0.176250,0.456662,1
1.626558,0.735304,1
0.182272,0.470507,1
0.281907,1.185488,1
0.013781,-0.265400,1
0.246900,0.629997,1
1.235922,-0.859084,1
0.301667,1.095810,1
2.383792,-0.213999,1
1.656179,-1.358610,1
0.689812,-0.373518,1
0.914992,-0.739472,1
1.658277,0.975566,1
1.816574,-0.080775,1
0.361882,1.546330,1
1.685445,0.636398,1
1.399423,0.726520,1
0.630869,-0.746212,1
1.173389,1.336370,1
0.769700,0.395664,1
0.998812,-0.828952,1
1.775652,0.120410,1
-0.308593,-0.830048,1
1.702225,-0.299517,1
0.178701,-0.469333,1
0.390362,1.084509,1
0.790393,0.032401,1
1.975316,0.481520,1
1.364063,0.206167,1
1.388997,0.624860,1
2.252359,1.392988,1
0.293199,-0.463496,1
1.542733,-0.279756,1
0.907722,0.875513,1
0.936186,-0.502364,1
0.680736,-0.882469,1
0.931078,0.726073,1
1.330816,-0.496160,1
0.397711,0.040832,1
0.909121,-0.009360,1
0.543882,-0.031718,1
1.207130,-0.687668,1
1.460672,0.383301,1
1.348714,-0.325685,1
1.347624,0.987019,1
0.018567,-0.010095,1
1.077958,-0.619360,1
1.534210,-0.525376,1
0.558668,0.429727,1
2.019560,-0.912367,1
1.160873,0.852702,1
0.782179,0.693624,1
0.679828,-1.801253,1
0.891179,-0.982921,1
1.198429,0.149368,1
1.753270,-0.348062,1
-0.276023,0.563892,1
1.638010,-0.076003,1
0.983146,0.702623,1
1.683233,0.710601,1
2.008470,-0.211584,1
0.762347,-0.897775,1
1.806056,0.385648,1
-0.273521,-0.054995,1
1.348767,1.051988,1
0.707327,-1.397137,1
1.331639,1.267773,1
-0.347042,0.006637,1
1.031321,0.046880,1
1.068806,-0.167720,1
0.518465,-0.343324,1
2.023864,0.140397,1
2.256498,-0.375129,1
1.328916,0.921520,1
1.680494,-0.367702,1
-0.084387,-0.301393,1
0.857456,0.217116,1
2.287866,0.474004,1
0.431705,-0.243977,1
0.085307,-0.894726,1
1.035155,0.097437,1
0.526304,-0.756821,1
-2.675030,1.311290,0
-1.362261,-0.299548,0
-0.426638,-0.293233,0
-1.048214,-0.747358,0
-1.873695,-1.457084,0
-0.598223,0.045883,0
-1.415882,1.066156,0
-0.674749,0.023857,0
-1.201791,-0.636167,0
-2.104683,-0.550444,0
-1.029094,-0.648721,0
-1.201944,0.308377,0
-1.353848,-3.664004,0
-2.420643,0.625492,0
-0.708496,-0.631604,0
-1.561766,-0.429804,0
-0.614713,0.401654,0
-1.764625,1.131204,0
-0.184051,-0.206039,0
0.342535,0.889557,0
-2.287641,-0.961723,0
-1.383885,0.199303,0
-2.287138,2.484956,0
-1.869814,1.056922,0
-0.493519,0.305107,0
-1.578698,0.492227,0
-1.212826,-0.114816,0
-1.304394,-0.279736,0
-0.697583,0.276254,0
-0.472399,0.001082,0
-1.850502,0.171529,0
-0.526963,0.449442,0
-1.064775,-1.249547,0
-0.384152,-0.547760,0
-0.691918,0.428801,0
-1.236377,-1.439567,0
-0.248412,0.317102,0
0.656044,0.770943,0
-0.440642,-0.532390,0
-1.216379,0.461458,0
-2.082316,-0.702842,0
-0.895806,1.956813,0
0.736866,-1.089685,0
-1.266911,-0.672155,0
-1.157933,0.109667,0
-1.512885,1.734415,0
-1.198100,0.519427,0
-0.359216,-0.621591,0
-1.648123,-0.685930,0
-0.414707,-0.775627,0
0.209441,-0.781087,0
-1.191250,-0.144242,0
-1.201695,-0.326496,0
-0.659476,-0.363853,0
-1.376546,1.248906,0
-0.602184,-1.356233,0
-1.753946,-1.483978,0
-1.329051,0.042792,0
-0.900930,1.401075,0
-0.207805,-1.237371,0
-0.158705,-1.130793,0
-0.201751,1.253027,0
0.526242,-1.056085,0
-1.076665,0.404809,0
-0.004593,-1.025588,0
-0.753124,1.598642,0
-1.808407,0.177965,0
-0.435356,-1.052725,0
-1.844233,-0.859725,0
-1.376572,1.225108,0
0.266906,1.260659,0
-1.563871,0.516021,0
-0.011630,-0.204478,0
-0.291572,-0.634283,0
-1.056389,-1.112784,0
-0.504268,-0.048605,0
-2.137702,0.316606,0
-0.014253,0.418762,0
-2.221025,0.687606,0
-1.815329,0.429549,0
0.286366,1.338825,0
-1.824118,-0.342164,0
-0.637364,0.290457,0
-0.829671,0.547276,0
-0.194517,0.342471,0
-1.341021,-0.180113,0
-0.591882,-0.703001,0
-0.816067,-0.110652,0
-2.031628,0.118486,0
-0.979560,-0.123197,0
-1.025416,0.138764,0
-1.840536,-0.401510,0
-1.765738,0.172240,0
-1.072906,-0.195366,0
-0.176700,-0.218344,0
-1.529428,-0.351406,0
-2.385232,-0.954472,0
-0.457602,0.849396,0
-1.671383,0.175640,0
-1.134254,0.555094,0
-1.882200,0.104860,0
0.123642,0.227534,0
-1.785432,-0.843621,0
-0.994612,-1.423134,0
-1.734623,1.163414,0
-2.573086,0.885286,0
-1.142120,0.621220,0
-1.536131,1.696895,0
-1.532330,0.758722,0
0.336719,0.086910,0
-0.991019,0.506013,0
-1.365416,0.995191,0
0.450966,-0.116875,0
-1.644747,1.211905,0
-1.172999,1.222974,0
-1.700967,-1.094327,0
-1.935452,-0.200026,0
-0.536398,0.566943,0
-1.668585,0.770401,0
-1.149909,0.755548,0
-1.476383,0.552431,0
-1.553007,-0.066505,0
-0.326620,0.366660,0
-1.343075,-0.486583,0
-0.247683,-0.348263,0
-1.415024,0.218290,0
-1.807849,0.398482,0
-1.448352,0.495221,0
-1.060004,1.944675,0
0.822046,-0.640186,0
-1.455877,0.527542,0
0.091251,-0.046617,0
-2.055559,-0.180462,0
-1.579413,-0.402962,0
-1.136797,0.051277,0
-1.718504,-0.233832,0
-1.950807,-0.602448,0
-1.530506,-0.294282,0
-0.266645,-0.245655,0
-2.147246,0.431900,0
-1.146613,0.531108,0
-1.794251,-0.089242,0
-1.554515,-0.189075,0
-0.635500,0.113152,0
-1.691441,0.243087,0
-1.084361,-0.988467,0
-0.709726,-1.687604,0
-0.714578,-0.312966,0
-0.955377,0.092963,0
-2.679360,0.520083,0
0.343603,0.798910,0
0.124094,-2.024886,0
-0.517410,0.422521,0
-1.041974,0.784601,0
-0.675805,1.767669,0
0.058867,-0.242390,0
-0.240123,0.533464,0
0.809360,-0.341118,0
-0.746779,-0.212374,0
-2.201071,-0.053030,0
-0.837700,-0.838573,0
-1.509890,-0.301651,0
-1.306313,0.222131,0
-0.386518,0.911468,0
-0.254961,-0.979422,0
-0.772648,-0.109913,0
-1.606999,0.066140,0
-2.170643,0.273724,0
-1.188829,1.190316,0
-0.788114,0.519458,0
-0.512242,0.339863,0
-2.483980,1.406891,0
-1.844966,-1.174440,0
-2.271943,0.730066,0
-0.163667,0.890674,0
-1.303289,-0.706005,0
-0.950128,-0.030669,0
-1.083724,1.009639,0
-1.151171,0.749402,0
-1.265329,0.244950,0
-0.367684,0.021836,0
-0.618692,-0.270624,0
-2.033126,-0.420836,0
-0.195617,0.876836,0
1.139491,-0.036632,0
-1.512005,-0.186762,0
-1.782579,0.175405,0
-1.552546,0.547414,0
-0.739370,0.393969,0
-1.551870,-1.095968,0
-2.251810,0.134820,0
-0.453320,0.729021,0
-1.534224,1.345730,0
-0.693940,0.497930,0
-0.639138,-0.412116,0
0.467634,-0.402685,0
-1.126628,-0.442793,0
-1.286506,-0.069034,0
-1.366046,-0.312239,0
0.382369,-0.445874,0
-1.516550,-0.720293,0
-0.190780,-0.670454,0
-1.308278,0.066492,0
-0.470354,-0.445002,0
-1.137773,0.242627,0
-0.331861,-0.876221,0
-1.266768,0.732245,0
0.050322,1.123320,0
-0.680997,-0.990552,0
-0.603843,-0.159528,0
-1.441259,0.284489,0
0.344121,0.262906,0
-1.047287,-0.611875,0
-1.599723,0.598663,0
-0.671370,-0.048478,0
-0.661636,0.219296,0
-0.961213,-0.435718,0
-0.319444,-0.686582,0
-1.051945,0.534570,0
-2.734501,-1.291642,0
-1.568995,0.828635,0
-0.661736,0.429649,0
-0.281466,-0.526154,0
-2.303759,0.022964,0
-0.305040,-0.197266,0
-2.467110,-0.856066,0
-1.784100,0.002386,0
0.760366,1.402126,0
-1.225361,-0.113410,0
-0.013258,1.621249,0
-0.691042,0.387601,0
-0.236059,0.511942,0
-0.387054,-0.000962,0
-0.215919,0.433381,0
-1.757908,-0.115806,0
-0.294414,0.232887,0
-1.335460,0.101590,0
-1.794771,-0.095932,0
-1.642635,1.170459,0
-0.328310,0.374049,0
-1.318734,-0.192690,0
-1.035977,1.577040,0
-2.045871,0.232117,0
-1.295796,-0.892240,0
-0.472767,0.233981,0
-1.374650,-1.030961,0
-1.623182,0.150142,0
0.166704,-0.249361,0
-1.052470,0.744743,0
-1.238811,0.722004,0
-1.369314,-0.211656,0
-0.995037,0.639685,0
-0.916727,-1.221669,0
-0.345990,-1.014456,0
-1.423620,0.304359,0
-1.190817,0.246310,0
1.440968,-0.298892,0
0.157671,-0.695107,0
0.182370,-0.024029,0
-0.963106,0.182946,0
0.115565,-1.168463,0
-1.640840,-0.863054,0
-0.590144,0.573494,0
-0.742180,0.753514,0
-1.422380,-1.241470,0
1.181120,-0.876189,0
-1.122525,-0.496008,0
0.217416,-1.363934,0
-0.584321,1.116233,0
-0.765931,0.545502,0
-1.032873,-0.311854,0
0.140838,0.193951,0
-0.115730,-0.710156,0
-0.530783,-0.674818,0
-0.905588,1.155643,0
-0.586740,0.156988,0
-2.500716,0.323676,0
-0.249277,-0.055088,0
-0.347307,-0.960511,0
-0.873895,-0.198969,0
-1.912702,0.009481,0
-1.796227,1.112865,0
-1.436162,-0.184363,0
-1.741415,0.613677,0
-1.323929,-0.161295,0
-0.381660,0.634964,0
-2.287992,-0.630841,0
-0.756559,-0.145778,0
0.720612,-0.343759,0
-1.576605,0.661700,0
-0.338708,0.587923,0
-1.669366,-0.078738,0
-1.444974,-0.351520,0
-1.771731,0.788578,0
-0.405973,0.076625,0
0.158252,0.389895,0
-0.976917,0.243378,0
0.465053,0.890597,0
-0.699944,0.889648,0
-2.111978,-0.688791,0
-2.268904,-0.038165,0
-2.481616,-1.429488,0
-1.373010,0.518772,0
0.145958,-0.279066,0
-1.146348,-0.075941,0
-1.066182,-0.155880,0
-1.544953,-0.349601,0
-1.813929,-0.254043,0
-1.854407,-0.798228,0
0.053307,0.460560,0
-0.709181,-0.371055,0
-1.817236,-0.006826,0
-1.888343,0.346329,0
-1.941545,0.744205,0
-2.223443,-0.265615,0
-0.683743,-0.858907,0
-0.765643,-1.424470,0
0.567176,0.995023,0
-0.772701,-0.049932,0
-0.534198,-1.469824,0
-1.955754,0.685917,0
-0.816054,0.748206,0
-0.009570,-0.073823,0
-0.449200,-0.693992,0
-1.612935,-0.459124,0
1.285369,0.173954,0
-0.635617,0.178818,0
-2.857632,1.584512,0
-1.388933,0.728329,0
0.089194,1.371362,0
-0.416181,0.373832,0
-0.473021,0.156371,0
-2.587223,0.045991,0
-2.149696,-0.416035,0
-1.434340,-0.443982,0
-0.668253,0.617902,0
-1.851845,-0.820428,0
-1.693531,-0.152298,0
-2.325535,-0.361596,0
0.519964,-0.723885,0
-0.084612,-0.203474,0
-0.079318,0.248917,0
-1.306047,-1.484085,0
-0.044293,0.132075,0
-0.971063,-0.287933,0
-0.088691,-1.721520,0
-0.873064,0.273983,0
-1.444081,0.616019,0
-1.027797,0.863977,0
-1.595416,-0.406114,0
0.054543,-0.333849,0
0.509842,0.275257,0
-0.645387,0.341183,0
-1.299162,0.449657,0
-1.174872,-0.083161,0
-0.054870,0.910190,0
-2.066654,0.373274,0
-1.889063,-0.420968,0
-1.632617,0.404425,0
-0.805312,-0.315383,0
-1.163398,-0.128533,0
-1.057649,0.334629,0
-1.429094,-0.438198,0
-0.827200,0.305867,0
-1.322902,0.126545,0
-1.688782,1.099592,0
-1.458503,0.766692,0
-1.142556,1.901549,0
-1.919793,0.460131,0
-1.936813,0.133943,0
-1.400747,-0.131517,0
-1.148757,1.490464,0
-0.638865,0.856937,0
-0.059342,-0.524877,0
-0.690667,0.287727,0
-1.717979,-0.476636,0
-1.897408,-0.251447,0
-1.023378,-0.508938,0
-1.746102,0.393959,0
0.695737,-0.091891,0
-0.135218,0.577607,0
-1.792854,0.373588,0
-1.197875,-0.168217,0
-1.659248,-0.161983,0
-0.384713,0.763634,0
-0.546509,0.702401,0
-2.420468,-0.925168,0
-1.365447,0.175374,0
0.206285,-0.078007,0
-0.352375,-1.686691,0
-0.505734,0.313811,0
-0.542925,-0.375721,0
-0.065777,-0.492498,0
-0.759164,0.405381,0
-1.238955,-0.393390,0
-0.531768,-0.586450,0
-1.306653,1.093305,0
-1.871676,0.271722,0
-0.590661,-0.292313,0
-0.388868,0.040024,0
-1.160339,-0.032688,0
-1.274977,-0.931199,0
-0.901700,-0.746849,0
-1.081927,0.297155,0
-1.083312,0.460756,0
-1.127658,-0.739846,0
-0.953660,0.432748,0
-0.232253,-0.316991,0
-1.291824,-0.752026,0
0.354365,0.389528,0
-0.965476,0.064986,0
-2.630297,0.272619,0
-0.893065,-0.666102,0
-1.225945,-1.193926,0
-0.124191,1.011991,0
-1.177523,0.171676,0
-1.140168,-0.867426,0
-0.967554,-0.050947,0
-1.638385,0.288254,0
-1.302356,0.338684,0
-1.415024,1.350031,0
-1.882784,-0.501526,0
-1.847352,-0.272185,0
-0.540257,-1.738340,0
0.072769,-0.551721,0
0.218577,-0.857982,0
-1.797504,0.916112,0
-1.741574,-1.055222,0
-1.520822,-0.172371,0
-0.200812,0.010333,0
-1.221183,0.727460,0
1.362189,1.061447,0
-0.777375,-0.239573,0
-0.342590,-0.004665,0
-2.145673,1.440456,0
-0.914167,0.324161,0
-1.999096,1.322952,0
-1.376069,-0.152033,0
-1.951959,0.259072,0
-0.845411,-0.542182,0
-0.180963,-0.122062,0
-0.934690,0.507543,0
-1.102670,0.794528,0
-2.091257,-0.057445,0
-1.336838,-0.138028,0
-2.654203,-0.627976,0
-1.404751,0.139957,0
-1.566446,-0.260353,0
-1.493269,-0.749708,0
-1.756277,-1.449715,0
-0.716614,0.111230,0
-2.306571,0.553062,0
-0.083626,0.618606,0
-0.314123,-0.033698,0
-1.020060,-0.022238,0
-0.500061,0.524242,0
-2.249204,0.508765,0
-1.529841,0.290302,0
-1.187187,1.212274,0
-1.240057,0.776526,0
0.150779,0.178762,0
-0.171254,0.767344,0
-0.832345,0.766631,0
-3.404873,-0.490648,0
-0.864302,0.162342,0
-0.524858,0.237712,0
-1.304235,-0.311831,0
-1.183604,0.513453,0
-0.893836,0.767574,0
-1.011156,0.154112,0
-1.365759,-1.283824,0
-1.497533,2.263735,0
0.564453,0.202740,0
-1.200069,-0.737543,0
-1.156747,-0.100349,0
-2.011547,0.098218,0
-1.739665,1.043468,0
-0.844411,-0.657231,0
-1.373801,-0.622415,0
-0.794580,-0.739889,0
-1.516092,-0.877001,0
-0.998663,-1.344476,0
-1.398387,0.862624,0
0.766476,-1.140554,0
-0.792948,-1.046404,0
-2.241738,-0.669017,0
-1.588058,0.093574,0
-1.408138,-0.970137,0
-1.044016,-0.667264,0
-1.029646,-0.726613,0
-0.961233,-1.587811,0
-1.046388,-0.280134,0
-1.285943,-0.506534,0
-3.011435,-0.613708,0
-0.524226,0.212363,0
-1.137719,1.181239,0
-1.095149,-1.122478,0
-1.395319,-0.491741,0
-1.234993,-0.324884,0
-2.194538,0.300046,0
-1.726998,0.061264,0
-2.616698,-0.403917,0
-1.298491,-0.824583,0
-1.763728,1.275909,0
-1.024944,-0.217525,0
-2.287285,0.785382,0
-1.957622,-0.672869,0
-2.120688,0.019513,0
-0.154947,0.367981,0
-1.391840,-0.816807,0
-1.003961,0.187156,0
-0.718943,0.747125,0
-1.734268,-0.540829,0
-1.458638,0.185849,0
-0.326784,0.594687,0
-1.264573,-1.926151,0
0.141557,-0.926584,0
-0.885100,-0.574886,0
-0.476715,-0.631601,0
-1.857359,-0.212900,0
-0.381921,-1.500523,0
-2.159813,0.142978,0
-0.844658,-0.055642,0
-1.691114,0.330074,0
-0.887910,0.307617,0
-0.489793,0.715479,0
-1.222771,0.613871,0
-1.247855,0.062957,0
-1.417063,-0.440068,0
-1.273658,-0.248100,0
-1.327201,-1.104439,0
-0.681045,1.189847,0
-0.052726,0.247430,0
-1.339357,-0.871956,0
-0.489187,-0.130135,0
-1.361966,0.118829,0
-0.663861,0.094725,0
-1.365214,1.494223,0
-1.240591,0.419585,0
-1.469396,-0.243149,0
-1.174622,0.736446,0
0.554910,0.265294,0
-0.491551,0.321382,0
-0.517293,0.493001,0
-0.511897,0.100222,0
-1.476002,-0.415767,0
-1.432244,-0.699672,0
-0.786430,0.273146,0
-1.718348,-0.130080,0
-1.320240,-0.794634,0
-1.698752,-1.339504,0
-2.285910,0.304680,0
-1.212831,0.785253,0
-1.596087,-1.301838,0
0.123175,-1.164669,0
-0.383264,-2.131772,0
-0.854261,-0.781094,0
-0.386078,-0.180441,0
-1.283480,-0.639759,0
-1.719315,-0.688754,0
-0.946623,-0.715845,0
-0.440314,0.262069,0
-1.355576,-0.394815,0
-0.520561,0.892261,0
-0.383578,0.839514,0
-1.036377,-0.542208,0
0.963521,0.863099,0
-1.688056,-1.082171,0
-2.200942,0.088631,0
-0.727339,0.806259,0
-2.844809,-0.230353,0
-2.058928,-0.988833,0
-0.325246,0.215956,0
-0.045624,-1.269301,0
-0.758428,0.965076,0
-0.292246,-1.511890,0
-2.198375,-1.497605,0
-2.198773,-1.081796,0
-1.702325,0.700423,0
-1.210373,0.065995,0
-2.031225,0.518807,0
-1.568610,-0.627248,0
-1.904526,-0.026108,0
-0.931981,0.688015,0
-0.720746,-0.580860,0
0.938681,-0.431588,0
-1.907016,1.270946,0
0.889676,-1.335926,0
-2.536401,-0.572999,0
-1.381432,1.235702,0
-1.841739,1.292131,0
-0.254171,0.434470,0
-0.359212,0.741203,0
-0.863151,-0.422836,0
-0.619761,-0.274198,0
0.005630,-0.239658,0
0.122524,1.185233,0
-0.566954,-0.044505,0
-0.442191,-1.104310,0
-1.311671,-0.288787,0
-1.035592,0.805973,0
-1.271382,0.331898,0
-1.720204,-0.570723,0
-1.363083,-1.500264,0
-1.176815,1.109484,0
-1.574738,1.028798,0
-1.235123,0.136161,0
-1.274400,0.276720,0
-1.316548,-0.293331,0
-1.037651,-0.087246,0
-1.742543,0.975571,0
-1.551825,0.230994,0
-1.549106,0.617507,0
-1.342896,-1.067438,0
-0.485436,-0.216393,0
-1.404123,0.303249,0
-1.242550,0.033981,0
-0.216936,-0.753627,0
-1.532158,-1.166876,0
-0.861336,2.052362,0
-3.068553,0.563778,0
-1.588523,1.465559,0
-0.074068,0.761190,0
-0.868239,-0.445781,0
-1.146692,-0.660132,0
-0.313018,0.113220,0
-0.649575,-0.084523,0
-0.559290,0.170744,0
-0.899194,1.597657,0
-0.393380,1.615715,0
-0.898016,-0.656486,0
-2.309750,-1.564938,0
-0.656763,-0.843223,0
0.720475,-0.115300,0
-0.707559,0.824575,0
-0.857669,0.618133,0
-1.832908,-0.848735,0
-1.425681,0.858720,0
-1.403574,-0.026104,0
-1.817145,0.883556,0
-1.252992,1.901308,0
-0.781016,-0.830303,0
-0.125667,-1.187444,0
-0.608096,-0.666874,0
-0.548894,0.362402,0
-0.985398,-0.216089,0
-1.761002,0.944182,0
-1.290381,-0.215944,0
0.479886,0.270292,0
-0.947208,0.576241,0
-1.065653,-0.350923,0
-2.106261,1.220549,0
0.326207,0.510720,0
-0.168237,-0.410333,0
-0.170797,-0.719967,0
-0.766209,-1.414772,0
-1.143397,-0.153560,0
-1.750345,-0.005150,0
-0.753131,-1.193185,0
-1.201812,0.050131,0
-1.733306,-0.535360,0
-0.868696,-0.809165,0
-2.705918,0.965753,0
-0.358611,0.037695,0
-1.700240,0.135883,0
0.548403,-0.752840,0
-1.630527,0.507474,0
-1.418576,0.320179,0
-1.208848,0.391908,0
-0.558152,-0.969941,0
-1.154218,0.500968,0
-0.866133,-0.201413,0
-1.274050,-1.490451,0
-1.020190,-0.061560,0
-1.073342,0.807304,0
-1.830029,0.559754,0
0.154512,-0.138661,0
-0.847168,-0.952187,0
-1.581686,1.415318,0
-0.820399,0.766103,0
-2.083125,-1.299114,0
0.707493,0.466796,0
0.105660,1.396187,0
-1.956786,-0.131267,0
-0.427901,-0.742679,0
-0.838388,-0.064425,0
-1.816928,-0.233009,0
-2.121162,2.590528,0
-1.449895,-0.747507,0
-0.345046,-0.505528,0
-1.936858,-0.568339,0
-0.838429,-0.849040,0
-1.246082,1.144721,0
-0.409866,0.749943,0
-1.577216,1.675084,0
-0.500073,-0.300679,0
-0.261342,-1.493249,0
-1.343399,-0.124177,0
-1.049045,0.705333,0
0.166701,-1.163288,0
-2.099756,0.725440,0
-1.017118,0.494276,0
-0.459849,0.777981,0
-0.871668,-0.259728,0
-2.601641,-0.889898,0
-0.843204,1.656875,0
-0.665057,-0.263904,0
0.105000,0.881729,0
-0.373301,-0.027634,0
-0.835850,0.311130,0
-2.599604,-2.023899,0
-2.141811,-0.199026,0
-1.480469,0.605407,0
-0.919778,-1.062171,0
0.019639,0.228680,0
-0.693610,0.619802,0
-0.890248,-0.687880,0
-1.103217,-0.490127,0
-2.123072,0.366055,0
-0.818099,0.594291,0
-1.620373,-0.191943,0
-1.681186,0.494525,0
-1.582565,0.115479,0
-1.305495,-0.069707,0
-0.460393,0.383086,0
-1.262934,0.372162,0
-1.110375,0.485655,0
-0.935483,0.583403,0
-0.351250,-0.437619,0
-0.664545,-0.454061,0
-1.141375,-0.393059,0
0.688873,1.248834,0
-1.281959,-0.947895,0
-2.287241,-2.546489,0
-0.016876,0.898506,0
-1.104548,-0.504878,0
0.433562,1.372671,0
-1.232105,0.078402,0
-0.591272,0.521968,0
-1.922810,-0.391095,0
-1.473675,-0.314267,0
-0.624410,-0.414456,0
-1.998331,-0.193514,0
-2.104736,-1.203849,0
0.639701,1.295931,0
-0.229961,-0.574791,0
-0.705998,-1.491390,0
-0.112905,1.087630,0
-0.331791,0.029974,0
-0.412692,-0.648806,0
-1.070005,-0.917679,0
-1.142756,0.038189,0
-1.666013,0.344944,0
-2.313380,1.339653,0
0.234392,0.050301,0
-2.077330,-1.236547,0
-0.371252,-0.380109,0
-1.345413,-0.097224,0
-1.536859,-0.882991,0
-1.280425,-0.457539,0
-0.418233,1.202904,0
-1.358670,0.267893,0
-0.434968,-1.231033,0
-1.857972,1.472827,0
-2.174419,0.734173,0
-1.841599,-0.271562,0
-1.794196,1.565479,0
-1.208499,1.981386,0
-1.082180,-0.544150,0
-1.017105,-0.661774,0
-1.128154,0.105377,0
-0.045316,-0.803324,0
-0.625617,-0.159385,0
-1.592410,0.055898,0
-0.887339,0.756993,0
-1.184808,0.197866,0
-0.704740,-0.256148,0
-1.334278,-0.025008,0
-1.405331,-0.289077,0
-0.389365,-0.239113,0
-1.012092,0.789875,0
-0.471723,-0.314063,0
-1.327832,1.025178,0
-1.526789,-0.479101,0
-0.752690,0.037751,0
-1.784661,0.399390,0
-1.317909,0.043969,0
0.402705,0.035130,0
-0.706457,0.813369,0
-0.679985,-0.325090,0
-1.464703,-1.376846,0
-1.126814,-0.294073,0
-1.355182,0.523598,0
-1.348456,0.294605,0
-0.974803,0.830776,0
0.347378,-0.633736,0
-0.242888,-0.198841,0
-1.167918,0.665151,0
-1.609746,-0.564956,0
-2.126438,-0.833756,0
-0.395627,1.253333,0
-1.746494,-1.648237,0
-0.060220,0.754534,0
-1.573950,0.014784,0
-1.400040,0.794833,0
-1.027116,-0.332748,0
-0.797120,-0.117113,0
-0.741025,-0.596734,0
-0.865410,1.695593,0
-0.225326,0.647463,0
-0.570406,-0.686247,0
0.023542,0.406187,0
-1.992549,0.190476,0
-1.828422,-0.404695,0
-1.408470,-0.482526,0
-1.735004,-0.210469,0
0.234603,0.813329,0
-1.355051,0.695094,0
-0.714364,-0.800181,0
-0.930930,0.006302,0
-1.056367,-1.040516,0
-1.125137,0.521165,0
-0.695029,1.007004,0
-2.277211,-0.087751,0
-1.534667,1.821782,0
-1.544674,0.507533,0
-2.153945,0.040046,0
-0.585097,-0.046012,0
-2.076968,-0.139195,0
-0.498358,0.630053,0
-1.571064,-0.686734,0
-1.086753,1.217228,0
-0.861583,0.071975,0
-0.986193,-0.280393,0
-0.458619,0.701337,0
-2.008662,0.003860,0
-0.506157,0.962383,0
-0.561388,-0.093132,0
-0.508897,0.563581,0
0.448921,0.896172,0
-0.560747,-0.025636,0
-0.033831,0.305813,0
-1.577388,0.960774,0
-2.073286,-0.228218,0
-1.015738,-0.349661,0
1.087058,0.221576,0
-1.013455,0.635528,0
-1.699166,2.033764,0
-2.461573,-0.062847,0
-0.219742,-0.645616,0
-1.446307,2.671074,0
-1.667708,-1.512146,0
-1.121067,-0.444707,0
0.877947,0.342587,0
-0.603749,0.068354,0
-0.034239,0.366376,0
-0.883099,0.311461,0
-0.494654,0.091842,0
-1.342137,-0.143743,0
-1.742380,0.996276,0
-0.192649,0.791849,0
0.032878,-0.890812,0
-1.831139,0.026305,0
-0.811229,0.247132,0
-1.700481,0.112970,0
-1.703841,-0.927935,0
-0.435022,1.371569,0
-1.767541,-0.658616,0
-0.190289,-0.732964,0
-0.415175,-1.139841,0
-0.959942,0.318526,0
-0.073298,1.085516,0
-0.061177,-1.081912,0
-0.972521,-0.957867,0
-0.109850,1.129446,0
-0.726043,-0.547889,0
-1.364871,0.615848,0
-1.315533,-0.415677,0
-0.885130,0.546510,0
-0.635024,-1.100449,0
-1.859175,0.297667,0
-0.523197,0.206686,0
-0.257530,0.368899,0
-0.755743,-0.436715,0
-0.658768,-0.533474,0
-2.002510,-0.717644,0
-2.169835,-0.633531,0
-1.808046,0.149009,0
0.322419,-1.918989,0
-0.454025,-0.130045,0
-0.926872,0.389610,0
-1.078583,-0.771251,0
-0.656731,-0.712532,0
-1.067336,-0.275925,0
-1.830591,0.378197,0
-1.669040,-0.231031,0
-1.268285,-0.466772,0
-2.826609,-0.148023,0
-0.535802,0.091414,0
-1.686026,-1.194701,0
-1.573622,-0.344270,0
-0.597176,-0.030271,0
-0.919715,-1.193975,0
-1.030933,0.034646,0
-1.458709,-1.288899,0
-0.794903,-0.170299,0
-1.344461,0.380598,0
-0.426950,-0.522076,0
-1.989371,1.054641,0
-1.589874,0.303130,0
-0.513207,-1.086353,0
-0.892759,0.480797,0
-1.495439,1.358047,0
-0.810927,0.646278,0
-1.024930,0.916565,0
-2.518373,0.092450,0
-1.509113,0.128699,0
-0.801119,-1.611571,0
-2.234078,0.164425,0
-0.693466,0.322508,0
-0.385707,0.162582,0
-0.569390,0.558328,0
-0.455941,0.384385,0
-2.396524,0.563231,0
-1.108903,0.474201,0
-0.834073,1.070020,0
-1.655733,-0.105122,0
-1.766785,0.686379,0
-0.117346,1.142450,0
-0.564124,-1.154148,0
-0.836940,2.103074,0
-1.689714,0.418621,0
-0.009262,-0.516837,0
-1.233820,0.023992,0
-0.353659,0.069793,0
-1.360137,0.579606,0
-0.885504,0.409595,0
-0.642859,1.091109,0
-1.233655,0.145003,0
-0.789000,-0.590776,0
-1.019037,0.591824,0
-1.562273,-1.257941,0
-1.642906,-0.855313,0
-0.965237,-2.474208,0
-2.226959,1.416241,0
-1.203487,0.642368,0
-1.418993,-0.443063,0
-2.130954,-0.983639,0
-0.562699,-0.562422,0
-1.440228,0.898402,0
-2.343540,-0.190130,0
0.262686,-0.147581,0
-1.170163,0.618576,0
-0.368676,-0.452012,0
-1.739833,0.713047,0
-0.008877,-0.782827,0
-0.616955,-0.018811,0
-1.414580,-0.279449,0
-1.665993,-0.741871,0
-2.974682,0.494452,0
-0.042720,-0.390970,0
-2.468498,-1.044220,0
0.031387,-0.053645,0
-1.094538,0.348559,0
0.395104,0.272622,0
-0.259047,-0.747612,0
0.137392,-0.042755,0
-0.116991,-0.383740,0
-0.649754,-0.468831,0
-0.998558,0.300323,0
-2.106966,0.420193,0
-1.193767,0.120849,0
-1.480067,-0.377124,0
-0.984265,-0.968262,0
-0.787308,0.568310,0
-1.498074,-0.801687,0
-1.172702,0.595282,0
-0.626295,-0.964534,0
-1.825976,-0.412945,0
0.548014,-0.999577,0
-0.668590,-0.733563,0
0.101987,-0.132442,0
-0.213342,1.017388,0
-1.234392,-1.599688,0
-1.204675,-0.443709,0
0.199945,-0.562589,0
-1.911906,-1.112222,0
-2.608999,1.488178,0
-2.498672,-0.853466,0
-0.270931,-0.912621,0
-0.705668,0.952091,0
-1.568470,-0.124071,0
-0.523135,-1.097841,0
-0.890950,-0.357981,0
-2.799090,1.639740,0
-0.484044,0.884770,0
-2.795908,-0.269864,0
-0.652078,-1.040620,0
-1.110938,-0.193875,0
-0.437395,-0.036087,0
-1.542791,-0.693967,0
-1.668630,1.067981,0
-1.664640,1.659021,0
-1.313184,0.519556,0
-2.077581,-0.280890,0
-1.847308,1.172231,0
-1.179212,1.408854,0
-1.296727,0.095742,0
-1.271241,-0.123900,0
-1.326953,0.160521,0
-0.224333,0.276035,0
-1.302381,-0.720791,0
-0.695063,0.375112,0
-0.698899,-0.504684,0
-0.386969,-0.168409,0
-0.897760,0.650192,0
-1.344493,-0.604872,0
-0.257619,0.343593,0
-2.285369,-0.454854,0
-0.527250,-1.513167,0
-1.808557,1.537331,0
-0.885352,1.368769,0
-0.336547,1.950887,0
-0.823490,0.738686,0
-1.302224,0.604470,0
-2.662112,0.158167,0
-1.940790,-0.496290,0
-2.220419,-0.054769,0
-1.620442,0.355586,0
-1.349951,0.279700,0
-0.640271,0.360431,0
-0.112165,0.597044,0
-1.411982,0.047227,0
-2.085201,-0.200398,0
-0.340109,-0.740320,0
-0.267508,0.696891,0
-0.491633,-2.015753,0
-2.280401,1.316112,0
-2.114558,-0.278169,0
-2.544659,-0.608137,0
-1.056563,-0.457545,0
-1.187151,-0.732306,0
-2.970107,-2.320482,0
-1.334673,0.225869,0
-2.053874,0.505460,0
-1.734659,-1.077103,0
-0.040607,1.348654,0
-0.419800,-0.207003,0
-0.896856,-0.445188,0
-1.221942,0.074988,0
-0.621582,1.070296,0
-0.829280,0.258117,0
-0.058092,-0.632878,0
-1.389995,-0.365795,0
-1.000690,-0.302557,0
0.366501,1.296844,0
-1.436360,0.160056,0
-1.635799,0.620845,0
-2.457493,-0.312063,0
0.272220,-0.265594,0
-1.504202,-0.345520,0
-1.870268,0.419835,0
-1.920804,-0.593849,0
-1.660360,0.201063,0
-1.223557,-0.023136,0
-1.733545,-0.762020,0
0.514194,-1.347139,0
-0.426469,0.099480,0
-0.806846,-1.250917,0
-0.625585,-1.188394,0
0.155620,1.849840,0
-0.768917,-0.561986,0
0.429874,0.504510,0
-0.832314,-0.123929,0
-1.990758,-1.206928,0
-1.395437,0.885493,0
-0.871458,1.209782,0
-0.918944,1.223331,0
-2.375038,-0.513319,0
-0.650449,-0.944964,0
-1.495569,1.170397,0
0.805726,-0.561826,0
-1.570883,0.190208,0
-0.624608,0.564280,0
-0.478263,1.173470,0
-2.153177,0.762084,0
0.718596,0.608299,0
-1.332589,-1.268086,0
-1.779825,-0.143758,0
-1.634777,1.027580,0
-0.935413,-0.699560,0
-2.856602,0.614572,0
0.982238,-0.509393,0
-0.478094,-0.363911,0
-1.483651,0.197135,0
-0.109161,-0.285649,0
-2.103077,-0.103731,0
-0.576854,0.502043,0
-2.129276,-0.445737,0
-0.769094,-0.732372,0
0.140026,-0.381234,0
-1.379611,-1.347565,0
0.330744,0.847167,0
-1.017047,0.399816,0
-0.254820,0.978660,0
-0.218257,-0.810279,0
-1.245853,0.130956,0
-1.037766,0.682387,0
-1.233924,-1.257889,0
-1.044264,-0.296441,0
-1.678659,0.771079,0
-0.691353,-0.463112,0
-0.518316,-0.488280,0
-1.271199,0.513705,0
-1.510034,2.087485,0
-1.426156,0.395852,0
-0.562994,0.257898,0
-1.669208,-1.325678,0
-1.159577,-0.196934,0
-2.602761,-0.430715,0
-2.260655,0.239348,0
-1.254079,-0.768092,0
-0.172900,-0.347121,0
-0.499130,0.820409,0
-0.883582,-0.909711,0
-1.960997,-0.326006,0
-0.703388,1.262169,0
-0.670142,-0.239478,0
0.037542,-0.028693,0
-1.543781,0.420233,0
-0.962192,-0.594551,0
-1.180680,-0.514564,0
-2.077461,-1.998811,0
-0.499531,0.313541,0
-0.731834,0.848835,0
-0.181404,0.151415,0
-1.585645,0.769477,0
-1.997908,-0.677553,0
-0.508280,-0.200817,0
-1.471758,-1.843702,0
-1.041475,1.111102,0
-0.336348,-0.789496,0
-1.289323,0.533362,0
-0.674318,-0.794776,0
-0.280248,0.200590,0
-0.776252,-1.227870,0
-1.095198,0.298682,0
-1.107880,-0.609649,0
-1.923225,-0.310358,0
-1.562234,0.720828,0
-1.033526,-1.345457,0
-1.550138,-0.532427,0
-1.151134,-0.179854,0
-0.702197,-0.999956,0
-1.002103,-0.945534,0
-1.845779,-0.209219,0
-1.194987,-0.757813,0
-0.615296,-0.164572,0
-1.355847,-1.507083,0
-1.680458,0.194882,0
-1.853317,-0.522697,0
-0.841412,-0.930702,0
-1.982711,0.007284,0
-1.193049,-0.833838,0
-1.809547,0.033614,0
-1.110078,-0.231750,0
-1.304205,-0.148839,0
-1.094420,0.975963,0
0.011861,-0.090816,0
0.319467,-0.753312,0
-0.557781,0.050768,0
-0.979744,-0.811317,0
0.490096,-0.508467,0
-0.339191,-0.447498,0
-0.241839,-0.566934,0
-1.251207,-0.346421,0
-0.537442,-1.139340,0
-0.494869,-0.014168,0
-2.057207,1.105224,0
-1.680972,-0.238063,0
-0.290341,0.631221,0
-1.326945,0.036196,0
-1.889993,-1.318399,0
-0.415295,0.243976,0
-0.020580,0.247015,0
-1.623049,-2.406379,0
-0.578968,-0.242374,0
-0.752744,-0.679679,0
-0.982084,-0.972880,0
-1.843689,0.837855,0
-0.628218,-0.217354,0
0.481429,-1.075382,0
0.462039,0.642671,0
-1.045923,-0.002052,0
0.093323,-0.646156,0
-0.926467,-0.149789,0
-0.997988,0.025403,0
-1.514837,-0.355639,0
-0.815875,-0.737523,0
-0.539774,0.576340,0
-0.320155,-0.347948,0
0.294216,0.793229,0
-1.016992,2.085581,0
-0.535880,1.221182,0
-1.806410,-0.047385,0
-0.981710,-1.084631,0
-2.541900,-0.012531,0
-0.448457,0.247778,0
-0.111479,1.272680,0
-1.875250,0.956096,0
-0.022878,-0.498120,0
-0.806912,-1.014715,0
0.309708,1.635247,0
-1.814332,0.783628,0
0.377916,0.205923,0
-1.150815,-0.281344,0
-1.447693,0.809294,0
-1.583340,-0.355362,0
-1.042848,-0.038482,0
-1.625629,-0.529484,0
-0.565124,0.908836,0
-0.491288,0.869349,0
-1.036560,-0.962027,0
0.013401,0.493245,0
-1.547380,0.891361,0
-1.109616,-0.642595,0
-0.702227,-0.881977,0
-1.641453,0.369259,0
-0.389294,0.595765,0
-1.125882,0.648692,0
-2.544485,0.779989,0
-1.508241,0.497236,0
-1.461662,-0.182728,0
-0.334649,-0.553726,0
0.351854,0.957583,0
-0.765893,-0.194358,0
-1.140476,-1.347726,0
0.006843,-1.000771,0
0.093718,-0.525134,0
-0.021023,0.113259,0
-0.614731,0.463127,0
-0.942454,-0.736825,0
-2.468452,-1.376658,0
-2.000008,0.504434,0
0.143612,-1.298057,0
-1.456778,-1.289578,0
-1.284493,-0.519272,0
-0.402328,-1.394997,0
-1.231983,0.173541,0
-0.494372,0.590860,0
-1.385660,-0.399276,0
-1.045029,-0.104052,0
-1.507944,-1.261168,0
-1.927145,0.452961,0
-1.632963,0.033369,0
0.003555,-0.329204,0
-2.270993,-0.292672,0
-0.456094,-0.497410,0
-1.631736,1.308378,0
0.105335,-0.820332,0
-1.313063,1.111386,0
-0.053099,-0.328232,0
0.103659,-0.211194,0
-1.946645,0.676276,0
-0.518415,-1.985817,0
-0.742340,0.828261,0
-0.358145,-0.336002,0
-2.263558,0.145385,0
-1.400647,-0.378698,0
-0.803772,1.125823,0
-1.365987,0.478692,0
0.573725,0.931538,0
0.834534,0.768579,0
-0.062889,-0.149001,0
-1.157617,2.267016,0
-0.078875,1.260649,0
-0.524346,-0.664507,0
0.383798,-1.572043,0
-1.061826,1.062588,0
-0.584386,0.535444,0
-2.415897,0.403090,0
-2.339608,-0.058765,0
-1.543433,-0.624331,0
-1.205636,-0.353383,0
-2.036637,-0.421492,0
0.153725,-0.545605,0
-0.870479,0.013263,0
-0.645313,-0.305950,0
-0.854412,0.240559,0
-0.554353,-0.412477,0
-1.221109,-0.773767,0
-1.935307,0.120926,0
-0.286425,0.858671,0
0.326076,-0.609259,0
-0.933249,-0.606998,0
-1.770745,0.651400,0
0.708090,0.280644,0
-0.631657,1.121403,0
-0.260284,-0.483140,0
-0.708015,0.407218,0
0.282424,-0.956946,0
-1.402420,1.006639,0
-0.922793,0.072250,0
0.263253,0.118296,0
-1.439774,-1.530101,0
-2.330872,0.089886,0
-2.329026,1.199070,0
-2.285868,-0.241266,0
-2.196923,-0.082310,0
-2.448852,0.592005,0
-2.000006,0.712496,0
0.138191,-0.577471,0
-0.804460,-0.014135,0
-1.526027,-0.468364,0
-2.852789,0.153044,0
-0.228302,0.266581,0
-0.963859,-0.043614,0
-1.890854,-0.607290,0
-0.046143,-0.507021,0
0.526509,-0.807738,0
-2.442082,-0.090158,0
0.056196,-1.536936,0
-0.582528,0.556160,0
-0.376635,-1.318614,0
-1.152330,-0.359125,0
-1.421838,1.539607,0
-0.581414,-0.217066,0
-1.722862,0.251254,0
-2.187788,-0.964112,0
-1.945753,0.850190,0
-0.565848,0.611845,0
0.156785,0.012835,0
-2.237048,-0.582310,0
-1.724869,0.783986,0
-0.978968,-0.149178,0
-1.970679,-0.798367,0
-1.678881,-0.172182,0
-0.447177,0.719503,0
0.411435,0.072760,0
-2.287082,1.202120,0
-1.822763,-0.578208,0
-0.593006,1.269122,0
-0.438009,-0.378362,0
-1.290245,-0.270389,0
-1.271936,-0.746913,0
-1.831174,-0.026432,0
0.564947,-1.834497,0
-1.347712,0.389806,0
-2.525841,-0.006694,0
-0.387550,-0.221289,0
-0.583562,-0.790812,0
-0.237815,0.375783,0
-0.815776,0.888723,0
-0.944634,0.662022,0
-0.802430,0.295422,0
-0.205050,0.089778,0
-1.829291,-0.685370,0
-1.775736,-1.531659,0
-1.407786,-0.262469,0
-2.087146,-0.276050,0
-1.334039,0.535306,0
-1.377359,-0.498773,0
-1.343874,-1.732760,0
-0.427980,-0.109724,0
-1.844251,-0.195583,0
-2.174085,-0.204673,0
-1.026777,-0.909271,0
-0.386875,0.836533,0
0.763382,-1.075313,0
-1.099765,-0.581062,0
-2.475721,0.044800,0
-2.255309,0.377340,0
-1.782015,-0.681426,0
-0.496603,-0.045469,0
-1.321976,0.954069,0
0.656133,-0.547303,0
-0.203236,0.397882,0
-1.192081,-1.638324,0
-0.713824,-0.474424,0
-1.892184,0.710969,0
-0.881467,-1.321311,0
-0.332324,0.390457,0
-0.500885,-0.774811,0
-1.509996,0.236904,0
-0.520345,-1.233914,0
-0.714862,-1.125285,0
-1.114439,-0.125690,0
-1.398407,0.431706,0
-0.379478,-0.137389,0
-1.829709,-1.138730,0
-0.162092,-2.258317,0
-0.076178,0.428737,0
-0.120998,-0.602936,0
-0.541795,-0.332912,0
-0.892932,1.234458,0
-0.654878,0.009261,0
-0.817457,0.577072,0
-0.924495,-1.058893,0
-0.734755,0.109091,0
-2.763614,0.519661,0
-0.382197,0.241203,0
-1.686162,0.844554,0
0.766647,-0.227489,0
0.086237,-0.355419,0
-1.084152,0.114958,0
-0.613316,-0.558723,0
-2.171792,-0.994982,0
-1.465304,-0.718363,0
-1.731919,-1.194185,0
-1.567649,-0.130987,0
-1.450004,0.538908,0
-1.494544,0.252170,0
-0.858412,-0.348762,0
-1.616604,-0.934857,0
-1.616754,0.358142,0
-0.736322,-0.332451,0
-0.941953,0.471814,0
0.050106,-0.769291,0
-2.178122,0.162412,0
-0.951883,0.219375,0
-1.254221,0.581267,0
-0.335149,-0.100696,0
-1.097251,0.605296,0
-0.162875,0.438114,0
-1.061770,-1.292024,0
0.294857,0.003790,0
-0.565696,0.251016,0
-2.073534,-1.742243,0
-1.417771,0.009382,0
-0.571449,-0.637075,0
-0.689668,-0.477286,0
-0.317659,-0.944520,0
0.011453,-0.550298,0
0.702862,-0.415992,0
-1.819139,-0.157728,0
-0.286774,-0.577303,0
0.785481,0.297656,0
-1.799458,0.036980,0
-1.313643,-0.351547,0
-1.776267,-0.602372,0
-0.947167,-0.163158,0
-0.546478,0.620461,0
-0.786421,0.381999,0
-1.188516,1.010386,0
-1.654882,-1.046721,0
-2.740216,1.254740,0
-1.076927,-0.170540,0
-1.889614,0.662483,0
-0.842713,0.956288,0
-0.315901,0.133152,0
-0.866275,0.499104,0
-0.119222,-0.122805,0
-1.380605,1.415972,0
-1.539546,0.183265,0
-0.890243,-0.648644,0
-1.649970,1.240868,0
-0.925106,1.032387,0
-0.518988,0.276700,0
-1.169759,0.930545,0
-1.932287,-0.173876,0
-0.851723,-0.390370,0
0.330540,-0.192853,0
-1.015267,1.492390,0
-0.761212,-1.112356,0
-0.513975,-0.044042,0
-0.686163,-0.212751,0
-0.866133,0.131229,0
-0.789614,1.083995,0
-1.645646,-0.491051,0
0.265159,-0.267172,0
-1.473394,0.339473,0
-1.825335,-0.501659,0
-1.630709,0.822711,0
-0.980423,1.102374,0
-1.003626,0.112938,0
0.507503,-0.582141,0
-1.542532,-0.510444,0
-1.111021,-0.678019,0
-1.733562,-0.542724,0
-0.848482,0.831834,0
-1.113945,-0.252479,0
-1.609152,0.289675,0
0.110116,-0.554409,0
-1.681727,0.234934,0
-0.143430,0.629855,0
-0.873416,-0.432968,0
-0.742634,-0.139243,0
-0.488202,1.163334,0
-1.620702,0.948025,0
-0.912793,0.704945,0
-0.809341,-0.591471,0
0.088261,0.136519,0
-0.158961,0.377192,0
-2.101981,1.054505,0
-2.251590,0.718561,0
-1.019877,-1.686984,0
-1.178473,1.321546,0
-1.229364,0.367221,0
-1.863678,0.462170,0
-1.066994,0.209285,0
-0.456143,0.229789,0
-1.721994,-0.034275,0
-1.660616,0.900318,0
-1.715870,0.176202,0
-1.069418,-0.739281,0
0.568436,0.449764,0
-1.131237,1.131367,0
-1.691537,-0.030151,0
-1.105528,-0.888667,0
-1.032189,-2.072172,0
0.046749,-0.184251,0
-1.574377,-0.470656,0
-0.678246,0.248335,0
-0.971005,-0.341450,0
-1.664763,0.346291,0
0.249305,-0.112545,0
-2.398422,0.423962,0
-0.817414,0.705495,0
-1.159216,-0.779932,0
-0.913267,-0.551080,0
-0.825755,0.458628,0
-1.663472,0.943306,0
-1.683428,-0.383410,0
0.385437,0.346477,0
-2.090416,-0.432456,0
-1.824776,0.240157,0
-0.772900,-0.748936,0
-2.213187,1.267539,0
-1.413230,0.347703,0
-0.948561,0.433599,0
-0.846895,-0.431775,0
-0.996895,0.457191,0
-2.012517,-0.174066,0
-2.068743,0.737678,0
-0.031882,1.248173,0
-0.700437,1.281274,0
-1.802358,-0.709651,0
-0.889201,0.446138,0
-0.078796,0.044535,0
0.746675,0.906878,0
-0.904058,-0.758088,0
-1.523849,-0.114703,0
-2.255651,0.099485,0
-0.548887,0.443761,0
-0.107298,-0.666517,0
-1.948730,0.333076,0
-0.533061,-0.534034,0
-0.624409,0.768676,0
-1.180184,0.487730,0
-0.930237,-1.551251,0
-1.763500,2.007137,0
-0.795016,0.087247,0
-0.900479,1.238144,0
-0.211787,-0.827443,0
-1.057920,-0.596565,0
-1.028178,-1.735404,0
-1.344552,0.600962,0
-1.146849,1.674656,0
0.177057,0.475632,0
-2.421629,0.252132,0
-3.349411,0.449243,0
-0.434570,-1.114940,0
-1.972685,-0.777868,0
-0.009802,0.836037,0
-0.960139,-0.084020,0
-1.267978,0.413374,0
-0.761036,-1.117030,0
0.008197,0.979231,0
-1.056028,0.387780,0
-0.529861,-0.030647,0
-0.648180,0.000676,0
-1.338115,0.734971,0
-1.294028,0.007402,0
-1.373640,1.330396,0
-1.731023,0.812149,0
-0.387524,0.379198,0
-0.347542,-0.427101,0
-1.392757,0.867996,0
-0.728146,0.375977,0
-0.682113,-0.818622,0
-1.697990,-0.166363,0
-0.715716,-0.475779,0
-1.014971,-0.974172,0
-0.800678,-0.329385,0
-1.284805,-0.020067,0
-0.250632,0.086780,0
-2.081536,0.576562,0
-1.850000,0.714124,0
-1.811881,-0.389675,0
-1.510445,-0.201015,0
-1.806684,0.663631,0
-0.626717,0.181900,0
-2.052374,0.606017,0
-0.519385,0.511529,0
-1.371390,0.897359,0
-1.238878,0.526783,0
0.433726,1.093418,0
-2.555989,-1.589640,0
-0.963758,-0.798761,0
-0.039036,-0.281083,0
-0.724135,-0.764554,0
-0.410158,-0.012215,0
-0.512353,-0.267432,0
-1.516333,0.022860,0
-1.044726,0.906253,0
-1.414649,-0.241260,0
-0.898966,0.831616,0
-1.078689,0.304607,0
-1.114580,-1.573850,0
-0.121045,0.572734,0
-0.930703,1.090178,0
-1.434892,0.064652,0
-0.047714,0.436519,0
-2.185569,-0.754888,0
-0.952819,-0.596872,0
-1.431221,-1.699562,0
-0.463710,0.398126,0
-1.313647,0.397373,0
-0.852522,0.282892,0
-1.062294,-1.333357,0
-2.423950,-0.332100,0
-2.159819,-0.715845,0
-1.866700,-1.007612,0
-1.342499,-0.243556,0
-0.506031,-0.999017,0
-0.266440,1.167090,0
0.304122,0.171084,0
-1.180024,0.431138,0
-1.369451,0.592445,0
-0.835309,1.536396,0
-0.521551,-1.750090,0
0.727335,-0.002783,0
-0.425184,0.087992,0
-0.030712,-0.434165,0
-2.619182,0.333136,0
-1.443232,0.878374,0
-0.706418,1.060614,0
-1.588835,-0.298623,0
-1.495093,-0.150419,0
-1.061359,1.277789,0
-0.987857,-1.187427,0
-1.118028,0.696336,0
-0.984919,0.375592,0
-1.046493,-0.604155,0
-1.736523,-0.970408,0
-1.736075,0.622782,0
-0.334523,-0.793749,0
0.636430,-0.608889,0
-0.523827,0.472451,0
-0.329781,0.214377,0
-0.845061,-0.628326,0
-1.187941,1.153185,0
-0.712058,0.603853,0
1.000540,0.377722,0
0.308815,-0.012623,0
-0.658805,0.626362,0
-1.749629,0.606606,0
0.247305,1.003730,0
-1.319573,0.858048,0
0.003660,-0.801469,0
-1.447815,0.153718,0
-1.156124,-0.746880,0
-1.108063,0.350435,0
-0.829076,-1.202357,0
-0.366024,0.628718,0
-1.222379,1.021681,0
-0.591076,0.797110,0
0.340769,-0.629025,0
-1.379439,1.061181,0
-0.244008,0.333265,0
-0.618883,-0.557703,0
-1.411529,-0.553717,0
-0.294831,0.271650,0
-0.448111,-0.314978,0
-0.586380,-0.791144,0
-1.532728,0.131599,0
-1.600692,0.557083,0
-0.949960,-1.663259,0
-1.321345,-0.427362,0
-0.311745,1.284008,0
-0.473461,1.556403,0
-0.313330,-1.368302,0
-1.713382,-0.202870,0
-1.798681,0.291070,0
-1.533082,0.167239,0
-1.931075,-1.214134,0
-0.259591,-0.295597,0
-0.118697,-0.452327,0
-1.074142,-1.031946,0
-1.945698,1.381383,0
-1.812258,-0.212443,0
0.412876,0.360620,0
0.253366,-1.411109,0
-1.681945,0.173221,0
-1.070405,-1.146146,0
0.034662,0.265338,0
-0.335129,-0.930355,0
-0.500356,0.817842,0
-1.165506,-0.649772,0
0.820873,-0.097540,0
-1.792631,-0.638905,0
-0.847548,-0.021474,0
-0.700680,0.175914,0
-0.355609,0.101117,0
-1.871811,-1.973304,0
-0.452200,0.566264,0
-0.815728,1.394798,0
-1.330019,-0.325786,0
-0.149510,0.819433,0
-0.586133,-0.803294,0
-0.682703,1.035501,0
-1.437082,-1.821010,0
-0.554551,1.157966,0
-0.947261,0.755472,0
-2.439870,0.690915,0
-0.293722,-0.468891,0
0.210692,0.257647,0
-0.693307,0.478824,0
-0.975098,-0.798504,0
-0.035948,-1.408754,0
-0.811168,-0.421566,0
-0.855751,1.178187,0
-1.263207,0.451613,0
-1.436902,1.323600,0
0.069033,0.268289,0
-1.939738,-0.196419,0
-0.587200,0.860762,0
-1.288355,-0.807128,0
-1.648334,0.441554,0
-0.925948,-1.021788,0
-0.232205,0.783426,0
-1.235191,-0.210174,0
0.076357,-0.303999,0
0.073278,1.225527,0
-1.401814,-0.040600,0
-1.071215,-0.021387,0
-0.206664,0.215671,0
-1.519150,-0.615193,0
-0.432417,-0.103924,0
-3.117779,-0.897578,0
-1.734596,-1.199073,0
-2.559554,-0.947288,0
-1.961662,-0.951183,0
-1.993748,1.574430,0
-2.683378,-1.350996,0
-2.945411,-0.524095,0
-0.403981,-0.763786,0
-0.560897,0.954940,0
-1.887219,-1.124089,0
0.069028,-0.764290,0
-1.253054,-0.412761,0
0.234615,0.072662,0
-1.193152,-0.064768,0
-1.080187,-0.431756,0
-0.511937,0.486770,0
-0.618114,0.283893,0
-1.991401,0.715091,0
-1.249303,0.954596,0
-2.026081,-0.338198,0
-1.043306,0.580898,0
-2.189565,-0.215423,0
-1.039285,-0.412867,0
0.531677,-0.230558,0
-0.420824,-1.131935,0
-0.787103,-0.869515,0
-1.525284,0.629996,0
0.267849,2.107722,0
-1.105926,-0.053038,0
-1.477886,-0.749068,0
-1.957156,0.679109,0
0.277974,0.478003,0
-0.435246,0.751237,0
0.046417,0.899898,0
-2.110817,0.894597,0
-0.712424,0.492419,0
-1.129609,-0.284497,0
-0.134882,-1.123228,0
-0.768559,-0.447864,0
-2.005095,-0.357428,0
-1.533448,-0.298469,0
-1.096090,0.762160,0
-0.196570,-0.414894,0
-1.541984,0.502078,0
-1.574338,0.440255,0
-0.277729,0.435399,0
-1.122541,1.529207,0
-1.150807,-0.623381,0
-2.449137,-0.208643,0
-1.197401,0.455966,0
-1.511057,1.016487,0
-1.534793,0.885693,0
-0.805102,0.763185,0
-0.423623,-0.962924,0
-1.426034,0.458965,0
-0.697681,-0.955770,0
-0.541084,0.137446,0
-2.004267,0.093001,0
-0.854293,-0.359918,0
-1.991743,0.189572,0
-1.404914,0.003087,0
-1.103064,0.181755,0
-0.982121,0.638160,0
-1.062921,0.426510,0
-0.891835,1.048894,0
-1.232023,-0.815273,0
-0.741785,0.474736,0
-2.374149,1.408136,0
-1.345278,0.208963,0
-1.175058,0.963344,0
-1.454597,1.309446,0
-1.026098,-1.244764,0
-1.247173,1.189262,0
-2.327908,0.320900,0
-0.960553,-1.497138,0
-0.668230,0.421116,0
-1.803699,-0.571168,0
-0.389301,-0.481832,0
-1.075186,-0.803818,0
-0.001499,-1.263484,0
-1.421092,1.236586,0
0.596284,-0.548973,0
0.869119,0.890574,0
-0.619714,-0.973721,0
-0.818569,0.171435,0
-0.071607,-0.056959,0
-1.496316,-0.398157,0
-1.685900,-0.490616,0
-1.453043,-0.025027,0
-0.963861,-0.699618,0
0.768080,-0.108081,0
0.284559,1.196594,0
-0.331540,1.647827,0
-0.740839,-0.044228,0
-1.205497,0.267681,0
-2.405418,0.656235,0
-1.062823,-0.533516,0
-0.366044,0.585834,0
-1.749077,1.052804,0
-0.279293,-0.124069,0
-0.288980,0.367418,0
-0.795401,1.013803,0
-0.646510,0.548569,0
0.795768,-1.338292,0
-1.025828,0.430047,0
0.348781,1.772062,0
-0.445824,-0.737972,0
-0.836605,-0.774361,0
-1.411686,-1.031735,0
-1.318625,0.568257,0
-0.939735,-0.668222,0
-0.402617,0.749813,0
-1.575930,-1.086287,0
-1.407045,0.825244,0
-2.151738,0.586941,0
-0.686967,-0.529831,0
-0.222565,1.177598,0
-2.010425,-0.074943,0
-0.513682,-0.300353,0
-0.623084,0.953915,0
-0.780422,-0.330319,0
-0.729978,1.069018,0
-1.603551,0.631551,0
-0.507305,-0.472599,0
0.338594,-0.151943,0
-0.061538,0.718785,0
-1.050085,0.083816,0
-0.784103,-0.022065,0
-1.274912,-0.240474,0
-1.590091,0.247186,0
-1.521226,0.610679,0
-1.430109,0.410292,0
-0.762817,-0.637372,0
-0.451250,0.231229,0
-1.228717,0.594477,0
-1.170558,0.503865,0
-2.449081,-0.902329,0
0.972698,0.945654,0
-2.242406,-0.006724,0
-1.185792,0.078500,0
-0.859886,-0.921621,0
0.262085,0.748867,0
-1.191950,-0.012145,0
-0.805626,-0.374620,0
-0.968351,0.213015,0
-0.827965,0.750209,0
-1.348382,0.754380,0
-0.557817,-0.228191,0
-1.825725,0.534344,0
-1.357997,-0.462132,0
-1.360267,-0.465775,0
-1.019108,1.284490,0
-2.939976,0.284634,0
-1.423719,-0.346347,0
-0.949318,-0.267927,0
-1.860481,0.627089,0
-0.747048,1.104422,0
-1.462166,-0.779267,0
-1.124172,-1.331946,0
-1.348929,0.688186,0
0.194380,-0.678197,0
-1.138629,0.896116,0
-1.031658,0.235047,0
-1.212233,1.018910,0
-2.069159,0.998087,0
-1.130586,0.111670,0
-1.274593,1.604494,0
-1.800439,0.103440,0
-0.822503,1.203370,0
-1.004518,0.926722,0
-1.069347,0.167758,0
-0.990743,-0.478465,0
-0.652945,-0.066956,0
-0.806426,-1.135317,0
-0.171009,0.135410,0
0.424904,-0.061242,0
-2.113047,-0.957527,0
-0.424565,-0.463360,0
-0.319626,-0.488033,0
-2.344188,-0.090877,0
-1.440912,-0.333780,0
-0.537763,-0.170297,0
-1.672865,-0.993660,0
-1.253208,-0.642049,0
-0.757887,0.497808,0
-1.521501,-1.951817,0
-0.369800,-0.381720,0
-3.306110,-0.572822,0
-1.511214,-0.534875,0
-1.974422,-0.346122,0
-1.482448,0.234404,0
-0.806272,0.320956,0
-0.891306,0.390696,0
-1.920140,-1.220463,0
-0.372028,1.664288,0
-1.709061,0.140224,0
-2.220720,1.000884,0
0.243876,0.444505,0
-1.672847,0.261406,0
0.084760,-0.198276,0
-1.044984,-0.418011,0
-0.703004,0.125804,0
-1.941446,-0.669165,0
-0.496255,0.407162,0
-2.181527,-1.224563,0
-1.778405,0.384913,0
-0.623622,0.790517,0
-0.315175,0.586810,0
-1.296436,1.184921,0
-1.871041,-1.308821,0
-0.903605,0.486335,0
-1.100540,-0.345560,0
-1.229261,0.799935,0
0.641594,-0.933877,0
-0.493669,0.397872,0
-0.480891,-0.385312,0
-0.104318,0.191645,0
-0.591206,-1.411987,0
-0.300742,-0.401342,0
-0.456441,-0.439305,0
-0.755378,0.133819,0
-0.643321,-0.594358,0
-0.499851,-1.553953,0
-0.571729,-0.321685,0
0.351030,-1.227869,0
-0.407676,-0.014491,0
-0.941708,-1.311400,0
-1.516428,-0.469671,0
-0.966247,0.138695,0
-1.278251,0.228600,0
-1.772918,0.787807,0
-0.872922,0.741459,0
-1.960986,0.198065,0
-1.439265,-0.028670,0
-0.728671,-0.989521,0
-1.251232,0.241491,0
1.225796,0.757897,0
1.076902,0.860659,0
-0.175302,-0.529507,0
0.181977,0.242463,0
-0.837147,-0.651142,0
-0.035222,0.318813,0
0.707440,-0.864466,0
-0.001944,0.273425,0
-1.273640,0.403608,0
-1.907530,1.247385,0
-1.292510,-0.377438,0
-1.904978,-0.209183,0
-0.868002,-0.514655,0
-1.121325,0.640400,0
-1.323037,-0.525126,0
-2.282743,-0.851043,0
-0.974248,-1.247820,0
-0.972084,-0.168460,0
-0.948161,-0.755082,0
-0.503913,0.090310,0
-1.326389,-0.160281,0
-0.989500,1.589585,0
-1.625839,0.144736,0
-1.942637,0.016721,0
-1.467628,-0.426050,0
