0.252371,-0.838253,1
1.771099,-0.684116,1
0.338634,0.170711,1
1.102203,-0.700714,1
1.945586,0.204678,1
1.891308,0.126486,1
0.059500,-0.007247,1
0.540924,-0.158722,1
0.438909,0.181400,1
0.241604,0.510395,1
1.339100,-0.085288,1
2.431682,-1.862555,1
0.149468,0.281034,1
1.566691,-0.799929,1
1.207672,-0.578801,1
0.685353,-0.058467,1
1.406129,0.475685,1
0.793717,0.345545,1
0.451707,0.106626,1
0.409945,0.206979,1
-0.560549,0.888073,1
1.398888,0.768676,1
1.267428,0.704327,1
1.031818,0.394884,1
2.184960,1.173076,1
1.615548,0.185943,1
1.020993,0.538327,1
0.815717,-0.116987,1
-0.309422,1.106664,1
1.803988,0.332083,1
2.136098,0.002910,1
2.460916,1.004305,1
1.262398,-0.074440,1
1.557741,0.782515,1
0.113246,0.079429,1
-0.619291,0.230114,1
1.141529,-0.568066,1
1.251222,-0.407846,1
0.974890,-0.285157,1
0.665613,-1.027762,1
1.799459,-0.224837,1
0.506275,-0.807531,1
0.086224,0.561811,1
1.572578,0.311179,1
1.195586,-0.182557,1
0.269247,0.816232,1
1.212285,-1.205479,1
1.275965,-0.328059,1
0.246371,-0.443370,1
0.544295,0.668807,1
0.626928,-0.936962,1
2.468018,-0.475311,1
1.403931,-0.849777,1
0.687552,1.729421,1
1.290491,-1.325224,1
1.558687,0.001761,1
0.272971,-0.232905,1
0.576624,-0.369790,1
-0.575280,0.266474,1
2.726280,1.032054,1
0.261814,-1.026115,1
1.352288,-0.643441,1
1.815821,0.739294,1
0.582809,0.425280,1
1.233061,0.188679,1
1.132074,-0.856891,1
-0.232084,-1.552778,1
0.550264,-0.194430,1
0.233122,0.234799,1
1.292364,-0.094298,1
0.957156,-1.187080,1
0.083895,0.910301,1
1.827594,-1.973769,1
1.831793,0.041614,1
1.673258,0.600890,1
1.131427,0.397662,1
1.105742,1.069750,1
1.989365,-1.621833,1
2.182483,1.112482,1
1.036161,0.143692,1
0.138269,-0.067556,1
0.349315,0.092061,1
-0.327880,1.767969,1
1.554161,-0.235503,1
1.907348,0.729164,1
0.534497,0.582044,1
1.642521,-1.224814,1
0.538050,-0.551858,1
2.055770,-0.551676,1
1.726792,0.819856,1
1.249715,-0.747317,1
1.282061,0.285907,1
0.010280,-0.402230,1
0.782400,-0.480216,1
0.835245,0.475443,1
0.240746,0.729661,1
0.056370,-0.520168,1
0.922816,0.157148,1
0.268349,0.831955,1
0.129296,-0.929392,1
1.869455,0.064979,1
1.253611,-0.289277,1
-0.123361,0.188031,1
0.916214,-0.039250,1
1.967256,-0.050351,1
-0.029325,-0.468841,1
2.032994,0.421184,1
2.240551,-0.568873,1
1.255307,0.707506,1
-1.151839,-1.142731,1
1.252441,0.068901,1
1.266620,-1.019833,1
1.827326,0.689250,1
0.424186,1.164407,1
1.681515,-0.027514,1
0.265902,0.417054,1
1.852314,0.604115,1
0.249736,0.115269,1
0.664333,0.096931,1
2.102174,0.083428,1
0.952746,-0.361019,1
0.895535,0.497314,1
1.361155,1.680636,1
1.356877,-0.237860,1
1.933491,-0.214792,1
0.535445,-0.046651,1
1.742614,0.349770,1
-0.366375,-0.067024,1
0.619371,1.932493,1
1.065070,0.787294,1
1.370375,-0.834948,1
0.270594,-0.223014,1
0.515499,1.128434,1
0.460655,0.448874,1
2.038972,1.211063,1
0.459769,-0.500399,1
0.736610,1.277971,1
-0.062842,0.532490,1
1.098006,-0.251559,1
1.052473,0.457641,1
0.393254,0.125512,1
1.601187,-0.587613,1
2.207480,1.355562,1
0.968351,-1.369927,1
1.937921,-0.862518,1
1.086938,0.520662,1
2.367727,-0.008361,1
0.031734,-0.189223,1
0.223221,1.070076,1
0.634819,-0.899799,1
0.412665,0.889070,1
2.278614,0.929514,1
1.599696,-0.592971,1
1.119517,0.805521,1
-0.106360,-0.370527,1
0.903212,0.185205,1
0.313687,0.685849,1
1.051648,1.129238,1
1.999393,0.555215,1
1.333971,0.615820,1
1.191975,0.307556,1
0.171179,-1.021294,1
1.507765,0.591866,1
2.192138,0.139574,1
2.084510,0.935287,1
0.768545,0.506964,1
-0.084094,0.278123,1
0.242633,1.051237,1
1.249366,-0.088475,1
-0.147345,-0.400945,1
1.607457,0.284484,1
0.028522,0.046001,1
0.299145,0.114831,1
3.163330,0.381636,1
-0.109244,0.426378,1
1.855792,-1.725027,1
2.012046,0.782810,1
-0.321853,-0.137105,1
1.242052,1.138190,1
1.330365,1.341211,1
1.190255,-0.071093,1
0.362710,0.002138,1
0.508797,1.385213,1
0.818819,-0.070128,1
0.698710,0.139797,1
0.461185,-0.581953,1
-0.455279,0.758142,1
0.443609,0.295283,1
1.900529,0.035821,1
2.012475,1.211614,1
1.806043,0.365085,1
1.895844,-0.108036,1
1.025048,-0.046044,1
1.830762,-1.114984,1
1.119628,0.245551,1
0.852842,1.150577,1
1.607206,-0.416632,1
2.109781,0.771779,1
0.395467,0.220802,1
1.456833,0.683653,1
1.559992,-1.390079,1
0.441247,1.257602,1
1.325724,-0.174836,1
1.309203,-0.000026,1
1.476485,-0.044557,1
1.342232,0.235487,1
1.334381,-1.728637,1
0.792555,-0.568128,1
0.829297,-0.301546,1
-0.822466,0.928033,1
0.099200,0.551811,1
1.919581,-0.531289,1
0.819669,0.952830,1
1.018319,0.902149,1
-0.446442,-0.388060,1
2.801397,-0.450692,1
-0.314908,0.536084,1
1.539809,0.388110,1
1.016051,-0.673274,1
0.880075,1.059836,1
1.640294,0.367926,1
-0.232138,1.043308,1
1.280068,0.075678,1
1.294468,-0.010752,1
0.495486,-0.929045,1
2.061268,-0.732609,1
1.472645,-1.482497,1
0.114314,-0.331615,1
1.711997,-0.211054,1
0.709212,0.594174,1
1.310471,0.159364,1
0.479374,0.092077,1
1.484317,-1.873163,1
3.202583,0.013690,1
1.855251,0.102317,1
1.801044,-0.777521,1
1.271027,0.325536,1
0.850656,-0.302525,1
0.544554,-0.211700,1
0.708020,-0.610692,1
-0.270675,-0.835446,1
0.150944,-0.094654,1
1.439009,0.047110,1
0.494618,-0.473609,1
2.808261,-0.022241,1
1.777350,1.701920,1
0.525705,-0.037523,1
-0.251305,-1.353877,1
-0.201076,0.116511,1
1.985812,-0.315103,1
1.049861,-1.776680,1
-0.168883,-0.949822,1
1.954293,-0.519236,1
-0.537453,-0.078150,1
0.941398,-0.841179,1
0.742463,0.975401,1
0.788920,-0.330113,1
0.124876,0.648339,1
1.620746,-0.457443,1
1.407234,-2.335009,1
0.363546,-1.505785,1
1.890119,0.465754,1
-0.409118,0.435363,1
1.756999,-1.198410,1
0.072849,-0.387459,1
2.762638,-1.384208,1
-0.578615,0.347348,1
1.834628,-0.295246,1
0.350482,0.911345,1
1.079021,0.968807,1
1.833382,0.049740,1
-0.419015,2.555284,1
0.657197,0.436466,1
1.196169,0.897200,1
1.471504,-0.006711,1
0.680601,-0.238098,1
1.896009,0.295012,1
1.219415,1.512807,1
1.796034,0.194299,1
0.235647,0.570180,1
1.904953,-0.161806,1
1.279821,0.675836,1
1.167205,-0.574510,1
-0.199833,0.425622,1
2.102057,1.235626,1
1.333440,-1.238981,1
0.516149,0.166692,1
0.989705,-0.627279,1
1.018198,-0.067673,1
2.300041,-0.266427,1
-0.551022,-0.629543,1
1.790801,0.506276,1
0.662912,-1.391862,1
2.138173,-0.275280,1
2.062352,0.280501,1
0.812055,-0.206814,1
1.176142,0.624925,1
0.805583,0.402685,1
0.222700,-0.244843,1
0.664950,0.846612,1
0.289915,-0.711202,1
0.388698,-0.030074,1
0.466021,-0.063619,1
1.306903,0.697757,1
0.267052,1.134725,1
0.494832,0.980024,1
1.219080,-0.012526,1
2.309884,-1.715747,1
2.531694,-1.188677,1
0.648996,-0.236502,1
1.829185,0.269663,1
-0.043210,1.931891,1
2.139470,0.082886,1
0.537245,-0.880896,1
0.627966,1.678853,1
1.137636,-0.206827,1
-0.259674,0.362205,1
2.148426,-0.184215,1
1.735735,0.807174,1
1.385452,-0.841490,1
2.436732,0.045097,1
0.694641,0.975982,1
0.603476,-0.110291,1
2.285169,0.644088,1
2.106085,0.804691,1
0.614716,-0.500429,1
0.586860,-0.404957,1
2.184874,0.238352,1
0.517055,-1.714420,1
-0.047670,-0.277559,1
1.309904,0.470514,1
1.479867,-0.295404,1
-0.250253,-0.483446,1
0.987056,-0.263675,1
0.508560,1.529332,1
2.348437,-0.242360,1
0.515064,-0.851764,1
1.790236,-0.874901,1
0.883195,1.479695,1
0.935935,0.890206,1
1.249927,-0.772843,1
0.186331,1.655824,1
1.192872,-0.529945,1
1.101963,-0.762854,1
1.218181,-0.867266,1
0.197223,0.370362,1
1.926687,0.791862,1
-0.302386,-0.675062,1
0.811683,-0.179041,1
2.006692,0.639469,1
0.500879,1.264867,1
1.965330,-0.074430,1
1.790432,0.455380,1
0.556513,-0.133533,1
0.430014,1.294873,1
0.536238,0.194523,1
0.133429,-1.033916,1
0.123334,0.379414,1
1.059655,-0.742414,1
2.435865,1.220154,1
0.682291,0.762260,1
0.843853,1.679768,1
-0.503370,-0.681726,1
1.505976,-1.023843,1
1.107543,-0.341691,1
1.634509,0.967445,1
0.492520,-0.676123,1
1.108232,-0.215147,1
-0.013305,0.591329,1
1.077419,-0.894183,1
1.366595,0.513428,1
1.381579,-0.490042,1
1.068108,0.338363,1
-1.952933,-1.250340,1
0.020613,-0.643511,1
0.872293,-0.218604,1
2.517150,-0.604491,1
1.327311,0.466072,1
2.682660,-0.832496,1
0.669861,-0.651385,1
1.664081,-0.009085,1
0.139285,0.351722,1
0.602103,-0.551437,1
0.772317,-0.823617,1
1.421064,0.101724,1
2.294581,1.210299,1
1.804023,-0.680773,1
2.439375,-0.508047,1
0.928459,0.156403,1
1.019281,-1.245313,1
2.103119,-0.750300,1
-1.389940,0.690613,1
0.636596,0.625161,1
2.095787,-0.210448,1
1.381445,0.464289,1
3.035971,0.004840,1
0.684585,0.401458,1
1.841585,-2.285128,1
1.054374,0.255749,1
0.291801,-0.067073,1
1.972361,-0.377119,1
0.336167,-1.422541,1
2.780151,-1.766606,1
0.274552,-0.209715,1
0.979534,-0.715068,1
0.095781,0.143679,1
-0.310620,-1.185203,1
1.609298,-0.512058,1
-0.126501,-0.980569,1
1.182297,-0.379106,1
1.211795,-0.095842,1
1.743751,0.124401,1
0.291451,-1.908305,1
1.432303,-0.031388,1
0.484619,0.043353,1
0.650400,0.570365,1
0.985598,1.407561,1
1.573336,0.712181,1
1.780400,-1.131550,1
1.430621,0.733500,1
1.289236,0.275837,1
1.308037,-0.624915,1
0.534868,0.187643,1
1.229619,0.536016,1
1.485596,1.713753,1
1.537546,-0.026431,1
0.896998,-0.575554,1
0.802589,0.429035,1
1.285278,0.195321,1
1.275655,0.006485,1
1.318045,-1.123294,1
1.458874,-1.352432,1
-0.017043,0.222519,1
0.673066,-0.614065,1
1.214533,-0.629210,1
0.985287,-1.068121,1
1.212282,-0.505559,1
1.373857,-0.190104,1
1.199562,-0.256947,1
1.689423,0.645074,1
0.691796,0.365475,1
0.515227,-0.599579,1
1.448952,-0.013904,1
0.952884,1.472582,1
1.267139,0.218863,1
2.078892,-0.230142,1
2.548734,-0.459782,1
1.595143,0.545975,1
1.089902,-0.754881,1
0.401679,0.515416,1
1.759464,0.466660,1
0.642198,-0.306597,1
2.948989,-0.079132,1
0.766532,0.657673,1
0.492376,-0.786231,1
0.988402,-1.391414,1
1.801750,0.236706,1
1.028341,-0.302211,1
0.474583,-0.696607,1
0.839939,-0.042734,1
1.295063,0.518087,1
0.688346,0.567416,1
0.445819,-1.327172,1
0.442102,0.439204,1
1.421876,0.286898,1
0.733277,0.515831,1
1.673318,0.072475,1
0.709604,-0.292337,1
1.087903,-1.838836,1
0.098601,-0.176060,1
0.698893,0.082622,1
3.072349,-1.247566,1
0.623135,-0.100566,1
0.443616,0.741830,1
-0.089836,-0.140522,1
1.653426,1.173015,1
0.389533,1.056731,1
0.505593,-0.456470,1
0.847340,-1.341951,1
0.034842,0.185624,1
0.096265,-0.475191,1
2.665417,1.407808,1
0.750920,0.357745,1
1.894873,1.708765,1
1.196291,-1.015941,1
-0.023354,-1.039548,1
-0.338756,-0.186935,1
1.867736,0.332903,1
0.703882,0.173730,1
1.026567,-0.377829,1
0.184862,-0.575268,1
1.186820,-1.104455,1
0.234959,-0.417267,1
0.267168,-0.254478,1
-0.504636,-0.725361,1
1.485898,-0.402934,1
1.109321,0.641755,1
1.178881,-0.346899,1
1.096589,0.185168,1
0.235348,-1.012413,1
0.730142,0.188238,1
1.496889,-0.310363,1
1.656003,-0.058157,1
1.388201,1.158525,1
-0.096667,-0.048897,1
0.438548,0.683188,1
1.718873,-0.778534,1
1.500601,0.019791,1
0.305779,0.916180,1
0.700434,0.040619,1
0.654368,0.221067,1
0.849719,-0.213714,1
1.400986,-0.607723,1
1.917598,0.217413,1
0.383633,-0.477162,1
1.224774,-0.054209,1
0.537693,1.201989,1
-0.025802,0.247796,1
1.420393,-0.038110,1
1.041749,-0.275891,1
1.104838,0.378240,1
-0.067305,0.854033,1
0.189284,-0.087552,1
1.955912,0.030395,1
0.337292,1.058544,1
1.054171,-0.497568,1
1.240140,0.085176,1
1.586691,-0.213753,1
-0.393747,-0.293531,1
0.709188,0.629499,1
-0.353931,0.214801,1
0.824114,0.228737,1
1.183232,0.140668,1
0.996971,-0.984354,1
0.609595,-0.056739,1
1.807072,0.071081,1
1.491256,-0.147054,1
1.630080,-0.603280,1
-0.329919,-0.506434,1
0.109769,0.787261,1
2.449694,0.179912,1
1.819106,0.994503,1
0.396952,0.241307,1
0.932678,0.304268,1
1.805602,-1.449849,1
0.171573,0.413613,1
1.206796,-0.707455,1
1.803863,0.318768,1
3.099422,0.422833,1
0.935503,-2.047723,1
1.424045,-0.995793,1
0.974490,0.550122,1
1.319093,-0.188237,1
0.329118,-0.627983,1
1.882460,-0.326016,1
1.613761,-0.984453,1
1.096090,-0.029564,1
1.302463,-0.556216,1
0.534256,0.588287,1
1.029350,-0.980153,1
0.769595,0.341743,1
0.191751,0.800244,1
0.185327,-0.085926,1
1.475102,0.634049,1
-0.216295,-0.094988,1
0.701816,0.249896,1
1.888150,-0.282742,1
1.439685,-0.195591,1
1.524079,-0.505621,1
1.193257,0.999164,1
1.676443,0.009653,1
0.644415,-0.918870,1
1.145296,0.564313,1
1.044716,-0.881281,1
2.692430,-0.315698,1
0.747740,0.507887,1
1.670240,0.034708,1
0.045890,0.480398,1
-0.141786,0.016730,1
1.135458,-0.195737,1
0.136255,0.685820,1
-0.411479,1.215519,1
0.946829,-1.258910,1
1.106148,0.415024,1
1.755864,0.464099,1
1.474397,-0.493248,1
1.122836,0.170789,1
1.762779,-0.759919,1
0.790541,0.562313,1
0.812683,-0.090775,1
0.636481,-0.122592,1
0.166656,-0.676119,1
1.545819,-1.194161,1
-0.067646,-0.719444,1
0.980162,-0.630100,1
1.053895,0.069508,1
1.343041,-0.297993,1
2.335645,0.633241,1
2.550883,0.538233,1
-0.091907,0.932836,1
1.030305,0.049040,1
2.035028,0.280001,1
2.667946,0.682143,1
1.769937,0.760640,1
1.082583,-0.759355,1
0.212730,0.212599,1
1.469957,0.647024,1
1.021017,-1.822309,1
0.588281,0.750994,1
1.226070,0.375044,1
1.204686,0.261831,1
1.136291,0.519339,1
1.436903,0.998830,1
1.990654,-0.542809,1
2.318776,0.765111,1
-0.047489,-0.921045,1
0.955060,0.699865,1
0.817144,-0.966697,1
2.110331,0.034403,1
0.663029,0.372272,1
1.329676,0.186345,1
0.784821,-0.190109,1
1.234253,0.914144,1
0.172300,-0.908821,1
0.880255,-0.637036,1
1.001287,-0.723151,1
1.708740,-0.463443,1
0.315772,-0.036837,1
1.070591,0.112468,1
1.490951,0.449508,1
0.939637,-0.291834,1
0.985972,-0.802712,1
1.771909,-0.206513,1
1.384904,0.319997,1
0.243355,0.361732,1
0.427225,-0.037312,1
0.496228,0.150716,1
1.868353,-0.395531,1
-0.182598,0.632984,1
0.722305,0.250674,1
-0.581256,0.073183,1
1.016704,-1.012952,1
1.060815,0.237520,1
1.651217,0.768399,1
0.826149,0.220596,1
0.127355,0.226898,1
-0.821602,-1.007448,1
0.908162,-1.717907,1
0.249037,0.226858,1
1.244397,-1.062726,1
-0.396241,-0.971844,1
1.037568,0.077872,1
0.299531,0.595736,1
-0.326848,0.627337,1
1.577656,-0.365822,1
1.539854,-1.165062,1
1.078453,-0.846894,1
0.295239,-1.202107,1
1.026038,-0.775772,1
0.942465,1.265660,1
1.466687,-0.125551,1
0.772744,-1.750799,1
-0.029871,0.573976,1
1.114691,1.043189,1
0.358628,0.755728,1
0.341642,-1.096573,1
-0.197941,-1.253044,1
1.853961,-0.700265,1
1.448815,1.412075,1
0.965191,0.811440,1
0.453591,-1.033930,1
0.465189,-0.499163,1
2.372103,0.965182,1
1.028558,-1.595640,1
0.522933,0.514715,1
0.449419,-0.175774,1
0.361764,-0.465147,1
0.057617,1.861078,1
0.689570,-0.343201,1
1.442520,1.298395,1
-0.090770,-0.213310,1
1.177909,-1.157331,1
-1.223990,0.036570,1
1.809846,0.256785,1
1.294243,-0.850772,1
1.037207,-0.154320,1
0.811043,-0.262124,1
0.436948,0.966806,1
1.487935,0.034817,1
0.083257,0.478378,1
0.904118,0.618479,1
-0.034810,0.203626,1
1.519286,0.000140,1
1.221678,-1.142856,1
2.181023,0.584767,1
0.833117,0.965950,1
0.620895,1.118156,1
1.364517,0.336362,1
-0.629035,0.279901,1
2.335239,0.471321,1
0.784387,-0.586185,1
3.398769,0.275405,1
0.855766,-0.593487,1
0.719491,-0.586162,1
0.910865,0.351638,1
1.092149,-2.015063,1
0.941298,0.343069,1
-0.125093,-0.227811,1
1.317090,-0.147098,1
0.754535,1.690701,1
0.434452,-0.622241,1
2.035701,-0.454927,1
0.078322,-0.981588,1
0.898076,-0.428474,1
0.947421,0.061683,1
1.183142,-0.585573,1
1.170222,1.721569,1
0.512757,-0.061521,1
0.403373,-0.312434,1
1.277166,-0.293096,1
0.128002,-0.861178,1
1.710059,-0.048891,1
0.090840,-0.621488,1
0.849782,0.650322,1
1.527605,-0.034871,1
2.984588,0.293991,1
-0.118879,0.406124,1
1.374504,1.356892,1
0.444945,-1.609752,1
0.878529,0.995246,1
0.172091,-1.058933,1
0.085098,0.758685,1
1.694953,-1.832281,1
0.290881,0.108899,1
0.780258,0.309338,1
1.101467,0.316203,1
-0.166440,-0.617005,1
0.826358,0.371640,1
-0.565260,0.106584,1
-0.684399,0.073077,1
1.383669,-0.497280,1
2.783991,-0.540760,1
2.358547,0.425478,1
1.612656,0.157808,1
2.303383,1.506581,1
1.696025,0.486016,1
1.297236,-0.207145,1
0.911893,-0.882021,1
-0.791203,1.297073,1
-1.170826,0.200984,1
1.543819,-1.239779,1
1.811543,-0.016943,1
0.514666,-1.029575,1
-0.160681,0.585559,1
0.814605,-0.684274,1
1.302840,1.130921,1
2.721689,-0.044764,1
0.715364,0.803479,1
2.028641,0.217460,1
1.366871,-1.135680,1
0.514848,0.054124,1
0.191822,0.771871,1
-0.013946,0.809159,1
1.833611,0.243521,1
0.308187,1.261220,1
1.875167,-0.790272,1
0.762667,1.255804,1
1.762898,1.643823,1
0.172042,-0.752048,1
1.135184,-0.571669,1
0.331329,0.079984,1
0.824950,-0.514753,1
1.211682,1.213825,1
1.742125,-1.196644,1
-0.745016,-0.710521,1
1.458600,-1.009580,1
2.445078,-0.007864,1
1.995532,0.392156,1
1.733269,0.484035,1
0.765990,-0.546345,1
0.263290,-0.477108,1
2.317394,0.662992,1
0.236186,-1.197239,1
0.665461,0.845523,1
2.363599,0.460765,1
0.593017,-0.415547,1
1.880542,0.432250,1
1.256016,0.792209,1
0.832306,-0.130214,1
2.192141,0.617967,1
0.815029,-0.387268,1
1.674424,-0.166549,1
2.174156,-1.353780,1
-0.686542,0.270594,1
1.066357,-0.140714,1
2.290970,-0.376272,1
2.193166,0.533734,1
0.881635,-0.541687,1
1.084872,1.529432,1
0.727681,-0.332061,1
1.234508,0.177452,1
0.510967,-1.448487,1
-0.486211,-0.572798,1
1.668205,0.520101,1
-1.215412,-1.788640,1
2.143192,0.526410,1
0.790505,-0.139061,1
0.814318,0.851163,1
1.021097,-0.607476,1
1.537484,0.844263,1
-0.197201,-0.005565,1
1.453490,0.523517,1
0.757142,-0.056686,1
0.425886,0.465874,1
0.440484,0.072320,1
0.440647,-1.201402,1
1.057578,-0.015232,1
1.378814,0.036450,1
3.361555,0.227662,1
0.790885,0.237312,1
0.734501,-0.361815,1
2.161363,-0.567766,1
1.491715,-1.307842,1
2.113906,-0.424684,1
0.713336,-0.681837,1
1.823631,-0.718792,1
0.314877,1.053202,1
1.395715,0.195257,1
1.925728,-0.297420,1
1.718059,-0.506478,1
0.777767,-0.509102,1
-0.161315,-0.478414,1
0.834025,0.729393,1
1.230643,1.055645,1
0.503240,0.939791,1
1.085201,-0.325800,1
1.488145,-0.953901,1
0.986539,0.249085,1
0.906766,-0.983512,1
0.937955,-0.504984,1
1.225739,-0.356558,1
2.211068,1.706570,1
0.720614,0.049250,1
0.809958,0.282269,1
0.729747,-0.088754,1
0.906088,1.163736,1
1.143283,0.023469,1
0.627535,-0.109102,1
0.626593,1.548158,1
2.036252,-0.764700,1
0.052554,-2.229167,1
1.125631,-0.658195,1
1.385514,-0.657370,1
1.686969,1.298602,1
-0.051209,0.443605,1
1.766522,-0.797884,1
0.073598,1.026090,1
0.935811,0.408787,1
2.856692,-1.245026,1
-0.160785,-0.503137,1
0.982566,0.212193,1
1.291362,-0.089153,1
0.645800,0.114888,1
-0.335028,0.992068,1
0.469823,1.086186,1
1.836599,0.822263,1
0.220066,-0.166369,1
1.541853,0.279500,1
2.359829,-0.739283,1
1.782041,-0.510530,1
0.490068,0.524392,1
1.583158,0.630099,1
2.338047,0.402378,1
0.909578,-0.158848,1
1.248313,0.465463,1
-0.602022,0.467266,1
0.390494,-0.596045,1
0.322530,-0.154923,1
0.567916,-0.207527,1
0.888070,1.820553,1
2.082330,0.130930,1
1.302226,-0.711051,1
0.363309,1.435792,1
0.755257,-0.183380,1
0.494429,0.924887,1
1.790719,-1.638950,1
0.764390,-1.382386,1
-0.003800,-0.848192,1
1.208210,-0.361860,1
0.466605,-0.192563,1
0.517940,-1.563450,1
1.672459,0.530477,1
2.470110,-0.580355,1
1.144057,-1.043039,1
1.133786,-0.159331,1
0.104116,-1.102471,1
-0.442014,1.461841,1
0.956351,-0.593552,1
3.007807,-0.719151,1
2.138333,-1.108038,1
0.053838,-0.465297,1
1.563233,-1.424596,1
2.438635,0.175851,1
2.455194,-0.539596,1
1.181431,0.835757,1
1.719888,0.809097,1
0.029466,0.255737,1
1.039602,0.867053,1
-0.284650,0.060101,1
-0.336644,-0.474693,1
1.037425,-0.382192,1
1.268025,0.010695,1
1.077625,-1.059046,1
0.400267,0.180356,1
2.660641,0.428113,1
1.111311,-0.751455,1
0.439171,0.383163,1
1.297006,1.151421,1
1.096804,0.433930,1
0.470067,-0.480151,1
0.497201,-0.032894,1
1.780950,-0.592984,1
1.780381,0.041265,1
0.526953,-0.525112,1
2.341625,1.137576,1
1.224123,-0.946537,1
0.907912,-0.394182,1
1.150782,-0.390934,1
-0.300691,-0.361672,1
1.021995,0.941751,1
-0.140004,0.011920,1
0.436628,0.118289,1
-0.101973,0.026276,1
0.437082,-0.048735,1
0.879013,-0.425621,1
1.000973,-0.286532,1
0.213494,-0.612540,1
1.407483,-0.479415,1
0.064154,-0.966160,1
1.717135,2.045272,1
1.334010,-0.193443,1
1.459079,0.259030,1
2.817940,-1.758725,1
1.235105,0.226703,1
0.807614,0.828873,1
-0.792664,0.779481,1
0.809988,-0.315242,1
0.771387,0.581695,1
1.103625,0.005136,1
1.357786,-0.867785,1
0.621781,0.247127,1
0.742943,0.286582,1
0.552899,-1.682055,1
2.159710,-0.311017,1
2.838303,0.099909,1
1.217207,0.188054,1
0.129653,-1.570356,1
0.552423,-0.774461,1
1.225050,-1.596732,1
2.244876,-0.812308,1
1.257197,-1.570825,1
0.432941,-0.056226,1
0.311927,-0.938678,1
0.657172,0.219907,1
1.201433,-1.518301,1
1.794275,1.098855,1
0.623780,0.272563,1
1.207827,0.521337,1
1.359995,-0.043306,1
1.524691,-0.001504,1
2.247649,-0.080674,1
0.262928,0.555636,1
-0.110631,0.588998,1
0.370985,-0.459515,1
1.581789,1.283638,1
2.032690,1.138404,1
1.106021,0.588117,1
1.126807,-0.971246,1
2.387695,-0.288037,1
0.737325,-0.238040,1
1.340016,-0.137025,1
0.152403,-0.968815,1
0.924778,0.804112,1
0.471175,-0.635743,1
1.754991,-1.367785,1
1.074891,-1.599127,1
1.152024,0.815265,1
0.894629,0.492871,1
1.252695,0.932311,1
-0.520313,-1.462985,1
0.239020,-0.576076,1
0.056381,0.011325,1
1.589528,-0.142281,1
2.688215,-1.119076,1
0.331688,0.301969,1
0.582342,0.454446,1
1.315929,-0.723751,1
0.983865,0.659399,1
1.502176,-0.904342,1
0.907214,0.456285,1
1.800725,-0.772376,1
1.254179,-0.942765,1
0.488609,0.519712,1
-0.363213,0.126507,1
-0.117733,-0.380616,1
0.152354,0.421419,1
2.645668,-0.580569,1
1.930025,0.785566,1
0.928614,0.742225,1
0.003907,1.538040,1
1.612354,0.632301,1
0.684763,-0.641532,1
1.837019,0.807460,1
1.249800,-1.018507,1
1.347594,-0.517661,1
0.436537,1.092837,1
1.692467,0.750833,1
1.135314,-0.295860,1
1.056782,-0.646365,1
-1.080495,0.291435,1
1.852191,-0.348480,1
0.410800,-0.892263,1
0.456633,0.006888,1
1.273993,0.202071,1
1.269682,0.608529,1
3.213756,-1.532341,1
0.931061,0.328241,1
1.741403,-0.132560,1
1.712212,-0.129563,1
1.034667,1.736349,1
0.468747,0.390382,1
0.273212,1.348510,1
0.742272,0.686096,1
1.500825,-0.161561,1
0.304390,-0.031311,1
0.507104,-0.169527,1
-0.159215,0.343844,1
1.613553,-0.015801,1
1.571303,0.240652,1
0.648983,-0.693211,1
0.942176,-0.524662,1
1.197408,0.815495,1
2.595651,-0.121137,1
0.386533,-0.248691,1
0.079023,-2.059761,1
0.212180,-0.438559,1
0.581064,1.959281,1
0.026831,1.057306,1
1.190233,0.560071,1
1.414632,0.240033,1
0.327240,-1.228555,1
0.946642,1.164456,1
1.653043,0.011345,1
1.127906,-1.255641,1
0.364454,-1.381340,1
2.140059,0.229259,1
1.079110,0.999560,1
1.152794,0.025857,1
1.973135,0.569771,1
0.856804,-0.020472,1
0.771676,-1.753879,1
1.336485,0.372930,1
1.644041,-0.320907,1
0.501501,-1.011310,1
0.625696,-1.015347,1
1.207992,0.114409,1
0.811956,-0.503067,1
-0.899123,0.653612,1
0.151904,0.020576,1
1.078667,0.504283,1
0.320663,-0.059376,1
1.146305,-0.499620,1
0.078980,-0.987252,1
1.178567,-0.350144,1
-0.197978,-0.612684,1
1.145687,1.245571,1
0.070961,-0.936268,1
1.964000,-0.304423,1
0.169711,0.769285,1
1.607386,-0.040840,1
2.463173,-0.518454,1
-0.223452,-1.178563,1
1.390819,0.232729,1
2.887179,1.266231,1
1.088787,0.175981,1
0.875361,-0.802315,1
0.276430,0.600260,1
1.274668,0.409622,1
1.574752,-1.215793,1
1.177950,-0.185131,1
0.269586,1.064048,1
1.755648,-0.110077,1
1.625621,-0.481503,1
2.491335,0.387931,1
1.536712,-0.677634,1
2.055295,0.188894,1
0.528398,-0.951685,1
0.688428,0.682089,1
1.101234,0.325635,1
1.400897,-0.125860,1
1.137738,0.331134,1
0.904765,0.339797,1
1.393502,0.461343,1
0.076631,0.228554,1
1.949723,1.104430,1
-0.610018,-1.126130,1
2.896899,-0.332955,1
2.525290,0.084497,1
1.212346,-0.875731,1
-0.017814,0.469781,1
1.308608,-0.077815,1
2.434483,-0.710772,1
0.487535,-1.005449,1
0.300017,-0.246235,1
1.205767,1.533813,1
-0.159842,0.872356,1
0.866687,1.347544,1
1.409605,-1.249247,1
1.946178,0.305530,1
0.514938,0.623576,1
0.360527,-0.332883,1
1.200804,1.108652,1
0.839915,0.282809,1
1.053350,0.588839,1
0.834325,-0.878155,1
0.311989,0.017410,1
1.428481,0.761688,1
1.547613,-0.586961,1
0.865657,0.081680,1
0.781748,0.372244,1
-0.095013,-0.124633,1
-1.125882,-0.415724,1
0.386490,0.201797,1
-0.428591,-0.371062,1
1.439001,0.543998,1
1.120165,0.479103,1
0.817254,1.137014,1
2.313383,0.254489,1
0.617948,0.257716,1
1.888939,-0.416036,1
0.505657,-1.178292,1
0.740227,-0.204421,1
1.314975,0.412232,1
1.156408,-0.831163,1
1.344889,1.600225,1
0.899310,-0.469509,1
1.675214,-0.240497,1
1.160835,-0.137847,1
1.138979,0.230452,1
1.528897,0.942415,1
1.108656,1.894752,1
2.032155,0.449843,1
1.596454,0.066228,1
-0.060994,1.304651,1
0.666758,1.124787,1
1.317101,-0.476081,1
0.952870,-0.129954,1
1.838343,-0.280250,1
2.318140,1.037529,1
1.878067,-0.483888,1
1.678842,0.255598,1
1.617464,1.677712,1
0.769908,-0.313194,1
1.091889,-0.405096,1
1.271429,-0.541429,1
1.450362,-1.153408,1
-0.085604,0.283332,1
0.990187,0.522865,1
1.253299,1.058438,1
0.670969,0.431558,1
-0.642784,0.771845,1
0.262922,0.155592,1
1.278114,0.744591,1
1.291521,-0.608359,1
-0.137129,-0.311196,1
0.458855,-1.293686,1
1.612235,0.925182,1
1.335144,0.173056,1
1.218115,0.140463,1
0.360695,0.435348,1
0.084217,0.473194,1
-0.074288,-0.095666,1
0.280451,-0.383831,1
0.839067,-0.516255,1
2.298685,0.614055,1
1.675746,0.006092,1
0.606776,-1.385064,1
1.502950,-1.450601,1
1.824942,-0.982804,1
2.016421,1.839545,1
0.711813,1.193247,1
-0.211197,0.036127,1
0.994134,0.366881,1
2.261629,-1.102159,1
-0.390504,-0.064617,1
0.766133,-2.196692,1
0.331449,-0.211982,1
1.898771,-1.729131,1
3.300637,0.655748,1
1.318270,-0.568703,1
1.721818,-0.715340,1
-0.385127,0.178974,1
-0.068847,0.314893,1
0.531220,0.545523,1
2.426773,1.052683,1
0.361510,-1.103211,1
2.135378,-0.213141,1
0.171471,-0.479118,1
1.281046,0.249944,1
0.851563,-1.157308,1
2.639966,0.216299,1
1.761987,-0.311098,1
2.354992,-0.103952,1
1.092102,0.317153,1
1.750734,0.427451,1
1.877071,0.623758,1
1.692927,-0.321449,1
3.007963,1.752315,1
-0.227228,0.328599,1
0.287400,-1.322689,1
-2.003447,-0.014134,1
1.585428,0.360942,1
1.340100,0.504670,1
1.099189,-0.352052,1
0.413046,-0.297555,1
1.004779,0.264839,1
0.206757,-1.342758,1
0.023994,1.245037,1
0.448762,-0.465826,1
1.110100,-0.584759,1
0.697960,-0.514822,1
1.401183,1.591501,1
0.369130,0.748397,1
1.403798,-0.308909,1
1.318427,-0.577603,1
0.973086,0.364021,1
0.374124,-0.085602,1
2.190876,-0.989740,1
0.573007,1.317731,1
0.859067,0.367115,1
0.659603,-1.350946,1
1.379430,0.204260,1
0.177405,-0.553067,1
0.842114,1.761638,1
1.455177,-0.769904,1
1.716849,0.241973,1
1.079324,-0.145503,1
1.350286,0.711122,1
-0.401504,1.084632,1
1.300192,-1.152861,1
1.592295,0.768086,1
1.481070,-0.528565,1
0.915529,0.118505,1
1.403944,0.412017,1
1.380930,-0.530972,1
2.372354,-0.143719,1
1.937067,-1.246911,1
-0.383476,0.475674,1
-0.562398,-1.809010,1
0.844547,0.333043,1
1.271543,-1.083382,1
1.806099,-0.321327,1
1.059072,-0.901416,1
1.118601,-0.213989,1
2.392369,-0.623259,1
1.144098,0.917432,1
2.163341,-0.333187,1
2.242817,0.001030,1
0.226299,-0.813612,1
2.212376,-1.134926,1
2.459871,-0.308296,1
0.150357,-1.393188,1
1.211664,0.392872,1
1.625093,-0.008045,1
1.185623,-0.263385,1
-0.048430,-0.746650,1
1.588337,0.091812,1
2.090591,-0.631355,1
1.042723,-0.252475,1
1.116474,0.171172,1
0.814459,-0.070165,1
1.974539,0.372183,1
0.667747,-1.120484,1
0.764494,1.016636,1
0.968109,0.331284,1
0.884713,-0.605404,1
1.493857,-0.523305,1
0.908976,0.743985,1
1.822426,0.421628,1
1.273353,-0.640575,1
0.383494,-0.884711,1
0.827869,-0.988365,1
1.142780,-0.055474,1
2.045162,0.365703,1
1.327033,1.213312,1
0.840577,-0.293478,1
0.338553,0.000752,1
2.483346,0.593027,1
1.142353,1.802117,1
0.877377,0.456049,1
0.632439,-0.405537,1
1.613435,-0.669083,1
1.830989,0.236385,1
-0.112211,-0.308447,1
1.713358,-0.943702,1
3.591309,0.410264,1
1.061588,-0.561787,1
1.407969,1.101667,1
0.245874,1.763430,1
2.309114,-0.184196,1
1.572870,-0.102682,1
-0.117862,0.140079,1
2.757066,-0.025935,1
2.568583,1.138685,1
1.474385,-1.715268,1
0.775264,-0.477492,1
1.061832,0.029695,1
1.110134,0.532144,1
0.717162,-0.433576,1
1.776783,-0.327059,1
0.987316,-0.155232,1
1.455500,0.930128,1
2.317867,-0.853312,1
0.824756,-0.495724,1
2.157700,-0.820493,1
1.688610,0.524423,1
-0.085074,0.692046,1
1.051072,1.049005,1
1.201683,0.543311,1
0.283959,-0.013160,1
1.193309,-0.350420,1
-0.286192,0.015778,1
1.484725,-1.254054,1
-0.131382,0.849573,1
2.028991,0.326547,1
0.290754,0.258160,1
-0.742434,0.429751,1
1.670945,0.469364,1
0.925745,0.182791,1
1.454843,0.595785,1
0.610422,0.839456,1
1.874554,0.825757,1
1.130709,-0.843823,1
0.743152,-0.581156,1
1.161610,1.178982,1
-0.525232,0.634646,1
1.534705,-0.414208,1
-0.444581,-0.349298,1
1.725266,1.556471,1
0.761112,-0.533299,1
0.777100,-1.147015,1
1.832495,0.526088,1
0.801758,-0.261389,1
2.399661,1.006413,1
0.969729,-0.874816,1
-0.255071,1.099395,1
3.434925,-0.788812,1
0.447690,0.540545,1
-0.382548,0.563667,1
1.143601,0.570246,1
0.839253,0.469695,1
-0.944527,0.220303,1
0.951417,0.295510,1
0.829908,0.291303,1
2.480961,-0.707227,1
0.587301,1.190335,1
0.202807,-0.768872,1
1.907221,0.691718,1
0.339210,0.250467,1
1.439406,-0.142334,1
-0.253141,0.474702,1
0.137645,0.878780,1
1.826467,0.104641,1
0.784891,0.290552,1
2.454153,-0.340413,1
2.501865,0.110580,1
-0.122337,0.589129,1
2.080200,-0.646294,1
0.632757,0.539994,1
1.779214,0.488032,1
0.279308,0.916282,1
-0.147449,-1.279772,1
1.518918,0.006010,1
1.203731,0.035720,1
-0.375523,0.729506,1
1.573195,0.046389,1
2.116179,0.240372,1
0.974065,-0.111922,1
1.318911,0.420502,1
2.432477,0.896210,1
2.357267,0.536184,1
0.036638,0.358590,1
1.583105,-0.022701,1
1.074017,-0.480325,1
0.352024,2.034104,1
1.606850,0.705538,1
0.690961,-0.007146,1
1.301471,0.396752,1
0.898874,-0.702687,1
0.652025,-0.628160,1
0.150941,0.591004,1
0.106532,-0.222433,1
0.899425,0.541773,1
1.481984,0.911624,1
0.463877,0.041222,1
1.303283,0.234479,1
0.347227,0.373535,1
0.732137,-0.291846,1
1.005586,-1.648672,1
0.689708,1.314782,1
0.494377,-0.213434,1
1.417194,1.700951,1
1.848573,-1.230675,1
-0.730557,0.559193,1
0.333693,-0.892986,1
2.253193,1.404569,1
2.809655,-0.534573,1
-0.589257,0.715253,1
1.972885,0.083190,1
1.126502,-0.049540,1
2.106332,-0.378364,1
1.469645,0.401819,1
1.480761,1.004140,1
2.361292,0.012094,1
1.106006,-1.303525,1
0.912986,-0.354765,1
0.345266,-0.349664,1
0.339247,-1.949125,1
1.580350,-0.382671,1
1.314134,0.918066,1
0.977948,0.514498,1
1.258905,-1.270910,1
0.461243,-0.874908,1
0.941611,1.412884,1
0.690363,-0.121604,1
1.701372,1.030871,1
0.618792,-0.331658,1
0.263544,-0.938282,1
1.515604,-0.363536,1
0.583696,1.237526,1
0.155758,-0.447575,1
-0.134665,0.043921,1
1.286275,-2.034954,1
2.119221,-0.605323,1
-0.653048,0.185740,1
0.846222,1.155985,1
0.173904,-0.914003,1
1.963091,0.866541,1
1.307622,-0.334012,1
0.079746,-0.271213,1
1.498845,-1.038607,1
0.355842,-0.680802,1
0.285499,-0.039953,1
2.168237,0.835140,1
0.701025,-1.019650,1
1.056568,0.300806,1
2.384810,1.222648,1
0.914165,-1.023503,1
0.521404,0.984218,1
-0.087816,0.673852,1
0.936439,-0.215023,1
0.857434,-2.272895,1
0.681261,-0.894774,1
0.533947,-1.690744,1
2.612082,-0.307681,1
1.199418,1.148341,1
0.594573,-0.097187,1
1.421527,0.237229,1
1.492868,-0.693729,1
0.513919,0.795091,1
0.215129,-0.494817,1
1.057116,-0.041615,1
1.673756,0.181893,1
1.261802,-0.290783,1
1.879666,1.642412,1
1.433233,0.780250,1
0.003897,0.236401,1
-0.205495,-0.220129,1
1.504077,1.216525,1
0.863810,0.079337,1
1.054349,0.272113,1
1.281390,-0.327089,1
1.304443,-0.463900,1
1.401334,-0.218681,1
0.828769,-0.307479,1
0.920891,-0.933394,1
0.332967,1.188595,1
0.692170,-0.196239,1
0.955955,0.137452,1
1.823911,-0.125765,1
-0.064945,0.203484,1
0.393653,-0.227792,1
0.763788,0.712783,1
1.459753,-0.063493,1
2.347234,1.286566,1
0.268805,0.720037,1
2.415638,-1.506366,1
0.574443,-1.780984,1
0.640426,-0.113410,1
1.148063,-0.510443,1
0.465702,0.315780,1
1.210927,0.268203,1
1.615870,1.289545,1
0.294368,-0.751948,1
0.525373,-0.410425,1
0.920092,0.488319,1
1.549052,1.497204,1
1.024042,-0.339080,1
0.695349,-0.570749,1
0.647310,0.209401,1
-0.387518,-1.445940,1
-0.556550,1.016372,1
1.701232,-0.432816,1
2.088288,-0.572658,1
1.283718,-1.430972,1
1.020252,-0.367069,1
0.003715,0.862708,1
0.528419,-0.619087,1
1.298945,-0.109322,1
1.249828,0.958325,1
0.824881,0.857943,1
0.797015,-0.339064,1
0.705687,-0.854377,1
2.172170,-0.042158,1
2.169422,-0.045623,1
1.690767,0.379264,1
-0.192406,-0.054785,1
1.143804,0.104549,1
1.557963,-0.429827,1
1.307369,-0.448654,1
0.135605,-0.830373,1
0.512179,-0.729828,1
1.305432,0.081859,1
1.537206,0.714569,1
2.268179,-0.025550,1
1.603314,0.702205,1
2.493817,-0.364299,1
0.239430,0.556938,1
2.123358,0.437121,1
1.357815,-1.385794,1
1.541672,0.421871,1
1.211421,1.104388,1
0.702391,0.809322,1
0.917787,-0.715191,1
1.369438,0.192251,1
0.777304,0.255645,1
2.404545,-0.035252,1
2.127028,0.179687,1
-0.172513,0.568050,1
2.350543,-0.230262,1
2.149397,-0.878597,1
-0.099566,-0.761093,1
-0.791163,-1.860703,1
1.706205,0.216068,1
1.192728,0.572837,1
0.744418,0.132472,1
1.684573,-0.787415,1
0.040991,0.066523,1
2.205866,-0.404421,1
1.844349,-0.620566,1
0.143709,0.783796,1
1.135616,-0.826282,1
1.663476,-0.544513,1
1.729739,1.552818,1
-0.426740,-0.036558,1
0.741447,1.281893,1
0.565917,-0.971746,1
1.619755,1.057056,1
-0.256451,0.611739,1
0.028090,1.135121,1
0.777736,-1.050489,1
1.029072,-0.628262,1
0.961528,0.540243,1
1.566853,1.093797,1
1.953091,0.736477,1
1.776073,0.223162,1
0.608086,-0.198158,1
0.065055,0.212898,1
1.061752,-0.975124,1
0.640444,0.019357,1
1.378074,0.770241,1
1.492020,-0.229634,1
0.662582,-0.157403,1
-0.097940,0.661246,1
1.553517,0.362754,1
1.118916,-0.684415,1
-0.174627,-0.887343,1
-0.848294,-1.284612,1
0.926903,-1.215184,1
0.767039,0.818413,1
1.441281,0.845083,1
0.535847,-1.676164,1
-0.019328,0.341254,1
0.450987,-0.656617,1
0.792974,0.163387,1
1.616612,0.860637,1
-0.309111,0.957064,1
1.877044,0.034598,1
0.440002,-0.472507,1
0.447143,0.489623,1
1.627983,-0.283252,1
0.336514,-0.111908,1
1.151338,0.932549,1
0.952823,1.070068,1
0.928159,-0.042731,1
1.236281,-0.942960,1
0.534477,-0.071872,1
1.602396,0.225822,1
1.165641,-0.123853,1
0.992966,-0.662824,1
0.657225,-0.567078,1
0.634120,0.432197,1
-0.986821,0.336831,1
1.396850,1.006031,1
1.214593,0.704353,1
0.957739,-0.485089,1
2.418456,0.076682,1
1.311668,-1.023458,1
1.366631,-0.714379,1
1.550164,-2.316328,1
0.276145,1.030629,1
0.151795,1.778368,1
1.940276,-0.234522,1
2.394168,0.043670,1
1.362368,-0.330541,1
0.062545,-0.478626,1
0.965275,0.294562,1
1.740188,-0.198934,1
1.190847,-1.796228,1
0.580776,-0.277442,1
2.345501,-0.626216,1
1.725463,-0.470814,1
2.122739,0.390901,1
-0.948773,1.162202,1
1.074991,-1.014542,1
1.314891,-0.392187,1
0.514208,1.581636,1
-0.674562,0.325302,1
2.291340,0.249499,1
0.370792,0.604938,1
0.284941,-0.729219,1
1.347835,-0.840856,1
0.430314,0.949803,1
0.521480,-0.203502,1
1.386597,0.064784,1
1.883150,0.901861,1
0.885163,-0.159560,1
-0.030260,0.995131,1
2.019337,0.679556,1
0.175969,-0.405708,1
1.008456,-0.419499,1
0.496806,0.880954,1
0.855577,-1.040131,1
1.543273,0.386373,1
0.977939,0.735369,1
0.517227,-0.480558,1
1.203712,-0.418730,1
-0.137526,-0.740881,1
2.787149,-0.049105,1
1.241077,0.182152,1
0.482078,0.516323,1
1.592805,-1.761994,1
1.058929,-0.393638,1
0.961392,0.056861,1
-1.388753,-0.276058,1
1.235607,0.688028,1
1.948282,1.180656,1
1.630674,-0.743177,1
1.312788,-0.109901,1
1.349380,-0.818790,1
1.629864,1.260115,1
1.152566,0.658396,1
0.715783,0.079035,1
1.111241,-0.488509,1
2.274631,0.398488,1
0.366507,0.858866,1
0.837177,-0.660525,1
2.052697,0.286295,1
1.936402,-0.959601,1
0.784545,0.399143,1
0.146428,-1.123828,1
1.270314,-0.175324,1
-0.175798,-0.585525,1
0.457114,0.077079,1
0.370882,-0.525672,1
-0.475909,0.348878,1
-0.275681,0.484762,1
1.926337,-0.843190,1
-0.594263,0.265334,1
0.816319,-0.692632,1
1.018171,0.183864,1
0.289124,0.574167,1
2.101803,-0.677019,1
0.977272,0.208323,1
1.523986,0.215914,1
0.533244,-0.954635,1
0.918807,1.188377,1
0.821638,-0.377124,1
0.761516,0.767971,1
1.289092,-0.317443,1
1.024774,-0.665873,1
1.791070,1.479167,1
1.166690,-1.370023,1
0.163514,1.109781,1
0.198485,-0.907567,1
0.516092,0.298575,1
0.218077,-0.142284,1
1.974680,0.349460,1
0.795206,0.254805,1
1.403786,0.842357,1
1.705397,-0.424196,1
-0.536471,1.056169,1
2.715186,-0.830071,1
0.633305,0.275532,1
0.267573,-0.501307,1
0.744236,0.218107,1
0.002055,2.066974,1
1.582678,0.382856,1
0.527962,0.004700,1
2.043933,-0.446111,1
1.821412,-0.780567,1
2.168153,-0.153584,1
0.147471,-0.333520,1
1.043751,-1.077386,1
0.913489,0.506105,1
1.002637,0.054968,1
1.319844,-0.589420,1
1.095180,-0.157118,1
0.851681,-0.463313,1
0.700434,-0.318035,1
0.397303,0.720366,1
1.019881,0.537627,1
0.979727,-2.198334,1
1.020612,-0.157765,1
0.646526,-0.966368,1
1.412277,-0.534158,1
1.402993,-0.268131,1
0.161774,-0.267400,1
0.535821,-0.255064,1
0.563707,1.802674,1
0.286605,0.977230,1
0.966125,-0.949787,1
1.375120,-0.012110,1
0.197065,-0.798500,1
0.816257,-0.723669,1
0.903496,0.493358,1
2.005671,0.142636,1
1.246265,-0.741762,1
1.469469,-0.992483,1
1.984615,-0.360114,1
1.776786,0.374932,1
1.282164,-0.322029,1
1.536703,0.409493,1
1.316931,0.410812,1
1.371680,-1.389046,1
0.815841,0.505784,1
0.396133,0.377725,1
-0.338535,0.287627,1
1.911229,-0.722214,1
0.655217,0.328522,1
-0.004100,0.487508,1
1.418663,-1.221654,1
-0.365632,0.777041,1
0.209060,0.930268,1
2.280716,-0.213357,1
2.423829,-0.184307,1
0.961731,0.274660,1
1.642342,-0.483991,1
0.733813,0.092829,1
0.736526,-0.582427,1
0.767263,-0.017030,1
0.811009,0.865856,1
2.715199,-0.589849,1
1.757599,0.011007,1
0.288626,-0.733308,1
1.361872,0.283452,1
-0.503007,0.611112,1
1.906043,0.668985,1
1.481469,-1.905596,1
2.525455,0.096865,1
1.647731,-0.701052,1
1.489332,-0.559115,1
0.988831,-1.162227,1
0.503847,0.457392,1
2.133529,0.218395,1
0.948959,-1.090377,1
1.641247,0.188808,1
0.241945,0.886283,1
1.703468,-0.739892,1
0.653070,0.743773,1
1.625114,0.079599,1
0.965252,-1.322447,1
0.519154,-0.180049,1
-0.261577,0.493556,1
1.214354,1.296265,1
0.670295,-0.358343,1
1.554899,-1.158474,1
1.467258,0.039498,1
-0.025249,-0.386192,1
1.651290,0.314467,1
-0.257615,0.079041,1
0.010878,0.194828,1
0.287145,-0.443373,1
1.548360,-0.771421,1
0.033116,-0.223381,1
2.079394,0.176655,1
2.184449,0.591205,1
2.514710,-0.014976,1
0.220004,1.444574,1
1.128763,-0.642016,1
0.851346,-0.419935,1
0.088200,-0.038244,1
1.080826,0.829025,1
1.144483,0.573995,1
0.475313,0.409362,1
1.297585,0.177064,1
2.641266,-1.519134,1
-0.299500,-0.599578,1
0.896228,-0.740337,1
2.567703,0.484279,1
0.327154,0.864888,1
2.044453,0.712253,1
1.402220,0.604204,1
0.942135,1.370104,1
1.981468,0.006612,1
0.707382,0.175516,1
0.947470,2.039126,1
0.972352,1.107423,1
1.789745,0.737201,1
1.450986,-0.181174,1
1.705528,-0.437422,1
1.191420,-0.210823,1
0.470686,-0.139789,1
1.078947,-0.086172,1
-0.234222,0.319087,1
1.649713,1.875945,1
0.463771,-0.373380,1
1.492524,0.674445,1
1.703437,-0.367409,1
0.432778,0.708373,1
0.272369,-0.905669,1
0.630033,-0.405580,1
0.637651,1.287616,1
0.781138,-0.488580,1
1.221314,-1.604224,1
-0.066756,-0.076069,1
-0.160397,0.229066,1
-0.340548,0.973505,1
1.708870,0.742403,1
2.303592,0.576455,1
2.193736,-1.158414,1
-0.084505,2.263066,1
2.821948,-0.552258,1
0.942173,0.908478,1
0.683871,-0.550949,1
1.286163,-0.250531,1
1.340056,-0.682461,1
2.085906,0.177964,1
1.341896,0.103745,1
1.509215,1.008829,1
-0.043729,-1.152610,1
1.569515,1.257854,1
2.446946,0.368099,1
-1.107869,1.062420,1
-0.371379,-0.102171,1
2.100210,-0.231523,1
1.504775,0.309881,1
0.840241,0.786891,1
-0.001280,-1.149557,1
1.781127,0.300497,1
1.188906,-0.459640,1
1.639125,0.706818,1
1.920455,-0.074127,1
1.796115,-0.712911,1
-0.174342,1.695253,1
1.079041,-1.200349,1
2.912462,0.503023,1
0.783756,-0.454463,1
0.766488,0.766119,1
1.223598,0.941500,1
1.231866,0.548941,1
1.351298,-2.068908,1
1.121721,-0.110595,1
0.435978,0.549010,1
1.537545,-0.331896,1
1.804500,-0.201136,1
0.981797,-0.177825,1
1.625210,-0.681896,1
0.885340,-0.016795,1
1.048813,-0.843564,1
1.224888,-0.570185,1
0.379454,-0.364846,1
1.814334,0.613062,1
0.490096,-0.102094,1
1.395431,-0.104909,1
1.033259,0.144977,1
2.324671,0.929350,1
0.280883,-0.112179,1
1.726340,-0.032829,1
2.618384,0.560238,1
1.372827,-0.906860,1
1.806317,-0.235682,1
0.680289,0.631030,1
2.062044,-0.083859,1
2.199946,-0.968807,1
0.056397,0.998553,1
0.711910,-2.040392,1
1.176795,-0.576872,1
0.591452,-0.589564,1
-0.199000,-0.607454,1
1.174403,-0.653112,1
0.283959,0.772925,1
0.349723,-1.425761,1
1.881664,0.610892,1
1.467382,1.646810,1
2.106077,0.406953,1
0.295471,1.526851,1
1.698479,0.175639,1
1.070982,0.903260,1
1.045655,-0.478578,1
0.002180,-1.433610,1
1.189615,0.532749,1
0.748893,-0.342801,1
0.722991,0.728088,1
0.748895,-0.395637,1
0.660279,-0.508442,1
0.007335,1.070219,1
0.125728,-0.109848,1
1.402761,-0.851151,1
0.080511,0.022734,1
1.033802,0.182678,1
2.019416,0.463376,1
1.844018,-0.712669,1
2.445413,-0.145259,1
1.608427,-1.018005,1
-0.143379,-0.435307,1
2.697475,-1.454751,1
0.791200,0.116755,1
2.839891,0.218545,1
0.867573,-1.066052,1
0.549581,0.768875,1
0.191254,-0.542561,1
1.001116,0.515454,1
1.282502,0.805931,1
1.040342,1.298520,1
0.340809,-1.450904,1
0.786717,0.520461,1
0.550705,0.112334,1
0.049499,0.861762,1
0.899014,-0.510725,1
-0.353950,0.050467,1
0.996644,-0.265799,1
1.225835,-1.009287,1
1.468034,-0.241791,1
0.314159,-0.869227,1
1.715773,-0.708864,1
1.589656,-1.248583,1
0.149004,0.301123,1
1.471610,-0.124026,1
1.806319,-0.484014,1
0.464917,-0.592400,1
1.352320,-1.523671,1
1.610944,-0.142767,1
1.019259,0.026719,1
0.926107,2.036071,1
1.969851,1.163237,1
2.145667,0.025688,1
0.138090,0.101153,1
-0.153550,0.499722,1
0.141053,0.754738,1
0.840353,-0.938038,1
1.923139,-1.574936,1
1.078183,0.261882,1
0.473940,-0.172907,1
-0.678563,-1.294546,1
1.206770,0.642947,1
0.731522,0.836207,1
0.010156,-0.216134,1
1.254569,0.821922,1
0.871645,0.820812,1
0.694887,-0.449934,1
1.790973,0.290339,1
0.799111,-0.574315,1
1.940001,0.069492,1
0.885202,0.463752,1
2.488073,-0.355528,1
0.917072,0.855718,1
1.460235,0.666254,1
1.289281,1.237545,1
0.087443,-0.081510,1
1.144193,0.086599,1
0.757106,0.240896,1
1.489532,-0.220593,1
1.570407,-0.767381,1
1.241431,0.239713,1
0.965242,-0.493268,1
0.989229,1.654943,1
0.162465,0.597760,1
0.936587,1.516635,1
0.196539,0.200718,1
-0.312800,-0.419442,0
-0.948107,-0.901361,0
-1.218264,-0.397692,0
-0.299303,-1.403556,0
-1.757355,1.534595,0
-1.285987,-0.951859,0
-1.320478,-0.126824,0
-0.425903,1.352361,0
-0.540866,-0.659482,0
0.101813,0.548099,0
-1.485194,0.635337,0
-1.557087,-1.236856,0
-0.591583,0.148320,0
-0.258442,-0.080009,0
-1.738082,-0.224300,0
-0.429009,-0.196691,0
-0.406741,-0.743627,0
-0.558197,0.163037,0
-1.000626,0.249515,0
-0.784710,-0.308232,0
0.118974,0.276712,0
-1.051351,0.302236,0
-2.320875,-1.372056,0
-0.052545,0.097687,0
-1.174997,0.443773,0
-1.707890,-0.715214,0
-1.676444,0.050376,0
-0.881704,0.497236,0
-0.613380,1.834930,0
-0.484075,-0.568518,0
-1.908053,1.010889,0
0.092883,-0.924307,0
-1.972400,-0.814967,0
-0.577916,-0.158697,0
-0.878966,0.802052,0
-0.816324,0.140623,0
0.459403,-0.268536,0
-1.209466,-0.632173,0
-0.894325,-1.111346,0
-0.308932,-0.728571,0
-0.299677,0.546674,0
0.580048,0.074028,0
-1.535997,1.449592,0
-0.217734,-1.452610,0
-1.273360,-0.941857,0
-0.755662,-0.924449,0
-2.456253,0.976496,0
-0.375353,-1.792632,0
0.047506,0.432056,0
0.078065,0.704431,0
-1.580072,-0.489069,0
0.853445,-0.194882,0
-0.572735,0.563558,0
-0.685512,-0.642051,0
-0.534136,-0.473881,0
-1.745985,0.912637,0
-0.522145,-0.827917,0
-0.958821,0.128068,0
-0.016599,0.029979,0
-1.884389,0.882358,0
-1.169226,0.386572,0
-1.899797,0.416243,0
0.589861,-0.900707,0
-0.595409,0.001276,0
0.100708,1.632200,0
-1.472527,0.566135,0
-0.136201,1.497490,0
-1.247776,0.688659,0
-2.079934,-0.396522,0
-1.830316,-0.467563,0
-1.508134,0.891727,0
-2.088069,-1.608396,0
-0.600561,0.833339,0
-0.850937,-0.961622,0
-1.005946,-0.252814,0
0.040994,-0.094493,0
-0.881973,0.600624,0
-1.191761,0.301664,0
-0.891388,0.587225,0
-1.450038,0.686967,0
0.064742,0.070734,0
-1.600472,-1.207566,0
-0.725191,0.158048,0
-0.602189,0.687831,0
-1.357936,0.020769,0
-1.192061,1.422426,0
-0.170943,-0.104608,0
0.488705,0.154488,0
-1.578284,-0.698810,0
-2.150340,0.323193,0
-1.934086,0.095437,0
-0.975742,-0.786266,0
-0.647052,0.431662,0
-0.874943,-0.923782,0
-1.061421,-0.844631,0
-2.793027,-0.110851,0
0.031957,0.664750,0
-0.736849,0.050610,0
-2.640912,1.388101,0
-0.771751,0.029580,0
0.514381,1.221768,0
-0.922773,-0.568642,0
-1.056359,0.189028,0
-1.518850,1.444078,0
-1.055797,-0.317882,0
-0.526533,0.173772,0
0.227020,0.409066,0
-1.245315,-0.367784,0
-0.686927,-0.727076,0
-1.349896,-1.960349,0
-0.557452,-0.540322,0
-1.183411,0.977506,0
-0.284890,-0.317686,0
-1.839966,1.410062,0
-0.598799,-0.607328,0
-0.333973,-0.789933,0
-0.813244,-0.360435,0
-0.227733,1.110861,0
-0.840926,0.192384,0
-1.120251,-0.749351,0
-1.419878,1.032396,0
-1.065599,-0.952851,0
0.114648,-1.270255,0
-1.820009,-0.440508,0
-0.898090,-0.417979,0
-1.011855,-0.254707,0
-1.254894,-0.234931,0
-0.373448,-0.026410,0
-1.002470,-0.132740,0
0.516896,-0.147485,0
-1.673136,-0.126367,0
0.116652,-0.304242,0
-0.096739,1.474479,0
-0.726778,-0.619830,0
-2.337107,0.109362,0
-0.503327,-0.992352,0
-1.092915,0.095714,0
-0.650937,-1.524690,0
-1.848789,-1.036007,0
-0.155522,0.043740,0
-0.733506,2.417630,0
-0.303325,-0.382969,0
-1.072632,0.559390,0
-0.443440,-0.139552,0
-0.846097,0.331080,0
-1.804780,0.273183,0
-1.593058,-0.676259,0
-2.432479,0.604567,0
-1.678477,0.354712,0
-1.610458,0.510390,0
-2.085269,0.701712,0
-1.799012,-0.208672,0
-0.313213,-1.157352,0
-0.427596,0.093051,0
-1.469003,0.438593,0
-1.343349,-0.665354,0
-0.295256,-0.670937,0
-0.362476,1.216328,0
-1.240253,0.577215,0
-0.564781,-0.475936,0
-0.247559,-0.626097,0
-0.287812,0.773271,0
0.298120,-0.422697,0
-2.103348,-1.465889,0
-0.283828,-0.538230,0
0.236870,0.572410,0
-0.368887,-0.373999,0
-2.360703,-1.127484,0
-0.243555,0.362303,0
-0.935714,0.851368,0
-1.511574,-0.192288,0
-0.875797,1.422668,0
-0.722624,-1.148092,0
-0.781206,-0.510494,0
-0.275580,0.194955,0
-1.082432,-0.429557,0
-1.775211,-0.186888,0
1.368957,-0.761386,0
-0.139053,1.208891,0
0.217008,-1.926271,0
-0.174408,-0.843485,0
-0.763224,0.796167,0
-2.479160,-1.054940,0
-2.713094,0.668418,0
-2.468583,-1.105751,0
-1.542001,0.254388,0
-0.072107,0.222408,0
0.168991,0.597923,0
-1.736555,-0.149464,0
-0.929072,-0.679606,0
-0.509946,0.838326,0
-0.709406,-1.655262,0
-0.990884,-0.657851,0
-1.321666,-0.621580,0
-1.572815,-0.073197,0
-0.009671,-0.222061,0
0.064528,0.006834,0
-1.001798,0.574581,0
-1.251252,0.972140,0
-1.874303,0.288775,0
-2.006251,-1.082813,0
0.105911,0.460640,0
-0.627698,-0.576587,0
-1.623695,1.261757,0
-1.065400,-1.056921,0
-1.670073,0.098055,0
-0.767804,0.374590,0
-0.682214,0.618908,0
-2.105333,-0.998767,0
-2.193147,-0.480597,0
0.077560,0.897669,0
-1.190485,0.669282,0
-0.824172,0.326636,0
-1.082601,-0.432625,0
-0.249670,-0.026450,0
-1.031871,0.530476,0
-2.442756,0.791255,0
-1.516828,1.065924,0
-2.198352,0.409566,0
-1.766619,-0.281996,0
-1.836647,-0.642342,0
0.101770,0.867738,0
-1.576507,-0.306793,0
-1.102526,-0.154794,0
-0.994785,0.707446,0
-0.803408,-0.732033,0
-0.830231,0.605058,0
-1.044943,0.316402,0
-1.336272,0.346667,0
-1.137067,1.575027,0
-1.845482,-1.180094,0
-0.603083,0.481067,0
-1.443391,0.398391,0
-1.115751,-0.895927,0
-1.045115,0.913549,0
-1.109521,-0.198103,0
-1.761002,-0.297089,0
-1.079022,0.542382,0
-0.964207,0.788900,0
0.011100,-0.932810,0
-1.692639,0.481325,0
-0.310615,0.748436,0
-1.488586,1.232260,0
-1.305544,-0.213366,0
-0.755949,-0.020267,0
-2.505817,-1.065254,0
-0.504199,0.468995,0
-1.065900,-0.477146,0
-0.594739,-0.037184,0
-1.371838,-0.051695,0
-0.064248,-0.444659,0
0.660446,-0.397158,0
0.534487,-0.844063,0
-1.533552,-0.243326,0
-0.504116,-0.574453,0
0.289759,-0.078069,0
-0.812400,0.407374,0
-0.671008,0.775176,0
0.609724,0.698387,0
-1.113759,-1.469020,0
-2.156339,-0.854138,0
-1.504350,-0.430709,0
-1.854319,-1.487345,0
-0.345964,-0.571973,0
-0.139036,-0.906054,0
-0.663816,0.697031,0
-2.105662,0.417839,0
-0.972503,-0.002835,0
-1.013113,-0.515907,0
0.901484,-0.583093,0
-0.726635,-0.734759,0
-0.041873,0.243726,0
-1.902046,1.668434,0
-1.142095,-0.052702,0
-1.010015,0.032737,0
0.718854,0.243719,0
-2.507999,0.979736,0
-0.172041,-0.297836,0
-0.647815,0.650596,0
-1.313377,0.780346,0
-0.417832,0.770666,0
-1.909024,0.711129,0
-0.722071,0.196729,0
-0.480648,-2.015895,0
-2.838732,0.775061,0
-0.594828,-0.185740,0
-2.235784,0.381927,0
-1.582020,-0.589531,0
-1.309276,-0.618394,0
0.254371,-0.021423,0
-0.020985,1.145621,0
-0.519622,0.083731,0
-0.816941,-0.954041,0
-1.337041,-0.628347,0
-0.187318,-0.107794,0
-1.760528,1.019960,0
-1.315120,-0.441848,0
0.177434,-1.075650,0
-2.079730,1.714729,0
-0.270897,0.725738,0
-0.478441,-0.693574,0
-0.634690,-1.347096,0
-1.034884,-0.695556,0
-2.001242,-0.989590,0
-0.275940,0.024629,0
-0.498164,0.190255,0
-0.582941,0.265580,0
-1.168555,-0.794157,0
-1.269886,-0.059406,0
-1.699384,1.095217,0
-1.695318,-1.593047,0
-1.656095,0.560467,0
-1.900395,-0.895797,0
-0.950213,-0.773298,0
-1.055445,0.390211,0
-2.439530,-0.994910,0
-0.317690,0.414346,0
0.138488,1.086225,0
-1.401018,0.245754,0
-1.427024,-0.204618,0
-0.975791,1.893395,0
1.334412,-0.414870,0
-1.250487,1.665380,0
-0.757793,0.350043,0
-2.138989,-0.085239,0
-1.490731,0.429478,0
-0.743214,0.500382,0
-0.529239,0.183000,0
-0.737511,-0.348220,0
-2.936574,0.718815,0
-1.408045,-0.974916,0
-0.818378,-0.491357,0
-1.481219,1.084991,0
-1.175480,0.854136,0
-2.547062,0.939662,0
-0.373611,-1.597408,0
-0.877627,-0.355389,0
-1.042864,-1.104280,0
-0.652463,-0.746987,0
-0.983290,0.475036,0
-1.228119,-0.244759,0
-1.608895,0.743643,0
-0.018183,-0.297946,0
-0.511901,1.325335,0
-0.704658,-1.043971,0
-1.741979,-0.554970,0
-0.494346,-0.236703,0
-0.703978,-0.881418,0
-1.577054,0.483415,0
-1.504617,1.005384,0
-1.044050,0.869220,0
-1.616383,-0.341080,0
-1.446573,0.507214,0
-2.765922,-1.528711,0
-1.283244,0.863040,0
-1.165232,-0.214787,0
-1.794062,-0.421610,0
0.089297,0.461205,0
-1.790178,-0.095004,0
-1.471375,-1.182117,0
-0.807952,0.471045,0
-0.367014,-0.400320,0
0.560007,-0.352154,0
-0.705712,0.157760,0
-0.224687,-0.461958,0
-1.835750,-0.396245,0
-2.277398,0.296982,0
-0.797255,-0.989407,0
-1.906996,-0.383344,0
-1.045166,-0.971390,0
0.397392,1.205392,0
0.155689,0.060895,0
-1.437787,-0.730443,0
-0.030842,0.951553,0
-3.286752,0.152130,0
-1.097407,0.574389,0
-1.447431,0.457502,0
0.264558,0.519744,0
-0.763304,-0.369394,0
-3.067511,-0.317895,0
-1.434492,0.694113,0
-1.636924,-0.658102,0
-1.023283,0.218979,0
-1.463086,0.510450,0
-0.543015,0.122154,0
-0.812790,0.724664,0
0.380344,0.494825,0
-1.084743,1.460478,0
-2.383637,0.595747,0
-0.910005,0.520473,0
-0.290972,-1.568056,0
-3.623487,-0.683608,0
-0.908639,-0.974479,0
-1.891330,0.099634,0
0.116014,0.199325,0
-0.320568,0.591495,0
-0.854574,0.179482,0
-2.665030,-0.587851,0
-1.026303,0.624463,0
0.225675,0.887077,0
-2.525990,-0.674804,0
-0.282936,0.824214,0
-2.199674,0.236160,0
-0.972422,-0.298660,0
-0.447243,0.230655,0
-1.149876,1.422740,0
-0.972523,0.242269,0
-0.972252,-1.076704,0
0.339218,0.694746,0
0.891318,0.653060,0
-2.559381,0.269184,0
-2.385526,0.067458,0
-1.947190,0.170593,0
-0.572745,-0.050053,0
-1.353488,0.882656,0
-1.519781,-0.000526,0
-1.658878,-0.891883,0
-0.484455,0.590299,0
-0.897200,-0.234486,0
-0.882594,0.244582,0
0.419341,0.372684,0
-0.766009,-0.587472,0
-1.387384,-0.060627,0
-1.475216,-1.205022,0
-1.394538,0.413004,0
-1.611983,-1.814116,0
-0.494441,1.725716,0
-0.599252,0.669152,0
-2.402997,0.102463,0
0.304941,-0.730670,0
-0.591212,-0.538336,0
-1.835583,-0.369288,0
0.202780,-0.029206,0
-1.561625,-0.664371,0
-1.743293,0.185902,0
0.308908,0.332955,0
-2.156734,0.140097,0
-0.511327,-0.628450,0
-0.656765,0.488555,0
-0.424723,1.552579,0
-0.816378,0.299607,0
-1.681839,-0.370221,0
-1.103021,-0.399897,0
-1.031049,-0.348655,0
-1.366009,-0.050608,0
-0.301718,-0.272290,0
0.033406,0.026032,0
-1.431153,0.063622,0
-1.004669,0.585995,0
-2.008295,1.617377,0
-1.949648,0.182019,0
-1.274502,-1.587319,0
-1.710979,0.085525,0
-0.420101,-0.458117,0
0.458652,-0.793581,0
-0.378694,-0.213055,0
-0.932475,0.790165,0
-1.044594,-0.113633,0
-2.035566,1.067275,0
-1.679607,0.311877,0
0.142817,0.018524,0
-0.219190,-0.091818,0
-1.331946,0.913448,0
-1.357247,2.333214,0
-1.252120,0.841429,0
-0.151309,-0.816707,0
-1.897610,0.041871,0
-0.269810,-0.601185,0
-0.332437,0.151541,0
-1.143914,0.170200,0
-0.672326,0.810047,0
-0.749931,0.398125,0
-1.352360,0.500542,0
-2.300627,0.984100,0
0.309372,-0.427425,0
0.748578,-0.125255,0
-0.485406,0.221270,0
-0.787633,-0.786490,0
-1.267210,0.172008,0
-1.113717,-1.290687,0
-1.811056,-1.080179,0
-1.649491,-0.592660,0
-1.508468,1.212623,0
-1.844625,1.954240,0
-2.360678,0.794993,0
-0.969399,2.069097,0
0.397809,0.451221,0
-0.551413,-0.111038,0
0.130985,-1.245461,0
-1.007737,0.246668,0
-1.331440,-2.127785,0
-1.200330,-0.247485,0
-0.578704,0.132977,0
-1.181104,0.566758,0
-1.825904,-0.729880,0
-1.334755,-0.351211,0
-1.083915,-0.382328,0
-1.942536,-1.880098,0
-0.703238,-0.139855,0
-0.487381,-0.086637,0
-1.439338,0.454060,0
-0.328200,0.075774,0
-1.225394,-0.842865,0
-2.444327,0.459020,0
-0.421215,1.109501,0
-1.486934,0.722029,0
-0.683254,0.278118,0
-2.396351,0.409329,0
0.065745,1.145801,0
-0.675383,0.290795,0
-1.219771,-0.684971,0
-1.992799,1.060155,0
-1.246011,-0.994958,0
-0.290178,-0.804203,0
-0.445217,0.440484,0
-0.932325,-1.383037,0
-1.384855,-0.377755,0
-1.146973,0.050536,0
-1.069501,-0.983499,0
-1.552654,-0.604016,0
-0.876696,0.918123,0
0.550290,-0.761581,0
-0.365825,-0.516414,0
-1.410981,0.619261,0
-0.488709,-0.761579,0
-2.149034,-0.079578,0
-1.682775,0.065052,0
-0.705474,0.115030,0
-1.797958,0.807766,0
-0.710511,0.334478,0
0.307902,-0.000891,0
-0.968395,0.059484,0
-1.831873,-0.105313,0
-1.322964,-1.100949,0
-0.696052,0.215723,0
-1.507716,-0.014590,0
-1.022111,-1.413483,0
-1.556685,-0.521526,0
-2.531834,-0.075233,0
-0.185251,0.787637,0
-0.935928,0.187652,0
-0.643489,-0.908806,0
-1.819848,0.580789,0
-0.877629,0.634597,0
-0.514536,0.631019,0
-0.516687,1.501192,0
0.383391,0.128945,0
-1.354484,0.503463,0
-1.038415,-0.082858,0
0.269569,0.295114,0
-0.492623,0.235661,0
-1.157437,-0.439975,0
-1.191618,-0.332543,0
-1.403343,-1.375407,0
-0.822795,1.166979,0
-1.546918,-0.815709,0
0.480122,-0.993059,0
-0.306659,-0.287519,0
-0.266157,-0.126713,0
-1.003260,0.889847,0
-1.989626,-0.092030,0
-0.373044,1.230696,0
-0.332701,0.240578,0
-1.664962,1.227160,0
-0.062360,-0.099667,0
-0.325700,-0.601963,0
0.503218,0.454287,0
-2.023913,0.283389,0
-0.408121,0.152301,0
-0.302902,0.627307,0
-2.679330,0.406996,0
-0.992527,-0.287922,0
-0.068314,-0.125864,0
-0.191598,1.942788,0
-0.954307,-1.409385,0
-1.926800,-1.117355,0
-0.478316,0.350844,0
0.929148,-0.062626,0
-0.651992,0.111702,0
-1.058590,-0.722252,0
-1.232249,0.122201,0
-1.486505,-0.065434,0
-1.217757,0.361404,0
-0.949242,0.468528,0
-1.352290,0.527823,0
-2.204389,-0.283556,0
-0.185303,0.201457,0
0.156883,0.811181,0
-1.245223,0.159369,0
-0.059012,0.396191,0
-0.468853,0.224494,0
-0.749526,-0.767313,0
-0.469463,2.021367,0
-1.014529,0.514526,0
-1.506026,-1.481358,0
-1.481284,-0.429310,0
-1.515917,0.055336,0
-0.777946,0.441877,0
-0.270824,1.277338,0
-1.892972,-0.061668,0
-0.691595,-0.463730,0
-0.627478,-1.183876,0
-2.372228,-0.623464,0
-1.890864,0.431970,0
-1.694546,0.082909,0
-0.181908,0.119697,0
-0.393598,-0.482154,0
0.195404,0.829628,0
-1.035685,-0.083260,0
-0.358885,0.602814,0
-1.051848,-0.149237,0
-1.015857,0.694537,0
-1.240112,-0.620485,0
-0.843501,-0.256421,0
-1.478608,0.897707,0
-1.364578,1.153510,0
0.029676,-0.776827,0
-1.558962,0.216333,0
-0.858152,-0.276743,0
-0.872661,-1.689673,0
-2.193607,0.352204,0
0.248730,-0.494369,0
-1.009771,-0.155231,0
-2.472732,-0.979438,0
-1.546916,0.094453,0
-1.912652,-0.230013,0
0.371243,0.329647,0
-1.168627,0.873308,0
-1.914573,0.670896,0
-2.912154,-1.046459,0
-0.782395,0.228550,0
-0.181813,-0.719895,0
-1.686379,-0.379933,0
-1.505521,0.003932,0
-2.447917,-1.343029,0
-1.260555,0.419472,0
-0.030036,0.175111,0
-0.219933,-0.898407,0
-0.625097,0.939506,0
-1.178417,0.153449,0
-0.528973,-0.501011,0
-2.174345,-1.528573,0
0.514945,0.197475,0
-1.137557,0.237017,0
-1.164145,-0.582151,0
-0.251000,-0.232776,0
-0.045598,1.107135,0
-1.595829,0.137847,0
-1.543654,0.392397,0
-1.424285,-0.797799,0
0.224548,0.034143,0
-1.098953,-0.183453,0
-0.074623,-1.148346,0
-0.465517,1.241149,0
-1.600936,-0.549094,0
-0.407477,0.639542,0
-1.741166,0.422110,0
-1.520785,0.744440,0
0.620703,0.623473,0
-1.122624,-0.572355,0
-1.124773,1.643938,0
-0.525875,-0.210141,0
-0.169356,-0.905861,0
-1.482498,0.200303,0
-0.697575,0.800108,0
-2.511165,-0.723566,0
-0.056393,0.229095,0
-1.613252,-0.386016,0
-0.890972,0.610812,0
-1.067029,0.358075,0
-1.362519,0.946168,0
-1.833498,0.207020,0
0.005907,0.220074,0
-1.429251,0.309186,0
-1.490771,0.558559,0
-1.988951,-0.041060,0
-1.999137,0.720491,0
-0.196579,0.755372,0
-1.123187,-0.193033,0
0.391631,-1.622582,0
-1.307598,-0.495389,0
-1.843197,0.970176,0
-2.993862,0.442010,0
-0.462213,0.709055,0
-1.742118,-0.203744,0
0.037494,0.387395,0
-2.137910,0.194110,0
-1.206120,-0.739246,0
-0.515614,-1.238096,0
-1.188524,-0.239053,0
-1.924695,-0.192674,0
-0.502469,-0.428772,0
-0.038965,0.457046,0
0.253349,-0.107463,0
-1.591997,0.179916,0
-1.218359,0.706579,0
-1.859926,1.026942,0
-1.575197,1.195469,0
0.348131,-0.212911,0
-0.135311,0.036943,0
-0.571040,-0.422921,0
-0.931778,-1.984177,0
-0.025440,-0.329962,0
-2.107865,-0.636719,0
-0.303445,-0.058323,0
-0.510087,-0.037776,0
-0.612801,-0.182568,0
-0.772978,1.464181,0
-0.151752,0.452486,0
-1.114000,0.401604,0
-0.887853,0.476199,0
-0.514338,1.037828,0
-2.430056,1.952356,0
-1.079508,0.178651,0
-0.151842,-0.276856,0
-0.894323,0.041688,0
-1.318506,1.689191,0
-0.163829,0.549126,0
-0.829720,-0.125232,0
0.005393,-0.158445,0
-1.715088,1.049951,0
-0.829657,0.593158,0
-0.772673,-1.475079,0
-1.215984,0.000149,0
0.350958,-0.129911,0
-1.298928,2.077490,0
-0.623390,0.470957,0
-1.440145,0.051119,0
-0.510274,0.676395,0
-0.815274,0.229152,0
-1.548975,0.595946,0
-0.627193,-0.047748,0
-1.614878,0.150293,0
-1.623668,0.415511,0
-0.994946,-0.255859,0
-1.017487,-0.661624,0
-0.454203,-1.734900,0
-2.142901,-0.039343,0
0.063825,0.780764,0
-2.177703,0.101923,0
-0.329398,0.437250,0
-1.332248,-0.450495,0
-0.914506,-0.647917,0
-1.724030,-0.663305,0
0.059861,-0.663948,0
0.373785,-0.174280,0
-1.506711,0.441718,0
-0.515644,-0.748868,0
-0.267667,0.844851,0
-1.191459,-0.016130,0
-0.217370,0.320184,0
-1.662418,0.160397,0
-1.800232,-0.715230,0
-1.940758,-0.634110,0
-1.719466,-0.283294,0
-2.094743,-0.480795,0
-0.846104,0.091175,0
-0.929690,1.380960,0
-0.922648,-0.750949,0
0.007026,-0.757698,0
-0.969393,1.084739,0
-1.793281,-0.140919,0
-0.941140,-0.480269,0
-2.241004,0.042479,0
-1.106878,-0.244456,0
-1.060961,-0.165754,0
-1.329274,-0.130380,0
0.032709,0.463503,0
-0.784956,-0.089996,0
-0.024907,0.210465,0
-1.790754,0.415629,0
0.227800,-0.953384,0
-1.487210,0.809150,0
-1.300578,-0.153770,0
-1.722640,0.294126,0
0.025165,-1.099789,0
-0.627252,-0.320641,0
-0.890645,-1.028131,0
-1.634395,0.408711,0
-2.066426,-0.376088,0
-1.210328,0.049619,0
-1.510328,0.736932,0
-1.109375,-0.179360,0
-1.151499,0.471945,0
-0.202954,-0.160319,0
-2.037524,-0.904724,0
-0.117288,-0.496278,0
-1.416137,0.523849,0
-1.533478,0.992867,0
-1.369718,0.697467,0
0.038438,0.545035,0
-0.823170,-0.184165,0
-1.280709,-0.116199,0
-1.164174,-0.656914,0
0.016025,-0.422763,0
-0.310072,0.833949,0
0.428187,-0.391478,0
-1.237119,0.700977,0
-1.718444,-0.700468,0
-0.378717,0.340061,0
-0.515102,0.667223,0
-0.779693,-0.325299,0
0.250528,-1.441074,0
-0.234856,-1.020555,0
-1.333837,-0.600955,0
-0.888617,0.861497,0
-1.567055,0.566336,0
-0.525530,0.047724,0
-0.304859,0.343497,0
-1.008230,-0.090036,0
-0.458177,0.585062,0
-0.597807,-0.102361,0
-1.990462,2.011464,0
-2.397660,-0.565631,0
-0.452665,0.453109,0
-0.753691,-0.883596,0
-0.891212,0.923796,0
-2.683497,-0.137719,0
-1.564664,-0.453326,0
-0.815637,0.721511,0
-1.880573,-1.813590,0
-0.351852,-1.415498,0
-0.550986,-1.107036,0
-1.562558,-0.691749,0
-1.519093,-0.520941,0
-0.012988,0.244501,0
-1.066826,-0.734146,0
-1.889732,-1.674683,0
0.145132,0.287434,0
-1.254258,0.441855,0
-1.096311,0.696875,0
-1.062252,1.080355,0
-0.889168,-2.076007,0
-2.509872,-1.420291,0
-1.064849,-0.128902,0
-1.324493,0.885918,0
-0.310761,0.034011,0
-0.342008,-0.418251,0
-1.561165,0.156762,0
-0.986762,-0.170825,0
-0.542287,0.553460,0
-0.389724,1.275011,0
-0.691912,-1.130399,0
-1.658898,0.916780,0
-2.481002,0.615601,0
-0.974487,0.288756,0
-2.222985,0.486598,0
-1.508147,0.323352,0
-1.010280,-0.269434,0
0.224694,0.203064,0
-0.912346,0.179139,0
-0.055672,0.972677,0
-0.516654,-0.474824,0
-1.512566,-1.297132,0
-1.843073,0.285049,0
-0.457225,-0.031188,0
-2.308678,0.661578,0
-0.555286,-0.491170,0
-0.261176,-0.267662,0
-0.294449,-0.766452,0
-0.188289,-0.493042,0
-0.787872,0.419808,0
-0.905929,0.105270,0
-1.392438,-0.656572,0
-1.298984,-1.180196,0
-0.907178,0.120880,0
-1.584588,1.924360,0
-0.446183,0.586592,0
-0.339911,-0.914065,0
-0.241839,0.777189,0
-0.192623,-0.431456,0
-0.718832,0.319734,0
-0.270976,-0.611682,0
-0.688648,1.414206,0
-0.772654,0.932993,0
-1.864764,-0.130568,0
-1.332814,-0.366820,0
-0.421809,-0.629284,0
-0.306398,-0.628712,0
-0.435397,0.191535,0
-1.055084,0.375291,0
0.110176,-0.485329,0
-0.473266,0.072353,0
-1.463050,-0.040686,0
-1.066183,0.382526,0
-2.138483,-1.398544,0
-1.042871,-0.099699,0
-2.038667,-0.205641,0
-0.274812,0.625047,0
-0.916422,0.186492,0
-0.723473,0.369110,0
-0.432231,-1.214197,0
-1.540193,-0.243392,0
-2.283269,-0.265410,0
-1.235746,0.366546,0
-0.335155,-0.385033,0
-0.254549,0.670221,0
-1.064712,0.920514,0
-0.599878,0.390183,0
-0.341517,-0.428221,0
-0.177462,-0.064015,0
-0.390112,-0.943965,0
-0.425023,0.484602,0
-0.889341,0.367616,0
-0.970360,-0.188735,0
-1.156405,-0.438640,0
-0.829677,-0.593232,0
-1.099696,-0.303562,0
-1.292069,0.168904,0
-0.464389,-0.015098,0
-1.027313,-1.645809,0
-2.116198,0.383265,0
-1.298390,-1.316488,0
-1.791974,0.349477,0
-1.222099,1.200555,0
-0.923186,0.766098,0
-2.329522,0.137163,0
-1.043428,0.839586,0
-2.513977,0.657701,0
-2.257899,-0.897965,0
-0.819206,-0.995438,0
-1.317723,1.425946,0
-0.953347,-0.168619,0
-2.478774,-0.189442,0
-1.168917,0.022481,0
-1.532784,-0.032962,0
-1.187915,-0.387418,0
-1.438379,0.266632,0
-1.000201,-1.186487,0
-1.516380,0.060446,0
-1.100694,1.672010,0
-0.818031,-0.109081,0
-0.229415,-0.888709,0
-1.268534,0.354290,0
-0.163475,-0.165711,0
-1.681669,0.296600,0
-2.346418,0.307229,0
-2.590164,-0.104386,0
-0.570053,0.722825,0
-2.210266,-0.178507,0
-0.545773,1.187581,0
-1.076545,-0.292509,0
-0.284038,2.268876,0
-1.594571,0.016425,0
-0.738939,1.426746,0
-1.418952,0.475918,0
-1.087277,-0.844068,0
-0.823071,-0.207633,0
0.034750,-0.696125,0
0.161631,-0.704053,0
0.289415,-1.882475,0
-0.375395,0.759667,0
-1.547123,0.144623,0
-2.262364,0.522316,0
-2.600705,-0.092011,0
-1.495357,1.439937,0
-1.946442,1.636551,0
-0.527484,-0.231273,0
-0.751849,0.378455,0
-0.541363,-0.119017,0
-1.367836,-0.369235,0
-0.687582,-0.243733,0
-1.284002,0.653426,0
-2.083009,-1.009618,0
-1.219524,-0.324317,0
-0.105623,-0.231955,0
-1.819577,-1.145242,0
-1.627076,0.602712,0
-0.776962,0.026595,0
-1.449654,-0.699246,0
-0.373678,-1.088851,0
-0.202600,0.463668,0
-0.363918,0.015498,0
-0.907029,-0.736745,0
0.018040,0.794571,0
-1.436221,-0.519018,0
-1.085424,1.105385,0
-0.415659,-0.447826,0
-0.229762,-1.733529,0
-0.998067,0.626643,0
-1.807609,-1.215599,0
-1.874919,-1.502878,0
-0.799003,-0.221249,0
-1.673425,-0.162341,0
0.127267,0.375687,0
-1.007794,1.142050,0
-0.725202,1.481435,0
0.687407,0.760055,0
-2.149584,0.061576,0
-0.191504,-0.289760,0
-0.638608,0.560125,0
-1.040929,0.423097,0
0.102185,0.491374,0
-0.760492,0.487025,0
-1.257753,-1.031321,0
-0.199153,0.644091,0
0.085215,1.049623,0
-0.423537,0.871760,0
-1.529410,0.676380,0
-0.699931,0.588264,0
-1.398505,0.244381,0
-1.130017,-1.661465,0
-1.533430,-0.144257,0
-1.022733,0.294902,0
-0.628214,-0.512686,0
-0.829793,0.452418,0
-1.089082,-0.606728,0
-1.003657,0.444530,0
-0.705815,0.260809,0
-1.286527,-0.676557,0
-2.677885,-0.071437,0
-0.990506,-0.562968,0
-0.762720,-0.293665,0
-1.276000,-0.200242,0
-0.791716,-0.138897,0
-1.527545,0.211933,0
-1.274524,1.022226,0
-0.805584,-0.367519,0
0.191586,0.598125,0
-1.036822,-0.119122,0
-1.213202,0.558277,0
-0.743774,0.174007,0
-1.752728,-0.211996,0
-2.287340,-1.188823,0
-0.465401,-0.293596,0
-1.527042,-1.160239,0
-1.784623,-0.790195,0
-1.047514,0.945068,0
-0.719479,0.777210,0
-0.798389,0.460464,0
-0.522958,-0.191168,0
-0.949255,-0.895817,0
-0.315447,-0.188665,0
-0.565724,0.661139,0
-1.312743,-0.104478,0
-0.327415,-0.102134,0
0.430761,-0.774902,0
-1.512545,0.852113,0
0.386914,-0.419958,0
-1.472217,-0.438344,0
-0.955848,-0.277445,0
-2.760320,-0.393348,0
-0.879348,-0.687970,0
0.768038,0.053395,0
-1.576878,-1.671012,0
-1.382583,0.307791,0
-0.156403,-1.551998,0
-1.902406,-1.396277,0
-1.508898,0.159829,0
-0.031803,0.241102,0
-1.237605,1.473856,0
-1.324200,0.541793,0
-1.386953,-1.135457,0
-1.471178,-0.413885,0
-1.586056,-0.032412,0
0.340161,-0.144835,0
-0.658422,-0.119420,0
-0.813011,0.382858,0
-1.902891,-1.187193,0
-1.063628,-0.028077,0
-1.806121,-0.116463,0
-1.607348,0.468609,0
-1.952434,2.022557,0
-1.655117,0.279531,0
-0.953462,0.817360,0
-1.573432,0.291532,0
0.574411,0.069861,0
-1.655535,-0.338424,0
0.084270,1.016155,0
-0.617597,1.347842,0
-1.512326,0.702840,0
-0.532543,0.224732,0
-2.260619,-1.786962,0
0.307216,1.918630,0
-0.391483,1.374008,0
-0.417976,-0.909133,0
-1.186097,-0.745856,0
-1.776799,0.311474,0
-1.065740,-0.466794,0
-1.700701,0.040011,0
-0.539719,-0.122045,0
-2.145786,-0.967554,0
-1.432890,0.105329,0
-1.384756,1.331783,0
-0.639441,-0.236388,0
-2.030183,-0.213152,0
-1.244015,0.312028,0
-2.827272,0.542726,0
-1.937988,-0.259840,0
-1.172229,-0.028595,0
-0.977470,-0.210543,0
0.605190,-0.101218,0
0.363376,-0.391414,0
-0.737984,-0.487594,0
-0.884576,1.874725,0
-1.406548,-1.281896,0
-0.305573,0.683804,0
-0.035813,-0.372484,0
0.367484,1.549937,0
-1.307208,-0.649948,0
-0.919197,-0.131969,0
-2.209005,0.789852,0
0.335426,-1.041997,0
-0.805343,-0.627546,0
-2.439833,0.018658,0
-1.843798,-0.124739,0
-1.587609,-2.249345,0
-1.250210,0.611214,0
-1.075200,0.508769,0
-0.104550,-0.962779,0
-0.696777,1.922675,0
-0.298697,0.302836,0
-0.294857,0.229415,0
-2.533316,-0.996417,0
-1.036369,-2.059511,0
-1.523835,0.311329,0
0.281345,-0.155280,0
-2.929626,0.074519,0
-1.797899,-0.802844,0
0.106194,1.408019,0
-0.273718,-1.179820,0
0.042987,-0.250967,0
-1.776927,-0.701231,0
-1.426676,-0.828124,0
-1.433350,0.294308,0
-1.263835,-0.591958,0
-2.222743,-0.951646,0
-1.916248,-0.952473,0
-0.127303,-0.716102,0
0.152302,-2.069601,0
1.104107,-0.324480,0
-1.460791,-0.616935,0
-0.836758,-0.115715,0
0.220799,0.840175,0
-0.333252,0.267520,0
0.347121,-0.290611,0
-3.096572,-0.133868,0
-0.903192,0.793407,0
-2.106137,0.242364,0
-1.599225,0.167155,0
-1.620255,-0.380101,0
-1.079246,0.612540,0
-1.262431,-0.142895,0
-0.799600,1.212577,0
-1.553306,1.199048,0
-1.064835,1.036534,0
-0.692504,-1.153403,0
-0.942515,0.853802,0
-0.198672,0.735293,0
0.039896,-1.692871,0
-1.572060,0.422536,0
-1.411307,-0.895655,0
-0.327675,0.507189,0
0.230266,-0.551476,0
-0.660719,-1.143396,0
-2.891885,-0.537682,0
-0.228671,0.569283,0
-0.012378,0.291712,0
0.188868,0.331931,0
-0.920997,-1.289841,0
0.952418,1.791118,0
-2.279675,0.470309,0
0.100342,0.930529,0
-1.674233,0.196007,0
-0.259186,0.361044,0
-2.037974,-1.137202,0
-0.384262,-0.958000,0
0.520522,0.183824,0
-1.620394,-1.337442,0
-1.596845,0.456980,0
-0.521692,0.609742,0
-0.845786,0.464437,0
-0.981481,0.785548,0
-0.754819,-0.625806,0
-0.702663,-0.399774,0
-1.145220,-0.523722,0
-1.960038,-0.395233,0
-0.984814,0.193858,0
-0.289381,-1.952681,0
-1.383501,-0.908962,0
-1.665823,-0.430433,0
-1.444126,0.334876,0
-0.973666,0.668101,0
-1.439127,1.539413,0
-0.795349,0.033420,0
-0.471624,-0.850695,0
-1.271044,-0.790600,0
-0.637089,-0.114651,0
-0.625121,1.467025,0
-1.424857,0.197931,0
-0.042364,0.927982,0
0.146261,-1.953700,0
-1.133527,0.411644,0
-0.676369,-0.775220,0
-1.071217,-0.157814,0
-2.527068,0.017910,0
-0.662112,-1.047253,0
-0.068731,-0.139552,0
-1.019359,0.504640,0
-1.570936,-0.502687,0
-0.586297,0.079123,0
-0.713092,-0.674508,0
-1.346798,0.275136,0
-0.221262,-0.449869,0
-0.890443,-0.577045,0
-1.101827,-0.519117,0
-0.603824,0.205363,0
-1.550933,-0.144355,0
-0.768500,-0.107978,0
-0.404080,0.028687,0
-0.492061,-0.611046,0
-1.748900,0.415159,0
-1.931089,-0.395497,0
-1.489276,-1.949848,0
-0.987129,0.083665,0
-1.579144,0.053222,0
-1.051580,-0.883091,0
-0.898100,0.673685,0
-1.581688,1.149758,0
-0.729998,0.856527,0
-0.111597,-0.264172,0
-0.419673,0.132981,0
-0.900824,0.397915,0
-1.800696,-0.630195,0
-2.115749,1.191704,0
-1.190132,0.045747,0
-0.552494,-0.183382,0
-0.895967,-0.038860,0
-1.313718,-0.375086,0
-0.257483,-0.012848,0
-0.312240,0.801350,0
-0.901666,0.400813,0
-3.017405,1.330668,0
-1.522354,-1.173696,0
0.031596,-0.202842,0
-0.392490,0.859772,0
-0.915175,0.219579,0
-0.518730,-0.098437,0
-0.078575,-0.637180,0
-2.057415,-0.239632,0
-1.288880,0.994233,0
-0.459689,1.449957,0
-2.259595,-1.842361,0
-0.560172,-0.055515,0
-1.278088,-0.136794,0
-0.843667,0.771779,0
-2.325557,-1.545202,0
-0.085827,-0.406141,0
-0.792562,0.403591,0
-0.749635,1.439119,0
-1.361223,0.125378,0
-0.369222,-0.661682,0
-0.375580,-0.600671,0
-1.342442,-1.445519,0
-0.783086,0.895751,0
-0.488987,0.800217,0
-0.953187,-0.894663,0
-1.801737,0.104891,0
-1.360643,0.415961,0
-0.885878,-0.488174,0
-0.434852,-0.715818,0
-0.522597,-1.774101,0
0.727512,-0.608659,0
-1.061347,0.599445,0
-1.785285,-1.166094,0
-0.205166,-1.068029,0
0.552330,0.209119,0
0.811968,1.252017,0
-2.645779,0.853137,0
-1.111038,0.696152,0
-0.737007,0.445956,0
-0.386103,0.857091,0
-1.457145,-0.837737,0
-1.857019,-0.404717,0
-0.185212,-0.235418,0
-1.465731,1.087444,0
-1.466908,0.187678,0
-1.804001,-1.201354,0
-0.636749,-0.091175,0
-1.375419,-1.952109,0
-1.983312,0.293626,0
-1.710584,-0.697745,0
-1.007364,0.648619,0
-1.825187,-1.336694,0
-1.004233,-0.131022,0
-1.037193,1.161359,0
-2.622086,0.596603,0
-2.024495,-0.525615,0
-1.225680,0.205017,0
0.227953,-1.777453,0
-1.536777,0.225056,0
-0.122860,-0.866152,0
-0.641074,1.240378,0
-2.701293,0.544596,0
-2.356597,-0.284112,0
-1.604916,0.976688,0
-1.102862,-0.695520,0
-0.009625,0.831454,0
-2.904624,0.194080,0
-0.975958,0.808558,0
-1.342396,0.732325,0
-0.083441,-0.003998,0
0.168287,-1.291644,0
-2.432518,0.798864,0
-2.850146,0.240269,0
-0.906653,-0.044051,0
-1.242712,-0.381221,0
-0.386129,-0.438531,0
-1.680163,-0.293362,0
0.082829,-0.205626,0
-1.499498,0.411490,0
-1.918231,-0.357641,0
-1.500594,-2.070384,0
-1.238168,0.288952,0
-1.915141,-0.501336,0
-0.976231,0.039772,0
-1.498001,-0.336712,0
-0.998257,-1.235726,0
-0.227355,0.728291,0
-2.317288,-0.075512,0
-0.991611,0.444350,0
-0.783528,-0.939735,0
-1.545325,0.426723,0
-1.802816,-1.463804,0
-0.146511,0.822268,0
-1.158156,-0.334532,0
-1.369362,-0.168435,0
-0.591752,-0.971092,0
-1.001750,0.577452,0
-1.322028,0.803513,0
-0.734900,0.079282,0
-0.888571,0.134460,0
0.069503,0.335132,0
-0.904365,1.378863,0
-0.377532,-0.822525,0
-2.515561,-0.251918,0
-2.546309,0.220622,0
-2.021559,-0.237632,0
-2.267287,1.041852,0
-0.168303,-0.096347,0
-0.742593,-0.090254,0
-1.009122,-0.555821,0
-0.406519,-0.937044,0
-0.951257,1.103181,0
-1.285523,0.306729,0
-1.517936,0.407988,0
-0.647168,-1.813696,0
-0.071316,0.639722,0
-0.699071,0.775654,0
-1.024484,0.555232,0
-4.312008,0.992069,0
-0.280051,-0.752614,0
-1.406171,-0.015625,0
-1.504993,0.370598,0
-2.250358,0.100738,0
-1.130354,0.834821,0
-0.046787,-1.033762,0
0.191536,-0.164040,0
-2.462091,-0.692409,0
-2.279670,1.422602,0
-1.535658,-1.460730,0
-0.524974,0.636827,0
0.156622,0.002263,0
-1.683308,-0.299255,0
-1.014204,-1.213526,0
-0.574051,1.294702,0
-0.945968,0.082191,0
-0.974200,-0.129569,0
-0.525630,0.086478,0
-1.530971,-1.039990,0
-2.055333,1.175255,0
-0.724822,-0.985300,0
0.076789,0.086710,0
1.072463,0.701396,0
0.643107,0.789835,0
-0.195281,0.708789,0
-1.494233,0.534253,0
-3.002179,1.452749,0
-0.262080,-0.509311,0
-1.764937,1.081142,0
-1.861661,-0.634582,0
-0.960493,1.299079,0
-0.789375,0.772337,0
-1.369995,-0.347803,0
-2.396980,-0.029824,0
-2.231640,-0.175602,0
-1.418914,-0.486498,0
-0.889775,-1.084046,0
0.005694,-0.985594,0
-1.003920,-0.945586,0
0.415985,-0.016465,0
-1.616282,0.810973,0
-1.367338,-0.039558,0
-0.795313,-1.152491,0
-1.032871,-1.605141,0
-0.169520,-0.180482,0
-0.795652,0.013166,0
-1.203877,0.916566,0
-1.354588,-0.326068,0
-1.025359,-0.295874,0
-1.416058,0.470935,0
-1.044611,-1.407869,0
-0.929789,-0.086339,0
-1.140714,0.708196,0
0.653481,-0.767112,0
-1.091681,-0.442989,0
-1.474552,1.118320,0
-0.239160,-0.168925,0
-1.551605,-1.038529,0
-0.642318,-0.510055,0
-1.250113,-0.821941,0
-1.231998,0.942330,0
-0.834402,-0.594163,0
-2.078945,0.011915,0
-1.647265,0.294783,0
-2.293245,0.918632,0
-0.984040,-0.034919,0
-1.096038,0.596502,0
-1.622405,0.368174,0
-1.981245,-0.121451,0
-0.524810,1.085107,0
-0.708043,-0.843761,0
-0.999576,0.097261,0
-1.194468,1.559934,0
-1.126339,0.454058,0
-1.106321,-0.086378,0
-0.664598,0.150052,0
-1.292796,-1.322322,0
-2.578078,-0.185349,0
0.274123,-0.439052,0
-0.977256,0.200669,0
-1.232369,1.685467,0
-1.377804,0.638443,0
-2.033144,-0.484642,0
0.257941,0.983310,0
-0.737116,0.326555,0
-1.619447,-0.839200,0
-1.903767,-0.428265,0
-0.769717,-1.202117,0
-1.977745,0.275052,0
-1.481501,-0.376173,0
-0.105456,-0.974534,0
-1.323202,0.154718,0
-0.954517,0.265090,0
-1.027310,-0.421610,0
-1.539236,1.556930,0
-1.855682,-0.216832,0
-1.501714,-0.023034,0
-2.746602,0.092207,0
-0.918986,0.359780,0
-0.228784,-0.891961,0
-0.199773,-0.203377,0
-2.343419,0.155635,0
-0.297345,0.418857,0
0.602535,-0.244155,0
-0.308484,-0.592876,0
-2.137770,-0.662392,0
-1.534660,0.323277,0
-1.343986,-1.382716,0
-0.717166,0.072915,0
-1.730244,-1.365618,0
-0.977813,0.369099,0
-3.554495,0.582068,0
-2.079089,-0.354511,0
-1.381510,-0.437866,0
-1.352502,-0.127563,0
-2.289432,0.680207,0
-1.691335,-0.709246,0
0.230341,0.923002,0
-0.254942,1.303476,0
-0.663370,0.558953,0
-2.042618,0.603741,0
-2.151670,0.432096,0
-1.882966,0.790634,0
-0.126956,0.207256,0
-0.751608,0.347220,0
0.360364,-0.395315,0
-0.693353,0.642176,0
-1.441599,-0.172100,0
-0.792726,-0.618684,0
-1.194404,-1.486011,0
0.717341,0.153358,0
-2.014921,0.612003,0
-1.220605,0.216028,0
-0.228305,-0.170044,0
-1.112121,0.423791,0
-0.918671,0.356619,0
-0.097474,-0.222337,0
-0.729188,-0.135553,0
-1.483936,-0.754443,0
-0.625832,0.992120,0
-2.198091,-0.716984,0
-0.676567,-0.345915,0
-1.489110,0.056085,0
-1.839987,-0.902878,0
-1.343333,-1.055130,0
0.291257,-2.145386,0
-2.355698,1.111365,0
-0.832125,-0.017924,0
-0.025552,-0.353027,0
-1.933962,-0.881578,0
-1.305109,-0.186588,0
-0.477704,1.349383,0
-1.456503,-0.534845,0
0.624290,0.286385,0
-0.700461,-0.190898,0
0.214473,-0.022076,0
-1.353831,-0.118123,0
-0.309492,-0.844081,0
0.137909,0.845097,0
-1.704677,-0.938411,0
-2.395314,-0.009176,0
-1.190952,-1.462091,0
-0.353937,-0.024289,0
-0.516245,0.397479,0
-1.625504,0.338416,0
-0.402267,0.660877,0
-1.366030,0.123405,0
-1.641018,-0.134074,0
-0.478008,-0.424277,0
-1.769617,0.500839,0
-2.666222,-0.287213,0
-1.122934,-0.134775,0
-1.642361,0.578467,0
-1.846876,-0.838265,0
-2.366286,1.051510,0
-1.204009,0.498581,0
-1.552626,-0.471031,0
-1.602170,0.606601,0
-1.701677,0.617724,0
0.207867,-0.770103,0
-0.676458,1.853413,0
-1.022908,-0.309504,0
-1.467257,0.338324,0
-2.121805,-0.317548,0
-0.432929,-0.272709,0
-1.041543,-0.724343,0
-1.821733,-0.090852,0
-0.718018,0.229181,0
-1.193241,-0.502317,0
-1.671308,-0.291612,0
-1.043202,0.253274,0
-1.397070,0.072933,0
-1.450367,-1.204142,0
-1.634935,-1.183516,0
-1.642150,-1.461375,0
-3.052838,0.273738,0
-2.109615,-0.469942,0
-0.342246,-0.272997,0
-0.456754,-0.012473,0
-0.705421,-0.150897,0
-0.158046,0.606537,0
-1.772304,0.376503,0
0.021923,-0.366158,0
-1.493564,-0.098084,0
-0.030100,-0.385506,0
-0.630204,-0.774533,0
-0.101274,0.643550,0
-2.022822,-0.418013,0
-1.792678,-0.739042,0
-0.733734,0.575564,0
-1.500720,-0.300248,0
-0.176538,0.308592,0
-0.234561,-0.691306,0
-1.722385,1.082844,0
-1.998377,1.526466,0
-1.108397,-1.281541,0
-0.298042,0.417868,0
-0.412665,0.258932,0
-1.773092,2.051986,0
-1.401209,0.524342,0
-0.637925,0.056345,0
-2.293229,-0.561497,0
-0.862672,-0.539351,0
0.066653,0.390408,0
-2.040170,-1.156360,0
-0.758456,0.572286,0
-0.971596,-0.674629,0
-1.927603,1.177229,0
-1.922003,0.911496,0
-0.829523,0.539661,0
-0.372362,-1.751683,0
-0.806803,0.882859,0
-0.364149,-0.830290,0
-2.085637,-0.107424,0
-0.795067,-0.093815,0
-1.110312,1.966025,0
-2.343445,0.716587,0
-1.338716,-0.020958,0
-1.464765,0.018233,0
-1.889496,0.623056,0
0.104092,0.020818,0
-0.798351,-0.564644,0
-0.349445,0.214449,0
-0.412559,-1.105180,0
0.069227,-0.165314,0
-0.292000,0.673955,0
-1.346851,1.303400,0
-0.150085,-0.328467,0
-0.975441,0.237051,0
-1.444840,0.373629,0
-1.026999,0.416410,0
-1.503177,0.166442,0
-1.586416,0.337820,0
-1.041288,1.070374,0
-0.736865,0.615874,0
-0.771412,-1.480134,0
0.393675,-0.211589,0
-1.822244,0.016855,0
-0.456699,-0.829301,0
-0.843428,0.249419,0
0.552539,-0.166867,0
-1.048207,0.093495,0
-0.991926,0.756466,0
-0.735825,0.672226,0
-0.039092,0.760548,0
-1.294120,-0.950475,0
-2.432243,-0.386357,0
-2.473007,0.318308,0
-1.822738,-0.304750,0
-0.076934,-1.037937,0
-1.715161,-0.017759,0
-1.080620,0.350811,0
-2.223418,-0.803412,0
0.386371,-0.337784,0
-1.151130,-0.214217,0
-1.944403,-0.900500,0
-1.396602,0.383405,0
-1.448112,-0.777955,0
-0.737729,-0.078452,0
-2.302556,-0.005132,0
-0.760767,-0.131774,0
-0.254014,-0.189103,0
0.403273,-0.030237,0
-0.290414,1.243888,0
0.053266,0.072709,0
-0.449949,-1.151480,0
-0.660721,1.457628,0
-1.369818,0.287224,0
-2.022523,0.790988,0
-0.476096,-0.362040,0
0.460300,-1.402833,0
-1.733167,-0.201205,0
-0.660824,0.915142,0
0.104298,0.368040,0
-0.797673,1.035219,0
-0.939876,-1.376078,0
-1.269512,-0.074561,0
0.762108,-1.215905,0
-1.181301,-0.551407,0
-0.603092,-0.335488,0
-1.059222,0.396436,0
-1.194317,1.801727,0
0.190229,1.087516,0
-1.227312,0.889808,0
0.169143,-0.583568,0
-0.334731,1.019622,0
-0.409447,0.161587,0
0.455189,-0.600992,0
-0.303162,0.105361,0
-0.776595,-1.014081,0
-1.153957,0.115325,0
-0.525924,-0.111425,0
-0.709771,-1.355164,0
0.134665,-1.598041,0
-1.934681,0.643455,0
-1.909125,0.747059,0
-1.372257,0.243201,0
-2.027024,0.720726,0
-2.013319,-1.528760,0
-1.929539,1.110371,0
-1.032617,-1.588460,0
0.341742,0.476239,0
-2.068788,-0.569948,0
-0.562359,0.009148,0
0.392928,-0.123804,0
-1.782344,-0.250656,0
-0.773995,-1.352811,0
-1.200832,-0.496292,0
-0.837066,-0.079286,0
-1.170492,-1.667633,0
-1.719901,-0.781955,0
-0.343881,-1.371248,0
0.041508,0.768600,0
-2.417130,-1.315327,0
-0.939660,-1.007260,0
0.234708,-0.162851,0
-0.350718,0.400966,0
-0.251852,0.487996,0
0.267271,-1.450747,0
-1.436550,0.259710,0
-0.778808,0.772165,0
-1.936976,-0.178894,0
-1.151326,-0.514658,0
-2.038821,-2.424481,0
-0.750490,-0.519284,0
-2.493953,0.617315,0
-1.048742,0.953000,0
-1.905672,0.897524,0
-1.641736,-0.043762,0
-1.028457,-0.110246,0
-0.600260,0.689365,0
-0.495111,0.294868,0
-0.996317,-0.069055,0
-1.556788,-0.129413,0
-0.892246,0.837947,0
-1.557768,-1.126421,0
-1.687963,-0.055272,0
-0.428684,0.436987,0
-3.134849,0.150807,0
-0.836985,1.061187,0
-1.078216,-0.586619,0
-1.152055,0.288976,0
-0.975762,-1.102402,0
-0.781679,-0.776296,0
-2.801648,0.184764,0
-2.375210,1.039712,0
-1.313426,-0.704119,0
-1.281356,0.021852,0
-2.111420,0.393071,0
-0.468771,-0.414547,0
-1.435011,0.315428,0
-1.647907,0.650285,0
-2.544138,1.696309,0
-0.978339,-0.469156,0
-0.369323,-0.215662,0
-0.450671,-0.331537,0
-0.015347,-1.162597,0
0.586230,0.851540,0
-2.599393,-0.150647,0
0.168188,1.597283,0
-2.073187,-0.873512,0
-0.775491,-0.677491,0
0.060259,-0.520094,0
0.888456,-0.087026,0
-2.415093,-0.024279,0
0.633340,-2.109910,0
-0.542306,0.608094,0
-1.163268,0.225806,0
-0.845729,-0.542530,0
0.106360,-0.810940,0
-1.307282,-0.607148,0
0.177339,-0.220809,0
-0.242291,-0.750971,0
-1.442297,-0.480419,0
-1.016626,0.293965,0
-0.618107,-0.216390,0
-0.583157,0.979512,0
-1.815072,0.587413,0
-1.374564,0.558622,0
-1.038893,1.727045,0
-0.260123,-0.468247,0
-1.956483,-0.452581,0
-1.326717,0.131937,0
-0.531627,1.823899,0
-0.963754,-0.248024,0
-0.627552,0.014704,0
-0.974841,0.346818,0
-0.978310,0.292323,0
-1.150028,-0.136942,0
-0.925260,0.207434,0
-1.330288,1.446599,0
0.591001,-1.320330,0
-0.319140,-1.033427,0
-1.084445,0.031747,0
-1.034721,0.214383,0
-2.117811,-0.541797,0
-0.544528,0.447241,0
-0.296536,-0.212528,0
-1.109526,-1.806726,0
-1.349243,-0.694297,0
-0.392647,-0.391534,0
-1.211883,0.381276,0
-1.543613,1.206799,0
-1.691680,-0.035088,0
-0.163004,0.757248,0
-2.071632,-1.750294,0
-2.321720,0.368632,0
-0.890309,1.281977,0
-1.174502,0.990361,0
-2.208877,0.208171,0
-2.125366,1.124958,0
-0.340212,-0.543772,0
-0.566996,0.489190,0
-0.677354,0.201301,0
-2.096332,-0.896298,0
-1.515921,0.999955,0
-1.097149,0.951018,0
-0.942398,-0.009863,0
-0.971185,0.537428,0
-1.055442,0.416770,0
-1.385685,-0.704469,0
-0.660486,-0.017262,0
-0.614942,-1.324193,0
0.121412,0.119170,0
-1.834920,-0.666615,0
-2.391783,0.392768,0
-2.655831,-0.617140,0
-0.597503,0.525853,0
-1.960830,-2.537703,0
-0.541378,0.452249,0
-0.572420,1.193737,0
-1.175260,-0.631708,0
-0.972525,-1.469163,0
-0.504608,-0.896690,0
0.284149,0.653925,0
-1.827480,-1.069490,0
-2.024164,-0.270326,0
-1.435998,-0.350248,0
-0.962156,0.906617,0
0.079660,0.873635,0
-0.367119,-0.213343,0
-0.253327,0.660653,0
-1.453302,-0.220152,0
0.012108,-0.600099,0
-0.748939,-0.357725,0
-1.196567,-0.450179,0
-1.033877,1.132928,0
-1.312603,0.520367,0
-1.878231,-1.221560,0
-1.351109,0.290676,0
-2.063623,-0.223430,0
-0.590215,1.240845,0
-0.044086,0.903034,0
-1.299207,-1.065785,0
-2.015986,-0.070057,0
0.633412,-0.062181,0
-2.447988,0.888733,0
-0.739101,-0.135275,0
1.506637,0.076028,0
-1.148949,-1.393682,0
-0.733304,0.147839,0
-2.018115,-1.898039,0
1.557371,-0.474289,0
-2.228960,0.231593,0
-0.449859,0.286670,0
-1.168038,0.002735,0
-0.315798,-0.210328,0
-1.294026,-1.517547,0
-0.050242,0.761985,0
-0.054501,-0.669169,0
-0.533275,-0.811031,0
-0.532967,-0.298451,0
-1.465791,0.539339,0
-2.087860,0.158323,0
-1.779284,1.523874,0
-0.135904,-0.142897,0
-0.547675,-0.320029,0
-1.146780,0.750787,0
-0.954038,-0.341806,0
-1.483426,0.240539,0
0.321779,1.707569,0
-0.434878,-0.398506,0
0.364547,-0.975595,0
-0.672199,0.011067,0
-0.371369,0.439328,0
-1.824549,-0.332339,0
-1.593201,-0.577418,0
-1.060318,0.089394,0
-1.315519,0.584505,0
-0.395576,0.665161,0
0.057505,0.604630,0
-1.580607,0.144638,0
-0.241824,0.545235,0
-0.311442,-1.828877,0
-0.905101,1.361704,0
-0.727285,1.006050,0
0.153841,-0.317318,0
-1.764294,0.763632,0
-2.322718,-0.845705,0
-0.501815,0.593627,0
-1.229109,-1.071906,0
-1.926139,2.004257,0
-2.020966,0.139420,0
0.100715,-0.409968,0
-0.031857,1.212747,0
-1.082033,-0.434578,0
-0.799250,-0.145469,0
-1.860517,0.575244,0
-1.720453,0.683351,0
-1.148778,0.926902,0
-1.073569,-0.670755,0
-2.161614,-1.734739,0
-1.392673,-0.268386,0
0.490232,-0.413556,0
-0.062161,1.848932,0
-1.597862,1.024427,0
-0.707752,0.779758,0
-0.872724,0.173630,0
0.924540,0.129778,0
-1.474065,-0.185654,0
-0.142912,-0.206673,0
-0.717667,0.376492,0
-1.303537,0.648144,0
-0.744475,1.205494,0
-0.538608,1.487792,0
-1.158021,-0.978173,0
-2.811945,0.212373,0
0.234277,-1.262287,0
-2.171091,0.369636,0
1.004246,-0.248208,0
-0.421129,1.099113,0
-1.536854,0.378750,0
-1.948342,0.619273,0
-0.162939,-0.344148,0
-0.968933,-0.324944,0
-2.028320,0.454201,0
-1.436882,-0.223095,0
-1.706871,0.079018,0
-1.141490,1.102609,0
-0.323833,0.009685,0
-0.363035,1.300634,0
-1.524956,-0.736960,0
-1.755495,0.200015,0
-0.880934,0.667112,0
-1.201183,0.528049,0
-0.631206,-0.145465,0
-0.752974,0.085992,0
-2.371557,0.775928,0
-1.682651,1.241004,0
-0.435920,1.050773,0
-1.050385,-0.765780,0
0.381888,0.210293,0
-1.593712,0.784715,0
-0.816072,-0.404198,0
-0.711576,-0.427689,0
-0.133503,-0.257912,0
-2.004026,-0.475472,0
-0.089749,-0.379485,0
-0.759407,-0.275194,0
-1.298937,0.362162,0
-1.039860,0.550319,0
-1.964846,0.743827,0
-1.128707,0.943415,0
0.475881,0.507762,0
0.438099,-0.606605,0
-0.356437,0.970992,0
-0.577502,-0.496795,0
0.792251,-0.331900,0
-0.413437,0.505044,0
-1.263692,0.397183,0
-1.699612,-0.237036,0
-0.570132,0.918907,0
-1.782675,-1.150999,0
-1.443486,-1.197437,0
-0.487900,0.490074,0
-1.408777,-1.905888,0
-1.216844,-0.078561,0
-0.635692,-0.506023,0
-1.385010,-0.031181,0
-0.836514,-0.413363,0
-1.120764,0.062093,0
-0.553127,-0.324837,0
-2.286715,-0.447937,0
-0.899043,0.761402,0
-1.148861,0.084873,0
-1.717863,0.469706,0
-1.511144,0.304134,0
-0.449253,1.660134,0
-1.735003,-0.798672,0
-0.978650,-0.352796,0
-0.699718,-0.677415,0
-0.526231,1.880326,0
-1.008856,-0.165219,0
0.316533,-0.265233,0
-0.990908,-0.032787,0
-1.619954,0.865538,0
0.472302,-0.411200,0
-0.136909,0.149656,0
-0.570665,-0.027677,0
-1.239171,0.958153,0
0.431041,0.113879,0
0.264994,-0.665983,0
-1.180104,0.383705,0
-1.018384,-0.447689,0
-0.314125,-0.337789,0
-0.062417,0.229756,0
-1.168296,-0.762207,0
-1.212251,-0.987189,0
-1.225136,-0.333040,0
-0.566549,0.001268,0
-1.414554,0.604589,0
-1.754428,1.363533,0
-1.689589,0.261488,0
-2.120966,-1.091012,0
-0.817246,1.811246,0
-2.930939,0.418669,0
-2.297056,-0.311580,0
-1.099246,0.561135,0
-1.189008,0.344577,0
0.019102,-0.754068,0
-1.005473,-0.547086,0
-0.464786,1.847344,0
-0.174210,0.816360,0
-0.656506,-0.435541,0
0.712158,-1.024429,0
-1.268719,-0.538252,0
-1.638205,0.741934,0
-0.636242,-0.710090,0
-1.482238,0.712472,0
