1.571498,-1.031278,1
-1.396364,-0.097863,1
1.440939,-1.632894,1
1.999423,0.868460,1
1.340986,0.649774,1
2.370256,-0.986673,1
2.075085,-1.040029,1
1.816731,0.894742,1
1.884216,-0.572130,1
0.289954,-1.047537,1
1.375966,0.236013,1
1.028363,0.287392,1
0.496682,1.892160,1
1.283760,-1.163540,1
1.263804,-0.612650,1
1.215597,-0.162760,1
1.727068,0.215890,1
2.166298,0.579380,1
0.701214,0.715168,1
0.071853,0.013482,1
-0.543592,0.173220,1
2.242479,-0.823176,1
1.605217,0.992712,1
0.998382,-1.552685,1
1.353794,-0.942520,1
0.684539,0.283500,1
1.286091,0.218951,1
0.550524,0.204876,1
2.642656,-0.005016,1
0.756149,-0.963785,1
0.030603,0.148002,1
0.762177,1.206940,1
1.616447,0.424320,1
0.154555,0.539768,1
-0.249441,0.564954,1
2.787748,-1.163731,1
1.027651,-0.052740,1
0.551484,-0.720718,1
1.033264,-1.227125,1
0.840042,1.332083,1
-0.332360,0.390436,1
1.700193,-0.464483,1
1.328305,-0.121176,1
0.762167,0.583663,1
-0.256238,-0.319371,1
0.997756,1.869067,1
2.548306,-0.094517,1
1.373120,-0.680618,1
0.954335,1.002827,1
2.165060,0.655357,1
0.894157,0.956728,1
2.274258,-0.465782,1
1.353194,0.237118,1
1.800948,0.226005,1
2.861989,-0.037898,1
0.836269,0.048669,1
1.570353,1.098455,1
1.622615,0.574575,1
1.936631,-0.027693,1
0.538234,-0.217366,1
1.209240,-0.209761,1
0.685193,-0.373274,1
0.118587,0.027048,1
-0.825284,0.507645,1
1.225175,-0.176238,1
1.461142,-0.549318,1
1.666872,0.873626,1
1.399801,-0.527638,1
0.123154,0.362087,1
0.700652,-0.459825,1
2.075566,0.850800,1
0.235891,1.370304,1
0.759040,-1.090370,1
0.911465,0.192391,1
1.486050,-0.008497,1
1.399129,-0.729965,1
1.585367,-0.235048,1
1.835814,1.573100,1
1.171808,0.353840,1
1.349955,0.508265,1
0.761744,0.585727,1
1.439420,-0.407738,1
-1.032293,-0.100988,1
1.998315,-0.218528,1
-0.175031,-0.890099,1
0.264608,1.565483,1
0.664914,-0.090495,1
0.395423,1.220463,1
0.513477,-1.398334,1
1.403394,0.025972,1
2.382821,-0.307423,1
1.167023,-0.111223,1
1.533804,-0.526669,1
-0.550722,-0.621786,1
0.975125,-1.013962,1
1.764222,0.083925,1
1.141061,0.008986,1
2.147225,0.825839,1
1.928929,1.198405,1
0.283844,-0.705077,1
1.965027,0.448090,1
1.231153,-2.006134,1
0.888271,-1.228024,1
0.751096,0.647479,1
0.959000,0.191011,1
0.459154,0.534040,1
1.463811,-0.713673,1
0.071018,-0.125602,1
0.631229,0.682519,1
1.118683,0.915216,1
0.924743,0.667615,1
1.373641,1.205719,1
0.831883,-0.546275,1
0.534081,0.661248,1
2.334966,-0.043855,1
0.420458,-0.608562,1
1.265719,0.338798,1
2.413831,-0.344134,1
1.523953,-0.441895,1
1.735432,-1.230763,1
1.395577,-2.205913,1
1.710108,-1.209712,1
2.858911,0.402291,1
1.684795,0.037195,1
0.183009,1.069211,1
2.331155,1.016397,1
0.727042,-0.705691,1
1.025009,0.010288,1
0.566795,0.697770,1
0.318742,-0.141525,1
-0.005162,0.465895,1
0.681873,-0.560862,1
0.274254,2.384439,1
0.815112,-0.777019,1
1.674799,0.854830,1
2.237938,0.256805,1
0.398772,0.683975,1
0.660895,0.512591,1
0.336565,-0.431575,1
0.696205,-0.600627,1
0.789204,0.920317,1
0.696982,-1.061968,1
0.750597,-0.501753,1
1.201900,-0.705569,1
1.717574,0.905275,1
0.959867,0.398939,1
1.390762,0.520970,1
0.932485,-0.404723,1
0.607259,-0.280528,1
0.890618,0.344717,1
0.382467,0.241257,1
0.378712,-0.377906,1
2.969243,0.391068,1
1.380260,-1.312102,1
0.674449,-0.448331,1
0.781361,-0.097533,1
1.771167,0.456474,1
0.933768,0.150421,1
1.256836,0.987814,1
0.593577,-1.203211,1
1.375658,1.419425,1
2.691545,0.089834,1
0.529340,-0.473522,1
-0.157510,-1.240298,1
2.167021,0.430610,1
-0.272659,-0.103968,1
1.136906,0.086424,1
0.938061,0.126354,1
0.540256,1.462866,1
1.065774,0.878667,1
2.329308,-1.365216,1
0.881588,0.539626,1
1.552334,0.411433,1
0.192186,-0.128614,1
0.492125,0.394853,1
0.921997,-0.891486,1
1.794963,0.555872,1
0.094879,-0.457414,1
0.768988,-0.060158,1
0.370071,0.424846,1
0.863500,-0.327520,1
1.697015,0.661027,1
0.827030,-0.549698,1
-0.053760,-0.865245,1
0.509662,-0.279853,1
1.430253,0.012463,1
1.417467,0.133933,1
0.550233,-0.723333,1
1.532936,0.426269,1
0.277146,-0.313578,1
0.955061,-0.512908,1
0.606316,-0.199457,1
1.620566,-0.208447,1
2.319021,0.428219,1
1.322968,-0.021985,1
0.393955,-1.286555,1
0.579901,0.062212,1
1.157486,-0.818424,1
0.529633,-0.486336,1
1.057773,-1.563724,1
0.989436,0.119449,1
0.724604,0.390809,1
-0.235338,0.890269,1
1.680465,0.324191,1
1.212485,0.119290,1
0.055663,-0.144305,1
2.562565,-0.217766,1
1.748015,1.261969,1
1.455879,0.339484,1
-0.120623,-1.709586,1
2.385261,-0.224422,1
0.667421,0.094829,1
1.429605,-1.065222,1
0.861810,-0.526965,1
1.737376,0.928287,1
1.082168,0.899057,1
1.501494,-0.276985,1
0.891857,-0.372917,1
0.672987,-0.042769,1
0.775358,-0.250182,1
0.885963,-0.391798,1
0.312439,-0.585134,1
0.050151,0.708141,1
2.704138,0.886659,1
-0.110294,0.549544,1
0.669045,-0.019915,1
0.713604,0.266452,1
2.349530,0.505699,1
0.352516,-0.425574,1
1.234051,-0.834216,1
2.215240,0.634043,1
1.412126,-0.099240,1
0.594722,0.838807,1
0.584383,0.530074,1
1.274251,0.152069,1
1.318295,-0.308647,1
0.352754,1.215403,1
-0.217969,0.170801,1
2.250654,0.488754,1
-1.103957,0.346935,1
1.700794,-0.457155,1
-0.638404,-0.954327,1
-0.038530,0.280252,1
-0.224632,-0.821547,1
0.966476,1.977310,1
0.635029,-0.744643,1
1.888607,0.324057,1
0.130974,-0.324910,1
0.978372,-1.017649,1
0.762047,-2.211492,1
1.773706,-0.095522,1
0.531903,-0.107471,1
0.586778,1.201794,1
0.035010,0.761242,1
0.500950,0.625570,1
2.125423,0.088435,1
0.825742,-0.593220,1
1.792492,0.553402,1
1.589224,-0.452264,1
1.503563,0.635499,1
0.308758,0.446070,1
0.733831,0.911104,1
0.452441,0.358956,1
-0.101316,0.942920,1
1.312138,-0.461383,1
-0.315426,0.478462,1
0.715166,0.438081,1
1.568988,0.277093,1
1.047111,-0.544977,1
1.656389,0.125499,1
1.502342,-0.739404,1
1.123633,-0.157804,1
0.255052,1.055730,1
0.921908,0.109258,1
1.781581,0.904025,1
2.435405,0.576750,1
1.193909,-0.272866,1
0.537191,0.895015,1
0.940155,0.119635,1
1.296019,0.418003,1
0.413795,-1.415948,1
1.421484,1.374814,1
0.251819,-0.906865,1
1.338903,0.593357,1
0.856274,0.444387,1
0.023042,0.046504,1
-0.134142,-0.603681,1
1.710576,0.677478,1
0.894710,-0.132585,1
1.608087,0.335734,1
0.965370,0.060274,1
0.412000,0.067072,1
0.256210,2.423231,1
0.691339,-0.006848,1
-0.515055,0.345434,1
0.183603,-0.699405,1
1.017321,-0.459079,1
1.287264,1.303571,1
1.917783,-0.739899,1
0.109246,-0.570106,1
0.715620,0.188010,1
0.931493,0.275696,1
1.901243,0.757076,1
2.152656,-0.680617,1
0.425268,-0.646637,1
-0.527090,-0.230268,1
2.509178,0.400504,1
0.667323,-0.394781,1
0.765249,0.034687,1
0.857084,0.146716,1
0.765468,1.175609,1
2.270781,-0.036444,1
1.266583,0.012119,1
0.546272,0.326357,1
0.817088,-0.967146,1
1.148047,-1.081684,1
0.735330,-0.316028,1
0.973875,0.519132,1
-0.003293,-0.094740,1
0.889655,-0.176049,1
0.710515,-0.312740,1
0.682286,-0.024362,1
1.329427,-0.355904,1
0.608453,-0.682035,1
0.135389,-0.365335,1
1.326070,0.134197,1
2.042768,0.616959,1
0.557221,2.133989,1
1.735273,0.632528,1
0.842075,-0.526939,1
0.826026,0.380803,1
-0.291365,0.962181,1
1.424871,-0.813708,1
0.614912,-1.285816,1
0.352545,0.412634,1
0.318651,-0.346032,1
0.836265,-0.747885,1
-0.183838,0.878799,1
1.174345,0.051031,1
1.146687,0.710175,1
1.852492,-0.769195,1
1.684039,-1.039613,1
1.643414,1.142853,1
-0.318358,-0.908868,1
1.245226,0.417630,1
1.949599,0.350023,1
1.153107,0.036056,1
0.934905,0.184583,1
-0.296756,-1.047597,1
1.554298,0.671050,1
0.908807,0.725557,1
-0.204084,-0.738821,1
1.317774,1.169446,1
1.426139,-0.793263,1
0.549770,1.628727,1
-0.418362,0.457696,1
-0.964600,0.051215,1
-1.052947,-0.659413,1
-0.124517,-0.068357,1
1.562642,0.378382,1
0.899445,-0.705588,1
0.594103,0.652509,1
0.466182,0.380994,1
1.477749,-0.955746,1
0.837509,-1.059604,1
1.128029,0.494452,1
1.052574,1.146355,1
1.138437,-0.087086,1
1.204986,-0.470865,1
1.583667,1.156179,1
0.820464,0.359319,1
1.112616,1.262276,1
0.526997,0.353540,1
1.338351,0.306010,1
1.933830,1.146769,1
0.675685,0.630935,1
0.379873,1.552517,1
1.023002,0.151547,1
0.078881,1.156127,1
1.074382,0.410580,1
1.852809,1.058706,1
1.384127,-0.747542,1
1.088130,-0.458230,1
1.941289,-0.188492,1
0.416712,-1.348908,1
0.940962,0.744546,1
0.964439,0.396982,1
0.620115,-0.252460,1
0.519030,-2.279606,1
1.854094,0.828788,1
-0.116007,-0.656886,1
0.675395,-0.056714,1
1.935296,0.789985,1
0.830722,-1.165669,1
1.180515,-1.116219,1
1.276475,0.295220,1
-0.577571,-0.471293,1
1.551133,-0.529234,1
0.439882,-0.582240,1
1.296510,-0.034478,1
0.981969,1.146746,1
1.259922,0.147169,1
1.346281,0.013028,1
0.317267,-0.482504,1
1.332600,0.453422,1
1.543546,0.796785,1
2.215829,-0.894269,1
1.844946,0.769948,1
0.468444,-0.941183,1
1.232712,-0.576530,1
1.285495,-0.678204,1
0.495676,-0.211530,1
-0.608782,0.939573,1
0.270452,-0.768395,1
0.846867,-0.059606,1
1.121982,0.572095,1
0.187894,0.959339,1
3.239319,-1.127606,1
1.363107,-0.602673,1
1.926439,0.819875,1
2.883768,-0.514091,1
0.397278,0.415713,1
1.340408,-1.707868,1
1.098062,-0.580457,1
1.514912,-0.577798,1
1.349933,-0.382815,1
1.505690,-0.874342,1
1.628312,-1.578384,1
0.475881,-0.381789,1
1.963329,-0.451001,1
0.386617,1.171494,1
0.180096,0.185858,1
1.584566,0.385779,1
0.455267,2.039117,1
1.069717,0.237872,1
1.648948,-0.090243,1
0.509677,0.857299,1
0.833436,1.237369,1
1.030790,-0.249070,1
1.205927,-0.322152,1
0.253569,0.954315,1
0.876091,0.611511,1
1.239750,-0.551225,1
1.641905,0.244846,1
0.022596,0.859814,1
1.596309,0.000908,1
-0.022224,0.223358,1
-1.903956,0.579425,1
1.146648,-0.461767,1
1.041018,0.260386,1
0.310525,-0.557658,1
1.246215,-0.705671,1
-0.064132,-0.774069,1
0.686434,0.436712,1
-0.469368,1.431575,1
2.348255,1.064416,1
1.507088,0.995494,1
0.287448,0.635899,1
1.113603,0.491246,1
0.740347,-0.996492,1
1.034901,-0.324478,1
1.038883,-1.131751,1
0.932883,0.644354,1
2.831442,1.479162,1
1.072680,0.224067,1
0.243276,-1.201470,1
1.297225,-0.619798,1
0.508101,-0.573266,1
1.666929,-0.810432,1
-0.236860,0.793376,1
1.125972,-0.063559,1
1.306846,-1.020284,1
0.046748,0.838048,1
2.061581,0.390598,1
1.579033,-1.172715,1
1.363665,-0.812966,1
0.481298,0.041248,1
0.415435,-1.322314,1
1.597174,0.936556,1
1.794892,-0.674899,1
0.853618,0.871484,1
0.826002,0.011467,1
1.833563,0.413764,1
-0.570171,-1.222403,1
2.230857,0.215633,1
0.627790,-0.881143,1
2.506394,0.625704,1
0.429785,-0.748871,1
1.374002,0.935024,1
1.409927,-1.117343,1
1.511017,0.719258,1
0.411002,0.950746,1
1.143628,0.946455,1
1.462802,0.130453,1
1.465580,0.464890,1
1.159076,0.356576,1
1.276133,-0.228152,1
1.187742,0.581640,1
0.768518,0.359704,1
-0.374257,0.057193,1
-0.048544,-0.625541,1
0.747021,0.562258,1
1.643725,-0.400597,1
0.327635,0.712149,1
-0.490063,0.074748,1
1.553028,-0.134758,1
0.405884,1.405368,1
1.725900,-0.420390,1
1.055115,-0.336224,1
2.374745,1.369402,1
1.266895,0.779323,1
1.177724,-0.006050,1
0.165185,-0.283155,1
-0.012891,-0.128372,1
1.025788,1.389807,1
0.709179,0.419994,1
2.157737,0.365234,1
2.564014,-1.014412,1
-0.146561,0.044815,1
2.040191,0.295320,1
1.310591,-0.189899,1
0.947765,-0.078477,1
0.764141,0.007232,1
0.978641,-1.050898,1
0.532657,-0.318508,1
1.720143,0.094003,1
2.175736,0.711750,1
2.014196,0.381502,1
0.949740,0.619991,1
1.429624,0.753657,1
0.547503,-0.388113,1
0.820924,-0.592394,1
1.628296,0.095290,1
1.613917,0.913688,1
1.248277,0.420024,1
1.068226,0.620115,1
0.554407,-2.198965,1
-0.041941,-0.315694,1
0.675845,0.485707,1
0.561649,-0.158352,1
-0.877430,0.138503,1
0.882417,0.449224,1
0.878067,1.464800,1
1.128519,0.944212,1
-0.064750,-0.364098,1
0.661086,-0.163987,1
0.937819,-0.738995,1
0.880886,0.711251,1
0.167974,-0.525143,1
-0.366736,0.555975,1
0.140377,-0.552714,1
0.852268,-0.175074,1
0.850464,-1.978312,1
0.375161,-1.298865,1
1.605790,-1.177570,1
0.475563,-0.082557,1
1.263966,-1.248796,1
0.963635,-0.354019,1
1.963067,-1.494283,1
1.698671,0.503531,1
-0.064242,-0.428673,1
1.533218,-0.264524,1
1.236191,-0.551085,1
0.708006,0.345563,1
1.337869,-0.353212,1
0.692791,0.010863,1
0.620818,0.432813,1
1.265614,0.213232,1
0.254767,1.067137,1
2.265263,0.490644,1
-0.560299,0.645222,1
1.121822,-1.051763,1
0.210882,0.945414,1
-0.305413,0.151979,1
1.366584,0.789290,1
1.674758,-0.096913,1
0.885754,0.513357,1
1.391464,-0.087640,1
1.245666,0.386918,1
1.322726,-0.597393,1
1.112317,0.768765,1
0.575747,0.002155,1
0.620702,0.559026,1
2.326241,0.066656,1
0.653103,-0.279392,1
1.492276,-1.000938,1
0.035690,-0.528403,1
0.560000,-0.136629,1
2.562897,0.267963,1
1.042684,0.797079,1
1.347261,0.428119,1
0.862628,-0.151710,1
2.858129,0.853447,1
-0.611357,-1.153903,1
2.272241,0.466683,1
0.836361,0.699348,1
1.946606,-1.247540,1
0.571504,-1.282133,1
1.823130,-0.136982,1
0.608004,1.787908,1
0.739938,-0.088356,1
0.114533,-0.838995,1
1.198815,-0.228600,1
2.147388,-0.249859,1
1.056189,-0.246192,1
0.699218,0.787831,1
-0.022196,0.071184,1
1.269345,-0.393053,1
0.843753,-0.897192,1
-0.526873,0.240457,1
0.796186,-0.221091,1
0.895855,0.508759,1
1.203919,-0.246714,1
0.359404,-0.934481,1
1.074874,-0.007948,1
0.391165,0.207755,1
-0.113387,1.681149,1
1.563247,1.147966,1
1.738399,-0.130148,1
0.426612,2.045018,1
2.666136,0.413472,1
1.206498,-0.332264,1
1.309713,0.545762,1
1.545095,0.474301,1
0.163551,-0.280604,1
0.054947,1.052382,1
2.369868,1.922376,1
1.385579,0.221581,1
-0.233519,-0.651483,1
0.682161,1.037551,1
0.962698,-0.916143,1
0.527516,0.254130,1
1.093566,1.072149,1
0.317270,1.120152,1
1.050545,0.226022,1
0.503435,-0.179080,1
3.809035,1.293091,1
-0.688012,-0.145978,1
-0.206364,0.202798,1
0.519914,1.302871,1
1.385463,0.633708,1
1.655524,0.022413,1
0.957781,1.113433,1
1.639416,-0.486381,1
1.805217,-1.014790,1
1.160522,-0.649579,1
0.125788,-0.295149,1
0.617206,-0.540561,1
1.876587,0.346419,1
0.136094,0.607353,1
0.904461,0.206500,1
0.984949,0.301881,1
2.221648,-0.766671,1
0.889249,-0.309472,1
0.845128,1.869630,1
0.395150,-0.199180,1
-0.193513,0.007769,1
3.220525,-1.093641,1
2.199689,-0.158918,1
2.510356,0.448718,1
1.173659,1.285485,1
1.890160,-0.867377,1
0.669616,-1.349313,1
0.152757,-0.565059,1
0.826084,-0.861095,1
0.138336,-0.835342,1
2.044683,-0.356019,1
2.156817,0.111215,1
1.098681,1.343084,1
0.553199,-0.799251,1
1.729981,2.212818,1
0.605824,0.285360,1
0.788614,-0.970910,1
-0.408466,-0.016149,1
0.977746,-1.271161,1
1.560641,-0.353336,1
1.646070,0.798784,1
1.874108,-0.846417,1
0.237249,-0.122615,1
0.117412,-0.281504,1
0.187834,0.180510,1
1.174220,0.828151,1
1.032274,2.200142,1
0.636668,-0.257556,1
0.603463,-0.045913,1
0.624447,0.599705,1
0.319152,0.009067,1
0.065908,-0.584929,1
2.091408,-1.600188,1
-0.499568,0.238621,1
1.775963,-0.216969,1
1.224157,0.177651,1
1.133508,0.879001,1
2.203189,0.909202,1
0.243363,1.074225,1
0.801499,0.313004,1
1.192477,-1.147332,1
1.618077,-1.375639,1
-0.204308,-1.045930,1
1.227524,0.072826,1
1.407335,-1.104056,1
0.572028,-0.144014,1
1.152050,-0.918626,1
2.323082,0.317441,1
0.872412,0.300615,1
-0.144855,0.160868,1
1.235654,-1.447961,1
0.313460,0.173906,1
1.743112,0.679495,1
1.835772,-0.151824,1
0.597257,0.776650,1
-1.072683,-0.279236,1
0.272481,0.614664,1
1.470758,0.354847,1
0.523225,-0.549232,1
1.900005,-0.111360,1
0.968375,-0.402951,1
2.177002,-0.636103,1
0.967592,0.951257,1
1.331750,0.114016,1
1.831370,-0.544628,1
1.728987,1.092716,1
0.622153,0.371524,1
1.078023,0.131810,1
1.091544,-0.993079,1
1.701752,-0.444563,1
2.238068,-0.139821,1
0.706981,0.624238,1
0.156505,0.273029,1
1.249927,0.738811,1
0.381680,-0.003749,1
2.664800,0.004029,1
0.818542,-1.770674,1
0.894347,-0.184598,1
1.100668,0.661591,1
1.737555,0.775018,1
0.131230,-1.445067,1
0.279313,-0.410150,1
0.928465,0.253209,1
0.851506,0.508903,1
0.245920,-0.329898,1
0.599240,-0.125913,1
0.972156,1.025266,1
0.335524,0.777340,1
0.381330,0.637368,1
0.158681,-0.346806,1
-0.244240,-0.402286,1
-0.570625,0.497368,1
1.889711,0.622587,1
-0.235910,0.161137,1
1.556564,-0.697141,1
-0.445023,-0.015717,1
0.199085,-0.484117,1
0.297411,1.719257,1
1.286885,-1.127097,1
1.549232,-0.139560,1
0.608324,-0.460530,1
-0.351095,-0.460866,1
0.960069,-0.156731,1
0.698735,0.004984,1
0.372771,-1.213086,1
0.507973,1.208641,1
0.690448,0.804217,1
2.956437,-0.617117,1
0.494594,-0.355469,1
1.762414,-1.311774,1
1.652983,-0.258518,1
0.570081,-0.638365,1
-0.215981,-0.432975,1
-0.261888,0.026323,1
0.822375,0.811668,1
0.857895,0.002830,1
0.148823,0.661139,1
1.652530,0.625104,1
0.004045,-1.137392,1
0.952668,-1.256426,1
2.203796,0.328282,1
0.503929,0.813804,1
0.432086,-1.190032,1
-0.015396,0.299547,1
0.484808,1.195424,1
0.095470,-0.565977,1
0.734719,0.184647,1
0.687602,0.764531,1
1.961186,0.536088,1
1.300211,1.686183,1
0.261061,-0.264920,1
0.211757,0.443032,1
0.268530,0.287068,1
1.809652,-0.644560,1
2.083334,-0.439298,1
2.217552,1.755721,1
0.833940,-0.701147,1
0.918308,0.562868,1
2.480801,-0.356761,1
1.549140,0.519135,1
0.930620,0.944866,1
1.828248,-0.833665,1
1.409029,1.102022,1
-0.124124,-0.099135,1
1.591187,-0.027421,1
-0.092796,-0.163475,1
0.273097,-0.444345,1
2.011896,0.191412,1
1.318453,-0.837266,1
1.505245,-0.127770,1
1.322924,0.438504,1
-0.265363,0.215140,1
1.667381,1.173634,1
0.212773,-0.478038,1
0.924211,0.253331,1
2.081999,0.924962,1
0.982650,-0.433350,1
-0.589776,-0.600258,1
1.609140,0.236416,1
1.088949,0.898094,1
0.749508,-0.098321,1
0.388770,-0.301991,1
1.351740,-0.007221,1
2.852323,-0.524313,1
0.664974,-0.283567,1
0.965598,-0.565586,1
0.985884,0.272467,1
0.232426,0.525484,1
1.396246,-0.964416,1
1.577001,-0.577580,1
1.174550,-0.123628,1
1.053618,-0.709433,1
1.278274,-0.873240,1
0.938289,0.644534,1
0.351923,-1.605487,1
0.015802,0.147999,1
1.212963,-0.302984,1
0.569922,0.082586,1
2.408877,0.050164,1
1.930795,0.793356,1
2.534055,-0.235811,1
0.506465,1.072280,1
2.596062,1.310018,1
1.312330,-0.358701,1
0.621416,-0.541098,1
2.398657,-0.889468,1
0.831490,-0.195029,1
1.583488,-0.098655,1
0.344378,-1.210271,1
0.730356,0.085212,1
1.150110,0.494265,1
0.295437,1.064322,1
0.294363,-1.168967,1
1.365504,-0.028318,1
1.915658,-0.102944,1
1.539692,0.109131,1
1.107875,0.386459,1
-0.209012,0.407653,1
-0.420499,-0.730824,1
3.030953,-0.493426,1
0.734821,-0.618034,1
0.119817,0.487254,1
1.431970,-0.761499,1
0.909906,-0.570411,1
0.837126,-0.259838,1
0.228593,-0.390992,1
1.337652,-0.264325,1
1.401770,-0.388241,1
0.643809,0.168922,1
2.030113,1.551125,1
1.381264,1.215824,1
0.768835,0.131843,1
0.378653,0.575753,1
1.059346,-0.407728,1
1.328830,-0.636002,1
-0.815995,-0.337876,1
0.211029,0.185870,1
1.585726,0.444562,1
0.523761,1.420643,1
1.829629,-1.138248,1
-0.182664,-0.083296,1
0.909934,-0.211853,1
0.191916,0.640484,1
1.425411,-0.263361,1
0.851078,-0.925515,1
2.253818,-1.263747,1
2.362319,0.514017,1
1.304229,-0.727893,1
0.442727,-0.790515,1
0.174011,0.127233,1
1.611930,-0.403036,1
0.380341,0.177406,1
0.972065,0.820825,1
0.408880,0.434736,1
-0.266253,-0.499406,1
0.605156,-0.909989,1
-0.015744,-0.721282,1
0.697296,-0.301749,1
0.943411,1.188410,1
0.977175,-0.234562,1
1.048535,-0.449257,1
0.800647,0.144523,1
0.654103,-0.618188,1
0.101195,0.036477,1
2.297694,0.946807,1
0.261677,0.178349,1
1.377130,0.541477,1
1.002113,-0.064562,1
-0.026144,-0.900409,1
1.493066,-0.156382,1
0.964426,-0.333392,1
0.199339,-1.159629,1
-0.620414,0.240193,1
-0.615926,-0.081696,1
1.416711,0.066798,1
1.365126,0.731547,1
1.712377,0.673251,1
0.729662,-0.831551,1
0.476330,-0.188533,1
1.228915,0.020812,1
0.713638,-0.363117,1
2.151572,0.837331,1
0.651166,0.564730,1
1.274532,0.763726,1
1.240156,-0.354846,1
0.174315,0.876665,1
0.586366,-0.864946,1
-0.004179,-0.793655,1
1.555306,0.144943,1
1.252673,-0.001653,1
0.407651,0.369565,1
2.347204,-1.116798,1
0.646736,-0.216499,1
2.093407,0.077530,1
0.667119,0.696665,1
1.617514,-0.900377,1
0.288552,-0.939750,1
-0.002073,1.234456,1
0.101412,-0.145396,1
-0.012062,-0.614956,1
1.649052,-1.079652,1
0.876675,-0.929879,1
1.438238,0.693100,1
0.602670,0.923781,1
1.474972,0.522882,1
0.440925,1.524313,1
1.405426,-0.355592,1
2.138135,1.726989,1
1.484258,-0.676827,1
0.641344,0.023284,1
0.427139,0.337211,1
1.597008,-0.185065,1
1.431200,0.190697,1
1.165563,0.164976,1
0.373131,-0.895179,1
1.389473,0.166758,1
0.350878,0.926788,1
2.100144,-0.467117,1
0.864062,0.015829,1
1.145261,1.191990,1
-0.356947,0.440698,1
-1.008055,1.913253,1
1.235089,2.060186,1
0.233516,0.555532,1
0.940438,-0.711928,1
0.922807,0.877799,1
3.062751,0.475549,1
0.357444,0.851704,1
0.031531,0.140739,1
1.073239,0.342125,1
-0.109258,-0.915712,1
1.236702,-0.651090,1
1.566614,-0.506200,1
1.690417,0.347933,1
1.267460,-1.065875,1
1.701465,-0.461353,1
1.344646,0.287028,1
0.474448,0.061666,1
0.517736,0.821231,1
1.640466,-0.384529,1
0.599572,-0.518608,1
1.518520,-0.057912,1
0.934760,1.096611,1
2.195178,0.185663,1
-0.412973,-0.808617,1
-0.404436,0.573569,1
-0.478976,-0.988944,1
1.184059,-0.762040,1
1.760545,-0.095175,1
1.200586,1.323091,1
-0.166055,0.193978,1
0.360469,0.009251,1
0.668153,-0.423885,1
0.471217,-0.125996,1
0.908490,-1.594899,1
1.964302,0.575290,1
0.123362,0.289556,1
0.141481,-0.251882,1
0.938397,0.326563,1
0.406945,0.314744,1
0.615288,-0.436333,1
1.911857,-0.621119,1
1.298787,-0.595377,1
2.245160,-0.029085,1
-0.350771,-0.950986,1
0.864323,-1.123621,1
1.924147,-0.368875,1
0.252233,0.632983,1
1.539917,-1.497911,1
2.553733,-0.660163,1
1.596628,0.189582,1
2.228166,1.034038,1
-0.406483,0.028019,1
1.582948,1.163126,1
1.772305,0.700219,1
0.163681,0.696829,1
0.512969,-0.557714,1
2.412339,1.620307,1
0.800891,1.330073,1
0.282881,0.005027,1
1.090392,1.397565,1
1.057829,0.723963,1
0.788334,-1.026845,1
0.986933,0.372207,1
0.986813,0.249472,1
1.351541,-0.731681,1
0.880207,0.073259,1
0.973660,-0.826172,1
0.040245,-0.050028,1
2.011238,0.852077,1
0.275126,0.797809,1
0.891248,0.273589,1
1.509088,-1.760217,1
1.942818,0.247612,1
1.202382,-0.972701,1
0.600029,1.683331,1
1.568628,-0.457768,1
0.814593,0.117817,1
0.377296,0.060173,1
1.696676,0.158488,1
1.348530,0.143113,1
0.714973,-0.125435,1
0.520568,0.424740,1
0.496799,0.893046,1
1.245555,-0.245711,1
0.685847,0.377688,1
-0.337372,0.488193,1
-0.002077,0.420577,1
0.652334,-0.379029,1
-0.047601,-1.510607,1
1.311920,0.077465,1
0.987767,-0.566305,1
1.847173,1.121669,1
0.672177,0.584759,1
0.230684,0.027310,1
1.262697,0.270599,1
1.633648,-0.685827,1
0.779674,2.022773,1
1.628268,-0.584713,1
0.370561,0.651076,1
0.007175,-0.574122,1
1.723337,0.308663,1
1.278186,1.018774,1
0.446068,-0.228902,1
1.072957,-1.269928,1
0.606354,-1.230634,1
2.338401,0.041178,1
0.970323,0.343844,1
1.584914,1.282152,1
0.520413,-1.228615,1
1.834904,-1.114400,1
1.413896,0.366453,1
1.866892,0.332407,1
1.817894,0.050140,1
2.226139,-0.941566,1
1.057014,0.262644,1
1.233631,1.848308,1
1.183078,0.903655,1
1.053070,-0.367100,1
1.700953,-0.605899,1
2.452318,0.148605,1
0.791858,-0.735661,1
1.037700,0.555767,1
0.051044,1.249533,1
-1.321939,-0.032782,1
1.055445,0.053709,1
0.407109,0.013421,1
0.158812,0.006608,1
-0.281988,-0.464169,1
1.366256,1.153520,1
1.518305,-0.777285,1
1.480338,-0.161659,1
0.292347,0.778620,1
2.763715,-0.986187,1
0.703553,-0.114330,1
0.133390,-0.637344,1
1.703057,-1.119591,1
1.018519,0.645867,1
2.017346,-1.062042,1
0.545692,1.530746,1
1.828354,0.619119,1
2.249084,0.562034,1
0.802039,0.554485,1
1.518226,0.819751,1
0.858946,0.291441,1
-0.345609,-0.194368,1
1.251826,0.816097,1
-0.393532,0.390934,1
0.665649,-1.018017,1
-0.577177,0.811011,1
0.284079,-0.023214,1
1.341160,0.583975,1
0.722092,-0.446878,1
0.321588,-1.362401,1
0.088784,0.351563,1
0.353860,0.116325,1
0.373210,0.161411,1
0.618866,0.902374,1
1.233852,-0.223090,1
2.285875,-0.023736,1
2.480958,0.769127,1
0.828336,-1.136128,1
0.778853,0.534952,1
1.092887,-0.794344,1
-0.026836,-1.191807,1
1.091879,0.956326,1
0.194013,-0.206139,1
0.378115,0.370119,1
1.375530,0.044392,1
1.249611,0.398569,1
0.359126,0.805501,1
1.889840,-0.117061,1
-0.126485,0.604814,1
1.613795,-0.496435,1
0.628307,-0.032607,1
0.575390,-0.598634,1
0.823480,0.315490,1
1.239508,0.022898,1
-0.376659,0.470568,1
0.410013,-0.543075,1
-0.480025,0.345423,1
1.109235,0.394416,1
0.458293,-0.036134,1
0.262051,-0.820079,1
1.668207,-0.035535,1
1.299293,-0.340752,1
0.832780,0.538527,1
1.788634,0.500903,1
1.183535,-0.902618,1
2.706740,-0.898068,1
0.104115,0.349473,1
0.768949,-0.993553,1
1.623474,0.348073,1
1.395964,-0.583761,1
2.485175,-0.323231,1
1.865304,-0.699358,1
0.422424,-0.452676,1
2.129747,0.189504,1
1.301471,0.121719,1
0.692363,-1.014874,1
-0.904523,0.195379,1
1.069405,-0.722123,1
0.532901,1.019891,1
2.020653,-0.041791,1
1.431867,-0.899186,1
1.351999,-0.553135,1
0.857031,-0.050658,1
0.691042,0.136896,1
1.811500,-1.245064,1
-0.421443,0.578233,1
-1.408480,1.011697,1
1.470569,-0.074869,1
-0.863170,-0.983052,1
0.021676,1.033540,1
1.132239,-0.049646,1
1.329113,-0.863643,1
1.804679,0.619211,1
1.951946,-0.539892,1
0.702009,-0.620203,1
0.444322,0.962819,1
0.006596,-0.095355,1
0.656458,1.049276,1
0.430691,-0.377245,1
1.605520,0.368567,1
0.606674,-0.313337,1
0.430725,-0.512784,1
0.626789,0.582183,1
1.913775,-0.065982,1
3.414221,-0.834637,1
1.343559,-1.014069,1
1.290873,-1.141809,1
1.370614,0.258047,1
1.912104,-0.468524,1
0.250077,1.454644,1
1.375164,-0.195290,1
2.009041,0.790683,1
1.032458,-0.170240,1
2.163802,-0.049458,1
0.159770,-0.879248,1
0.752282,0.646763,1
-0.327901,0.911740,1
0.139911,0.271178,1
1.564751,-0.183889,1
0.637592,-1.684150,1
1.313071,-0.881159,1
1.512151,0.414638,1
1.299724,-1.548628,1
1.280808,-1.224134,1
1.348387,-0.407580,1
2.313020,0.034571,1
0.224733,-0.587206,1
2.701659,0.003383,1
1.160313,-0.047662,1
1.293509,0.277144,1
-0.239925,-0.309261,1
0.845435,-0.234747,1
1.763096,0.563856,1
0.071149,-0.313467,1
0.394666,-0.316376,1
1.181802,-0.167455,1
0.164285,0.691981,1
1.042656,0.064752,1
0.661645,0.202625,1
0.454569,0.435025,1
0.355437,-0.093308,1
1.490992,-0.792759,1
0.560076,-0.010997,1
2.225615,0.578336,1
0.650890,-0.589671,1
0.174384,-1.221164,1
0.508255,-1.768240,1
-0.667576,-0.957459,1
1.098418,-0.109071,1
0.440278,1.141805,1
0.541873,-1.454081,1
1.497157,0.382499,1
1.341977,-0.099476,1
-1.586224,0.776669,1
1.034164,1.573424,1
-0.375493,0.125404,1
1.515080,0.682727,1
1.824781,0.156532,1
2.299663,0.333918,1
-0.502144,0.139578,1
1.096569,-0.177252,1
1.032137,-1.357984,1
0.655070,-0.811674,1
0.841560,0.399379,1
1.134504,-1.355777,1
1.418371,-0.070788,1
2.015548,0.045096,1
0.525762,0.000301,1
-0.112685,0.842363,1
0.303252,0.812410,1
1.249152,-0.776085,1
-0.198944,-0.601549,1
0.522633,-0.629374,1
0.647533,0.291388,1
1.091638,0.982447,1
1.463437,-0.579607,1
0.892442,0.078096,1
0.865106,-0.083811,1
-0.425595,1.291218,1
1.219536,0.359614,1
0.434224,-0.494779,1
0.740312,0.542729,1
1.756485,0.071635,1
0.756338,0.055726,1
-0.199861,0.409721,1
1.818745,0.566089,1
1.875057,0.116042,1
0.954574,-0.148916,1
0.858227,0.259744,1
1.172797,-0.191447,1
1.335047,-1.767536,1
0.744659,-0.798670,1
0.584596,-0.845426,1
0.583911,0.574420,1
0.176889,0.346361,1
0.134718,0.372340,1
1.366500,-0.465781,1
1.234316,-0.786595,1
1.239280,0.835671,1
-0.047896,-0.423839,1
0.687956,0.050199,1
2.144313,0.248957,1
2.511093,-0.309519,1
0.826786,-0.954517,1
0.308648,-0.425111,1
0.462178,-0.316814,1
0.673978,-0.017339,1
0.035470,-0.537334,1
1.024722,0.486707,1
0.484622,-0.608615,1
0.031108,1.137305,1
0.282267,1.394330,1
1.789905,0.357213,1
1.333404,0.006517,1
0.804225,0.028135,1
2.222149,-0.005002,1
0.999347,-0.326040,1
1.273531,0.772309,1
1.054784,-0.253881,1
1.023716,2.083828,1
0.603333,-0.669497,1
0.367148,0.970810,1
1.158933,1.166703,1
1.799016,-0.833750,1
1.330958,0.695461,1
0.495975,-1.231637,1
1.777247,0.002317,1
1.521511,1.312790,1
0.290069,-0.698146,1
0.915823,0.497252,1
0.835089,1.135671,1
0.364743,0.730137,1
1.169579,0.754740,1
1.408738,1.883968,1
-0.377596,-0.637951,1
0.907293,0.922276,1
1.287999,-1.488907,1
1.284841,-0.082455,1
0.276717,-0.050300,1
1.332635,0.128507,1
1.476966,0.494547,1
0.371803,1.208500,1
0.297504,-1.031474,1
1.074957,-0.333277,1
0.923416,-0.943972,1
2.520513,1.365687,1
-0.179267,-0.218774,1
0.318315,-0.673732,1
1.197974,-0.140240,1
2.342013,-0.196270,1
1.135450,0.338526,1
-0.432971,-0.463676,1
0.754593,0.917445,1
1.299632,0.570255,1
1.399820,-0.082574,1
0.529953,1.305537,1
0.909974,1.198512,1
0.114790,0.342091,1
0.716019,-1.350252,1
0.354454,-0.688794,1
0.141012,1.208944,1
1.938074,-0.466137,1
0.530959,-0.852472,1
0.389947,-0.230817,1
1.149428,0.914057,1
1.203953,-1.730623,1
-0.739680,-0.610952,1
0.273992,-0.911336,1
2.430445,0.448938,1
2.004871,-0.631957,1
0.894335,0.200980,1
0.923136,0.316613,1
1.908471,-0.955110,1
-0.426062,0.240767,1
2.202405,-0.431373,1
2.372784,-0.604658,1
1.032788,0.368369,1
0.896863,0.646270,1
1.078723,0.471896,1
0.806312,-0.247934,1
2.096883,-0.462802,1
1.857275,0.907673,1
1.098013,-0.738770,1
0.380770,-0.308059,1
0.290240,0.514751,1
-0.171647,-0.722746,1
1.104198,-1.320782,1
1.509740,0.930965,1
0.370629,-0.038167,1
0.891985,-0.179822,1
2.629618,0.984592,1
0.611735,0.408711,1
2.730988,0.644845,1
0.622249,-0.185309,1
1.256712,-1.064015,1
1.359752,0.633020,1
2.152890,1.606702,1
1.596152,1.068064,1
0.432476,-0.161827,1
1.577187,-0.226203,1
2.400757,-0.150413,1
0.902997,1.551073,1
1.283207,0.015929,1
0.900924,-0.207989,1
-0.023105,-0.873918,1
0.410269,0.596748,1
-0.432132,-0.168348,1
1.750497,0.012809,1
-0.266419,0.007705,1
0.872915,1.227406,1
1.200170,-0.790128,1
1.855287,0.422291,1
1.656845,1.467966,1
2.038299,-0.126186,1
1.441476,0.782137,1
0.977622,0.889581,1
1.303437,-0.420053,1
1.291926,1.136288,1
1.160411,-0.574967,1
2.265225,1.375324,1
-0.161524,-0.297685,1
1.915102,-0.606676,1
0.746611,-0.530143,1
-0.899687,-1.466104,1
2.134780,-0.042829,1
1.485821,-0.424665,1
1.688789,-1.065389,1
0.911831,-1.008610,1
2.136942,0.389205,1
0.909866,0.484875,1
0.690520,0.406968,1
0.415053,0.063457,1
1.245492,0.562740,1
0.196313,0.093881,1
1.164740,1.122235,1
1.927115,0.821139,1
0.744564,-0.064475,1
1.161565,-0.553662,1
1.410543,-1.764185,1
1.920476,0.643217,1
0.107893,-0.126918,1
0.264818,-1.404964,1
1.178143,0.263774,1
1.126738,0.591823,1
0.904759,-0.301297,1
0.451561,0.272453,1
1.333773,1.388529,1
0.690975,1.029403,1
1.122296,-0.080664,1
2.022249,0.088831,1
1.667466,1.202591,1
0.559955,0.968131,1
-0.905117,0.535992,1
1.812962,-0.090314,1
0.792038,-0.658250,1
-0.370549,0.229078,1
1.995167,1.391587,1
0.849036,-0.997175,1
0.863992,-0.728026,1
-0.110504,0.654505,1
1.685823,0.147669,1
1.869793,0.814095,1
0.374795,-0.733439,1
1.159952,0.731129,1
-0.872005,-0.612129,1
-0.026340,0.189949,1
1.606405,-2.095059,1
1.682420,1.288537,1
1.172318,-0.410722,1
0.044715,0.453411,1
1.345436,-0.232702,1
-0.195001,-0.799921,1
1.237345,0.791673,1
0.167329,0.494538,1
1.332396,-0.033038,1
0.983380,-1.954272,1
1.607451,-0.552528,1
2.797100,0.244525,1
-0.039393,0.409850,1
0.308498,-1.036184,1
1.816672,0.911763,1
2.252203,1.569272,1
-0.298284,0.488567,1
1.217894,-0.831569,1
2.374385,1.203797,1
1.227201,-0.828425,1
1.528527,0.137109,1
0.759081,-0.073547,1
1.286264,-0.835339,1
1.384381,-0.418593,1
0.918280,0.035502,1
2.639341,1.044332,1
-0.636085,0.330377,1
1.882168,0.647317,1
0.194638,1.031947,1
1.544588,0.060037,1
1.641174,-1.179260,1
-0.397170,1.396452,1
1.839941,1.728525,1
0.554319,-0.063015,1
1.191518,-0.462814,1
-0.481487,-2.001821,1
-0.993687,0.669133,1
1.891547,-1.153238,1
-0.602457,0.413836,1
0.933763,0.583935,1
1.097117,-0.864968,1
1.797437,0.207869,1
0.267823,-0.506051,1
0.715653,-0.545136,1
1.843900,-0.283543,1
3.045681,1.454582,1
0.517966,-0.107030,1
-0.064350,-0.272728,1
1.073517,-0.052965,1
0.856673,-0.803704,1
2.416325,-0.002900,1
1.286806,-0.042729,1
0.805179,-0.155478,1
0.599729,-1.194905,1
1.084248,-0.254734,1
1.393994,0.257036,1
1.089431,-1.615534,1
1.166451,0.871313,1
1.610676,-0.682157,1
1.058740,-0.978554,1
-0.477631,-0.852213,1
0.258366,-0.466566,1
2.501119,-0.866478,1
2.173874,0.020466,1
2.221494,-1.287670,1
1.589586,0.618949,1
0.620005,0.939681,1
1.231309,0.161446,1
1.123837,-0.066641,1
0.142386,0.507926,1
-0.179301,-1.719468,1
0.734606,0.221466,1
0.725903,0.064158,1
0.306969,-0.227610,1
1.306888,-0.226026,1
0.046577,-0.959650,1
0.688138,-0.450814,1
1.108282,0.193694,1
-0.293569,-1.364057,1
0.008083,-0.476540,1
0.860120,1.164185,1
1.344180,0.842739,1
3.333879,0.573323,1
1.158900,0.042894,1
1.326505,-0.146979,1
0.197216,0.385737,1
1.152520,-0.241103,1
0.988511,1.136002,1
0.864378,0.237746,1
0.628981,-0.096813,1
-0.424957,-0.082739,1
2.017730,0.027780,1
2.223559,-1.305856,1
1.742203,-0.323176,1
0.177672,-0.713050,1
1.513584,-0.056227,1
1.104566,0.355707,1
-0.173278,0.779144,1
0.509275,0.862450,1
1.720699,-0.095730,1
1.058340,-1.075026,1
2.070071,-0.390726,1
0.853225,0.900255,1
-0.259241,0.437344,1
1.170224,0.215565,1
0.683879,0.394623,1
0.411335,-1.988049,1
0.861150,-0.902406,1
0.264725,-0.371776,1
1.338195,-1.461724,1
0.658857,-1.104754,1
1.802743,0.169080,1
1.085842,-0.043794,1
0.501334,0.186606,1
2.401877,-0.107601,1
1.081962,-0.863264,1
0.948281,-0.626078,1
0.915639,0.335554,1
1.025782,-0.422739,1
0.129926,-0.742376,1
0.092950,1.044439,1
0.403965,-0.472070,1
1.231292,0.380879,1
1.489074,1.751335,1
1.078017,-0.951597,1
2.253767,-0.831252,1
1.046122,0.083816,1
0.276313,-0.581574,1
0.194436,0.363243,1
1.003777,-0.532372,1
0.483765,-0.476562,1
0.584175,0.127857,1
1.324145,-0.456238,1
0.795743,0.433165,1
1.645426,0.363508,1
0.571562,0.866809,1
1.555853,0.295724,1
0.574151,0.379007,1
2.003772,0.633722,1
2.060692,-1.542943,1
0.508968,-1.044595,1
0.547255,1.042294,1
0.287127,0.663979,1
0.549095,0.577013,1
0.669079,0.878044,1
1.102786,0.011628,1
-0.633103,1.459171,1
2.968632,-0.497949,1
1.297302,0.391927,1
1.600287,1.024283,1
2.401170,0.590062,1
1.942051,-0.039012,1
0.443261,-1.477238,1
0.316590,0.064828,1
1.099562,-0.957930,1
1.298635,-2.367534,1
-0.182926,-1.244515,1
0.343540,-0.537240,1
1.540157,-0.655132,1
-0.776381,1.637233,1
0.107027,-1.741613,1
1.129039,0.110705,1
2.167650,-0.503461,1
2.679794,0.540606,1
2.703070,-0.224338,1
1.911228,-1.013553,1
2.103919,0.315499,1
1.559793,-0.325773,1
2.120767,0.091589,1
0.309035,-0.354232,1
1.564026,0.228345,1
1.305208,1.071635,1
0.516245,-0.386494,1
-0.298545,0.920317,1
0.875375,0.485295,1
2.444957,-0.363508,1
1.214908,-0.443401,1
1.149120,-0.667252,1
0.954061,-0.115382,1
0.495796,-0.579002,1
1.018655,-0.067610,1
0.384864,0.906876,1
0.913710,0.353731,1
1.673518,-0.369795,1
0.564802,-0.867185,1
0.163825,0.426089,1
0.409561,-0.146795,1
2.474696,0.190415,1
0.051149,-2.004000,1
0.324818,0.145921,1
0.336423,-0.465565,1
0.830402,-0.461070,1
1.202597,-0.873317,1
1.026599,-0.927107,1
0.498402,0.651758,1
0.267851,0.267838,1
1.598542,0.137666,1
1.166822,-0.688875,1
1.206115,0.279189,1
1.220084,0.704680,1
1.333952,-0.185988,1
1.006936,-0.163456,1
2.337852,0.041210,1
0.913732,0.245631,1
1.908909,-0.093781,1
0.558221,-0.587656,1
1.186142,0.648924,1
0.267590,-2.116503,1
-0.187463,-1.008320,1
0.881327,-0.444285,1
1.457061,-0.543105,1
-0.225573,-0.223768,1
0.989668,0.083474,1
0.670573,-0.710571,1
1.483424,0.050650,1
1.002840,0.037340,1
1.433332,0.238474,1
2.471022,-1.168591,1
1.045117,0.871278,1
1.477209,0.654424,1
2.007320,0.570143,1
1.421932,0.953859,1
0.877093,-1.786501,1
-0.466260,-0.678639,1
1.304522,0.457678,1
1.720285,0.420072,1
0.317189,0.339592,1
0.070578,-0.481997,1
0.606260,0.200537,1
0.340514,-0.494787,1
2.967808,0.155904,1
1.866821,-0.036670,1
0.570622,-1.021317,1
0.131863,-0.218387,1
0.208204,-0.150428,1
2.188605,-0.643770,1
0.452060,-0.372870,1
1.264921,-0.742685,1
3.000324,0.358747,1
1.777497,1.945368,1
2.638310,-1.094779,1
0.317465,1.010936,1
1.124931,0.353826,1
1.933307,-0.767289,1
1.652906,1.587877,1
1.904525,-1.206763,1
1.912938,-0.425437,1
1.332652,-0.317821,1
1.119958,0.608920,1
2.217212,-0.453603,1
1.231626,0.122910,1
1.485021,0.234634,1
0.911423,0.176027,1
0.865994,-0.239038,1
0.120146,-0.188390,1
1.080595,1.264225,1
1.128792,-0.244331,1
1.078857,0.237550,1
0.228772,0.979001,1
1.105345,0.325524,1
1.514297,-1.555934,1
-0.362955,-1.136145,1
0.944475,-1.859961,1
1.036665,-0.050683,1
0.327431,-0.441002,1
0.310964,-0.926333,1
1.070695,-0.295691,1
0.112676,0.199299,1
2.234341,-0.369000,1
0.854745,-1.437207,1
0.976088,-1.359758,1
0.546495,-0.934900,1
1.095082,-0.596451,1
1.967302,1.000668,1
1.234520,0.753096,1
1.100351,-0.415856,1
0.172515,0.495471,1
0.747769,-0.444945,1
0.580799,-0.205281,1
1.624783,0.794786,1
2.396644,-0.067668,1
1.218521,-1.169012,1
0.903803,0.587922,1
1.009925,0.011492,1
0.969797,-1.484583,1
0.544211,-0.514793,1
1.578905,-0.663819,1
0.159077,0.309846,1
0.950770,-0.675781,1
0.540792,-0.106873,1
1.098700,1.048747,1
1.278577,0.817932,1
-0.813331,-0.015840,1
0.879953,0.445269,1
1.161088,0.856715,1
1.655226,-0.082521,1
0.147061,-0.555236,1
1.265214,-0.897136,1
1.621143,-0.596869,1
1.682027,-0.346380,1
2.285122,0.146017,1
0.533604,0.656968,1
-0.167085,-0.426494,1
1.661575,0.494002,1
2.554625,-1.796717,1
0.434794,-0.069233,1
-0.294431,0.826546,1
1.097446,-0.669585,1
1.864785,-0.421954,1
1.642612,0.255112,1
0.993742,-0.129024,1
1.542113,0.863918,1
0.922455,0.480773,1
1.570779,1.233583,1
1.669209,0.146169,1
2.675809,0.863304,1
0.599118,0.753345,1
1.324550,0.992393,1
0.784283,0.532374,1
-0.591265,0.347073,1
0.390806,0.865550,1
0.170035,-1.737465,1
0.281031,1.216375,1
1.219356,-1.720072,1
1.394509,1.232967,1
1.293345,-0.278895,1
0.759429,-0.505756,1
0.812538,-0.110701,1
-0.409230,-1.060959,1
0.885755,0.220847,1
1.140119,0.276480,1
0.056816,0.410579,1
-0.369989,-0.651285,1
0.761021,0.508314,1
0.606945,0.398435,1
1.687358,0.261095,1
0.732753,-1.021993,1
1.123255,0.510268,1
0.914696,0.126229,1
1.328762,0.997095,1
1.409441,0.486864,1
0.705240,1.662076,1
0.023328,-0.432282,1
0.730030,-0.797701,1
1.387388,-0.468543,1
2.333770,0.729582,1
0.991945,-0.336711,1
0.849389,1.233964,1
1.534519,2.153229,1
0.343120,-0.314695,1
1.410646,1.333364,1
2.162118,-0.621151,1
0.165944,-0.389755,1
0.301046,-0.173533,1
1.951673,-0.006480,1
1.939754,-0.149387,1
1.627869,-0.110815,1
1.734118,0.077581,1
1.568694,-0.721440,1
2.112225,-1.497712,1
1.400485,1.474277,1
1.078682,-0.682584,1
1.855408,0.361066,1
1.654583,0.769632,1
1.514513,-0.839818,1
0.704670,0.574678,1
2.822919,0.317857,1
1.049546,-0.976530,1
1.386425,0.027749,1
-0.448184,1.380219,1
1.367439,0.062020,1
1.109008,-0.408114,1
1.408712,-0.053537,1
2.324381,-0.916665,1
0.174604,-0.012624,1
1.666830,0.983291,1
0.986809,0.865058,1
-0.550847,0.397830,1
-0.089686,1.596531,1
2.003172,0.652092,1
0.676818,-0.834965,1
0.774702,0.435288,1
1.302578,0.548295,1
1.684366,-0.283080,1
0.017421,-0.207113,1
0.552549,0.688420,1
0.808645,0.746516,1
0.645265,-0.324070,1
0.070188,-0.434375,1
1.917644,0.110506,1
1.047328,0.773304,1
0.443678,0.443168,1
0.198422,0.394084,1
0.838566,0.195248,1
2.054927,0.419913,1
1.502817,0.753211,1
2.883388,0.379336,1
1.020884,-1.138698,1
1.463565,0.070468,1
-0.511067,0.472923,1
0.878368,-0.079630,1
1.971355,1.489519,1
1.250069,-0.240670,1
-0.800300,-0.292234,1
1.293380,-0.491767,1
0.706445,0.873930,1
0.883451,-0.569425,1
1.276586,0.601951,1
1.622376,1.588975,1
1.714471,0.598545,1
1.091306,0.639843,1
-1.173135,1.758498,1
0.662143,0.840380,1
1.019888,-0.397150,1
0.742217,0.808116,1
1.836015,0.005669,1
0.504636,-0.387711,1
1.732273,-0.676132,1
1.799643,0.684442,1
0.592859,0.522161,1
1.504675,0.833640,1
0.318050,-0.982200,1
3.095347,-0.430093,1
1.226636,0.679597,1
1.298502,1.113735,1
0.242102,0.244378,1
0.300660,-0.246628,1
1.560905,-1.609643,1
-0.134828,0.881843,1
1.581785,-0.626679,1
0.728824,-0.012115,1
1.185038,1.056435,1
2.018702,-1.204380,1
0.246631,0.804654,1
1.806531,-1.495051,1
0.498365,0.312606,1
1.293650,-1.386675,1
0.700708,-0.276183,1
0.293480,-1.027887,1
1.126505,0.748561,1
0.919931,0.425429,1
0.417916,0.070691,1
1.520535,-0.127959,1
-0.136634,1.216221,1
0.332170,-1.008470,1
1.364534,0.845959,1
0.613827,0.076018,1
1.354925,-0.802737,1
1.127908,-0.172477,1
1.513725,1.260790,1
0.760390,0.189236,1
0.516977,0.420478,1
0.357280,0.228316,1
0.410531,-0.756963,1
1.437985,0.222456,1
-0.692650,-0.416379,1
2.048135,-0.359094,1
1.791406,1.530400,1
1.395743,0.167052,1
0.251873,1.298290,1
0.298106,-0.708315,1
0.854602,0.179899,1
0.390372,0.638830,1
0.854905,1.135985,1
2.715755,-0.850050,1
1.655831,1.168978,1
1.012829,0.333709,1
1.696469,-1.128429,1
0.213453,-0.088688,1
1.694607,1.013315,1
-0.029419,0.046928,1
0.571075,0.217823,1
1.848582,-1.436087,1
2.777636,-2.015003,1
0.982902,-0.643179,1
-0.222441,-0.569817,1
1.348073,1.316881,1
0.007333,0.333436,1
-0.255738,0.290193,1
1.298074,0.081390,1
1.048428,-0.470753,1
-0.387617,-0.058199,1
1.867158,-0.718861,1
0.871358,0.169714,1
1.178155,1.141034,1
1.882723,-0.651630,1
0.370544,0.092560,1
-0.167106,0.123956,1
0.869482,-1.126579,1
1.396711,0.308087,1
1.062967,0.200551,1
2.236697,0.431511,1
1.078675,-0.678663,1
0.520751,1.064901,1
0.891649,0.593014,1
-0.261542,-0.794504,1
1.680800,0.297174,1
0.498688,0.550546,1
1.485601,-1.967177,1
0.904995,-0.219549,1
1.265897,1.010882,1
2.211975,-0.036791,1
-0.687240,-1.280361,1
2.433472,-0.750415,1
-0.278031,-1.303263,1
1.028165,-0.761839,1
1.175195,0.341908,1
0.511728,-1.295215,1
1.271951,-0.141688,1
2.409100,0.316004,1
0.901586,0.882464,1
2.839610,0.918778,1
-1.052174,0.464664,1
1.032530,-0.019287,1
0.661310,0.507861,1
0.998170,0.171625,1
3.540795,-0.195427,1
1.209512,-0.062122,1
1.716367,-1.545896,1
2.515650,-1.748094,1
0.770344,-0.067104,1
1.071701,-0.775410,1
0.794348,0.065784,1
-0.234123,-2.269712,1
0.434250,-0.673222,1
0.562860,-0.234567,1
0.737545,1.468805,1
1.282312,-1.459645,1
0.824443,-0.727706,1
-0.043929,0.080573,1
-0.083726,0.285042,1
0.887808,0.943571,1
0.914774,-0.098237,1
1.194924,-0.706155,1
0.203720,-1.069044,1
2.075472,0.947485,1
1.801718,0.333004,1
0.850329,0.745013,1
1.203851,0.593989,1
1.446337,0.239765,1
0.473512,0.190520,1
0.961225,0.206530,1
0.329020,0.656738,1
1.447332,1.135961,1
-0.136013,0.313329,1
1.450199,-0.174197,1
1.055169,0.539419,1
1.685963,-1.574900,1
1.156947,0.586250,1
0.760578,0.364783,1
2.710852,-0.560573,1
1.842476,0.579858,1
2.920427,1.827813,1
-0.460250,-0.688025,1
-0.862236,-0.625484,0
-1.962782,0.708404,0
-0.523521,0.273051,0
-1.926840,0.425092,0
-0.451351,-0.795831,0
-0.612360,-0.290584,0
-0.551900,0.090098,0
-1.256269,0.142396,0
-0.259236,-0.674088,0
-0.279054,1.000393,0
-0.177342,-0.142876,0
-1.845035,1.128732,0
-1.066911,-0.335445,0
-1.764853,-0.906064,0
-0.339412,-1.326440,0
-1.354504,-0.629602,0
-0.268604,0.319438,0
-1.278763,-0.070828,0
-2.507503,-0.281445,0
-0.741007,-1.368750,0
-1.466805,-0.260299,0
-0.193044,1.129073,0
-0.636573,-0.353431,0
-2.022984,0.854300,0
-1.024491,0.272241,0
0.531317,-1.179001,0
0.139612,0.281251,0
-0.051703,-0.746275,0
-1.075499,2.137049,0
-0.735240,1.167027,0
-2.279401,0.319182,0
-1.188314,0.624610,0
-0.469083,0.452388,0
-0.783811,0.124751,0
-0.880949,-0.653888,0
-1.539820,-0.226134,0
-0.850944,-0.643414,0
0.705418,0.505118,0
-0.173229,0.983074,0
0.192878,-0.601448,0
-1.021749,-0.155114,0
-3.162530,-0.302374,0
-0.929137,0.873008,0
-2.550401,-0.935179,0
-0.402590,-0.623215,0
-0.111824,1.272489,0
-1.678019,-0.682048,0
-1.719093,0.378332,0
-1.799296,1.049527,0
-2.030624,-0.420675,0
-0.881795,0.819463,0
-0.750953,-0.603566,0
-1.011010,-1.177559,0
-1.667226,-0.367504,0
-1.091469,-0.448010,0
-1.199642,-0.667852,0
-2.127405,-0.498627,0
-1.072980,0.548946,0
0.150421,-0.064065,0
-0.342147,0.294301,0
-1.533047,0.939501,0
-1.262847,-0.757055,0
-1.391076,-0.263215,0
-0.357016,0.238414,0
-0.625234,0.561634,0
-0.081357,0.163481,0
-1.246980,0.398702,0
-1.156793,-0.460294,0
-0.163502,-0.081185,0
-0.685372,-0.231533,0
-1.341652,-0.611865,0
0.267211,0.859338,0
0.103543,0.805222,0
-1.554762,-0.174028,0
-0.681769,-0.147080,0
-1.378615,1.453307,0
-1.796278,-0.287343,0
-1.157765,-0.105761,0
-2.318902,0.603941,0
-0.079742,-0.385782,0
-0.571544,-0.082500,0
-0.881213,-0.699989,0
-1.046128,1.140551,0
0.008897,-0.617938,0
-1.208210,-1.116688,0
-1.961464,-0.801947,0
-0.916673,-0.000048,0
-0.957603,1.865011,0
-0.544951,0.425982,0
0.709454,-0.410697,0
-1.553315,-0.155743,0
-0.269545,-1.909779,0
-1.311430,0.495655,0
-1.269116,0.742211,0
-0.855410,-0.125251,0
-0.790109,0.633750,0
-2.589697,-0.648489,0
-0.667890,-0.878099,0
-0.841255,-0.260467,0
0.437709,0.904867,0
-1.510373,-0.128156,0
-0.775673,-0.144126,0
-0.593912,-0.461640,0
-1.095749,0.729602,0
-0.685954,-0.176107,0
0.102453,-0.252580,0
-1.559679,0.341465,0
-0.816284,-0.693246,0
-2.283569,0.309347,0
0.494940,0.751737,0
0.005622,0.043316,0
-1.360295,0.166496,0
-1.672165,-0.382679,0
0.597030,-0.713381,0
-0.085679,0.279096,0
0.239039,1.382680,0
-1.465086,-0.748894,0
-1.962647,0.703632,0
-1.855866,-1.449424,0
-0.187766,-0.000714,0
-0.908672,0.782133,0
-0.198359,-0.668954,0
-1.647452,0.199005,0
-1.012943,0.377561,0
-1.096818,-1.589619,0
-0.976769,0.222528,0
0.295460,-0.978678,0
-1.016403,-0.295676,0
-0.738922,-0.964482,0
-0.832285,-0.151200,0
-1.523210,-0.952296,0
-2.108491,0.718157,0
-2.089526,0.156597,0
-0.795484,-0.723728,0
0.016500,0.713970,0
-0.195995,1.680395,0
-1.860537,-0.499280,0
-0.997082,0.712095,0
-1.405192,-0.258315,0
-1.206776,0.825490,0
-1.200491,-0.181881,0
0.401107,-0.251746,0
-1.334258,0.229936,0
0.063224,-0.074430,0
-1.265268,0.528404,0
-1.772368,0.174996,0
0.828928,-0.519229,0
-1.982775,-0.632188,0
-1.442138,0.088828,0
-1.432379,-0.813279,0
-0.819906,-0.070381,0
-0.815311,-0.415025,0
-1.773168,-0.707543,0
-1.687450,0.804030,0
-0.923997,-0.639925,0
0.826792,0.181470,0
-0.742090,0.719291,0
-0.515751,0.540802,0
-0.822640,-0.325390,0
-0.789164,0.343379,0
-2.171500,0.009749,0
-0.281425,0.774040,0
-1.940782,0.543729,0
-0.105559,0.526557,0
-1.825646,-0.287826,0
-1.688183,0.116474,0
0.102428,-0.203242,0
-0.453597,-0.521782,0
-0.240928,-0.053476,0
-0.329429,-0.434261,0
-1.352940,-0.464110,0
-1.842157,1.055177,0
-0.487035,-0.074260,0
0.737319,0.400115,0
-1.489792,-0.337523,0
-1.120232,-1.412123,0
-1.537677,1.517127,0
-0.664921,-0.580423,0
-0.911076,-1.981824,0
-0.395862,0.459724,0
-1.774594,-0.873701,0
-1.993291,-0.390053,0
-0.681437,-0.583756,0
-0.951373,1.738128,0
-0.778666,-1.083568,0
-0.505779,-1.228979,0
-1.798043,-0.729088,0
-1.059555,-1.276838,0
0.218962,-0.440701,0
-0.191828,-0.521816,0
-0.714591,0.262559,0
-0.256302,0.537810,0
-2.085804,0.911176,0
-1.729615,1.592182,0
-1.185768,-0.234149,0
-1.658591,2.137388,0
-1.316125,-0.635044,0
-2.384857,-0.927973,0
-2.196018,0.766580,0
-1.168279,-0.619913,0
-0.524035,-0.790353,0
-1.187589,-1.644345,0
-1.393862,-1.218383,0
-1.401366,1.033445,0
-1.000391,1.501450,0
-2.833721,0.101186,0
-0.310726,1.650961,0
-0.051094,-0.630203,0
0.144463,-1.296851,0
-0.761566,-0.967493,0
-0.178721,-0.301036,0
-0.863205,-0.186026,0
-1.073177,0.623240,0
-1.091540,-0.389654,0
0.334867,0.356518,0
-1.124014,0.445318,0
-2.013110,-0.282220,0
-1.302457,0.967539,0
-2.301410,-1.343071,0
-0.137207,-0.934862,0
-1.540654,-0.569744,0
-1.002667,0.581738,0
-1.180365,0.645659,0
-1.592553,-0.374565,0
-2.220322,-0.456560,0
-0.623476,0.945263,0
-0.508746,0.981224,0
-0.035146,0.901639,0
-0.857275,0.694240,0
-0.910695,-0.662460,0
-2.375374,-0.536442,0
-0.649035,-0.142443,0
-1.260843,0.188763,0
-0.643364,-0.758153,0
-0.601149,-0.037385,0
-1.128492,-0.282360,0
-1.254359,0.867318,0
-1.241246,-0.795204,0
-1.445053,-0.637379,0
0.069737,0.964741,0
-0.436867,-0.094078,0
-0.143976,1.772737,0
-2.044642,-1.006884,0
-1.230050,-0.398435,0
-1.053732,-0.245072,0
-0.741455,0.010591,0
-1.024729,-0.281151,0
-1.335456,0.627399,0
-0.317417,0.565095,0
-0.151536,-0.018863,0
-0.476145,1.401907,0
-2.555519,1.106237,0
-0.885792,-0.857402,0
0.505534,-0.325394,0
-0.418773,-0.770782,0
-1.524133,-0.521968,0
-0.210290,1.458260,0
-1.977225,0.303915,0
-0.203377,-0.183790,0
-1.007295,-0.640571,0
0.679762,-0.172526,0
-0.739685,0.562109,0
-0.567950,-1.445928,0
-1.534777,-0.418276,0
-1.285156,1.080690,0
-1.403143,0.859180,0
-1.990392,-1.018411,0
-0.903470,-0.093737,0
-1.748863,-1.601381,0
-0.937961,1.859054,0
1.466756,0.356973,0
0.026562,-0.234232,0
-0.685142,-0.373582,0
-0.837332,0.927546,0
0.575958,0.431796,0
-0.211699,-0.602156,0
0.629511,-0.547581,0
-0.368825,-0.381310,0
-0.665546,0.083408,0
-1.846845,-1.412497,0
-0.943933,0.699372,0
-0.880028,-1.158313,0
-2.381110,0.421065,0
-0.148617,0.994020,0
-2.226812,0.233495,0
-2.244744,-0.234415,0
-1.022184,-0.726489,0
-2.147900,0.130661,0
-1.317199,0.454322,0
-2.506375,-0.303500,0
-3.215241,-0.121613,0
-0.262056,0.974051,0
-2.019031,-1.314557,0
-1.867015,0.659871,0
-1.432309,0.126945,0
-0.962196,-0.403801,0
-2.673824,-0.730028,0
-0.418449,-0.435799,0
-1.082214,1.140132,0
-1.051279,1.117900,0
-1.489960,-0.186799,0
-1.396007,-0.928902,0
-0.606504,0.798430,0
-0.747033,0.610977,0
-1.080369,0.400130,0
0.152114,0.687678,0
-1.293651,0.494042,0
-2.130099,1.358456,0
0.802356,0.481910,0
-1.748299,-0.247859,0
-0.681053,-1.006539,0
-0.768887,-0.487988,0
-0.752528,-0.356769,0
-3.222818,-0.063083,0
-1.158088,0.216521,0
-0.723391,-0.337142,0
-1.189198,-0.544162,0
-0.048751,-0.815566,0
-0.201690,1.275948,0
-0.693005,0.328406,0
-0.003085,-0.043824,0
-2.222946,0.602461,0
-0.967239,0.027320,0
-1.168685,-0.116628,0
-1.163489,0.128849,0
-2.294297,-0.657925,0
-1.372025,0.554104,0
-0.955094,-0.657196,0
-0.117719,0.160350,0
-0.919832,0.644299,0
-1.791481,0.097393,0
-0.378729,-0.948595,0
-0.626074,-0.002598,0
-0.797015,0.364735,0
-2.511282,1.216921,0
-0.201982,-1.311179,0
-0.425368,0.625579,0
-0.650579,-0.091017,0
-0.996946,-0.141557,0
-0.743322,0.507203,0
-1.241476,-0.343290,0
-0.522449,-0.884458,0
-0.253790,0.689843,0
-1.489247,-1.260966,0
-0.180076,1.421138,0
0.159653,-0.102499,0
-1.850764,-0.885140,0
0.178332,0.493987,0
-0.561140,1.120247,0
-1.145863,0.012375,0
-0.453530,-0.514043,0
-1.067847,-0.555315,0
-0.575958,-1.496002,0
-1.302715,1.236073,0
-1.428622,0.884510,0
-1.095856,0.134742,0
-1.662009,2.543679,0
-0.728000,0.411447,0
-0.935576,1.504788,0
-2.443349,-1.662329,0
-0.557896,0.079673,0
-1.746948,1.590156,0
-1.826058,-0.362641,0
-1.199407,2.306111,0
-2.215633,-1.775567,0
-0.784263,-0.012017,0
-2.116089,-0.554186,0
-0.877798,0.635214,0
-1.200522,1.008557,0
-1.850080,1.314482,0
-0.246232,-1.223866,0
-0.643380,-1.255823,0
-2.218495,0.367600,0
-0.276269,-1.952801,0
-2.292432,-0.690059,0
0.035450,-1.708442,0
-0.639337,-1.090168,0
-1.134550,-0.206440,0
0.948914,0.208309,0
-1.129210,-0.665166,0
-0.275447,-0.187317,0
-1.334991,1.214528,0
0.336629,0.735280,0
-0.608821,0.415662,0
-1.400280,-0.244491,0
-0.200595,1.516635,0
-2.036887,0.506375,0
-0.413573,-0.005460,0
-0.463915,0.288322,0
-2.221330,1.352152,0
-1.400981,0.129404,0
-0.733493,-0.213821,0
-1.036727,-0.507499,0
-1.436183,-0.598078,0
-0.268006,-0.486290,0
-1.562076,-1.080223,0
-1.583798,0.354622,0
-1.165127,-0.884844,0
-0.815750,-0.124593,0
-0.630572,1.018795,0
-2.525544,-0.132001,0
-2.821473,-0.444848,0
-0.715507,0.826597,0
1.214055,0.944792,0
-1.761272,0.448538,0
-1.959042,1.390744,0
-2.231679,-0.330278,0
-2.076688,-0.813162,0
-0.360307,0.255185,0
-0.691308,0.026832,0
-3.237328,-0.795788,0
-0.970537,1.210492,0
-2.659567,0.580392,0
-0.508884,1.849706,0
-0.779981,-0.375613,0
-1.447850,0.854501,0
-2.200198,-1.863931,0
-0.194429,-0.107183,0
-1.712655,-1.152361,0
-1.761046,0.263534,0
-0.247215,0.096179,0
-1.157431,0.061541,0
-1.171960,-0.862967,0
-1.029170,0.934373,0
-0.942903,0.422908,0
-0.253740,1.220142,0
-2.153936,0.461961,0
-0.113080,-0.425574,0
-1.107306,-0.783749,0
-1.210717,0.462162,0
1.213252,0.307179,0
-1.125193,0.787543,0
0.145688,-0.389319,0
-0.388853,0.068661,0
-1.706099,0.456469,0
-0.682621,0.391654,0
-1.402948,-0.203610,0
-2.228632,0.126595,0
-1.237484,0.056920,0
-1.321862,-0.774788,0
-1.718550,0.036532,0
-0.729360,0.428263,0
-1.257324,0.417253,0
-2.265886,0.084837,0
-2.000556,0.395280,0
-1.938294,0.075355,0
-1.931678,0.355359,0
-0.333170,0.126347,0
-2.051803,0.530253,0
-1.934655,0.757077,0
-1.964101,-0.174502,0
-1.054532,2.089082,0
-0.890257,-0.073289,0
-1.225861,-0.404479,0
-1.712536,0.251127,0
0.144027,-0.569437,0
0.014317,0.542547,0
-1.275508,0.257782,0
-0.766760,-0.183869,0
-1.986493,-1.066999,0
-1.114725,1.636641,0
-0.626928,-0.499427,0
-0.325642,0.716728,0
-0.617952,1.585199,0
0.483356,-0.496398,0
-1.001805,-0.256579,0
-0.604385,-0.402685,0
-0.442983,1.935634,0
-2.072173,-0.373757,0
-0.830909,-0.619985,0
-0.454879,0.253043,0
-1.295306,0.884458,0
-0.579818,-0.101215,0
-0.131065,0.424021,0
-0.744842,0.202314,0
-0.708387,0.420808,0
-1.137878,-0.279979,0
-1.578906,-0.466064,0
-0.354573,1.021094,0
-1.141178,-1.060881,0
-0.590571,-0.269118,0
-0.709624,1.144438,0
-0.990387,-0.658373,0
-1.564694,0.471946,0
-1.206828,1.000232,0
-1.459878,0.873720,0
-0.550657,-0.893024,0
0.018928,0.762437,0
-1.075023,-0.124915,0
-0.957863,-0.324629,0
-1.033283,-0.285179,0
0.069507,-0.802996,0
-0.337754,-0.783707,0
-0.661150,0.023532,0
-1.650140,0.585641,0
-0.787379,-1.400122,0
-0.488624,0.648984,0
-1.522970,0.384343,0
0.641385,-0.847738,0
0.723451,0.187549,0
-1.921207,-0.676208,0
-2.037911,0.322878,0
-1.715496,0.543355,0
-2.552277,0.929854,0
-1.926736,1.523687,0
-0.705147,-0.111152,0
-1.181895,1.852223,0
-1.538304,1.134159,0
-1.174923,-1.240990,0
-0.700930,-0.338334,0
-0.695336,-0.065225,0
-1.955711,0.581063,0
-1.334223,-0.413023,0
-0.016589,0.096954,0
0.057389,-0.910020,0
-0.703255,0.870462,0
-1.307400,-0.303848,0
-1.034340,0.723417,0
0.029595,0.354757,0
-1.283628,-0.240886,0
-1.589402,0.051393,0
-0.179273,1.089544,0
-1.393530,-0.215122,0
-2.504281,-1.626136,0
-0.841669,0.353465,0
-1.987747,0.725290,0
-0.813742,1.004266,0
-1.125631,0.000530,0
-1.448937,-0.894672,0
-0.852229,1.104924,0
-2.196048,0.845883,0
-0.295094,0.097684,0
-1.360365,1.241839,0
0.277761,-0.925173,0
0.336164,-0.472578,0
0.090229,0.133103,0
-1.498390,-0.223346,0
-1.320403,0.053884,0
-0.237145,0.512095,0
-0.980970,0.468389,0
-1.934471,0.478628,0
-1.135935,0.623205,0
-0.819705,0.154868,0
-0.302891,0.421202,0
-1.288834,-0.058070,0
-1.399614,-0.036417,0
-1.184745,-0.087802,0
0.509231,-0.531685,0
-0.860165,0.212715,0
-0.116798,0.454804,0
-1.009623,-1.097536,0
-0.868654,0.736492,0
0.189584,-1.111121,0
-0.310513,-0.181918,0
-0.233330,-0.996619,0
-0.342921,-0.724790,0
0.107857,-0.180832,0
-1.560477,-0.099710,0
-1.178999,0.379156,0
-1.588808,-0.218983,0
-1.075796,1.145762,0
-0.491984,-0.879599,0
-1.113303,-0.237461,0
-3.160900,0.022898,0
-2.067511,1.461761,0
0.468055,0.568437,0
-1.631772,0.080093,0
-0.371525,0.832914,0
-1.116992,-0.389922,0
-0.853532,0.563473,0
-1.330434,0.317666,0
-1.855978,-0.726766,0
-0.659374,1.372954,0
-1.104557,-0.498146,0
-0.938686,0.278202,0
-0.227043,-1.508684,0
-2.204759,0.443514,0
-1.156711,0.275944,0
-0.406896,0.001448,0
-1.126990,0.255428,0
-0.355755,-0.234522,0
-0.717389,-0.712013,0
-1.477149,-0.484034,0
-2.373253,0.277542,0
0.584248,1.045064,0
-1.307566,-0.017999,0
-1.832316,0.655245,0
-1.483432,0.120997,0
-1.318871,-0.793140,0
-1.788140,0.270197,0
-0.466581,-0.918497,0
-0.559674,0.094177,0
-0.557389,-0.698858,0
-1.757054,-1.042704,0
-1.529638,1.143315,0
-1.585319,0.022898,0
-1.292887,1.597699,0
-1.915765,0.334314,0
-1.182228,-0.545494,0
-0.206644,0.541073,0
-1.118219,-0.559406,0
-1.273144,1.180382,0
-0.721931,-0.863961,0
-2.266629,0.282983,0
-0.401022,-0.055254,0
-1.576743,-0.027097,0
1.017878,-0.796378,0
-0.580339,0.382358,0
-0.760843,0.408078,0
-0.851995,-0.945894,0
-0.478696,-0.045154,0
-0.486985,-0.901575,0
-1.304131,0.363802,0
-1.280351,0.093084,0
-1.347237,0.455257,0
-2.393416,-2.192333,0
-0.298069,-0.128973,0
-2.289283,0.393762,0
-1.050143,-0.755196,0
-2.579068,0.778870,0
-2.033328,-0.172744,0
-0.944476,0.191501,0
-1.504011,-1.434061,0
0.074072,-0.818764,0
-1.044649,0.240965,0
-0.702591,-0.511246,0
-1.078158,1.738086,0
-1.280539,0.048006,0
-1.571995,-0.026436,0
0.401760,-0.942516,0
-0.683866,-0.008382,0
-0.479306,0.674234,0
-1.346655,0.598610,0
-0.630334,-0.320699,0
0.171089,0.118624,0
-1.419221,-0.350062,0
-0.088143,0.414550,0
-1.386069,0.023913,0
-0.643762,-0.836667,0
-1.092896,-0.417883,0
-1.664768,0.179017,0
-1.634024,0.369557,0
-1.124752,-1.000450,0
0.358241,-0.700298,0
0.273780,-0.499512,0
-0.458792,-0.359750,0
-1.138485,0.043066,0
-1.408612,-0.055219,0
-1.678359,-1.410261,0
-0.142978,-1.441831,0
-2.433640,0.779610,0
-0.102929,0.705712,0
-2.332981,0.523605,0
-0.976260,0.187010,0
-2.462053,-0.775094,0
1.105772,2.568663,0
-1.464902,0.406214,0
-1.345533,0.009961,0
-0.930353,-0.630996,0
-1.125793,-0.980678,0
-1.010982,-0.164652,0
-1.918494,0.572531,0
-1.584844,-0.270793,0
-0.983339,0.583460,0
-1.558889,-0.724021,0
-0.710444,-0.564014,0
-1.153562,-0.146862,0
-0.384335,0.356783,0
-2.329655,0.076842,0
-1.095366,-0.506904,0
-0.677243,0.595249,0
-1.700798,-0.135444,0
-0.776616,-0.996579,0
-1.008936,-0.312491,0
-1.008061,-0.402465,0
-0.456545,-0.079365,0
-1.084757,0.237826,0
-0.194284,-0.389889,0
-2.095717,0.540063,0
-2.072879,0.204321,0
-0.906489,-0.291836,0
-0.669654,0.358340,0
-1.547507,-0.124906,0
-1.395845,-0.216163,0
-1.828007,-0.624047,0
-0.023140,0.479610,0
-1.898191,-0.710011,0
-0.640958,0.567708,0
-0.470587,0.250066,0
-0.484819,0.424610,0
-2.447237,-1.098187,0
-1.689810,-1.259811,0
-2.316194,1.204089,0
-1.319769,-0.079948,0
-1.165738,-0.193642,0
-0.053008,-0.904262,0
-0.154966,-0.126275,0
-1.497792,-0.870045,0
-0.381066,-1.281257,0
-0.935448,0.323789,0
-1.658661,-0.993495,0
-1.175218,1.052797,0
-1.466608,-0.676639,0
-1.219239,0.046965,0
-0.383635,0.696461,0
-1.593984,-0.189420,0
-0.144127,0.130999,0
-1.312971,0.666674,0
0.600234,-1.205243,0
-0.297149,-0.211012,0
-0.475823,1.455799,0
-1.722080,0.208523,0
-0.608509,-0.009913,0
-1.984829,0.603494,0
-0.715212,-1.147893,0
0.150163,-0.027237,0
-0.007482,0.916649,0
-1.050102,0.541549,0
-1.765591,0.349983,0
-1.214010,-0.568837,0
-0.101163,-0.210217,0
-0.771331,-1.454712,0
-0.696322,-0.059967,0
-0.036832,0.653582,0
-1.421191,-0.110008,0
0.975323,-0.562145,0
-1.221328,0.929374,0
-0.563280,-0.324593,0
-1.055357,-0.712757,0
0.157393,0.077087,0
-1.290026,0.213768,0
0.097339,-1.590818,0
-1.616980,0.596601,0
-0.720418,1.713909,0
-1.083272,-0.060891,0
0.259090,-0.390043,0
-0.785296,-0.335654,0
0.348385,0.705179,0
-0.871982,-0.282940,0
-0.977083,1.022028,0
-1.958965,0.799253,0
-0.821221,-0.307930,0
-1.514879,1.002377,0
-0.653480,0.090426,0
0.026181,-0.061449,0
-0.516590,0.779892,0
-0.257664,0.213960,0
0.267437,0.843501,0
0.142503,-0.172085,0
-0.295762,0.125093,0
-0.332976,-0.586416,0
-0.243867,0.853972,0
-0.273025,-0.772802,0
-1.158540,0.601688,0
-0.580793,0.599253,0
-1.253010,0.695862,0
-0.639515,-0.486470,0
-0.864603,-1.291725,0
-1.039871,-1.180998,0
-1.973560,-0.274637,0
-1.873053,0.525577,0
-1.117026,0.572777,0
-1.413826,-0.205087,0
-1.854246,0.766242,0
-2.461129,0.114508,0
-1.695171,0.681182,0
-1.790358,-0.213821,0
-2.456305,0.030660,0
-0.994202,-0.016287,0
-0.878287,-0.391534,0
-0.776308,0.220972,0
-0.247371,-0.451733,0
-0.413126,0.113715,0
-0.167242,-0.610632,0
-0.525305,0.402264,0
-2.819616,-0.849162,0
-1.710301,-0.526867,0
-1.527132,-0.011996,0
-1.936749,1.205694,0
-1.402749,-1.064056,0
-1.771743,-1.402799,0
-1.826125,-1.437792,0
-1.982579,1.038302,0
0.093003,1.324586,0
-0.348323,0.506333,0
-0.036406,-0.069904,0
-1.400461,0.231827,0
-1.047067,0.252036,0
-0.089247,0.276942,0
-0.364968,-1.263342,0
0.865319,-1.043937,0
-1.172454,-0.174384,0
-2.249742,0.893134,0
-1.321999,-0.533105,0
0.234243,-1.768450,0
-2.422393,0.948420,0
-0.961951,-0.525513,0
-1.836094,0.108844,0
-1.304133,-0.052902,0
-0.935704,-0.271796,0
0.399663,-1.556154,0
-1.016128,0.650984,0
-0.879047,0.003848,0
-2.474802,-1.053305,0
-1.872838,0.378961,0
-0.569947,0.617408,0
-0.230072,0.296040,0
-0.929062,0.065692,0
-1.022146,0.300789,0
-0.144109,-0.314108,0
-1.957475,0.927412,0
-0.600343,0.452423,0
-0.729844,1.283961,0
-1.007822,1.041137,0
-2.110005,1.166983,0
-1.411851,0.005614,0
-0.301554,1.052478,0
0.276703,0.616559,0
-0.224498,0.885061,0
-2.767001,-1.093046,0
-0.607567,1.165131,0
0.378939,0.457250,0
-1.355436,-0.016272,0
-0.877951,-0.168456,0
-2.219390,-0.431863,0
-0.943561,-0.493182,0
-1.564633,1.133562,0
-0.507386,0.061684,0
-0.734713,0.336699,0
-2.764690,0.115864,0
-1.709840,-1.785347,0
-0.916396,-0.449704,0
-1.624072,1.611543,0
-0.920106,-0.356118,0
-1.514244,2.169654,0
-0.038461,0.337711,0
-0.978719,-0.047219,0
0.105473,-0.086225,0
-0.568541,-0.625408,0
-0.591552,-1.869450,0
-1.240424,0.144263,0
-2.183606,0.969138,0
-1.867264,-0.652731,0
-1.020464,-0.665801,0
-0.040136,-0.982607,0
-0.363532,0.853860,0
-2.092431,0.702573,0
-1.471720,0.030033,0
-0.027221,-0.577518,0
-0.473923,-0.220250,0
-0.496632,-0.220990,0
-1.252874,-0.386158,0
-1.832991,0.643701,0
-0.133150,0.089617,0
-1.063883,1.781127,0
-2.004283,0.192680,0
-0.757634,-0.806637,0
-2.169601,-0.275010,0
-0.823443,1.633372,0
-1.398054,-0.138623,0
-1.871148,-0.429169,0
-1.608240,0.288135,0
-0.818491,-0.806012,0
-2.203590,-0.165952,0
-1.704074,0.522333,0
-0.218856,0.009197,0
-0.153827,-0.742862,0
-0.775319,0.809844,0
-0.777562,-0.074311,0
-1.400159,-1.838336,0
-1.714547,-0.338561,0
-2.038646,1.201981,0
-2.664577,0.227271,0
-1.496217,-0.861350,0
-1.779370,-1.246365,0
-1.366577,-0.820766,0
-2.264561,-0.566150,0
-1.557479,0.045429,0
-1.346666,-0.928098,0
-2.434269,-0.386077,0
-1.247912,0.085166,0
-1.773750,0.404158,0
-1.257776,1.179015,0
-1.196166,0.538074,0
-1.858963,-0.332898,0
-1.739035,0.094060,0
-2.303126,1.165968,0
-0.444605,-1.135885,0
-0.321983,-0.228853,0
-1.044775,0.043577,0
0.181855,-0.522840,0
1.234913,-0.523201,0
-0.665406,-0.321451,0
-1.343473,-0.600149,0
-2.432152,-0.247362,0
0.472850,2.119932,0
-0.590476,1.350237,0
-0.339354,-0.965957,0
-1.393569,0.199633,0
-1.285751,0.364037,0
-0.038649,0.537631,0
-1.764525,0.357030,0
-0.923169,-0.084518,0
-1.164582,-0.181299,0
-1.632342,0.530971,0
-3.531156,-1.073271,0
-0.061811,-1.918105,0
-1.783372,-0.749580,0
-2.041321,-0.014853,0
-1.453973,1.468110,0
-0.690396,-0.903152,0
-1.207569,-0.879303,0
-0.269513,0.079171,0
-1.796323,-1.739894,0
-0.769691,-0.842024,0
-1.257852,-0.247270,0
-1.585576,-0.565952,0
0.406252,0.749282,0
-1.480227,-0.093249,0
0.430907,-0.147285,0
-1.124092,0.082506,0
-1.287171,-1.029386,0
-1.556604,0.610890,0
-2.386576,-0.131437,0
-0.032559,-0.506827,0
-1.240748,0.751676,0
-0.600889,-0.909215,0
-1.541545,-1.602208,0
-1.092591,-1.376050,0
-0.790428,-0.278473,0
0.404757,-0.252375,0
-1.374850,1.813386,0
-0.259241,0.894263,0
-0.700549,0.622098,0
-2.483628,0.150235,0
-1.125855,-1.144480,0
-0.354305,-0.327243,0
-0.926856,-0.870739,0
0.920031,-0.028391,0
-0.876299,0.064971,0
-0.865446,1.097053,0
-0.792471,0.295690,0
-0.651341,-0.414601,0
-0.754761,-0.561409,0
-0.771489,0.795885,0
-0.094410,-0.682685,0
-1.061551,-0.555435,0
0.036250,-0.534575,0
-1.092559,-0.297093,0
-0.026519,0.012574,0
-2.910923,-1.281998,0
-1.054101,-0.151729,0
-2.360206,-0.302001,0
-2.137845,0.138821,0
-1.691289,1.324866,0
-0.962382,-0.394737,0
-0.819353,0.860531,0
-1.650999,-0.471241,0
-0.003484,-0.091872,0
0.355170,-0.126619,0
0.079086,0.189982,0
-2.074706,-1.350075,0
0.454208,-0.572542,0
0.264602,-1.738394,0
-1.547899,-0.900690,0
-0.882378,0.321530,0
-0.747082,-0.125756,0
-0.980022,-0.323004,0
-1.268678,0.600140,0
-2.065470,-0.135995,0
-2.141716,-0.365502,0
-0.752654,-0.170438,0
-1.534864,-0.632874,0
-1.258161,0.213620,0
-0.233300,1.003672,0
-1.380654,-0.060287,0
-1.344234,0.299656,0
-0.928152,1.136873,0
-0.074623,1.586592,0
-1.197080,0.467022,0
-1.547250,0.528164,0
-0.618357,0.242058,0
-1.444970,-0.087080,0
-1.978145,-1.375100,0
-1.580447,-0.414440,0
-0.745185,-0.391952,0
-0.898928,0.247691,0
-0.716220,-0.079240,0
0.277219,0.353434,0
-1.510695,1.133522,0
-1.408494,1.222201,0
-0.721415,-0.882263,0
-2.191438,-0.115563,0
-0.669797,0.558193,0
-0.092354,0.136486,0
-0.471004,-0.262064,0
-1.572442,0.639711,0
-0.824966,-0.202335,0
-1.038571,0.427421,0
-0.902295,-0.975096,0
-1.536459,0.973963,0
-0.929965,-1.399446,0
-1.555975,-0.035004,0
-1.906764,0.472905,0
-0.341672,0.757823,0
-0.885367,-0.169562,0
-1.770584,0.675222,0
-0.191132,1.134873,0
-1.501362,-0.276952,0
-0.146325,0.523329,0
-0.712102,-0.125131,0
-0.710876,0.920034,0
-0.485854,-0.812828,0
-1.987903,0.009107,0
0.269312,-0.123688,0
-0.676162,-0.362179,0
0.515934,-0.085333,0
-0.698259,-1.660531,0
-0.955099,1.736995,0
-0.553905,-0.445310,0
-0.394365,0.620483,0
-0.628878,-0.781633,0
-1.497731,0.508585,0
-0.268060,-0.674357,0
-2.016329,0.731204,0
-1.750135,0.668595,0
-0.692727,0.841911,0
-2.243389,1.789933,0
-0.316252,0.333855,0
0.223949,-0.391704,0
-1.789473,0.126141,0
-0.745604,-1.006297,0
-1.210027,0.039301,0
-0.749799,0.064005,0
-0.701508,1.340541,0
-1.048101,-1.022190,0
-2.008316,0.369384,0
-0.593686,0.265093,0
-0.855808,1.326479,0
-0.378294,0.969498,0
-0.179013,0.464875,0
-1.453135,0.731009,0
-0.297645,-0.624298,0
-1.930207,0.358311,0
-0.280966,-0.710483,0
-1.525237,0.309219,0
-0.256553,1.639329,0
-0.842513,-0.258146,0
-2.049764,0.614905,0
-2.803712,1.494343,0
-0.160632,-0.717677,0
-1.251326,0.376599,0
-1.572443,-0.320528,0
-1.039206,0.905771,0
-1.159648,0.134869,0
-1.635540,-0.266625,0
-0.422258,-0.211080,0
-0.410962,-0.085700,0
-0.850761,-1.253036,0
-2.514650,0.736516,0
-2.809126,0.641614,0
-0.948367,0.308400,0
-0.789044,-0.082802,0
-1.354781,-0.008947,0
-0.235977,-0.548848,0
-0.650340,0.413906,0
-0.308449,-0.035388,0
-2.043422,0.101741,0
-0.439161,0.796336,0
-0.246364,-1.643639,0
0.036824,0.660003,0
0.556685,-0.250191,0
-1.079975,-0.833250,0
-0.821059,0.212132,0
-0.690518,0.608130,0
-2.687983,-0.283510,0
0.198336,-1.398274,0
-0.526067,0.808560,0
-0.375240,0.408533,0
-0.411489,-1.665484,0
-1.366483,0.309332,0
-1.195782,0.990689,0
-1.596520,0.191807,0
-0.323012,0.931612,0
-0.371146,-0.083335,0
-1.206521,-0.917275,0
-1.413720,0.057587,0
-1.009305,0.601092,0
-0.401677,-0.322161,0
-0.109547,-0.384528,0
-0.520296,-2.152567,0
-0.396991,0.799343,0
-0.882146,-0.754173,0
-0.415529,0.499822,0
-0.476155,1.164327,0
-1.346795,0.663020,0
-0.981242,1.832714,0
-1.099257,-1.571394,0
-1.814294,-0.160706,0
-0.478178,-0.618310,0
-1.511165,0.920226,0
-1.478970,-0.211578,0
-0.165538,-1.671067,0
-2.564653,-1.129946,0
-1.055848,2.267954,0
-1.270067,0.185808,0
-1.056955,1.080619,0
-1.604098,-0.628249,0
-1.761788,-0.533616,0
-1.623761,0.130224,0
0.220338,0.087856,0
0.067665,0.199334,0
-1.194623,-0.878837,0
-2.094396,0.470854,0
-0.503715,0.150531,0
-0.049494,0.656741,0
-1.459364,1.317210,0
-0.924351,-0.126354,0
-0.661272,-0.147872,0
-0.923647,-0.470576,0
-0.695411,-1.201730,0
-0.210825,-0.911691,0
-1.287222,-0.969351,0
-2.098293,-0.550297,0
-1.917156,0.578491,0
-2.005837,-0.312462,0
-1.274390,0.785608,0
-0.826425,-0.423541,0
-1.796653,0.579218,0
-1.267277,-0.754447,0
-0.922867,0.264205,0
0.193257,-0.189994,0
-1.262322,0.008245,0
-0.823884,-1.344056,0
-1.342100,1.574211,0
-1.074090,-0.126238,0
-0.641197,0.280019,0
-1.056961,0.394069,0
-1.180896,-0.274601,0
-2.247626,-0.823902,0
-2.450374,-0.392656,0
0.134858,-0.413656,0
-0.892233,-0.759630,0
-0.743919,0.999134,0
-0.301883,1.758251,0
-1.143441,-1.382111,0
-1.839923,0.696110,0
-0.925354,0.283068,0
0.623231,-0.026000,0
-1.367444,-0.315572,0
-2.757429,-0.119813,0
-2.114027,-0.401550,0
-0.817593,-0.201149,0
-0.453692,-0.012646,0
-0.798847,-0.681591,0
-0.397372,-0.394770,0
-1.135129,0.247713,0
-0.470387,-0.657764,0
-0.461560,0.456952,0
-0.619600,0.346225,0
-2.925768,-0.131667,0
0.231044,0.898197,0
0.322556,-0.937916,0
-1.618179,-0.468327,0
-0.015500,0.032298,0
0.587572,0.905688,0
-0.081613,1.375220,0
-0.720249,-0.267320,0
-1.636756,0.061138,0
-1.301785,0.734364,0
-0.008493,-0.723666,0
-1.490699,-1.154902,0
-1.246723,0.076514,0
-0.191543,0.517949,0
-1.595654,0.841780,0
-0.552702,-0.508128,0
-0.519815,0.136197,0
-0.978905,1.082052,0
-0.506136,0.752954,0
-0.931216,-0.546177,0
-1.367916,0.971994,0
-1.714070,0.699314,0
-2.260492,0.689600,0
-0.520914,1.649545,0
1.426477,0.410866,0
-1.061502,0.059806,0
0.826456,1.698801,0
-2.083640,0.590355,0
-0.567469,1.252092,0
-1.003853,0.612270,0
0.157832,0.520906,0
-0.989101,-1.230756,0
-1.913422,0.854938,0
-1.172448,-0.432599,0
-0.603798,0.327641,0
-1.066132,-0.005544,0
-0.105048,0.313736,0
-0.306049,0.313033,0
-1.833749,-1.318638,0
-0.176172,-0.334262,0
0.278282,1.004403,0
-0.447966,1.357902,0
-0.345047,-0.125699,0
-1.124198,0.174695,0
0.518426,1.336587,0
-1.061152,0.041663,0
-0.374852,-0.267095,0
-1.040444,0.769139,0
-2.386524,-1.583087,0
-1.920059,0.060253,0
-0.964714,-1.125509,0
-0.111762,0.651495,0
-0.631591,-0.727746,0
-0.212791,-0.607260,0
-0.116912,-0.404143,0
-1.235590,0.531445,0
0.969765,0.783276,0
-0.983278,0.450265,0
-1.209250,-1.074230,0
-1.235233,0.596600,0
-0.256142,0.788273,0
-0.048396,-0.360385,0
-0.736377,-1.131413,0
-1.825570,0.454777,0
-0.972486,-0.074121,0
-1.565945,0.962927,0
-0.627372,-0.449688,0
0.101688,-0.172837,0
-1.351343,-0.594932,0
-1.105937,-0.030622,0
-0.026402,0.826848,0
-1.939854,-0.231510,0
-1.218212,-1.145400,0
-0.710229,0.012783,0
-0.026363,0.773959,0
-1.036605,-0.285578,0
-1.015986,-0.229819,0
-1.412801,1.159956,0
-1.397415,1.540081,0
-1.326581,-0.484463,0
-0.087074,-0.842453,0
-1.005079,-0.069542,0
-1.295837,-0.118206,0
-1.524187,1.029378,0
-0.240886,0.157155,0
-0.358408,-0.635369,0
-1.628804,-0.582909,0
-2.184404,-0.634063,0
-0.944541,1.241043,0
-1.214897,-0.788474,0
-0.873064,0.995602,0
0.375952,-0.595799,0
-1.162217,0.201441,0
-1.152614,-0.087266,0
-0.294563,1.245386,0
-1.684875,0.800226,0
-0.309862,0.097097,0
-0.400257,1.697077,0
-0.211608,0.175631,0
-1.123373,-1.374255,0
-1.888069,1.850173,0
-0.539529,0.428219,0
-1.237218,-0.035252,0
-0.806120,-0.277242,0
-0.813649,1.334036,0
-2.575660,0.659433,0
-0.758010,-0.492941,0
-1.299525,-0.344947,0
-0.949083,0.646821,0
-1.616846,1.710763,0
-1.212201,-0.689294,0
0.187968,-0.020459,0
-1.120761,-0.416812,0
-1.160563,0.495931,0
-0.204733,-0.872678,0
-0.113775,-0.655979,0
-1.550859,-1.771073,0
-1.693095,-0.298823,0
-0.972646,0.106882,0
-1.234264,-0.162858,0
-0.839749,0.623792,0
-1.122117,-0.311126,0
-1.639892,0.585367,0
-0.264228,-0.304873,0
-0.806028,-1.126440,0
-0.435545,1.951831,0
-0.004322,1.818800,0
-1.014569,1.482338,0
-1.611403,-1.916108,0
-1.617013,1.666051,0
-0.324606,-1.152448,0
0.554299,-0.165343,0
-0.989236,0.914224,0
-0.563204,-0.242529,0
-0.784499,-0.776473,0
-0.221915,-0.184621,0
-1.763492,-0.110119,0
-1.251767,-0.324670,0
-2.183610,-1.043148,0
0.715882,0.062944,0
-0.417864,0.144016,0
-1.229064,0.634220,0
-2.107677,1.070997,0
-0.295642,-0.472188,0
0.290768,0.357054,0
-2.501836,0.518305,0
-2.595321,-0.753182,0
-2.047087,0.802201,0
-0.959677,-0.012818,0
-0.718098,-0.038854,0
0.144475,0.171044,0
-1.886044,-0.886427,0
-0.821782,-0.520549,0
-0.034581,-1.363256,0
-1.025288,0.320908,0
-1.057978,0.095081,0
-1.581147,1.034983,0
-1.253853,0.382739,0
-0.062700,0.362959,0
-1.607022,-0.243858,0
0.308086,0.573848,0
-0.598830,-0.124324,0
0.519773,-0.266611,0
-1.051256,-1.767278,0
-0.358194,0.334192,0
-1.037258,0.289808,0
-1.247757,-0.025231,0
-0.879103,-1.578560,0
-0.255528,-0.926615,0
-0.972789,-0.693154,0
-1.592943,-0.039306,0
-1.276618,1.045030,0
-1.418764,-1.030570,0
0.019892,1.470756,0
-0.958631,0.726019,0
-0.681117,0.121061,0
-1.310740,0.022411,0
-1.366411,-0.128272,0
-1.115322,-0.627691,0
-0.174696,-1.102730,0
0.170602,-0.282356,0
-0.901103,-0.727057,0
-1.732553,1.043970,0
-1.803468,-0.060799,0
-0.889960,0.644850,0
-1.876551,0.178281,0
-1.402918,-0.610501,0
0.219715,-0.973088,0
-0.885383,-0.156195,0
-1.457065,0.261330,0
-1.745791,-0.104035,0
-1.074627,0.721494,0
-0.559811,2.325029,0
-0.624215,-0.250684,0
-0.590132,-0.352413,0
-2.042448,-0.029076,0
-2.551189,-1.322591,0
-2.033489,0.638983,0
-0.973620,-0.527289,0
-0.764708,0.457358,0
-1.864805,0.542568,0
-1.102526,-0.597309,0
1.149416,0.422961,0
-0.125152,0.112165,0
-0.565186,2.059486,0
-1.643889,0.115593,0
-0.623301,0.780928,0
-1.472752,0.286065,0
-0.199365,-1.166593,0
-1.780442,-0.792724,0
-0.463085,-0.067645,0
-0.049532,0.664036,0
-1.816952,0.232044,0
-2.155988,0.963917,0
-0.208901,-0.785978,0
-1.522997,-0.178121,0
-2.194631,0.265601,0
-0.181916,0.766002,0
-0.391195,-0.484881,0
-1.867986,0.625290,0
-2.412440,0.010689,0
-1.337297,-0.397651,0
-2.616093,0.576704,0
-1.013437,0.534278,0
-0.867901,0.996595,0
-1.660675,-0.627712,0
-2.180014,0.651355,0
-0.537342,-0.836502,0
-0.436918,-0.685135,0
-1.097214,1.214903,0
-0.704243,0.979133,0
-2.354601,0.389155,0
-0.865625,1.025579,0
-0.330700,0.536277,0
-0.882961,0.124755,0
-0.795637,0.967875,0
-1.264406,0.352694,0
-0.324336,-0.738048,0
-0.795025,-0.449307,0
-0.908046,-0.677709,0
-1.142714,0.284358,0
-0.773975,-0.664651,0
-1.010675,0.128688,0
-0.064976,0.008694,0
-2.212967,0.009010,0
-0.205500,0.651225,0
-0.180602,0.731616,0
-0.478152,1.287457,0
-0.465190,0.962928,0
-1.292389,0.664541,0
0.030821,0.052527,0
-0.209454,-0.293882,0
-0.802726,0.084727,0
-1.564935,0.281056,0
-1.018977,-1.048077,0
-0.052435,1.320820,0
-0.069428,-0.280449,0
0.128140,-1.402815,0
-1.672833,-1.230111,0
-3.130290,-1.248986,0
-0.930626,-0.796102,0
-0.659979,-0.873801,0
-0.891875,0.457959,0
-1.276232,0.879625,0
-1.792954,0.933895,0
0.030872,-0.127928,0
-0.422733,0.789036,0
-2.479246,1.425666,0
-1.410092,0.165432,0
-2.419044,-0.795718,0
-1.188897,0.667276,0
-1.730789,1.000978,0
-0.481395,-0.118258,0
-0.102154,0.455393,0
-1.046211,-0.639579,0
-1.470238,-0.632598,0
-1.391553,0.207211,0
-0.862176,0.161724,0
-0.719125,0.702656,0
-1.560563,0.260147,0
-0.906718,0.056774,0
0.404596,-0.947133,0
-0.557165,1.500702,0
-1.872340,0.268929,0
-0.855374,-1.250639,0
-1.819933,-0.202023,0
-0.604259,-0.157322,0
-1.193586,0.481488,0
-0.241388,0.195729,0
-0.816728,0.814337,0
-0.903483,-0.623584,0
-0.257675,-0.557478,0
-0.716852,0.313608,0
-2.410347,-0.530605,0
-0.396880,0.219660,0
-1.388070,-0.050407,0
-1.775348,-0.130415,0
-1.569471,1.089392,0
-1.969365,-0.111895,0
-1.190411,-0.216022,0
-2.239563,0.331502,0
-2.074279,0.388392,0
-1.210778,-0.050077,0
-0.003672,-0.678341,0
-0.578432,-0.354446,0
-2.258990,0.424861,0
-1.830177,0.268182,0
-2.187595,0.552595,0
-1.484986,0.217352,0
-1.050479,-0.268998,0
-1.349484,-0.556310,0
-0.635955,-0.155977,0
-1.245748,-1.263344,0
-0.732947,-0.569517,0
-0.586798,-0.795392,0
-1.059594,0.150536,0
-0.576300,0.342088,0
0.062426,-2.096881,0
-0.251343,-0.453133,0
-1.880146,0.434343,0
-0.495422,-0.660186,0
-0.719267,0.100057,0
-0.467516,0.233584,0
-2.377170,-0.152548,0
-0.455935,-1.279325,0
-1.839411,-0.833804,0
-1.768597,0.752004,0
-1.490088,-0.237786,0
-0.901305,-1.043040,0
-1.697299,0.388123,0
-0.844610,0.957708,0
0.121903,-0.448476,0
0.815095,1.329514,0
-1.711910,0.250685,0
-0.600433,0.202992,0
-1.129575,-1.247862,0
-1.354093,-2.134581,0
-0.172034,-1.098811,0
-1.776972,-1.267289,0
-1.121952,-1.124634,0
0.051677,-0.508613,0
-0.308694,0.143425,0
-1.776292,0.089737,0
-1.155348,0.615407,0
-1.022972,0.328909,0
-2.409429,-0.600024,0
-0.984378,0.432539,0
-0.551904,0.338331,0
-0.970540,-0.177150,0
-0.750374,0.264049,0
-1.454757,-0.623682,0
-1.575214,-0.578194,0
-0.441569,-2.211809,0
-0.413280,0.688212,0
-1.498119,1.140745,0
-1.402337,-0.944058,0
0.114437,-0.989670,0
-0.478279,0.196397,0
-0.517992,0.231943,0
-1.448808,-0.760081,0
-0.200919,-0.057893,0
-0.297925,1.355983,0
-0.415644,0.118817,0
0.169751,0.256393,0
-1.434349,-0.134316,0
-1.208278,-0.508085,0
0.289638,-0.931575,0
-1.464648,0.161732,0
-1.751045,-1.435595,0
-1.384176,0.086400,0
-1.728218,-0.395138,0
-0.434315,-1.299677,0
-3.010752,-0.820508,0
-1.826559,-0.099479,0
-1.144629,-0.678937,0
0.432045,0.359073,0
-1.213739,0.648581,0
-0.747779,0.581342,0
-0.508476,-0.048721,0
-1.550890,0.291935,0
-0.501649,-0.639217,0
-0.174556,2.183515,0
-2.992102,-0.674487,0
-0.437435,0.157056,0
-1.513347,0.787845,0
-0.457090,0.421548,0
-1.419338,0.451467,0
-0.801002,0.707022,0
0.177822,0.237648,0
-0.291376,0.986552,0
-0.394976,-0.330324,0
-1.024842,-0.030156,0
-0.260448,1.243716,0
-2.522633,2.107495,0
-1.890812,-0.935244,0
-1.784654,-0.128147,0
-0.472239,-0.711695,0
-1.004121,0.060299,0
-2.334242,0.788912,0
-2.300303,1.293078,0
-2.043447,-0.481408,0
-1.676402,-1.315046,0
-0.769313,-0.358479,0
-1.803782,0.450699,0
-0.820056,-0.473361,0
-1.012162,0.109177,0
-0.999960,0.145856,0
-0.992295,-0.022521,0
-1.633582,0.408176,0
-1.728813,-0.365095,0
-1.843035,1.289713,0
-0.851356,0.652042,0
-1.507820,-1.445965,0
-1.707623,0.317333,0
-0.666749,-0.616097,0
-0.649266,-0.085874,0
0.117187,-0.611461,0
-1.433982,-0.503727,0
-1.053375,-1.104662,0
-0.567763,-1.063150,0
-0.472102,-0.341854,0
-1.296839,0.068182,0
-0.858360,0.261918,0
-2.753115,0.230475,0
-1.268784,0.027251,0
-1.582483,1.274380,0
-0.788391,0.100226,0
-0.353244,0.108038,0
-1.389474,0.616695,0
-1.484135,-1.305112,0
-1.836883,0.368107,0
-2.294024,0.815655,0
0.143455,-0.163883,0
-0.512769,-0.448660,0
-0.217162,0.021433,0
-1.474013,-0.311965,0
-0.042550,-0.414163,0
-0.391760,-1.124695,0
0.041846,0.440927,0
-1.391812,-0.489402,0
-0.695972,-1.899323,0
0.405741,-0.855696,0
-1.123315,0.222301,0
-1.712446,-0.882315,0
-1.583069,0.767587,0
-1.008198,-0.012102,0
-0.596476,-0.418858,0
-1.581535,0.090424,0
-1.466885,-0.335447,0
-1.792217,-1.216510,0
0.283829,0.705505,0
-0.438548,0.351697,0
-1.241917,-1.211698,0
-0.623973,-0.947238,0
-1.209529,-0.779100,0
-0.887669,-1.169805,0
0.237074,0.528238,0
-0.630891,0.304959,0
-1.694034,0.955183,0
0.272632,-0.869875,0
-1.127180,1.395429,0
-1.065626,-1.140627,0
-0.931526,-0.074225,0
-1.156714,-0.628795,0
-0.357280,-0.656832,0
0.941152,0.331931,0
0.546844,1.343260,0
-0.979818,-0.091414,0
-1.359172,-0.640077,0
-2.414365,-1.637771,0
-1.770896,-0.297677,0
-1.513999,-0.956896,0
-0.161897,-0.826866,0
0.142274,-0.833154,0
-0.862525,1.280160,0
-0.034102,-0.329405,0
-0.922072,0.542935,0
-0.710032,-1.268533,0
-1.474567,1.113083,0
-1.223264,0.667575,0
-1.103633,0.735463,0
-0.970716,0.353454,0
-1.164235,-0.437217,0
-1.487547,-0.281327,0
-1.480618,-0.337131,0
-2.619151,-0.271844,0
-1.571772,1.345446,0
-0.442236,-0.680765,0
-2.114880,1.013025,0
-0.826305,-0.873952,0
-1.018870,0.378160,0
0.330432,0.689494,0
-0.804519,0.627461,0
-0.406961,-0.031154,0
-0.591371,1.132201,0
0.631060,1.176440,0
-1.211748,-0.389972,0
-0.809755,1.176190,0
-0.499820,0.502119,0
-2.038007,0.055962,0
-2.576061,0.867213,0
-0.666854,0.730900,0
-1.193445,-0.106404,0
-0.542671,-0.013898,0
0.527385,0.697010,0
-0.353064,0.674222,0
-1.911807,-0.185271,0
-2.032828,0.473239,0
-3.024657,-1.290621,0
-2.011326,0.144733,0
-0.804645,0.488503,0
-1.457164,0.310294,0
-0.759309,0.475869,0
-0.232925,0.290328,0
-1.789314,0.446649,0
-1.159276,1.807034,0
0.013397,-0.390647,0
-1.409819,1.308355,0
-0.988654,-0.986827,0
-1.134533,0.425697,0
-0.211593,1.459537,0
0.169693,0.330011,0
-0.963401,0.262275,0
-1.022236,1.964822,0
-2.675004,0.850701,0
-0.984158,0.073003,0
-1.045606,0.567021,0
-1.603259,0.255822,0
-1.386456,0.320033,0
-0.611864,0.123956,0
-0.991624,-0.955240,0
-0.586228,-0.243740,0
-1.182324,-0.659004,0
-0.825117,-0.040797,0
-0.691586,1.066492,0
-2.044438,0.705133,0
-0.896794,-0.381313,0
0.867028,0.046415,0
-0.846469,0.276945,0
-0.207479,-0.489848,0
-1.505652,-0.103193,0
-0.130354,0.282951,0
-1.628335,0.067022,0
0.523279,0.823880,0
-0.203668,1.051579,0
-1.449509,0.381228,0
0.347144,0.036632,0
0.287642,-0.449460,0
-0.004574,0.723106,0
-1.470305,-0.215094,0
-0.798475,0.615663,0
-0.959937,1.061308,0
-0.456958,-0.499042,0
-2.002312,0.429494,0
-0.211798,0.145701,0
-0.970192,0.295293,0
-0.846663,1.095104,0
-0.086782,0.297027,0
-1.019153,-0.597898,0
-1.719255,0.324866,0
-0.901428,0.115005,0
-1.785768,-0.451474,0
-1.380872,-0.283791,0
-2.676741,0.152762,0
-1.380179,0.146295,0
-1.771773,0.112868,0
-0.559109,-0.562421,0
-0.429546,-0.077194,0
-1.601501,-0.738304,0
-1.928807,0.413111,0
-0.373800,0.590114,0
-0.473987,-0.622934,0
-2.257104,-0.113014,0
-2.093776,1.228516,0
1.633288,-0.738951,0
-0.481731,-0.614573,0
0.097865,-0.073944,0
-1.094080,-0.611242,0
-0.840216,0.874341,0
-2.306945,0.434189,0
0.415053,-0.921082,0
-0.820445,-0.013567,0
-0.059206,-0.148760,0
-0.834688,0.611772,0
-0.722415,1.529106,0
-0.404557,-1.303914,0
0.360689,0.399037,0
0.255354,0.954731,0
-0.228125,1.220965,0
-0.760616,0.582409,0
-1.375272,0.042511,0
-1.670472,0.622532,0
-1.141700,-0.885268,0
-1.310156,-1.170141,0
0.527020,0.190679,0
-2.416543,0.521866,0
0.779687,0.355975,0
-0.934178,1.604857,0
-1.188308,0.514306,0
-0.954610,0.408334,0
-1.601466,-0.414931,0
-1.526759,-0.180031,0
-1.597961,0.307156,0
-0.951522,0.013255,0
-0.939627,1.150475,0
-1.367824,0.262566,0
-1.507040,0.321690,0
-0.185538,-0.518757,0
-2.133844,0.466605,0
-2.538985,0.050554,0
0.474837,-1.114084,0
-1.300139,-0.339104,0
-0.447763,-0.111302,0
-0.229264,1.537577,0
-1.105929,-0.090873,0
-1.569664,1.272011,0
-1.210924,-0.144949,0
-1.370710,0.384295,0
-0.329078,-1.175488,0
-1.153662,0.456260,0
-0.600834,-0.489940,0
-0.937957,0.740985,0
-2.371839,-1.214984,0
-0.442788,1.389191,0
-1.521364,-0.464671,0
0.274343,-0.184628,0
-1.821344,-1.142122,0
-0.784426,-0.381474,0
0.242046,0.906371,0
-2.345744,-0.301415,0
-0.206934,-0.212229,0
0.087080,1.613886,0
-0.610051,-0.277808,0
-0.224837,3.097128,0
0.266082,0.238660,0
-1.520030,0.061885,0
-0.426001,0.312810,0
-0.377594,0.515521,0
-1.588115,-0.649020,0
-0.800374,1.007767,0
-0.740068,-0.837528,0
-1.581275,-0.436331,0
0.466393,-0.068357,0
-1.130271,0.832455,0
-1.393355,1.434302,0
-2.037122,-0.073886,0
-0.227205,1.006063,0
-1.864787,-0.878612,0
-1.119209,-0.078256,0
-1.331484,-0.626123,0
-0.214674,0.711855,0
-1.007009,1.480415,0
-1.923230,0.266999,0
-2.129422,-0.005664,0
-0.617312,0.114846,0
-1.511067,-0.625529,0
-1.245750,-0.839014,0
-0.646447,0.524009,0
-1.667861,-0.468511,0
-1.878983,0.274279,0
-1.544148,0.875785,0
-1.707472,-0.246556,0
-0.797633,1.037822,0
-1.648830,-0.537562,0
-1.402564,-0.610215,0
-1.634471,-1.320409,0
-1.572771,0.433264,0
-2.108393,-0.833852,0
-2.411471,-1.574865,0
-1.575552,-0.933121,0
-0.759162,1.050209,0
-0.751128,-0.223177,0
-2.478293,0.492577,0
-1.116143,-0.574984,0
-0.854314,1.349163,0
-2.013017,-1.339749,0
-1.689579,0.933113,0
-0.957609,-0.679233,0
-2.067770,-0.962042,0
-1.518907,-0.532291,0
-0.826667,0.155441,0
-1.393186,0.059300,0
-1.617153,-0.611728,0
-0.822726,0.364102,0
-0.692605,-0.023859,0
-0.946744,0.120907,0
-0.349751,0.149378,0
-1.501514,1.455046,0
-1.172413,1.040174,0
-1.826532,0.471816,0
-2.642531,-1.112073,0
-0.987136,-0.696791,0
-1.547335,-0.498006,0
-0.860307,-0.139132,0
-2.170088,1.905412,0
-1.100777,-0.394156,0
-1.786234,0.463673,0
-0.898902,0.701545,0
-0.952149,0.354872,0
-1.250967,0.209176,0
-1.358470,0.682911,0
-0.332285,0.743319,0
0.230732,0.860613,0
-1.702017,0.582744,0
-0.717934,0.342216,0
-0.682472,0.476375,0
-1.660818,-1.437214,0
-1.604032,-0.501437,0
-0.544500,-0.682339,0
-0.468689,0.222982,0
-2.608087,-0.735849,0
-1.813979,0.721730,0
-1.463684,-0.897743,0
-1.021421,-0.946815,0
-0.222430,0.361558,0
-0.483335,-0.325851,0
-3.058220,1.108574,0
-1.261408,2.147015,0
-0.533576,0.379442,0
-0.671954,-0.825701,0
-0.706692,-0.073484,0
0.237510,1.134084,0
-0.198320,-0.095969,0
-0.421665,0.095648,0
-1.769657,-0.286236,0
-0.306733,-0.887335,0
-0.024444,0.401843,0
-1.750363,-1.658333,0
-0.657270,-0.055350,0
-0.221506,0.548508,0
-0.482801,0.049009,0
-0.630435,-0.934113,0
-0.672485,-0.976941,0
-0.981981,-0.189035,0
-0.774705,-0.735278,0
-1.778877,0.023043,0
-0.867249,-0.650057,0
-0.804977,-0.668985,0
-0.558937,-1.578386,0
-0.652379,0.470744,0
-0.772069,-0.165866,0
-1.908224,1.225299,0
-1.821071,0.670793,0
-1.323892,0.576898,0
-0.566193,0.053204,0
-1.286327,-1.212904,0
-0.257568,0.056893,0
-0.818246,-0.846068,0
-2.238064,0.385344,0
0.276899,-0.792066,0
-1.768893,0.291853,0
-1.097240,-0.507078,0
-1.079104,-0.931606,0
-0.781002,0.158321,0
-0.479053,0.709947,0
-1.420049,1.591437,0
-2.093881,-0.063172,0
-1.174672,-0.683073,0
-1.143302,-0.742159,0
-2.343476,1.647454,0
-0.383116,1.196529,0
-0.517839,-0.464693,0
0.420465,0.392660,0
-0.457079,-0.240864,0
-1.277082,0.693257,0
-1.007773,0.618618,0
-0.356619,-0.810442,0
-0.433172,-0.920246,0
-1.318549,-0.500825,0
-0.246308,0.070626,0
-1.070803,-0.836614,0
-2.385416,-0.981354,0
-2.378447,0.282031,0
-0.330159,-0.535452,0
-0.424908,-1.211439,0
-1.411585,0.094239,0
-2.123058,-0.677405,0
-1.239448,1.014464,0
-0.904474,-0.614792,0
0.430032,0.550593,0
0.178448,0.456170,0
-1.298815,0.768903,0
-0.478908,-0.943115,0
-0.967076,-1.708242,0
-1.914975,0.935117,0
0.190800,-0.756363,0
-1.582813,-0.706154,0
-0.616025,-0.487844,0
-0.648675,-1.057875,0
-1.330596,0.162353,0
-2.123404,0.153606,0
-0.638374,-0.293060,0
-0.987413,0.791773,0
-0.952692,-0.066488,0
0.027645,0.871546,0
0.295243,-0.441826,0
0.991189,-1.366511,0
-0.267344,-0.552530,0
-0.997146,0.772029,0
0.074091,0.560219,0
-0.902015,1.269159,0
-0.054948,0.130134,0
-0.618241,0.726781,0
-1.777060,-1.118238,0
-0.911290,-1.332754,0
-1.839962,-0.533030,0
-0.405675,0.780481,0
-0.716556,-0.153275,0
-2.443938,0.042368,0
-2.208611,-0.384237,0
-1.924755,-0.611917,0
-0.497045,1.145906,0
-0.681550,-0.275536,0
-1.239270,-0.112683,0
-1.727207,1.711101,0
0.231875,0.273488,0
1.025695,-0.285569,0
-1.386479,-1.476917,0
-1.265777,0.871022,0
-1.669712,1.721372,0
-1.172032,-0.101630,0
-1.376053,0.646745,0
-1.506113,-0.628275,0
-1.235335,-0.435060,0
-1.560916,-1.129679,0
-1.580018,1.061900,0
-1.644636,0.152066,0
-1.921302,-0.721798,0
-0.207728,-0.950016,0
-2.113258,0.754092,0
-1.605365,0.196634,0
-0.402901,2.183531,0
-0.668023,0.310296,0
-0.122182,1.015645,0
-0.411065,-0.150189,0
-1.927943,0.792675,0
-1.025286,0.199621,0
-1.195541,0.362695,0
0.200465,-0.710475,0
-0.527996,-0.616512,0
