0.400490,0.211000,1
2.486186,-1.391288,1
0.578101,-0.646157,1
0.640619,-0.896739,1
1.332690,0.189939,1
0.934033,-0.547053,1
0.458173,-0.653485,1
-0.147729,1.517109,1
1.594133,-0.710384,1
0.690194,-0.074374,1
1.008747,0.304866,1
0.792067,-1.421702,1
1.520234,1.214701,1
1.890026,-0.831489,1
1.531431,-0.735025,1
1.072427,-0.855067,1
1.876513,-0.442516,1
0.784393,-0.407318,1
1.570174,0.688882,1
1.567728,-0.721155,1
1.426547,-0.472273,1
0.747070,0.206760,1
1.008264,-1.172585,1
0.090466,1.186255,1
1.296421,0.309594,1
1.069463,-0.491837,1
1.011600,-0.076189,1
1.450199,-0.191420,1
0.673033,-1.302310,1
0.814299,-1.185417,1
-0.090599,0.452773,1
2.290175,0.686793,1
0.951756,-2.019883,1
0.934142,1.172117,1
1.097366,-0.137308,1
0.617157,-0.329542,1
0.588553,0.462513,1
1.949873,0.309871,1
1.122206,1.505810,1
1.145409,-0.802797,1
1.158655,0.438263,1
0.953827,-0.608696,1
0.457818,-0.823258,1
2.052400,-0.547873,1
2.220558,1.247782,1
1.232187,0.604082,1
1.660862,-0.029918,1
0.744219,0.304661,1
1.553674,-1.214289,1
2.512546,0.450263,1
0.119045,0.047586,1
0.761656,0.592939,1
0.775469,-0.401999,1
0.506699,0.424199,1
0.782490,-0.967056,1
-0.763337,-0.306560,1
0.719716,-0.365672,1
0.554701,0.923485,1
0.625708,0.718692,1
1.697302,0.539147,1
1.374222,0.641908,1
2.529774,-0.330428,1
0.408848,1.119512,1
2.089389,0.100196,1
0.611243,-1.415841,1
0.676095,-0.014670,1
0.084434,2.019702,1
-0.707581,0.127462,1
1.695232,0.012183,1
1.424420,-0.694324,1
-0.755814,0.130519,1
1.410430,-2.261577,1
1.719564,-1.023371,1
0.499277,0.058512,1
0.471017,-0.972543,1
-0.325235,-0.866299,1
1.170791,-0.481940,1
1.523646,0.861661,1
0.889763,1.395735,1
2.072951,-0.209622,1
1.616627,0.199373,1
0.641137,-0.012769,1
1.174348,1.227205,1
2.123267,-0.047897,1
0.775590,-2.192815,1
0.870833,0.624321,1
1.242278,1.914839,1
1.252639,-2.242642,1
1.420701,-1.192888,1
0.293662,-0.654011,1
0.338135,-0.222665,1
1.233871,0.505071,1
0.877951,1.362510,1
0.892161,1.291642,1
-0.671633,-1.624033,1
1.070529,0.474913,1
2.675417,-0.246786,1
1.058679,0.365496,1
1.345857,-1.417092,1
0.451956,-0.413486,1
0.398615,0.505530,1
1.375887,0.017868,1
0.901420,0.688311,1
0.936919,-0.652729,1
0.807333,-1.473033,1
1.561679,-0.549863,1
0.922015,0.595112,1
-0.289916,-0.094503,1
0.062206,-0.056403,1
1.036296,-1.172486,1
0.754483,-0.086892,1
0.084878,-1.317942,1
1.905494,0.067369,1
2.280563,0.123974,1
0.255796,0.614153,1
3.197541,0.399700,1
0.739609,-0.364326,1
1.018481,0.507793,1
-0.288856,-0.167128,1
1.872551,0.259678,1
1.498949,0.012388,1
1.136053,0.219101,1
2.151765,2.414374,1
1.174243,-0.345087,1
1.378101,1.272532,1
-0.085277,0.183484,1
1.166737,-0.558995,1
1.192008,-0.762351,1
0.364077,-0.037845,1
0.621338,0.077802,1
0.737462,-0.808647,1
1.539010,1.147862,1
1.492973,-0.823041,1
2.689061,-0.260544,1
0.339857,0.251896,1
1.137869,-0.897234,1
0.487556,0.683651,1
0.523366,0.594578,1
1.023960,1.070457,1
1.427492,-0.619424,1
0.989182,0.398310,1
0.904206,1.470038,1
1.642893,-1.192667,1
-0.042431,0.030601,1
1.011614,-1.070305,1
0.047856,-0.305025,1
1.905993,-0.239595,1
1.107414,-0.478403,1
0.301090,0.641191,1
3.037415,-0.648084,1
1.336314,-1.818892,1
-0.726814,-0.471271,1
2.248739,1.284916,1
1.309746,-0.082972,1
0.547627,1.586536,1
-0.444246,0.077858,1
0.636607,-0.575548,1
0.985850,0.515953,1
0.538348,0.263826,1
0.513345,0.132040,1
0.859282,-0.873096,1
0.489929,0.287073,1
1.313291,0.853673,1
2.052492,-1.003040,1
1.541661,-0.460299,1
1.134718,-0.084785,1
1.443452,-0.146723,1
0.636196,0.908209,1
0.245573,-1.274671,1
1.343474,0.029120,1
1.469742,-0.329657,1
1.739267,0.942309,1
-0.000339,-0.581596,1
1.746658,0.680362,1
1.396190,0.965990,1
-0.617277,-0.032103,1
0.835613,-0.695734,1
0.095840,0.903671,1
0.465842,-0.810783,1
2.565543,-1.689559,1
0.510461,-1.406986,1
1.425824,-0.081844,1
1.249862,0.089553,1
0.695182,-0.837486,1
1.443440,-1.025678,1
1.576381,0.996988,1
1.605936,-0.178334,1
1.660195,1.170602,1
1.949106,0.234574,1
2.308880,-0.629789,1
0.180271,-0.962664,1
1.395864,0.656730,1
0.676331,-0.753774,1
0.420139,0.299650,1
1.350240,1.053591,1
0.356091,-0.287655,1
0.494633,1.203374,1
1.352918,-0.103668,1
1.187027,1.067296,1
1.083410,0.674122,1
0.660224,0.281147,1
0.893957,0.397290,1
1.359854,0.623310,1
0.164714,-0.743261,1
1.360161,-0.550171,1
1.463617,0.409817,1
-0.452973,-0.314627,1
0.230388,-0.772354,1
2.187151,0.932360,1
1.092649,-0.460334,1
0.988450,-0.117772,1
2.048207,0.364709,1
0.730760,0.205384,1
1.275554,0.548560,1
0.446099,-0.713256,1
-1.207121,0.324301,1
0.249114,-0.628255,1
0.517396,-0.983802,1
0.664295,-0.052186,1
1.324090,-1.204534,1
0.792814,-0.557018,1
0.796815,-0.577276,1
0.582203,-1.479816,1
1.422775,0.073385,1
2.374558,-0.111618,1
0.992228,0.546878,1
0.197733,-1.036138,1
1.407538,-0.949534,1
0.551689,0.716080,1
0.604950,0.341568,1
0.226565,-1.023818,1
0.808302,-1.177855,1
0.434379,-0.246328,1
0.173088,-0.041547,1
0.682412,0.505782,1
1.383681,0.695257,1
0.685572,-0.280938,1
1.134113,0.071510,1
1.456381,0.080118,1
1.141213,-0.917214,1
0.442991,-0.718274,1
0.861775,-0.314643,1
-0.340373,-1.167399,1
1.250693,-1.031427,1
1.586733,-0.490655,1
0.649401,-0.084830,1
1.117404,-0.174907,1
0.315337,-0.049964,1
1.728330,-0.639886,1
-0.963977,0.011057,1
1.561807,-0.490043,1
-1.783429,0.547062,1
0.517313,0.013149,1
0.670111,0.147363,1
0.667385,-0.241252,1
0.595508,-1.225407,1
1.929978,0.587988,1
1.127757,-0.398808,1
1.277159,-0.661769,1
0.961555,-1.406852,1
1.272492,0.096710,1
1.619255,1.191927,1
0.946434,0.707555,1
0.897915,-0.247537,1
1.662896,0.410589,1
1.073657,0.044939,1
0.945808,-0.020882,1
0.982187,0.224488,1
1.306196,0.323041,1
0.974627,0.693236,1
1.783538,0.016226,1
1.326653,-0.740257,1
1.114177,0.289032,1
1.492674,-0.416563,1
0.961092,0.373917,1
0.472026,-0.609210,1
1.421508,0.761722,1
1.244823,0.283568,1
1.506118,1.252963,1
1.481776,-0.121090,1
0.067580,0.174884,1
1.246265,-0.272565,1
2.059436,0.112275,1
1.757173,0.242808,1
1.599598,-0.342997,1
0.765692,-0.773449,1
1.542432,1.312189,1
1.951201,0.522701,1
1.359252,-0.259235,1
1.023786,-2.028240,1
1.638018,-0.287113,1
1.136437,-0.329025,1
1.034863,-0.033061,1
0.674237,-0.563821,1
0.405961,-0.735408,1
1.173852,0.087487,1
2.330194,0.740671,1
0.932689,-0.052546,1
1.699105,-0.523034,1
1.411366,-0.430341,1
-0.126941,-2.394340,1
1.588262,-0.377359,1
1.095703,-0.378116,1
1.853326,0.658221,1
1.150875,0.472241,1
0.933189,-2.284204,1
0.595274,0.987038,1
0.938942,-0.512657,1
1.386087,0.845420,1
0.254048,1.144575,1
1.923358,0.110181,1
-0.009720,1.369409,1
-0.162422,0.213389,1
1.245521,0.813957,1
1.708462,-0.272119,1
2.200211,0.671177,1
2.035230,-0.090113,1
1.044092,-0.552755,1
0.688354,-0.539496,1
0.395410,0.803970,1
-0.486972,0.202155,1
1.067125,1.408936,1
-0.720155,-0.843500,1
0.385413,-0.526765,1
0.313376,0.068919,1
1.807853,0.330663,1
1.224459,-0.256599,1
1.316788,-0.442231,1
1.261309,0.216307,1
1.056655,1.249959,1
1.531722,-1.026031,1
0.850312,0.788108,1
0.680013,-1.340782,1
0.121625,0.303747,1
1.424203,-0.364971,1
2.063669,-0.446952,1
1.259706,1.432504,1
1.751989,-0.880368,1
0.805097,0.504035,1
0.490221,1.400625,1
1.010484,1.003975,1
1.276874,-0.476676,1
1.939233,-0.969215,1
-0.566357,0.883795,1
0.585602,-0.490085,1
1.817554,-0.365118,1
0.596893,-0.807275,1
0.622481,-0.214632,1
0.388518,0.956635,1
0.629891,0.864900,1
1.485213,-0.092755,1
1.941523,-0.524121,1
0.695203,1.771675,1
0.445021,-0.372888,1
0.404883,-0.489682,1
0.818133,-0.242860,1
0.041805,0.799882,1
1.308923,0.316547,1
1.427259,-0.506231,1
-0.070443,0.331582,1
0.794662,-0.645224,1
1.102891,0.013418,1
1.151278,0.455454,1
1.484195,1.047644,1
1.883002,1.327179,1
0.884626,0.225455,1
1.185169,-1.063482,1
0.982168,-0.007577,1
1.175199,0.864925,1
0.041105,-0.898292,1
0.438866,-0.444575,1
0.998858,1.156920,1
-0.684773,-0.171617,1
0.856462,1.116564,1
1.206107,-0.506762,1
0.385210,-0.045481,1
0.541078,-0.463101,1
0.801214,1.055199,1
-0.404123,-0.725505,1
0.377236,-2.214256,1
0.074611,-0.685021,1
1.403068,-1.300958,1
0.484568,-1.164351,1
1.129306,-0.359731,1
0.642891,-0.313436,1
0.959438,0.788496,1
2.652561,-0.094306,1
1.096048,0.406043,1
0.768926,-1.408552,1
0.182236,0.374781,1
0.503180,0.848679,1
2.129439,-0.356269,1
1.074312,-2.218813,1
0.753865,-0.488560,1
0.770772,0.097293,1
0.226268,-0.378112,1
-0.251690,-0.460293,1
1.454006,0.867825,1
1.201396,-0.193685,1
1.562708,-0.017638,1
-0.209069,0.812913,1
1.568251,0.544453,1
-0.170520,0.600054,1
0.452526,0.762269,1
0.806746,-1.349984,1
1.711101,-0.650793,1
2.586852,1.825990,1
0.587759,-0.538052,1
1.235222,-0.854029,1
1.107610,-0.690442,1
-0.130670,-0.114644,1
0.868203,-0.189217,1
1.889577,-0.756181,1
1.989574,-0.096353,1
1.443210,-0.827369,1
1.469083,0.333266,1
2.152314,0.569390,1
2.414273,-1.950370,1
1.471589,1.291917,1
1.503726,-0.726320,1
1.388016,-0.985753,1
0.943755,0.459791,1
-0.017624,-0.530108,1
0.371238,-0.179730,1
-0.056073,0.978028,1
0.834732,-0.429379,1
0.610255,-0.507902,1
1.158262,0.371588,1
0.542614,0.087622,1
1.015838,0.951467,1
1.155278,-0.786667,1
0.508163,0.604250,1
0.548546,-0.071360,1
2.088515,-0.187575,1
1.626908,-0.574702,1
-0.716037,-1.327383,1
2.276880,1.260462,1
1.402710,-0.475906,1
1.523143,-0.603368,1
0.975115,-1.016377,1
0.897325,-1.059490,1
2.102471,-2.020418,1
1.113537,0.171151,1
0.918733,0.252003,1
1.418110,-0.220363,1
0.549998,0.099190,1
1.523043,-1.135452,1
1.425714,0.698392,1
-0.125797,1.572954,1
0.656766,-0.877317,1
0.553016,0.005191,1
0.657744,0.868403,1
1.795620,-0.152683,1
0.053771,0.703793,1
0.660318,0.016512,1
0.505610,-1.546152,1
1.387643,-0.282647,1
1.355696,0.620171,1
0.049012,1.242488,1
1.061790,0.394204,1
1.267406,-0.206686,1
1.489896,-0.141716,1
0.029023,0.361814,1
0.716748,0.165744,1
0.523697,-0.738125,1
2.826279,0.226264,1
0.585995,0.323758,1
1.653430,0.064804,1
0.264434,-0.950849,1
0.957859,1.030233,1
2.069431,0.812977,1
1.194987,-0.842771,1
0.599749,1.253169,1
-0.531026,-0.537537,1
0.868957,0.522343,1
1.431373,0.004988,1
2.109681,0.917494,1
1.181262,-0.876256,1
1.129792,-1.224744,1
1.399634,0.449571,1
1.584701,-1.124898,1
-0.525739,-0.637535,1
2.523666,0.705761,1
0.914304,-0.427068,1
1.772432,-1.090848,1
2.715788,0.181211,1
0.076217,1.163228,1
0.915161,-0.108379,1
2.209651,0.913359,1
0.074794,-0.460247,1
0.760149,0.035783,1
0.598951,0.129789,1
0.853281,-1.384678,1
1.493273,1.286552,1
1.456106,0.121140,1
-0.393664,0.573580,1
1.323004,0.406784,1
1.782593,-0.040608,1
2.025892,0.185337,1
1.432655,0.434236,1
0.309434,0.451853,1
1.765567,1.314149,1
1.815267,-0.319763,1
1.453503,-0.326163,1
1.321994,-0.030724,1
1.704458,-0.076224,1
-0.559140,0.132907,1
1.107020,1.192826,1
0.566372,0.044312,1
0.366036,-0.140936,1
1.650162,-0.103499,1
0.872532,0.152182,1
0.457898,1.437718,1
0.768326,-0.308750,1
0.401237,-1.040643,1
1.923824,0.085263,1
1.787098,1.226692,1
-0.767756,-0.488147,1
0.792475,0.034523,1
0.377539,0.536514,1
0.297779,-0.128309,1
1.180631,-0.430752,1
0.146223,0.616235,1
1.529534,-0.082651,1
0.821862,-0.322140,1
0.332950,-0.075138,1
0.676465,0.700651,1
2.049292,-0.599646,1
-0.028511,0.590891,1
1.357769,1.044778,1
2.105902,-0.320395,1
1.099140,-1.704798,1
0.521985,-0.193408,1
0.414276,0.799415,1
1.209605,0.219871,1
1.905223,-0.348953,1
1.582793,0.637654,1
1.604729,0.480633,1
2.492343,-0.870745,1
0.875745,0.472743,1
1.286839,0.662306,1
0.967771,1.228680,1
2.154515,-0.295519,1
1.704899,0.257254,1
-0.123263,0.600128,1
2.846758,0.181758,1
0.985612,0.355636,1
-0.853325,0.190261,1
1.363224,0.665952,1
1.364462,-0.067602,1
0.916242,0.389484,1
1.157195,-0.935659,1
1.673019,-0.399008,1
0.975438,-0.021566,1
1.017526,0.340899,1
0.384020,0.169653,1
1.397141,0.682645,1
-0.114737,-0.880912,1
0.190105,0.228099,1
0.429281,-0.266977,1
0.826818,-0.946170,1
1.202132,0.166184,1
0.554747,0.671957,1
0.012531,0.213932,1
1.106884,1.074769,1
1.087353,1.157344,1
0.367308,-0.623612,1
0.023994,1.733353,1
2.104731,1.000472,1
1.414807,1.118093,1
0.091866,-0.708408,1
2.699114,0.237952,1
0.896419,-0.880356,1
-0.876527,-0.171492,1
1.281321,1.817025,1
0.570912,-0.052469,1
0.447473,0.125545,1
0.996902,0.985507,1
1.073748,0.169433,1
1.205068,0.486544,1
2.038939,-0.236532,1
1.533473,-0.228946,1
1.353991,0.111829,1
0.543271,-1.287915,1
1.576033,0.357679,1
1.492545,-0.666361,1
0.348242,-0.714304,1
0.447109,-0.324946,1
2.026625,-0.162387,1
0.900741,-1.082180,1
0.898950,-1.251526,1
1.752157,0.836741,1
2.113410,-1.228809,1
0.807818,-0.747085,1
1.766693,0.637479,1
1.199166,0.384763,1
0.875276,-0.457292,1
0.967130,-0.072291,1
0.178390,0.198902,1
-0.932651,-0.869049,1
0.058605,-0.564690,1
0.977897,0.523948,1
0.769570,-1.343588,1
0.463530,-0.677913,1
0.384363,-0.549040,1
1.426220,-1.146803,1
0.443176,-1.398758,1
1.103553,0.012718,1
1.222072,0.055936,1
0.250688,-0.161426,1
-0.393801,0.835055,1
1.274672,0.598863,1
0.607787,0.045811,1
0.008402,1.209717,1
1.766640,-1.557765,1
0.618097,-0.576967,1
1.304239,-0.082127,1
0.138290,-0.030641,1
0.990271,-0.662167,1
1.028558,-0.844426,1
1.094289,-0.060094,1
0.796464,-0.236335,1
1.537907,0.631357,1
0.173860,0.036685,1
1.050283,-0.218724,1
1.771951,1.401610,1
0.947284,-0.937525,1
0.817031,-0.701497,1
0.392320,0.574012,1
-0.121822,0.684772,1
0.047764,1.659516,1
0.090725,-0.547789,1
1.553705,0.357246,1
1.200231,0.561315,1
0.791288,-0.092723,1
2.531033,-1.300482,1
-0.457283,0.551288,1
0.549436,0.132717,1
1.329488,-0.912037,1
2.451119,-0.832325,1
-1.035037,-0.721977,1
0.811948,-0.147031,1
1.402746,-0.796305,1
1.716925,-0.659511,1
1.706614,0.184665,1
-0.238805,-0.464446,1
2.502476,0.741326,1
-0.651031,0.784829,1
0.564137,0.699441,1
0.238791,0.046898,1
2.656853,-0.198621,1
2.062416,-1.093680,1
1.016427,0.389989,1
0.273858,1.129574,1
1.193697,-0.374365,1
1.817153,0.411859,1
1.019826,0.307592,1
1.109942,0.976179,1
0.707972,-0.858773,1
1.586154,0.808557,1
0.555353,0.519137,1
0.889723,1.321306,1
0.347196,1.977254,1
-0.510269,-0.103205,1
2.271377,-0.213973,1
0.756453,0.480170,1
0.430824,-0.163999,1
1.068379,1.625670,1
1.606563,0.131798,1
1.603396,-0.523663,1
0.140297,0.548478,1
-0.078549,-1.321747,1
1.062723,1.654860,1
-0.472005,-0.077485,1
0.535423,-0.118683,1
1.033880,0.450149,1
0.958493,-0.965841,1
0.097145,0.298950,1
0.325146,0.482146,1
0.366398,-0.632927,1
0.339983,-0.085758,1
0.590649,-1.129976,1
1.784495,0.322582,1
1.271813,0.060524,1
-0.039030,-1.190277,1
1.060445,-0.810043,1
-0.410150,-0.433551,1
1.187504,0.564620,1
3.036045,0.283095,1
1.008863,-0.593875,1
1.034890,0.789584,1
0.101712,1.226061,1
1.000611,-2.065094,1
0.545982,-0.348912,1
0.320843,1.758451,1
0.441138,1.251784,1
0.314288,-0.873487,1
0.736043,-1.005980,1
0.491790,0.110748,1
0.127004,-0.441875,1
1.707939,-1.137830,1
0.173661,-1.103282,1
1.394934,-0.741032,1
0.547455,0.463529,1
0.192649,0.101081,1
0.880454,0.929191,1
0.238178,0.179938,1
0.390126,0.423432,1
0.434429,1.394227,1
1.213424,0.299359,1
1.360291,-0.525859,1
1.080243,-0.421143,1
0.436195,0.311901,1
1.505758,-0.834654,1
0.816817,-1.480714,1
1.525682,1.022780,1
1.335309,1.720927,1
0.200183,0.045325,1
0.780067,-0.292273,1
-0.952637,-0.482464,1
0.752520,0.066430,1
-0.257790,0.704300,1
0.131552,1.323488,1
-0.244599,0.378962,1
1.137792,-0.430768,1
0.924016,0.218374,1
0.902245,-0.209828,1
0.992334,2.341684,1
0.318045,0.906368,1
1.378363,1.472264,1
0.271911,0.016882,1
-0.119579,0.333748,1
0.929468,-0.897725,1
1.880861,0.892287,1
0.798124,-0.969609,1
0.243101,0.109318,1
-0.253941,0.303449,1
1.213339,-0.551025,1
0.327291,-0.529164,1
1.333536,-0.846025,1
1.042900,-0.282377,1
0.005371,-0.520810,1
0.709047,0.305817,1
0.489108,1.423890,1
2.386259,-0.770461,1
2.521156,0.357922,1
1.393544,0.083161,1
1.641062,-0.765799,1
1.334354,1.586569,1
0.657087,0.587628,1
1.057205,-0.744648,1
1.084848,0.635270,1
2.282056,1.817630,1
0.344191,-0.381447,1
0.881595,0.485943,1
1.797845,-0.395960,1
1.526603,0.181046,1
0.792532,0.331838,1
-0.460206,-0.143960,1
1.400131,0.359774,1
-0.745342,-0.209306,1
0.849008,0.457772,1
1.552676,1.442881,1
1.224389,-0.677843,1
0.192957,-0.339681,1
1.739480,0.485773,1
0.452828,0.723510,1
0.522777,-0.907893,1
-0.382676,-0.840958,1
0.433363,0.851287,1
1.839577,0.512048,1
1.680349,0.135349,1
0.797639,0.303970,1
0.923105,-0.394914,1
1.197508,0.467449,1
0.792634,0.064236,1
0.449693,0.431171,1
1.033484,-0.252759,1
1.143327,-1.041466,1
2.396327,1.040624,1
0.641038,-0.099903,1
0.887847,-0.817476,1
0.635389,0.457721,1
1.946055,0.772885,1
1.597235,2.241257,1
1.407043,0.436044,1
1.499541,-0.276408,1
1.359703,-0.138025,1
0.141206,-0.558783,1
1.723327,-0.233939,1
1.618337,1.119787,1
1.122438,-0.497057,1
0.851258,0.184085,1
0.425804,0.717289,1
0.613511,0.812443,1
0.958288,-0.353109,1
1.807872,1.113651,1
0.961794,2.087337,1
-0.342723,0.362861,1
0.802833,0.003731,1
0.571602,0.666920,1
0.877442,-1.012194,1
1.310577,0.002223,1
1.671253,0.989713,1
1.347244,0.300217,1
1.068925,-0.827769,1
0.816532,-0.594758,1
-0.460679,0.753715,1
1.523965,-0.696725,1
1.623899,-0.717945,1
0.964142,1.758950,1
0.554659,0.254008,1
1.751847,-0.486593,1
1.502583,0.151463,1
2.490888,0.099481,1
1.139133,0.138823,1
2.242265,-0.257411,1
1.118485,0.753369,1
0.785959,-1.020928,1
0.669333,0.006886,1
0.866536,0.857343,1
0.480264,0.657740,1
-1.072296,0.751087,1
0.561965,-0.483055,1
1.232230,1.072860,1
-0.506162,0.619526,1
0.554278,0.445408,1
0.197584,-0.758716,1
-0.242027,0.006969,1
0.035920,1.440494,1
2.216266,0.543082,1
0.718984,-0.381963,1
1.819557,-0.083692,1
-0.196755,-0.430065,1
0.237530,-0.630437,1
-0.315903,0.706342,1
1.621753,0.003474,1
1.688011,-0.429392,1
1.871035,0.369991,1
1.712757,0.480564,1
2.081877,-1.066368,1
0.958070,-0.034901,1
1.957114,-0.484517,1
1.668952,-0.913639,1
2.961181,-0.774659,1
1.173013,0.723424,1
1.442926,0.768935,1
1.494563,0.680045,1
2.049908,0.583300,1
-0.186972,0.301018,1
0.058339,-0.889869,1
0.594720,0.755281,1
0.491245,0.925721,1
1.038366,-0.132769,1
1.699254,1.404362,1
-0.215304,-0.180331,1
0.511881,0.592471,1
0.427546,1.069792,1
0.355677,-0.268410,1
0.050424,0.317874,1
0.525848,0.330986,1
1.117533,-0.898136,1
0.155767,1.014426,1
1.054199,0.520577,1
0.959984,2.607969,1
1.106729,0.796305,1
0.442988,-0.993007,1
0.696282,0.129717,1
-0.709101,-0.523769,1
0.895311,0.184926,1
2.020298,-0.039540,1
0.337794,0.538621,1
0.193964,0.654587,1
1.777113,0.558418,1
0.184435,-1.113911,1
0.119238,-0.468841,1
1.359261,-0.454938,1
0.348891,-1.801484,1
2.455098,-0.193220,1
1.147905,0.499112,1
0.553859,-0.487218,1
1.472683,-0.313259,1
1.126281,1.057803,1
-0.237243,-0.709698,1
1.183210,0.671227,1
1.675968,-1.627648,1
0.042811,1.016914,1
0.729629,0.023962,1
0.140149,0.369779,1
1.018920,-0.462342,1
0.665055,0.049525,1
1.575015,-0.031231,1
2.025578,0.162784,1
0.604645,0.307989,1
0.706148,0.056678,1
1.029045,-1.050687,1
1.505255,0.151787,1
0.152665,0.081129,1
1.026037,0.380864,1
1.012194,1.116241,1
2.279585,1.215110,1
1.811201,0.029753,1
0.398318,-0.680699,1
-0.304237,0.099530,1
0.429913,-1.213923,1
0.533859,-0.554345,1
0.645309,1.206134,1
1.345126,-0.303893,1
0.902567,-0.922944,1
1.642083,-0.236409,1
1.601752,0.011291,1
1.812177,-2.063240,1
-0.206940,-0.067180,1
1.575939,0.694738,1
1.084012,-0.112186,1
1.478449,-0.712483,1
1.761438,1.704228,1
-0.228370,0.913781,1
1.213685,-0.697146,1
2.199986,0.117029,1
1.689740,0.057644,1
0.853170,-0.725606,1
0.974771,-0.131817,1
1.699322,-0.104629,1
2.522946,-1.040565,1
0.406210,-0.272479,1
2.081667,0.100935,1
1.988743,-0.267771,1
0.450261,-1.209983,1
1.037575,0.182037,1
2.714396,-0.436085,1
0.927357,-0.017373,1
0.830331,-0.971964,1
2.062219,0.675811,1
1.881930,-0.692206,1
0.388066,0.454677,1
0.123981,-0.169360,1
2.605907,0.057186,1
0.601914,0.059200,1
1.704874,-1.857256,1
1.064471,-0.420419,1
1.013121,2.476993,1
1.316453,-1.730996,1
0.591937,0.482841,1
0.261100,-0.179562,1
0.976151,1.385582,1
1.362593,-0.987405,1
-0.514896,0.788418,1
-0.491675,1.310876,1
0.557747,0.215118,1
1.315362,0.772812,1
-0.001952,-0.522820,1
1.677011,-0.655568,1
1.033451,-0.144556,1
0.453915,-0.569413,1
1.381063,-0.192181,1
0.615917,-0.163599,1
0.720075,0.650156,1
0.286984,-0.040780,1
1.425216,0.557677,1
2.151338,-0.816791,1
1.807300,0.326888,1
0.082588,-0.197877,1
1.874442,0.468003,1
1.888155,0.159820,1
0.594758,-0.096253,1
0.905337,-0.995447,1
1.031260,0.667931,1
0.338358,0.354262,1
0.685746,0.346253,1
1.130850,-0.038551,1
0.262891,1.654921,1
1.083244,0.596315,1
0.822865,0.982280,1
1.691477,-0.070281,1
1.518595,-0.648255,1
1.026194,0.146211,1
0.426378,-1.930733,1
1.210543,-0.417741,1
0.726418,0.699172,1
0.836000,0.154976,1
-0.315070,0.561099,1
2.016219,0.547687,1
-1.241431,0.451340,1
1.886142,0.476546,1
1.267763,-0.163507,1
-0.230964,-0.499625,1
0.806285,-0.105804,1
1.720632,0.650998,1
0.336875,-0.238645,1
1.227275,-0.504902,1
-1.014480,-0.977542,1
1.006914,-0.144072,1
0.600175,-0.170795,1
0.316401,0.232502,1
1.933355,-0.947067,1
0.269463,0.418079,1
-0.747857,0.702463,1
2.118799,-0.118957,1
0.506866,0.035496,1
0.766874,0.856832,1
2.099645,-0.530816,1
-0.105896,-0.523449,1
1.275266,-1.257633,1
0.918581,-0.164029,1
1.850823,-1.511188,1
1.236556,-0.375704,1
0.590546,0.089199,1
1.572684,-1.002055,1
0.941105,1.109903,1
1.606580,0.091558,1
1.516931,0.644468,1
1.412284,0.127881,1
0.141581,-0.809260,1
2.136083,-1.073835,1
0.956002,0.808463,1
1.517244,0.929711,1
0.156476,-0.681094,1
2.042385,0.858548,1
0.106906,0.514364,1
1.293127,1.301219,1
-0.275763,0.132861,1
1.048423,-0.021426,1
0.221488,0.016452,1
1.308539,0.589006,1
0.706673,-0.815014,1
0.239187,1.321040,1
-0.827708,-1.466005,1
2.037489,-1.803145,1
2.665267,0.247615,1
1.707082,-0.970195,1
-0.004324,-0.717797,1
0.566327,-2.086556,1
1.691144,-1.049174,1
0.845379,0.695862,1
-0.159793,1.098262,1
1.157805,0.405348,1
1.322910,0.775934,1
1.064343,-0.612572,1
1.649140,-1.154773,1
1.033055,0.297883,1
0.418975,0.812902,1
1.748112,1.777440,1
1.943506,-0.988056,1
1.619334,0.124904,1
0.543430,-0.006510,1
0.878721,0.792216,1
0.992753,-0.267030,1
1.752324,1.105928,1
1.187257,-1.169597,1
1.471252,0.359603,1
0.918534,-0.398630,1
1.617357,0.439677,1
1.017740,-1.109239,1
0.597966,0.885882,1
0.764841,-0.634575,1
2.637040,-0.205612,1
0.082057,0.788405,1
1.585599,-0.668279,1
1.531782,-0.968912,1
2.650104,-0.642945,1
0.688956,0.675167,1
0.426750,0.322706,1
1.516794,0.275071,1
1.360434,0.764118,1
0.686627,-0.595965,1
0.622974,1.460887,1
1.155130,-0.498253,1
1.108311,-0.361682,1
-1.165230,-0.397122,1
2.028422,0.194477,1
1.480319,-0.359035,1
1.543310,0.077966,1
0.942495,-0.519936,1
1.414688,0.406890,1
1.454346,1.518201,1
0.426273,-0.493970,1
1.896641,0.929884,1
0.502685,-0.098495,1
1.577861,0.468933,1
1.176392,-0.459922,1
1.830631,1.087125,1
0.979767,-0.406031,1
0.240146,0.008252,1
2.128553,0.243626,1
-0.283078,-0.512979,1
0.145450,-0.604338,1
1.572864,1.671027,1
0.562467,-1.081692,1
0.988536,-0.361297,1
0.947732,0.023479,1
1.163144,-1.502457,1
1.412218,1.357867,1
0.039964,-1.720669,1
0.150894,0.547936,1
0.405913,-0.115838,1
2.654219,1.654817,1
1.304195,-0.037147,1
0.315373,1.087784,1
-0.378560,0.004040,1
1.406776,-0.091733,1
0.546982,0.222336,1
1.079915,1.048144,1
1.714683,-0.626372,1
0.766489,-0.562685,1
0.678558,-0.435802,1
0.568238,-1.195083,1
1.124544,0.246813,1
1.271570,-0.882076,1
0.166241,-0.178280,1
0.913957,0.210385,1
0.593515,-0.218973,1
0.757790,0.390829,1
1.462015,0.042384,1
0.092610,-1.127011,1
0.942169,1.003408,1
1.222450,0.058747,1
1.062351,1.680337,1
0.439925,-0.032818,1
0.558668,0.288728,1
0.706710,-0.516940,1
2.365581,0.325485,1
0.228783,-0.566175,1
0.558743,-0.418063,1
1.000148,0.870247,1
1.459093,-1.886583,1
1.188192,0.038015,1
0.803337,2.027836,1
1.074535,1.270974,1
0.363491,-1.500762,1
1.631911,-0.557231,1
0.882445,0.053628,1
1.856648,0.120288,1
1.603705,0.441358,1
1.851712,1.031131,1
0.893185,-1.353096,1
1.925632,-0.318329,1
0.812533,0.862591,1
0.089759,0.493059,1
0.555434,0.109995,1
1.883081,0.839835,1
1.178017,0.164462,1
1.024213,0.977207,1
0.230435,0.576283,1
1.047256,0.518056,1
0.205451,0.650528,1
-0.348854,-0.982595,1
0.799519,1.278034,1
1.030986,-0.149762,1
1.243380,-0.891156,1
2.976719,0.022540,1
-0.383106,0.002905,1
1.885398,0.070514,1
-0.244084,-0.131816,1
4.047030,-0.405061,1
0.897655,0.072282,1
0.664735,-1.576757,1
-0.152675,-0.494015,1
-0.169377,-0.563612,1
0.689543,-0.983565,1
2.056916,0.403675,1
1.681205,0.142337,1
0.817111,-0.279508,1
1.848206,0.495260,1
2.343205,-1.570981,1
2.839958,-0.216599,1
2.700293,0.064315,1
1.772387,0.729000,1
0.796057,0.102398,1
0.175882,0.007919,1
0.656430,-0.130818,1
1.230589,0.178173,1
1.157184,1.241721,1
0.906608,-0.522348,1
1.182006,0.299827,1
0.545827,-0.616745,1
0.785608,-0.268077,1
0.452767,0.994387,1
0.899456,0.551038,1
0.859694,-1.144751,1
0.520272,-0.500657,1
1.463031,-0.263695,1
1.289679,-0.715073,1
0.797773,-0.239304,1
1.742402,0.141555,1
1.144240,-0.693457,1
1.069220,0.063221,1
0.837679,0.263718,1
0.235751,0.404473,1
0.274542,-0.553652,1
1.491385,0.707162,1
-0.094126,-0.560565,1
0.982894,-0.681953,1
0.927673,1.669111,1
0.507707,-0.385293,1
0.750928,0.598736,1
3.045537,0.263018,1
0.635074,-0.443810,1
-0.530299,-0.280538,1
1.331145,0.141455,1
0.787355,0.699872,1
0.229773,-0.259504,1
2.026356,-0.275631,1
2.151779,-0.639882,1
1.158783,0.607423,1
0.927635,-0.496563,1
0.820085,0.371618,1
0.264372,0.759290,1
0.163399,-0.401621,1
0.470514,0.825761,1
0.198087,-1.964769,1
1.364391,0.039448,1
1.158264,-0.520290,1
0.323174,0.174653,1
0.186594,1.920795,1
1.370699,-0.956002,1
-1.241302,-1.498023,1
0.664274,0.012092,1
1.971172,-0.890196,1
0.353474,-0.908555,1
-0.152620,-0.999853,1
2.762478,-0.375275,1
1.196798,-0.738413,1
0.929531,-1.252693,1
0.936727,0.121996,1
1.137247,0.331156,1
0.649507,-0.713584,1
2.312353,0.311051,1
0.914380,-0.325250,1
-0.372726,1.162812,1
1.541760,-0.522556,1
0.674926,-0.814415,1
0.013817,-0.623259,1
0.472875,0.106730,1
1.472814,0.424716,1
1.939533,-0.083832,1
0.273161,-0.072704,1
0.217982,-2.387451,1
-0.276077,-0.917893,1
1.588701,0.445594,1
-0.217663,-0.303831,1
0.938045,-0.485976,1
1.216308,0.025048,1
-0.054333,0.590292,1
1.854987,-1.116725,1
1.823804,-0.407072,1
1.379248,-0.458108,1
0.203175,-0.002946,1
1.536462,0.480139,1
1.352160,-0.226372,1
1.219234,-0.316033,1
1.158415,0.439815,1
1.212282,0.531724,1
2.094755,-0.180691,1
-0.982025,-0.669001,1
0.935170,0.183166,1
1.132258,-0.029622,1
2.171270,-0.910228,1
0.112484,0.244014,1
2.218827,0.283312,1
0.275530,1.804301,1
1.724877,0.270772,1
0.211440,-0.723347,1
0.206271,-0.256534,1
-0.096230,0.052852,1
1.318433,1.125185,1
2.006770,-0.126970,1
0.735593,0.393511,1
0.682893,-1.181759,1
1.220458,1.029643,1
0.831656,0.248102,1
0.746496,-0.320917,1
0.235760,-0.240847,1
2.251070,-1.908850,1
1.517892,-0.637998,1
1.344839,1.040809,1
0.413253,-0.234385,1
1.670631,-0.652522,1
-0.346162,-1.504556,1
0.247773,-0.707752,1
1.772840,0.739564,1
0.517182,0.860745,1
2.335878,0.085338,1
1.165687,-0.476009,1
0.774390,-0.702351,1
0.396490,0.891900,1
1.135253,0.855984,1
1.621184,-0.652569,1
0.556991,-1.078939,1
1.351639,-0.003933,1
1.604480,0.246646,1
2.059713,-0.100592,1
1.530723,-0.517025,1
1.403903,1.587394,1
1.057472,-0.775514,1
0.579861,0.802022,1
0.481393,-0.304976,1
2.528231,0.384959,1
0.809440,1.165853,1
1.529794,0.624043,1
-0.863216,-0.058734,1
3.450610,1.001829,1
0.624076,0.390168,1
1.352221,0.152454,1
2.556338,0.186176,1
1.542395,0.805227,1
0.977440,-0.066979,1
-0.975320,-0.340875,1
1.848590,0.229155,1
0.543614,-2.039227,1
0.284958,-0.334968,1
1.724362,0.165992,1
1.620983,-0.016544,1
0.890783,-0.304580,1
0.936275,0.381758,1
0.357520,0.388699,1
1.405086,1.491127,1
1.815900,-0.131440,1
1.237894,0.694796,1
1.341136,0.194008,1
0.960319,0.674326,1
0.281895,0.133818,1
1.798708,-0.156805,1
1.423660,0.626569,1
0.001362,-0.247763,1
0.972902,-1.264257,1
1.837850,0.846470,1
-0.008019,1.405803,1
0.185300,-0.140810,1
1.242557,-0.290595,1
0.553715,1.215205,1
1.879328,1.044787,1
1.288264,1.130788,1
1.360649,-0.392286,1
1.109185,-0.410264,1
1.716345,0.722078,1
1.307408,0.507942,1
-0.201027,-0.163639,1
1.431630,-0.821893,1
0.472882,0.828822,1
1.876047,0.298919,1
0.451085,0.700338,1
0.396437,0.100900,1
1.515205,0.642545,1
1.959198,-0.865977,1
1.415304,-0.176412,1
1.588050,0.576158,1
2.768464,-2.000423,1
0.923919,-0.384200,1
1.960072,-0.605377,1
0.772535,-1.072358,1
0.991015,0.385881,1
0.512719,-0.564876,1
1.468315,0.065007,1
1.683883,-0.137393,1
1.589552,-0.064760,1
1.911986,1.357503,1
0.683703,-0.054042,1
2.583156,0.892659,1
0.495593,-0.048832,1
0.920387,0.752353,1
2.418341,1.115628,1
1.234200,0.912138,1
1.458333,2.001195,1
0.839652,-0.804068,1
1.673424,0.371958,1
1.151024,0.679888,1
-0.052334,0.231014,1
0.094007,-0.445531,1
1.321277,0.520095,1
0.797096,0.256294,1
1.245590,0.632910,1
1.702541,-0.973647,1
0.478916,-0.914193,1
1.966002,0.590668,1
0.610195,0.780051,1
2.594471,-1.266218,1
0.941277,0.094210,1
-0.076364,0.751904,1
1.215431,1.095494,1
1.889989,-0.475257,1
1.124704,-1.041559,1
0.695766,-0.572070,1
2.415302,0.394401,1
1.517658,0.110823,1
0.286829,-0.248852,1
1.575872,-0.472248,1
1.935498,0.147445,1
2.194591,-0.428363,1
2.309391,-0.023567,1
1.096821,-0.107257,1
0.141859,-0.182676,1
0.240494,-0.837893,1
1.552162,-1.825774,1
1.138402,0.209696,1
0.968188,1.184254,1
1.484091,-0.296096,1
1.210607,0.103925,1
0.758658,-0.542121,1
-0.050430,1.148141,1
-0.349084,0.455239,1
0.832194,-0.411379,1
0.899383,-0.217249,1
0.753649,-0.258477,1
0.594040,-1.124314,1
0.918796,-0.537733,1
1.009739,-0.501196,1
1.723842,0.056911,1
-0.053927,-0.578544,1
1.365459,-1.181319,1
0.936814,1.040924,1
0.251595,-0.461835,1
0.572553,0.464392,1
0.216294,0.737353,1
1.421397,-0.046934,1
2.581579,-0.126478,1
1.006088,1.752330,1
0.469521,0.385605,1
1.849647,-0.089010,1
0.828733,0.155477,1
-0.138582,0.071472,1
0.064293,-1.177673,1
0.534862,-0.500421,1
2.347854,0.147959,1
2.745108,0.202795,1
0.383578,1.028316,1
0.800714,-0.417538,1
2.229176,0.127129,1
0.122406,0.592500,1
1.002984,0.685953,1
2.130850,0.274440,1
0.941906,-0.168320,1
0.618346,-1.120007,1
0.383148,-0.580529,1
1.675473,-0.234334,1
0.876355,-1.000713,1
2.129815,-1.073284,1
-1.074367,-0.781576,1
0.085695,0.229653,1
0.338864,1.104848,1
0.848357,-0.121947,1
0.136081,-0.377992,1
1.407016,0.156698,1
1.456151,-0.043572,1
1.277163,-0.861931,1
2.241158,0.199004,1
0.882278,0.660963,1
-0.093640,-0.024073,1
1.028840,1.090500,1
0.427039,-0.542617,1
0.721840,0.929201,1
1.181866,0.813386,1
0.775714,-0.158907,1
1.146748,0.100650,1
-0.057376,0.751965,1
-0.597297,-0.615274,1
1.349066,0.483948,1
1.697331,-0.018003,1
0.938540,0.765091,1
0.524115,-0.164233,1
1.545402,0.049504,1
0.411222,-0.013258,1
1.214720,-0.238297,1
2.744795,1.052164,1
0.256916,0.676223,1
0.924587,0.720738,1
0.499310,-0.835812,1
1.512661,-1.430269,1
2.946566,0.104832,1
1.319508,-1.072113,1
1.893475,0.460129,1
0.661212,0.678353,1
2.019484,0.417959,1
0.825763,-0.750447,1
-0.523321,0.498778,1
2.027183,0.819187,1
1.153215,-0.116636,1
0.656291,-0.231295,1
1.417961,-0.183393,1
-0.551833,0.717466,1
1.172225,0.078588,1
0.868804,-0.303286,1
0.998750,0.562474,1
1.211784,0.206604,1
0.938660,-0.744158,1
1.808436,0.334791,1
1.269543,0.544996,1
1.762341,-1.229954,1
1.281251,-0.786964,1
1.073528,-1.583174,1
1.086087,0.685394,1
1.374352,0.926456,1
1.282304,0.033444,1
0.890618,1.107940,1
0.167397,-0.770339,1
0.895519,0.113112,1
0.762625,0.064422,1
1.922569,0.788978,1
2.207123,-0.179094,1
0.905268,-1.488748,1
0.533667,0.521202,1
0.749069,0.462096,1
1.498298,1.045320,1
1.703737,-0.304476,1
0.846905,-1.953371,1
1.520620,0.120583,1
1.659541,0.006037,1
-0.529343,-0.502036,1
1.265737,-1.058184,1
0.422805,0.202553,1
1.351012,0.382637,1
2.148111,0.025739,1
0.542898,0.021745,1
2.076769,0.833599,1
1.304560,-0.169781,1
1.710450,-0.777921,1
1.767062,-0.583512,1
1.011004,0.343020,1
0.540985,0.814727,1
2.226385,0.619572,1
0.143779,0.215431,1
0.259558,-0.274622,1
-0.434938,-1.145986,1
1.043845,-0.119638,1
1.385523,-0.243371,1
1.252635,0.045761,1
1.104444,0.172121,1
2.182412,0.821092,1
0.339176,-0.768094,1
1.112620,-1.175750,1
0.364023,1.779247,1
1.414080,-1.101083,1
1.665773,0.233878,1
0.951524,0.300625,1
2.163628,-0.224276,1
0.720677,-0.448444,1
-0.863757,-0.080950,1
1.567551,-1.316505,1
0.827659,1.221632,1
0.163148,0.928484,1
1.160612,-0.560315,1
1.342001,0.771552,1
0.753200,-0.045867,1
0.116658,0.258143,1
1.764117,0.499402,1
0.936507,0.172477,1
1.450308,0.429791,1
2.281345,0.712690,1
1.270086,-0.570622,1
1.427543,0.436260,1
2.300119,0.185318,1
1.698592,-0.058153,1
0.352036,-0.037578,1
0.259312,0.548182,1
0.934167,0.261074,1
0.843277,0.820823,1
1.663490,0.061701,1
1.163577,-0.248508,1
-1.480864,0.310259,1
1.408262,0.027517,1
0.952083,0.141489,1
0.804743,-0.938993,1
1.522623,-0.904033,1
1.294913,0.363145,1
1.625840,0.511301,1
2.300943,1.661579,1
2.138101,-0.011922,1
0.588591,1.021056,1
1.452884,-0.196928,1
1.530138,-1.310407,1
1.482430,-1.525967,1
1.032100,-0.987435,1
3.242577,-1.988863,1
2.928715,-0.231655,1
1.244940,2.395690,1
1.476105,-0.532574,1
0.760537,0.587070,1
0.093107,-0.245221,1
0.071376,-1.168867,1
1.060924,0.469943,1
0.080286,-0.422488,1
0.014144,-0.590465,1
0.961025,-0.422287,1
1.244553,-0.993737,1
0.672360,-0.925421,1
0.949867,0.177816,1
3.387646,-0.256265,1
0.515731,-0.442552,1
-0.029404,0.351295,1
1.314483,0.254057,1
1.471238,0.865215,1
1.201293,0.219669,1
0.940810,0.499933,1
2.360723,-0.141736,1
0.833668,0.104058,1
1.163951,0.055059,1
0.660157,0.160237,1
1.219483,-1.080338,1
-0.549869,-0.000767,1
0.973394,0.841913,1
1.581103,-0.668618,1
2.760571,-0.069490,1
0.875590,-0.039937,1
1.754158,0.764886,1
1.260537,-0.547458,1
1.508930,-0.659730,1
1.279315,0.172490,1
0.405290,0.819547,1
2.290087,-1.279341,1
0.683556,-1.819317,1
0.635110,-0.125656,1
1.669495,-0.542380,1
1.672331,0.673647,1
1.032008,0.272545,1
0.037555,-0.553962,1
0.212478,-2.191484,1
0.390220,-0.696067,1
2.338571,0.336977,1
0.907414,-0.460580,1
2.072622,0.661091,1
-0.395810,0.959528,1
0.678149,0.095495,1
1.053567,0.332678,1
1.234266,0.614586,1
1.821763,-0.793298,1
-0.904066,-1.110053,1
0.712153,-0.701415,1
2.442030,-0.361983,1
1.072150,0.201976,1
1.225813,-1.048045,1
0.043404,-0.903083,1
1.509176,-0.273377,1
0.699255,1.004639,1
1.439167,-0.042863,1
1.367669,-0.085460,1
2.240282,-0.301632,1
0.732743,-0.756983,1
1.680581,0.828879,1
1.239683,-0.357254,1
0.030669,0.966150,1
0.938288,1.611976,1
0.184173,0.029453,1
0.756822,1.757937,1
1.119621,1.023024,1
0.238484,0.545468,1
0.344593,-0.203380,1
1.681022,-1.342755,1
2.753509,0.384208,1
1.446499,-1.230729,1
1.269046,-1.004608,1
2.717226,0.162324,1
-0.351306,-1.155811,1
0.985109,-0.735538,1
0.689398,0.790529,1
1.320367,-0.220981,1
1.102418,-0.017121,1
1.845308,0.343571,1
1.413939,-0.270893,1
-0.494374,0.291451,1
1.088000,-0.360631,1
0.843423,-1.042443,1
1.071700,-0.599496,1
0.910298,-0.897176,1
1.299798,0.475575,1
0.066136,1.192740,1
0.380581,-0.959595,1
1.101148,0.513193,1
-0.218840,2.115217,1
1.146998,-0.438037,1
-1.101591,-0.368088,1
1.892163,-0.724728,1
2.077368,0.737413,1
1.038480,-0.582930,1
1.466570,-0.844130,1
0.596893,1.624281,1
-0.688837,-0.023602,1
1.958230,-0.178178,1
2.009607,-1.703837,1
1.084235,0.148447,1
0.278148,0.834217,1
1.834999,-0.223943,1
1.289735,0.520701,1
1.477357,-0.242670,1
0.399980,0.373863,1
1.145495,0.360466,1
-0.207897,1.034547,1
1.555077,0.063993,1
0.204602,-0.057226,1
-0.074039,-0.914556,1
-0.217386,0.598585,1
2.292713,-0.261669,1
1.389826,0.772199,1
-0.293820,-0.821492,1
1.425507,-0.330305,1
0.591514,-0.696378,1
1.652990,0.976900,1
1.623136,-0.613801,1
0.825865,-0.468483,1
1.201773,-0.023620,1
0.292575,-0.068511,1
2.720072,0.379576,1
0.290811,-0.287783,1
1.165787,1.622429,1
-0.198337,1.209609,1
0.989887,1.533308,1
1.581030,0.435139,1
0.531263,0.650919,1
2.766284,0.710055,1
2.211608,-0.933288,1
2.508432,-0.334051,1
2.668107,-0.732322,1
1.146689,0.267128,1
-0.128014,-0.465132,1
0.579011,0.059653,1
0.321882,-0.314419,1
1.297177,-0.378310,1
1.084483,0.095313,1
0.335627,-0.490036,1
0.031885,0.046821,1
-0.147803,-0.227340,1
2.339215,0.332496,1
1.687291,0.253180,1
0.762493,1.050005,1
1.425899,1.205657,1
2.483807,-0.083261,1
-0.367161,-1.596097,1
0.135607,0.330370,1
1.806120,-0.239137,1
1.844557,0.005091,1
1.053438,0.693118,1
0.708448,0.778393,1
1.129735,-0.315295,1
1.700641,-1.027232,1
0.032503,1.278620,1
1.029698,-0.650456,1
1.334460,1.191673,1
1.197345,-0.278621,1
0.411496,-0.121052,1
0.861221,-0.553297,1
1.608230,0.502367,1
1.229099,1.475660,1
1.770019,-0.585470,1
-0.106953,-0.937116,1
2.089711,1.014333,1
1.109166,1.324780,1
0.578863,-0.586758,1
1.013395,-1.181857,1
1.020443,-0.214765,1
0.847833,0.236419,1
1.183958,0.599491,1
0.799384,-0.401833,1
-0.120299,-0.474679,1
0.482332,0.442812,1
2.108405,0.320141,1
0.858804,1.016768,1
0.515722,-1.355631,1
0.214052,0.100733,1
0.889804,-0.868044,1
1.605859,1.584127,1
1.727588,-0.037208,1
1.307576,-0.860231,1
-0.114662,-0.214296,1
1.027929,-0.058141,1
0.885876,0.422343,1
2.046135,-0.660662,1
1.596627,0.740432,1
0.810834,0.312083,1
0.620049,0.030370,1
1.406946,0.807586,1
0.206741,-0.052712,1
0.992585,0.928349,1
1.272496,0.490861,1
1.992065,-1.456231,1
2.405232,0.661120,1
0.973173,0.140091,1
0.549722,1.439415,1
0.760377,-0.702461,1
0.514679,-0.307916,1
0.872418,-0.134618,1
2.497035,-0.853069,1
-0.030984,0.403549,1
1.281090,0.453656,1
1.167019,-0.869649,1
1.338099,-1.572833,1
1.674369,0.852455,1
0.927598,0.845909,1
1.332187,0.019236,1
1.294545,-1.159668,1
-0.331183,-0.184082,1
0.941231,0.199160,1
0.866211,0.179464,1
1.182916,0.492996,1
1.857841,0.995311,1
0.463183,-0.987758,1
0.199172,0.027100,1
2.070290,-0.140750,1
1.116800,1.008936,1
0.280127,0.458121,1
-0.319697,-0.810378,1
1.641631,-0.202283,1
0.644523,0.669584,1
-0.471136,-0.617580,1
2.754074,0.282856,1
1.106448,0.251037,1
0.024320,0.263842,1
3.031760,1.330081,1
1.022697,-0.387520,1
0.115273,-0.635477,1
1.360057,-0.624160,1
3.488853,-1.243859,1
1.988010,0.190334,1
0.898896,0.064094,1
-0.099905,-1.071747,1
2.086134,0.356982,1
0.100335,-1.089055,1
2.068854,1.469606,1
0.060750,0.763206,1
0.770303,-0.401392,1
-0.706192,0.875124,1
0.551806,-0.187112,1
1.567140,-0.194477,1
0.901602,-0.433703,1
-0.169572,0.588839,1
2.701664,0.086589,1
1.845593,0.074864,1
0.118349,-0.426870,1
2.638309,-0.713615,1
1.251627,-0.406191,1
-0.007153,-1.067665,1
1.039696,-0.971497,1
1.210655,-0.597425,1
0.998272,-0.531907,1
-0.424012,-0.566595,1
1.303025,-0.748489,1
1.410346,0.612139,1
2.106519,-0.265372,1
1.717608,-0.563300,1
1.595057,0.029577,1
0.177110,0.174719,1
1.010264,-0.921293,1
0.992731,-1.823311,1
0.088017,0.146219,1
-0.052866,0.136733,1
2.117387,1.331812,1
1.946033,-0.445157,1
0.816531,-0.246794,1
0.598693,0.586734,1
0.606280,0.574653,1
0.245186,-1.086759,1
2.253896,-0.468504,1
0.358563,-1.425971,1
0.496460,0.174455,1
2.205727,0.606598,1
2.449782,-0.253495,1
0.517904,0.419846,1
-0.762398,-0.078693,1
3.593843,0.197730,1
1.512769,1.343451,1
0.031965,-0.610413,1
0.331458,-0.082326,1
1.650281,0.680517,1
-0.065950,0.669649,1
1.258809,0.465239,1
-0.476341,0.264900,1
1.495370,0.911699,1
0.444914,1.133793,1
0.588755,0.626557,1
1.779328,-0.061579,1
2.077368,0.024220,1
0.217990,-0.559363,1
1.767450,-0.368733,1
0.205847,-0.060515,1
1.216303,0.270655,1
-0.562128,0.306052,1
2.182002,-1.074782,1
1.415078,0.453987,1
1.504632,0.362149,1
1.380049,-0.875018,1
1.451609,0.421809,1
1.930109,0.971202,1
1.209998,-0.334021,1
0.668965,-1.570299,1
0.678918,0.792574,1
-0.669118,-0.968533,1
2.508648,0.026770,1
1.571431,0.648910,1
1.562388,-0.621063,1
2.070624,-0.427678,1
1.871226,0.551162,1
0.994856,0.984402,1
-0.298055,-0.492070,1
1.528485,0.574619,1
0.306519,-1.115140,1
0.532694,1.586662,1
2.153272,0.691498,1
0.558345,-0.929350,1
1.678267,-0.292514,1
0.263505,-1.019614,1
0.857980,0.739935,1
0.963761,-0.019373,1
1.123413,-0.452682,1
0.881454,0.147206,1
1.087421,-1.851045,1
1.337672,-0.074313,1
0.943114,0.521073,1
-0.032308,0.581339,1
0.956895,0.197827,1
1.356691,-0.843262,1
1.693378,1.251127,1
0.869919,1.159853,1
-0.059615,0.593733,1
1.055014,-0.291106,1
1.800410,-1.400378,1
2.632658,-1.062203,1
1.669097,-0.861086,1
1.373602,0.548422,1
0.327023,-1.628663,1
1.112952,1.224448,1
0.288267,0.246995,1
0.405114,-1.202134,1
1.307784,0.241927,1
1.362203,-0.496730,1
0.297092,-0.031660,1
1.062616,-0.521664,1
1.458984,1.808739,1
0.854591,0.081138,1
0.229485,0.397381,1
0.195033,0.837596,1
1.682263,1.395645,1
1.644848,1.508627,1
1.056541,-0.860577,1
0.196159,0.674732,1
0.517538,0.251421,1
1.712275,0.565287,1
2.378111,-0.453866,1
-0.318555,1.354413,1
2.717772,-0.457795,1
0.315230,-0.019278,1
2.358078,-0.086337,1
0.689128,-0.558942,1
-0.932638,-0.433584,1
0.922865,-1.318757,1
0.497138,-0.164731,1
0.869865,1.365227,1
2.030490,-0.830194,1
2.093028,0.308749,1
1.309724,0.684245,1
-0.083451,1.185330,1
1.160590,0.493000,1
0.754873,-0.166065,1
0.889245,-0.590959,1
1.641408,-0.435790,1
1.437119,-0.557373,1
1.127386,-0.378444,1
1.785055,0.708409,1
0.452863,-0.596170,1
1.155145,0.456151,1
1.402850,-1.195692,1
0.961026,-0.556169,1
2.013076,-0.078221,1
0.487309,0.606960,1
-1.020876,-0.685647,1
1.051346,0.464486,1
0.825600,0.372226,1
-0.174398,-0.572997,1
1.178944,-0.418376,1
0.778378,-0.277665,1
0.754273,-0.224286,1
1.351877,0.320454,1
1.021393,-0.082362,1
1.025630,0.365140,1
-0.012196,-0.256967,1
1.551888,-0.148701,1
2.315152,-0.588635,1
0.744185,-0.110848,1
1.201589,-0.052747,1
1.247809,0.523211,1
1.929666,0.797862,1
2.409191,-0.567559,1
1.296812,0.107386,1
0.542362,1.111848,1
1.033460,-0.252081,1
0.988850,0.251644,1
2.853599,-0.316357,1
1.066020,-0.251765,1
0.440220,1.832377,1
0.779110,-0.411486,1
1.006967,1.336369,1
0.039847,-0.196197,1
0.389619,0.797230,1
0.978733,-0.297977,1
2.845925,0.139234,1
0.677472,0.137948,1
0.235590,-0.903860,1
-0.057823,0.884154,1
0.822632,-0.214898,1
0.714718,1.312476,1
1.528020,1.962552,1
0.260488,1.727311,1
0.588377,-0.256887,1
-0.488430,0.092848,0
-0.817285,1.102656,0
-1.302213,0.498829,0
-0.120900,0.879992,0
-0.205763,0.427139,0
-1.090393,0.924944,0
-0.324699,-0.104433,0
-1.264435,-0.416632,0
-1.559709,1.373397,0
-0.669971,-0.382546,0
-0.668673,-0.304781,0
-0.944993,-0.641178,0
-0.521195,-0.633480,0
-1.643282,-1.121342,0
-0.544962,0.018350,0
-1.305116,-0.527494,0
-2.111807,-0.346521,0
-0.563952,-0.114155,0
-1.734923,0.948029,0
-0.252075,0.766109,0
0.116271,-0.140087,0
-0.525947,0.272058,0
-0.206358,0.166459,0
-1.856336,0.219176,0
-1.465145,0.007036,0
-1.426096,-0.266508,0
-1.605007,-0.188618,0
-0.143589,0.157649,0
0.128179,0.137583,0
-1.415779,-0.193585,0
-2.034937,-0.707129,0
-1.439705,-0.080250,0
-0.989637,0.061797,0
-0.579772,-1.090835,0
-0.417590,0.960180,0
-0.180155,-0.331198,0
-2.254787,0.528783,0
-1.437290,0.184242,0
0.475732,0.002121,0
-1.350632,-0.035068,0
-0.201613,-0.133714,0
-0.690875,0.417034,0
-0.234928,0.282811,0
0.290783,-1.080547,0
-1.072810,-1.318656,0
-0.770013,-0.770385,0
-0.203826,-0.737982,0
-0.734677,1.443164,0
-0.570501,0.776115,0
-0.082696,0.554192,0
0.506886,-0.045755,0
-1.890262,-0.606263,0
-0.349080,-0.182363,0
-0.793728,-0.629739,0
0.164546,-0.835184,0
-0.694331,0.237806,0
-1.277103,-0.799718,0
-1.835764,0.452883,0
-0.522822,0.421638,0
-0.933750,-0.254121,0
-1.510390,-0.966568,0
-0.716122,0.821325,0
-1.854290,-0.036607,0
-2.265162,-0.234846,0
-0.160135,0.382833,0
-0.944791,0.136895,0
-0.123999,-0.236717,0
-1.953947,-0.375899,0
-0.472244,1.013497,0
-0.957761,0.425396,0
-0.960166,-0.714975,0
-0.351446,0.954525,0
-1.564150,-0.121803,0
-1.433389,-0.872439,0
0.295757,-0.381333,0
-1.091769,0.579230,0
-0.843855,-0.589534,0
-2.185826,-0.914943,0
-0.967235,1.106525,0
-0.214403,0.034304,0
-1.984019,-0.379489,0
-0.720318,1.049645,0
-2.400573,0.574468,0
-0.869151,0.378115,0
-1.300937,-0.541479,0
-1.593871,-0.501083,0
-1.055574,0.885207,0
0.532445,0.263040,0
-0.255312,0.449688,0
-1.003977,0.792612,0
-1.231459,0.623127,0
0.167606,-0.488771,0
-0.889706,1.120883,0
-1.258386,0.954374,0
-1.849507,-0.595650,0
-1.172794,0.597932,0
-0.912094,-0.076258,0
-0.146097,-0.834567,0
-1.553385,1.629730,0
-0.204286,0.248550,0
-0.710066,0.406883,0
-0.017980,-1.199884,0
-1.020111,-0.279314,0
-1.407431,-0.276272,0
-0.640139,-0.552407,0
-0.441828,0.113496,0
0.415213,0.297199,0
-1.164938,0.973010,0
-0.571123,-0.232267,0
-0.464132,0.215649,0
-0.821977,-0.528333,0
-0.290813,-1.376261,0
1.283191,-0.337767,0
-1.127365,0.964725,0
0.594119,0.052885,0
-1.894438,-1.135978,0
-1.656095,1.390592,0
-0.875493,0.491648,0
-1.983620,-0.602844,0
-0.456941,-0.787984,0
-1.113003,-0.412446,0
-1.633716,0.335619,0
-1.699373,-0.414959,0
-1.011927,-1.140632,0
0.037158,-0.433703,0
-0.903648,-0.598721,0
-1.392336,0.067273,0
-1.633129,-0.003532,0
-1.029880,-0.445497,0
-0.772214,0.002669,0
-2.413474,0.936924,0
-0.331004,-1.433676,0
-0.432463,0.837663,0
-0.401720,-0.841518,0
-0.722597,0.209539,0
-0.938140,0.577558,0
-1.790946,0.257810,0
-0.121082,0.863692,0
-2.098658,-0.488840,0
-0.968622,0.129020,0
-0.945078,-0.713517,0
-0.303418,0.972760,0
-0.424360,-0.802035,0
-1.313448,-0.184469,0
-0.947277,-0.449928,0
-0.395247,0.200165,0
-0.166516,0.670164,0
-0.898112,-1.161054,0
-1.414217,0.486268,0
-0.214833,-0.405059,0
-0.643035,-0.177948,0
-0.522768,0.743111,0
-0.865247,0.212912,0
-1.243373,-0.385943,0
-0.283307,0.147460,0
-0.144103,-0.788522,0
0.679600,0.301757,0
-1.078263,0.467427,0
-1.744774,-0.200509,0
-0.408844,-0.593295,0
-1.092769,-1.183410,0
-1.683616,-0.104201,0
-1.483751,-1.281410,0
-1.611230,-0.556011,0
-0.602170,0.987206,0
-1.698028,-0.673357,0
-2.195918,0.440591,0
0.033411,-0.010311,0
-2.468294,-0.064365,0
-1.086163,-2.822971,0
0.952713,0.621858,0
-1.031579,0.227731,0
-2.434263,0.330478,0
-1.148942,-1.036360,0
-0.615168,1.053949,0
-0.745794,-0.960221,0
-0.205737,-0.432675,0
-0.404479,0.155622,0
-1.291909,1.232610,0
-1.586883,-0.151082,0
-0.729589,-1.014800,0
0.137397,-0.884041,0
0.299037,0.177000,0
0.431351,0.680673,0
-0.384647,0.774901,0
0.311942,1.396746,0
-0.900698,-0.398241,0
-1.144959,1.087458,0
-0.944367,0.076271,0
-2.103382,-0.064908,0
-2.140761,0.183321,0
-0.707395,0.441479,0
-0.882019,1.015490,0
-1.303081,-0.643267,0
-0.225095,0.483368,0
-1.835973,-1.392828,0
-0.438609,0.385750,0
-0.974267,-0.926991,0
-0.732534,-0.024818,0
-0.570861,-0.839929,0
-0.818936,0.849572,0
-0.965690,0.503285,0
-1.458302,0.310914,0
-0.995843,0.215325,0
-0.561631,-1.411819,0
0.096602,0.621323,0
-1.587333,0.160860,0
-1.933404,0.924472,0
-1.905702,-0.372423,0
-1.181931,-0.324543,0
-1.832187,-1.509211,0
0.005614,-0.409322,0
-0.650930,1.084334,0
-1.936877,0.929496,0
-1.236675,0.253305,0
-1.323863,0.262905,0
-1.206040,0.653759,0
-0.810614,0.926427,0
-1.716795,1.205051,0
-0.156431,-0.281104,0
-1.039651,-0.187606,0
-0.194614,-0.053873,0
-0.815698,0.231651,0
-1.005271,1.204472,0
-1.596719,0.051627,0
-1.138533,0.683218,0
-0.883171,0.411989,0
-0.309945,-0.035714,0
-1.670018,0.122444,0
-0.744255,0.673753,0
-1.406812,-0.276060,0
-2.961118,0.768332,0
-1.698980,0.740055,0
-1.869810,-0.245212,0
-0.625426,0.453779,0
-1.422879,-0.014338,0
-1.232089,-0.696909,0
0.793502,0.423832,0
-1.838930,-0.409988,0
-1.013315,1.122764,0
-1.220955,-1.292603,0
-1.028098,0.050793,0
-0.162196,-0.266892,0
-1.417977,0.817308,0
-0.421422,-1.607511,0
0.214621,-0.414667,0
-1.379117,-0.667534,0
-0.621582,0.281799,0
-0.348591,1.009307,0
-2.046118,-0.412089,0
-1.844802,-0.666107,0
-1.445694,-0.610317,0
0.121172,0.833787,0
-2.619027,-0.510380,0
-0.923762,0.034623,0
0.126731,-0.441975,0
-1.005673,-0.125872,0
-0.182621,0.345580,0
-1.636778,-1.282068,0
-1.408860,-0.483532,0
0.719777,-0.202764,0
-1.528497,-0.657530,0
-0.020083,-0.008848,0
-0.171259,0.939341,0
-1.166046,-0.171297,0
-0.776507,1.756202,0
-1.434695,-1.347772,0
-1.741120,-0.662154,0
-0.932152,-0.891118,0
0.242566,-0.596650,0
-2.442154,0.495795,0
-1.026739,-2.124196,0
-2.299532,-0.462086,0
-0.120558,-0.638850,0
-1.615030,0.648916,0
-0.949200,-0.481509,0
0.156250,-0.182583,0
-1.056079,-0.847109,0
-1.362865,-0.581487,0
-1.473670,0.255735,0
-0.166307,-1.284860,0
-2.109226,-0.798284,0
-0.513144,0.314236,0
-0.524203,-1.017984,0
-1.064358,0.690925,0
-0.444526,0.140992,0
-0.504944,-1.602934,0
-2.945612,-1.723472,0
-0.190163,0.737283,0
-0.345145,-0.872585,0
-1.390266,-0.021011,0
-0.266860,-1.508662,0
-1.136828,-0.760519,0
-0.694629,0.600352,0
-0.528298,-0.153277,0
-0.119214,0.645478,0
-0.379171,-0.322601,0
-0.960257,0.443510,0
-1.341648,-1.200037,0
-0.382926,-0.610502,0
-0.240163,-0.093322,0
-0.716759,-0.777891,0
-0.632211,0.641228,0
-0.795398,-0.019470,0
-0.686506,-0.223986,0
-0.154335,0.893531,0
-0.927542,1.324822,0
-0.691341,0.336799,0
-1.675336,0.873154,0
-1.262918,1.595783,0
-1.786469,-0.817197,0
-0.926022,-1.464523,0
-1.071098,0.513882,0
-0.582015,-0.193798,0
-2.304377,1.080884,0
-1.064732,1.113402,0
-2.644132,0.785551,0
-1.666225,0.489318,0
-0.904801,-0.149359,0
-1.321475,-0.543628,0
-1.721835,-0.298692,0
-0.514672,2.132753,0
-1.783332,0.276192,0
-0.391407,0.198289,0
-1.106897,-0.370965,0
-0.586425,0.253444,0
-1.486716,-1.357288,0
-1.452278,0.393414,0
-0.247197,-0.380406,0
-1.535229,0.479497,0
-1.028058,-0.147130,0
-2.763519,-0.110123,0
-0.705660,-0.099378,0
-0.643875,1.575929,0
-0.403077,1.416009,0
-0.886863,-0.165724,0
-0.674256,0.187413,0
-1.646555,-1.041027,0
0.067634,0.073562,0
-1.272102,-0.125243,0
0.078848,-0.197340,0
-1.905779,-0.362901,0
-1.692901,-1.913918,0
0.012553,0.281221,0
-0.016032,1.126779,0
-0.787832,1.695837,0
-0.765108,1.414092,0
-1.590910,-0.934205,0
-0.619844,-1.436882,0
-0.857835,-1.214827,0
-0.665071,-0.605660,0
-1.215610,0.173487,0
-0.923588,0.115220,0
-2.268199,1.000226,0
-0.811709,1.102507,0
-0.742067,-0.428403,0
-2.222656,-0.036113,0
-0.980375,0.156541,0
0.106953,-0.184449,0
-2.309468,0.656183,0
-1.918471,0.335282,0
-0.197797,0.112507,0
-0.965254,0.640478,0
0.365985,1.477041,0
-1.159190,0.526215,0
-1.741945,-0.086198,0
-0.380653,-0.756486,0
-1.168585,-1.355201,0
-0.233986,-0.499770,0
-1.042186,1.309098,0
0.099982,0.007632,0
0.683544,0.687805,0
-1.162854,-0.601997,0
-0.240919,0.047103,0
-0.152193,1.552287,0
-0.314857,-0.627278,0
-1.316981,0.611843,0
-1.181961,-1.861107,0
-0.770098,-0.053340,0
-1.575495,0.228513,0
-1.547286,-0.278119,0
-0.218218,-0.695692,0
-0.298291,-0.700501,0
-0.747538,0.177449,0
-0.859469,-0.287519,0
-2.094250,-0.230074,0
-1.427981,-0.503357,0
-1.404215,0.305551,0
-1.047999,-2.176251,0
-1.391661,2.241023,0
-2.470470,-0.401702,0
-1.753291,-0.300260,0
-0.470954,-0.464563,0
-1.177028,-0.211453,0
-1.594523,1.006997,0
-0.353179,0.868553,0
-1.193017,0.682762,0
-1.094441,1.053929,0
-1.414514,-0.352980,0
-1.948857,0.136973,0
-1.257392,-0.090168,0
-0.488513,-1.181617,0
0.709234,-0.609460,0
-1.256373,0.181313,0
-2.318982,0.493685,0
-0.357470,0.490021,0
0.717405,-0.168179,0
-0.892561,-0.208752,0
-0.977589,1.682253,0
0.550093,-0.202462,0
0.490978,-0.821419,0
-0.036449,-0.609893,0
-1.254933,0.297575,0
-0.342679,0.135704,0
-1.376597,-1.612865,0
0.725477,0.800159,0
-0.066565,0.442762,0
-1.138360,-0.292355,0
1.004344,0.687822,0
-0.432073,-0.259544,0
0.800329,1.009076,0
-0.742218,0.002855,0
-1.187378,-2.152858,0
-1.505957,1.111825,0
-1.245778,-0.485885,0
0.181953,-0.988398,0
-1.266801,-0.903769,0
-1.362638,-0.605219,0
-0.235568,0.272396,0
-0.770021,-0.961146,0
-0.291877,-0.724696,0
-2.542657,0.332812,0
-1.437651,0.002710,0
-0.999878,-1.280328,0
-1.679701,1.052748,0
-0.782208,-1.081382,0
-1.333606,-0.153171,0
-0.707926,0.071247,0
-1.329162,-0.827616,0
-1.091389,-0.827509,0
-2.093026,0.220784,0
-1.440512,0.068640,0
-1.293696,-0.497453,0
-0.966321,-0.060955,0
-1.222291,-0.296980,0
-0.223847,-0.753145,0
-2.116075,0.344037,0
-1.022039,0.562020,0
-1.335253,1.154926,0
-1.367986,0.292781,0
0.773795,-1.847347,0
-2.502008,0.397340,0
-1.932914,-0.253825,0
-1.049802,0.341917,0
-0.547809,-0.701733,0
-1.308284,0.342110,0
-0.961080,1.199540,0
-0.312770,0.201416,0
-0.337722,0.557256,0
-1.266415,-1.227020,0
-0.651299,0.601058,0
-0.364786,0.095429,0
0.052501,0.530124,0
-0.175749,-0.533966,0
-0.966115,-0.020842,0
-1.865607,0.642599,0
-1.344568,-0.591426,0
-1.291105,-0.287266,0
-1.572648,1.138625,0
-1.266755,1.580463,0
0.374605,1.178037,0
-0.669450,0.912179,0
-2.003931,0.475672,0
-0.292128,-1.045101,0
-1.114716,-0.643887,0
0.123664,0.037941,0
-1.810641,-0.287876,0
-0.311260,0.900234,0
0.091043,-0.882948,0
0.209451,0.503755,0
-1.808239,-0.099065,0
-1.257391,-0.864584,0
-0.853812,-0.091564,0
-2.245362,-0.582061,0
-0.699945,-0.237641,0
-0.420599,-0.367206,0
-0.734369,0.272080,0
-0.028072,0.292062,0
-1.444104,1.470598,0
-0.688975,-0.412526,0
-2.097204,0.634742,0
-0.960726,-0.037693,0
-0.376316,-0.476189,0
0.481838,0.653768,0
-2.053839,0.369288,0
-0.658351,-0.384766,0
-1.383304,0.338440,0
-0.330104,-0.416853,0
-1.325461,1.098891,0
-0.613612,1.392074,0
-1.513636,1.390644,0
-1.427247,-0.169555,0
-0.917763,0.823269,0
-0.728348,-0.634673,0
-1.995927,0.376460,0
-1.528019,-0.431602,0
-1.152699,0.365281,0
-0.171905,-1.090420,0
-2.405827,0.948529,0
-0.398889,0.359304,0
0.153865,0.478083,0
-1.291185,-0.289353,0
-1.010218,-0.535649,0
-0.072059,0.491720,0
-0.749630,-0.149821,0
-1.294874,0.449283,0
0.302873,-0.023252,0
-1.261602,0.026713,0
-1.735219,1.144307,0
-0.604551,-0.455353,0
-0.655636,-0.178816,0
-0.804757,0.641063,0
-0.633939,0.994752,0
-0.603043,0.095597,0
-0.565461,-0.401876,0
-0.920110,-1.720943,0
-2.435493,0.449096,0
-1.418885,-0.186356,0
-1.653562,0.526551,0
-0.804004,0.402273,0
-0.824172,-0.221675,0
-1.610641,-0.988072,0
-1.278255,-0.351223,0
-0.890453,0.813110,0
-0.997381,0.467487,0
-0.055364,-0.268273,0
-0.989155,0.774208,0
-1.276345,0.095358,0
-0.391609,0.896766,0
-2.338966,0.167942,0
-1.129123,-0.941728,0
-0.598392,-0.271763,0
-0.936901,0.818348,0
-1.444460,1.671258,0
-0.429201,-0.771454,0
-0.590187,0.459318,0
-0.515063,-1.095952,0
-2.011960,0.184481,0
-0.466332,-0.782695,0
-0.211122,-0.527310,0
-1.820768,1.345860,0
-1.573541,-0.656523,0
-1.598880,-0.524775,0
-0.773056,1.605844,0
-1.440925,-0.973150,0
-0.741663,-1.590484,0
-0.504500,0.174543,0
-0.865809,-1.338413,0
-0.402028,0.609588,0
-1.074641,0.628496,0
-0.734889,0.074043,0
-0.554238,-0.223088,0
-1.697289,0.112038,0
-0.092214,-0.623195,0
-1.041076,0.581204,0
-0.906928,-1.028405,0
-0.218057,0.301247,0
-2.430144,-0.480050,0
-1.724696,0.293850,0
-0.961626,-1.227564,0
-1.300326,-0.380747,0
-0.720692,2.107504,0
-1.153029,-1.811568,0
-1.937648,-1.393731,0
-0.815605,-1.070158,0
-0.932998,1.084761,0
0.228232,0.403407,0
-2.073419,0.668428,0
-0.910517,-0.396080,0
-1.794608,0.131926,0
-2.230986,0.595530,0
-0.331888,-1.194219,0
-1.262246,-0.814118,0
-0.672489,-0.098866,0
-1.099517,-0.538592,0
-1.345374,1.653267,0
-1.243522,-0.272322,0
-2.267251,-0.380744,0
-0.523063,1.950984,0
-0.015187,-0.074322,0
-0.873164,-0.404207,0
-1.266135,0.876017,0
-1.385844,-0.670646,0
0.049801,-0.393997,0
-1.336058,0.802510,0
-0.162211,-1.867613,0
-0.372182,-1.410150,0
-2.289337,-0.520632,0
-1.498527,-0.494689,0
-1.038404,0.043882,0
0.632811,0.153911,0
-1.520469,-0.996459,0
-1.392991,1.565582,0
0.409388,-0.172174,0
-1.255492,0.724870,0
-2.043759,-0.428740,0
-1.290496,0.550740,0
-1.041329,-0.809148,0
-0.012822,0.355271,0
-1.872215,-1.324567,0
-1.482977,0.343861,0
-1.305200,-0.936664,0
-1.270415,0.198378,0
-0.797572,0.449035,0
-1.903880,-1.735463,0
-1.272515,0.568388,0
-0.389463,-0.123707,0
-1.530104,0.439921,0
-0.982415,1.098940,0
-0.050163,0.108049,0
-0.836654,0.361808,0
-1.294780,-0.357129,0
-0.295844,-1.487142,0
-0.121139,0.383306,0
-0.784137,-0.128086,0
-1.253858,0.501505,0
-0.739989,0.765046,0
-1.054213,0.905180,0
-0.221947,-0.437413,0
-1.152527,-0.680598,0
-0.310745,1.386961,0
-2.040513,-0.737248,0
-0.338097,-0.359311,0
-2.696538,-0.811831,0
-0.847976,0.241285,0
-0.967558,0.830616,0
-1.529784,-1.052988,0
-0.217192,0.786907,0
-1.467095,0.038823,0
-0.519830,1.003906,0
-0.764543,-0.373034,0
-1.068951,0.580188,0
-0.649560,-0.554853,0
0.022848,-0.671097,0
-0.601840,1.463217,0
-1.474997,1.028895,0
-1.853752,-0.746632,0
0.036692,-1.078370,0
-0.719518,-1.276317,0
-1.806520,-0.705191,0
-0.693665,1.739386,0
-0.277972,0.852327,0
-1.090756,-0.068672,0
-1.303172,-1.252726,0
-0.369197,-0.853090,0
-0.779470,0.709758,0
-1.502605,-1.418636,0
-0.515984,-0.464410,0
-1.022973,-1.834721,0
0.623233,0.310981,0
-1.778614,-0.366411,0
-0.224065,-0.189636,0
-1.043650,0.291991,0
-0.802952,0.157853,0
-0.552996,1.551246,0
0.741941,-0.176868,0
-0.612641,0.196724,0
-0.868535,-0.408927,0
-1.532748,0.744752,0
-0.531427,0.184272,0
-2.080963,2.116626,0
-0.341208,-0.176529,0
-1.075378,1.028802,0
-0.761546,0.049620,0
-0.085153,0.291277,0
-0.575095,-0.248904,0
0.267961,-0.897679,0
-0.597102,0.208204,0
-2.021749,-0.710363,0
-1.199829,0.771099,0
-1.679708,0.104300,0
-2.449823,0.443200,0
-0.274800,-0.369847,0
-2.230841,-0.490565,0
-0.991801,-1.215951,0
-1.438471,-0.446639,0
0.313637,-0.142750,0
-1.242782,0.281535,0
-1.343660,-0.925357,0
-0.501429,-0.777238,0
-1.338918,-0.057263,0
-0.456546,0.246960,0
-2.025128,-0.236835,0
-2.068113,-0.007951,0
-1.156536,0.608261,0
-0.803611,-0.752144,0
-0.702686,0.192633,0
-0.841949,-0.486270,0
-1.369685,-0.611048,0
-0.515818,-1.060237,0
0.043439,-1.783379,0
-0.817213,-0.956504,0
-1.784461,0.556529,0
-1.472296,0.368310,0
-1.247932,0.995812,0
-1.975750,1.347460,0
-0.380370,0.041098,0
-2.149041,1.280848,0
-0.861934,-0.582031,0
-0.552621,-0.050024,0
-0.677731,-0.489182,0
-1.226150,-0.377809,0
-2.294856,-0.261274,0
0.460668,-0.449386,0
-1.197051,-0.519420,0
-2.813110,-0.770194,0
0.302956,-0.875106,0
-0.771080,-0.111470,0
-1.874260,0.427882,0
-1.213339,-0.609213,0
-0.958414,-1.065194,0
-1.742041,-0.107338,0
-2.205189,-0.050388,0
-0.619809,0.949540,0
-2.115001,-0.379169,0
-0.734979,0.337944,0
0.186031,-0.048339,0
-2.300004,0.217618,0
-1.473420,0.046698,0
-1.052054,0.221267,0
0.376646,0.423785,0
-1.832929,-0.233977,0
-1.085141,-0.879949,0
-2.289411,0.498440,0
-1.724919,-0.804978,0
-0.589057,-0.227946,0
-0.007620,1.057847,0
-1.563403,-1.140982,0
-0.960003,-1.317008,0
0.575804,-0.880359,0
-1.639713,0.182062,0
-0.424306,-1.275628,0
-1.352860,-1.416762,0
-1.510736,0.109312,0
-2.082725,-1.104235,0
-0.470185,0.489509,0
-1.839728,0.859901,0
-1.022801,-0.256054,0
0.361837,-0.083194,0
-0.052093,-0.850144,0
-0.834942,0.275908,0
-1.205465,-0.028538,0
-1.918658,1.729853,0
-1.227541,-0.024523,0
-0.042650,-0.623080,0
-0.859277,-1.212515,0
-0.716593,0.632028,0
0.416915,-1.507115,0
-0.715602,-0.522055,0
-1.755591,0.460765,0
-0.094209,0.805193,0
-1.332191,0.769597,0
-0.308397,-1.463747,0
-1.765884,0.636271,0
-1.463515,-0.013011,0
-0.131509,0.490925,0
-0.729452,0.073007,0
-0.666082,-0.298768,0
-0.764164,-0.277077,0
-1.832938,1.221613,0
-2.155904,-0.621176,0
-1.093564,0.118479,0
-1.158769,0.071580,0
-0.116382,0.482698,0
-1.958615,-0.492359,0
-0.545914,0.707980,0
-0.336002,-1.992954,0
-0.468505,-0.839704,0
-1.773996,1.579789,0
-1.337643,-0.429194,0
-2.062718,-0.009402,0
-1.800158,-0.648263,0
-1.427031,-0.087741,0
-1.859348,0.024426,0
-0.716117,-1.357015,0
0.024107,-0.505393,0
-0.612867,-0.301931,0
-0.828138,-1.292203,0
-3.160476,-0.451877,0
-1.098105,0.733368,0
-1.797898,-0.203977,0
-0.439302,-0.129268,0
-0.699584,-0.145133,0
-0.711693,0.564892,0
-2.300106,0.518834,0
-0.251548,-1.262540,0
-0.415917,0.623994,0
-1.493873,0.882429,0
-1.233989,-0.158936,0
-0.929058,-0.533054,0
0.334611,-0.057644,0
-0.054513,0.015127,0
-1.028302,-1.575283,0
-2.607440,-0.059275,0
-0.612027,-0.390900,0
-1.507360,-0.038396,0
-0.310534,0.242595,0
-2.831302,-0.051196,0
-0.473477,-0.399456,0
-1.077530,-1.679504,0
0.261529,0.573683,0
-2.013942,0.644542,0
-1.151816,-0.220796,0
0.165712,-0.940697,0
-1.242997,-1.856376,0
-0.816041,-0.424405,0
-0.221825,-0.464327,0
-0.784442,0.845172,0
-1.434870,-0.669902,0
-1.888273,0.405335,0
0.209557,0.209120,0
-1.644882,-0.065558,0
-0.574779,0.680416,0
-2.645353,0.756666,0
-0.023169,-0.128766,0
-2.264473,1.018935,0
-0.825666,1.326075,0
-2.190884,0.797843,0
-1.838031,0.745013,0
-0.689831,-1.294430,0
-1.220804,-0.548364,0
-0.928093,-0.182449,0
-0.430062,-0.477374,0
-0.075901,-0.088249,0
0.607440,-0.108017,0
-1.666722,-1.278927,0
0.031281,0.341894,0
-1.445114,-1.052718,0
-0.985160,-0.812036,0
-1.533367,-0.195461,0
-0.433067,0.802704,0
-1.097309,0.354635,0
0.219193,0.267822,0
-1.363701,0.149027,0
-0.146843,0.489982,0
-1.995122,-0.169728,0
-0.456983,-0.248479,0
-0.891666,0.511571,0
-0.163674,1.090462,0
-0.682087,-0.631857,0
-0.042684,0.234785,0
-1.354644,1.316141,0
-0.446639,-1.286250,0
-1.605941,-0.657655,0
-0.940933,0.294637,0
0.815410,-0.772706,0
-0.424288,-0.817711,0
-0.590025,-0.349568,0
-0.056302,-0.651222,0
-1.420187,-0.627657,0
-1.860190,-1.028969,0
-0.687432,0.503715,0
-2.983515,-0.278422,0
-0.755830,0.423915,0
-1.538903,1.098268,0
-0.744125,-1.173573,0
-1.597457,0.504449,0
-1.444449,-1.888726,0
-1.486187,-0.776200,0
-2.327401,-0.225788,0
-0.339986,0.632003,0
-1.206110,0.540271,0
-0.897684,1.282360,0
-0.657397,0.085081,0
-0.446530,0.540012,0
-1.133177,-0.927260,0
-1.216532,0.263871,0
-1.475625,0.844302,0
-0.339796,0.394488,0
-1.856799,0.263606,0
-1.468854,0.302674,0
-0.197099,0.731567,0
-0.782923,-1.008037,0
-0.974768,1.129450,0
-0.546081,0.732253,0
-1.719827,0.958421,0
-2.285878,0.588658,0
-1.868148,0.867453,0
-0.416267,1.465884,0
-2.217416,-0.683237,0
-0.902481,0.130013,0
0.940447,-0.646387,0
-1.289210,-0.378270,0
-1.194768,-0.970986,0
-1.242748,1.054634,0
-1.287848,-1.558930,0
-1.575304,1.138947,0
-1.293835,0.360541,0
-1.474115,-0.133632,0
-1.589951,-0.694352,0
-1.537229,-1.217798,0
-1.505990,-0.599474,0
-0.646811,-0.185963,0
-2.242445,0.280641,0
-0.740966,-0.753737,0
-0.769732,-0.976357,0
-0.973403,-0.626907,0
-1.428539,-0.231230,0
0.090896,0.867851,0
-1.761761,-0.234287,0
-2.136704,-0.092951,0
-0.020712,0.177566,0
-1.465785,-0.358654,0
-0.898136,1.385758,0
-0.789162,0.253154,0
0.773874,0.261056,0
-0.534591,-0.449326,0
-1.274735,0.209753,0
-1.199373,0.828941,0
-1.179662,0.694153,0
-1.445642,0.487636,0
-0.832393,-0.858608,0
0.095082,-0.211324,0
-1.563668,-1.055552,0
-1.750068,0.389998,0
-0.902191,1.026584,0
-3.297504,-0.416717,0
-0.777522,0.654016,0
-1.719259,-0.178727,0
-0.012186,0.557119,0
-1.390759,1.125447,0
-0.241085,0.448401,0
-1.321604,-0.052831,0
-0.843990,0.616879,0
-0.499701,-1.008370,0
-1.226435,-0.372163,0
-1.240965,-0.005258,0
-0.360746,-1.033849,0
0.575003,-0.121546,0
-0.704834,0.652575,0
-1.344133,0.203534,0
-0.899289,-0.079763,0
-1.100456,-0.633435,0
-1.246633,0.240661,0
-1.462853,0.110170,0
-0.478537,0.248780,0
0.083748,-1.018168,0
0.148098,0.713012,0
-1.235497,-0.211495,0
-2.113124,-0.760460,0
-2.165794,0.034598,0
-1.389934,-1.873364,0
0.883600,0.775473,0
-0.207294,0.139143,0
0.111126,0.055239,0
-1.223419,-0.747740,0
-0.729833,0.391895,0
-1.287941,0.421288,0
-2.432350,-0.090386,0
-1.114715,1.182180,0
-1.265149,-0.256524,0
0.483890,-0.849106,0
-1.945224,-0.007241,0
-0.089671,0.593414,0
-1.790541,0.424150,0
-1.591414,-0.177595,0
0.646269,1.035371,0
-2.878388,0.920227,0
-0.121560,-0.015254,0
-1.403560,0.554910,0
-0.159803,0.356883,0
0.044673,0.253648,0
0.269333,-1.056116,0
-1.175744,-0.064465,0
-1.243958,1.695786,0
-0.224848,-0.658137,0
-2.925800,-0.431495,0
-2.477913,0.253229,0
-1.309437,0.804160,0
-2.163461,0.228727,0
-2.313929,-0.351539,0
-0.318871,0.368865,0
-1.956939,-0.105537,0
-1.880594,1.132179,0
-0.600980,0.014360,0
-0.676456,1.163055,0
-0.041318,0.436353,0
-1.583226,1.217172,0
-2.485791,-0.605115,0
-1.531428,-0.765209,0
-1.751822,1.030815,0
-2.797030,-0.453378,0
-2.119941,0.325419,0
-0.700170,-1.182219,0
-0.413095,-1.030554,0
-0.960455,-0.027499,0
-0.645776,-0.325898,0
-0.087846,0.835786,0
-1.281141,-0.906269,0
-1.564694,-1.611740,0
0.632287,-0.124993,0
-1.335078,-1.887637,0
-0.602205,-0.724592,0
-0.209952,-0.293227,0
-1.591726,1.601264,0
-2.531015,1.376352,0
-0.431225,0.751064,0
-0.396473,-0.105433,0
-2.764348,0.042802,0
-0.954133,-0.676138,0
-0.741270,-1.084172,0
-0.441388,-0.195570,0
-0.625369,-0.761910,0
-0.992664,0.897758,0
-0.935965,-0.061218,0
-0.404781,1.026262,0
-0.681084,-0.412709,0
-1.505483,-0.461974,0
-1.786753,0.667071,0
-2.079175,0.888133,0
-0.288707,0.498895,0
-0.482236,-0.087529,0
-1.414679,-0.109759,0
-1.328464,-0.260703,0
-0.130789,0.629528,0
-0.373944,0.420948,0
-1.446128,-0.335103,0
-1.490196,1.788486,0
-1.211330,-0.119752,0
-0.480553,-0.637584,0
-0.960166,0.643385,0
-2.144212,-1.198249,0
-0.095343,-0.932963,0
-0.739483,0.419570,0
-1.232537,-0.830871,0
-0.814482,-1.685962,0
-0.755030,0.682994,0
-0.275317,-0.089469,0
-1.733253,-2.112177,0
-0.943906,-0.182524,0
-1.368560,-0.016289,0
-0.350211,0.644938,0
-1.522887,-1.603953,0
-2.064196,-1.141812,0
-0.435478,-0.058301,0
-1.945006,-0.401598,0
-0.819251,0.120412,0
-1.309102,-0.490320,0
-0.314801,0.474111,0
-0.006565,-0.446331,0
-0.742976,0.590008,0
-0.191238,-0.063054,0
-2.169434,-0.703046,0
-1.110500,0.536843,0
-1.032412,-1.020495,0
-0.542214,-0.053239,0
-1.784036,1.285593,0
-2.748270,-1.787330,0
-2.575509,-1.255197,0
-1.577635,-0.296781,0
-1.458735,-0.566154,0
-1.230390,0.986411,0
-0.622415,1.456609,0
-0.851275,-0.847148,0
-0.870730,-0.757736,0
-1.599568,0.718287,0
-1.057088,0.508837,0
-1.130755,0.832251,0
0.280644,0.596984,0
-0.765901,1.047115,0
-0.635076,-0.060340,0
-0.921692,0.082046,0
-1.892318,-1.508855,0
0.446250,0.406429,0
-2.021586,0.307481,0
-0.846518,0.413639,0
-2.114997,-0.010184,0
-0.950105,0.009960,0
-0.824918,-0.058527,0
-1.102725,0.446581,0
0.451736,-0.049039,0
-1.127639,-0.419794,0
-0.831420,-0.526957,0
-0.492662,-0.754935,0
0.846271,0.178223,0
-0.939397,1.087943,0
-0.379345,0.602864,0
-1.333764,0.631206,0
-0.699411,0.704709,0
0.705786,-0.291971,0
-1.642726,0.143175,0
-1.263835,-0.363521,0
-0.286869,-0.128437,0
-1.134383,-0.717931,0
-2.448738,0.677408,0
0.135081,-0.786132,0
-0.607176,-0.270467,0
-1.372684,0.594625,0
-0.981898,1.147422,0
-1.960528,-0.624044,0
-0.907541,1.883177,0
-1.837271,0.233352,0
-0.518970,0.101657,0
-0.428296,2.561719,0
-0.865947,-0.535512,0
-1.553910,-1.031424,0
-2.009489,-0.070099,0
-0.029662,-0.269494,0
-0.387178,0.668242,0
-1.595439,-0.052061,0
-2.169269,1.016128,0
-0.723977,0.097952,0
-1.265077,0.074196,0
-0.817109,-0.017004,0
-1.546656,0.499314,0
0.235982,0.449957,0
-0.806871,0.840363,0
-0.460811,-0.301668,0
-0.670605,0.562269,0
-1.759593,-1.105247,0
-1.789234,0.841458,0
-0.616308,0.529497,0
0.970771,-0.778247,0
-1.274657,1.383657,0
-0.212733,1.096164,0
-1.893097,0.505735,0
-0.749253,0.505300,0
-0.961208,0.615304,0
-1.352965,0.658625,0
-1.393295,-0.737822,0
-0.803613,-0.360130,0
0.391282,1.257073,0
-0.427471,1.964157,0
-0.592571,1.593227,0
0.251257,0.332757,0
-1.337356,-1.071019,0
-0.332596,0.378046,0
-0.462946,-0.142272,0
-0.856827,0.885449,0
-1.149679,0.039443,0
-1.286935,-0.425842,0
-1.668298,0.047747,0
0.398095,-0.617754,0
-0.850742,-0.958957,0
-1.700357,0.196235,0
-2.114009,-0.138565,0
-0.904292,-0.026682,0
-0.278632,-0.076132,0
-0.922053,-0.671408,0
-0.896535,-1.457723,0
-0.691034,0.057282,0
-1.691013,0.471643,0
-1.734830,-0.116067,0
-0.501365,1.309073,0
-1.624722,-0.422966,0
-0.481931,0.726485,0
-2.052642,-1.987933,0
-0.213493,0.743432,0
-1.296586,0.140761,0
-1.125192,0.329658,0
-2.110268,0.431846,0
-0.591812,-1.352853,0
-1.898005,-0.208457,0
0.372903,2.055564,0
-0.788379,0.118286,0
-2.207618,0.931443,0
-1.108159,-1.994000,0
-1.079646,0.292175,0
-0.574874,-0.878260,0
0.015284,0.440554,0
-0.981832,0.407377,0
-0.688354,1.014012,0
-0.970524,-0.688095,0
-1.422210,-0.355294,0
-2.818894,0.120409,0
-1.127558,-0.254061,0
-0.491434,-0.673815,0
-0.937629,0.498281,0
-0.277765,-0.139669,0
-0.909489,1.386420,0
-1.475509,0.665748,0
-2.578376,-0.171974,0
-0.672201,1.087573,0
-1.142581,0.480657,0
-1.652586,-0.666076,0
-0.176219,-0.308839,0
-2.696738,2.485479,0
-0.879101,-0.357531,0
-0.328055,1.537724,0
-0.004616,0.242251,0
-0.225828,1.042606,0
0.869430,0.350631,0
0.282331,-0.071364,0
-1.770338,-0.234165,0
0.110022,0.765004,0
-0.877835,0.936832,0
-0.807817,-0.685850,0
-0.815021,-0.360014,0
-1.696564,0.176315,0
-0.022338,1.594088,0
1.478868,0.255938,0
-1.641330,0.096282,0
0.021739,-0.354892,0
-1.506062,-0.542064,0
-1.605459,1.327560,0
-0.006134,-0.828528,0
-2.901770,1.300887,0
-1.215795,0.299644,0
-0.956366,1.536267,0
-0.157064,-0.505565,0
-0.999224,0.008686,0
-0.729445,0.992895,0
-1.407687,0.269388,0
-0.641454,0.291190,0
-1.583672,-0.564811,0
-1.117768,0.653164,0
-1.398912,-1.542589,0
-1.398583,0.322558,0
-0.798957,0.181606,0
-2.372738,1.300007,0
-0.301541,0.766043,0
0.352193,-0.456778,0
-1.216361,0.389434,0
-0.060632,0.289786,0
-1.508698,-0.319934,0
-0.307613,-0.350254,0
-1.356156,-1.270621,0
-0.653805,0.009946,0
-0.939711,1.533370,0
-1.384040,-0.273878,0
-2.304163,0.002268,0
-2.108045,0.327666,0
-0.284917,0.883233,0
-0.530203,1.603798,0
-1.640506,1.875404,0
-0.422008,-0.587884,0
-0.638510,-0.524472,0
-1.649269,-0.806207,0
-0.856926,1.363281,0
-0.723064,-1.771801,0
-1.404171,-1.539213,0
-1.732307,1.516490,0
-0.435401,-0.524919,0
-0.471228,0.461186,0
-1.034340,0.392415,0
-0.662101,0.961849,0
-1.957857,0.616034,0
-1.798037,-0.195167,0
-1.019149,0.190500,0
-0.217591,-0.282094,0
-1.734591,1.218137,0
-0.842464,0.226016,0
-1.180927,0.590806,0
-0.941860,1.109283,0
-1.311170,-0.079173,0
-0.125913,-1.243380,0
-2.065178,-0.629146,0
-1.853050,-0.041565,0
-1.271644,-0.725748,0
-1.206008,-0.708722,0
-2.544395,0.165506,0
-0.949375,1.374609,0
-0.263525,-0.610991,0
-0.359339,-0.096788,0
-0.799516,1.096695,0
-0.167318,-0.988575,0
-1.462342,-1.274580,0
-1.125027,0.774460,0
-1.028010,-0.599206,0
-1.120490,1.580548,0
-1.365666,0.034401,0
-0.487958,0.896147,0
-0.333388,-0.813497,0
-0.924650,0.126878,0
-0.616537,-0.410686,0
-0.954747,0.332131,0
-0.097408,0.105590,0
-0.564146,0.094784,0
-1.638806,-0.610846,0
-0.734066,-0.321593,0
-1.920384,-0.072320,0
-1.286366,-0.213077,0
-0.559478,-1.329770,0
0.739439,0.228698,0
-0.879286,0.258386,0
-0.807512,1.138517,0
-0.414217,0.030351,0
-2.204588,0.743176,0
-1.030902,-0.582316,0
-0.931399,-0.186463,0
-0.727103,-0.366167,0
-2.572984,0.662439,0
-0.503011,0.056134,0
-2.082296,-0.282857,0
-0.894319,0.411608,0
-1.922307,1.205930,0
-1.516834,-0.791532,0
-1.184780,0.622186,0
-0.561939,-0.906729,0
-1.084517,0.637601,0
-0.912253,-1.160851,0
-0.841646,-0.497222,0
-1.397945,-0.155048,0
-1.409163,0.239682,0
-1.046129,0.908014,0
-0.861624,0.834999,0
-0.929612,0.218251,0
0.004466,0.175972,0
-0.668956,1.470194,0
-1.545419,0.549396,0
-1.924454,-0.224848,0
-0.748293,-0.465855,0
-0.615198,-0.300830,0
-1.041402,0.203473,0
-0.734256,-0.355695,0
-1.723763,0.409895,0
-0.236105,-0.597004,0
-1.626437,1.080246,0
-0.895259,-0.987918,0
-1.635404,-1.065849,0
-2.292570,0.264727,0
-0.476916,-0.995125,0
-0.870480,1.061996,0
-2.611536,0.686434,0
-0.066109,0.136201,0
-0.728233,-1.539793,0
-1.462417,-0.340283,0
-1.194637,0.029163,0
-0.666191,0.970962,0
-1.447017,-0.147593,0
-0.510199,-0.875184,0
-0.628457,1.405367,0
-0.250450,-1.139495,0
-0.250806,-0.600273,0
-1.771559,-0.989833,0
-1.372178,0.595902,0
-1.198409,-0.141861,0
-0.970947,0.240694,0
-1.491886,-1.518878,0
-1.030804,0.091186,0
-2.048379,0.442925,0
-0.811608,0.832480,0
-1.555460,-0.923330,0
-1.345277,1.342006,0
-1.321758,0.532887,0
-1.194543,-0.737660,0
-0.869005,-1.280997,0
0.139472,1.156116,0
-0.115056,-1.233496,0
-1.279235,-0.326809,0
-0.864936,1.050616,0
0.468030,-1.015047,0
0.053613,-0.083911,0
-1.187943,-0.828152,0
-0.001970,-0.584530,0
-0.001745,-0.371860,0
-1.398706,-0.786212,0
-1.461439,-1.100911,0
-1.131385,0.116564,0
-1.595297,-0.576364,0
0.613272,0.034882,0
-0.897787,0.458643,0
-2.264344,-0.329008,0
-0.103953,-0.103293,0
-1.042528,-0.281140,0
-0.662655,0.291279,0
0.174292,-0.125893,0
-1.406626,-1.469691,0
-0.270806,0.980438,0
-1.333591,0.000890,0
-1.584185,-0.149552,0
-1.710647,-0.485889,0
-1.566302,-0.177800,0
-0.676224,0.234772,0
-1.622119,0.356045,0
-0.261697,-0.330491,0
-0.932468,-1.379568,0
-1.584277,-0.521944,0
-1.652899,0.161723,0
-0.107848,0.130679,0
-1.371702,1.331448,0
-3.072952,0.990315,0
-0.119826,2.119681,0
-1.406625,-0.342409,0
-0.054164,0.605134,0
-0.724083,-1.298496,0
-1.022251,0.490434,0
-1.658095,0.447865,0
0.045433,-0.007426,0
-0.846204,0.560625,0
-1.665097,-0.075584,0
-0.500297,0.257975,0
0.186931,-0.001423,0
-2.077892,-0.060228,0
-0.880535,-0.679891,0
-0.132977,0.037536,0
0.080305,0.836377,0
-0.506696,-0.564734,0
-0.527347,0.579821,0
-0.301455,1.065139,0
-1.227149,1.040600,0
-1.363312,0.818249,0
-1.294850,0.331463,0
-0.316592,-0.959310,0
-0.558024,-0.205457,0
0.643246,0.594815,0
-0.654081,0.342517,0
-1.034884,-1.060082,0
0.331140,-1.047613,0
-1.029238,-0.176804,0
-0.865194,0.088025,0
-2.663398,0.760838,0
-1.056167,-0.532040,0
-1.040228,-0.573111,0
-2.524863,-0.103319,0
-0.542632,-1.504216,0
0.430564,0.097159,0
-1.365279,2.088441,0
-2.097059,0.250532,0
-0.545565,1.015026,0
-2.636132,-0.641420,0
-0.756817,0.471455,0
-0.535634,0.991832,0
0.123573,-1.485568,0
-1.464893,0.165963,0
-0.878381,1.328984,0
-0.656073,1.494380,0
-0.619066,-0.716240,0
0.066389,-0.805608,0
-0.452927,0.898884,0
-0.991867,0.038649,0
-1.738718,0.291832,0
-2.626758,-1.163541,0
-0.197150,0.617954,0
-1.452063,0.531799,0
-0.880662,0.518850,0
0.184375,0.143360,0
-0.794622,-1.129676,0
-2.160901,0.651905,0
-2.275362,2.607087,0
-0.376512,-0.010944,0
-0.821178,-0.522869,0
-0.731292,-0.201165,0
-1.382510,-0.011759,0
-1.139150,-0.726171,0
-2.450185,-0.048786,0
-1.617582,-1.055159,0
-0.575017,-1.699322,0
-1.312959,-0.637401,0
-1.298080,-1.363021,0
-2.193699,-0.866455,0
-0.960133,-0.416301,0
-0.684370,0.308359,0
-1.316544,0.364867,0
-0.393944,-1.919126,0
-1.291407,0.135685,0
-0.807695,0.880368,0
-0.406165,0.472995,0
-0.577449,-0.686990,0
-1.822006,-0.115418,0
-1.644817,0.823353,0
-0.347877,-0.114644,0
-0.333948,-0.270474,0
-1.915560,-0.381581,0
-1.784135,0.910713,0
-1.594567,-0.271084,0
-0.370731,-0.026905,0
-0.227397,-0.084668,0
-1.824412,0.395789,0
-1.571829,0.059061,0
-0.958991,-0.099935,0
-0.150120,-0.374014,0
-2.135933,0.130566,0
-1.162546,0.234952,0
-0.440624,-0.124292,0
-3.119839,-0.212248,0
-0.985380,-0.864343,0
-2.334343,-0.312955,0
-1.167617,-0.197573,0
-1.382637,1.012537,0
-1.577892,-0.408163,0
-0.483664,-0.218527,0
-1.725198,0.011035,0
-1.151547,-0.159520,0
-2.787269,-1.120149,0
-1.878346,-0.579409,0
-1.036787,-0.289033,0
0.249963,-0.251796,0
0.221387,0.390318,0
0.036539,0.981037,0
-0.441526,-0.400454,0
-1.396373,1.452429,0
-1.141744,0.105777,0
-0.313122,-0.135416,0
-0.291587,-0.465796,0
-1.146903,-0.847927,0
-0.082403,0.782663,0
-2.529089,1.176557,0
-0.435735,-0.373758,0
1.263706,0.459786,0
-1.566309,0.839089,0
0.604606,-0.097721,0
-0.727801,-1.252623,0
-0.404476,-0.300335,0
-0.930125,0.493375,0
-0.849447,-0.159597,0
-0.059098,0.469373,0
-1.380709,-0.442759,0
-0.787032,-0.450833,0
-0.394519,-0.366225,0
-2.443646,0.449392,0
0.242285,0.090159,0
-0.599840,-0.681476,0
-1.093406,0.449214,0
-0.894474,0.771711,0
-0.167897,0.030466,0
-1.755916,-0.489933,0
-1.379405,0.451695,0
-1.492425,1.778255,0
-1.394326,0.447634,0
-1.607867,0.572522,0
-0.559879,0.420306,0
-0.974801,-0.085063,0
-0.367309,-0.482312,0
-0.693852,0.495533,0
-2.593418,-0.259244,0
-1.176238,0.105938,0
-1.359090,1.373364,0
-1.622064,1.711508,0
-1.032757,-0.136016,0
-0.499782,-1.107417,0
-0.487004,-0.240217,0
-0.112940,-0.147460,0
-0.023319,0.375696,0
-1.788253,0.374975,0
-0.173572,-0.152029,0
-1.904663,-0.770953,0
-0.092049,0.316051,0
-1.312673,-0.949836,0
-0.618386,-0.111430,0
-0.808006,-0.508536,0
-1.963808,0.845582,0
-0.956618,0.291595,0
0.188652,0.683372,0
-0.356946,0.016989,0
0.435935,-0.117308,0
-2.420043,-0.169795,0
-1.768991,0.145048,0
0.129592,-0.308005,0
-1.374924,-0.067985,0
-1.780103,-1.661728,0
-0.680163,-0.885903,0
-1.323268,-0.516602,0
-1.644571,-0.061427,0
-0.443754,-0.763100,0
-0.376872,-1.290814,0
0.263256,0.614702,0
-0.850711,-0.548243,0
-2.283182,0.079607,0
-1.320476,-0.915000,0
-0.993554,-0.417451,0
-0.749454,-0.520801,0
-0.378585,-0.762120,0
-0.257248,0.713789,0
-0.850867,-1.378113,0
-1.303523,-0.435918,0
-0.347314,0.000566,0
-0.573736,-0.666900,0
-0.933627,0.524522,0
-0.574718,0.831350,0
-2.084442,-1.195497,0
-0.949375,-0.903201,0
-1.705756,1.235332,0
-0.005966,-0.225093,0
-0.012352,0.861661,0
-1.070565,-0.471415,0
-0.110444,-0.219846,0
-0.308792,-0.396652,0
-1.445760,1.176735,0
-1.007977,0.570425,0
-0.339635,-0.652455,0
-0.674388,-0.180575,0
-1.647525,-0.093380,0
-2.340492,-0.149795,0
-1.373491,-0.287919,0
-0.378046,-1.107945,0
-0.065089,0.065358,0
0.263835,0.814433,0
-1.257346,-0.137222,0
0.413126,0.582858,0
0.266413,-0.670172,0
-0.998965,0.325418,0
-1.080128,0.251072,0
-0.913516,-0.902800,0
-0.899489,-0.257013,0
-0.328863,0.861964,0
-0.524711,-0.382407,0
-1.006619,-0.094175,0
-0.563944,-0.953991,0
0.101612,0.539315,0
-1.130874,-1.543150,0
-1.651514,0.439087,0
-0.626493,0.719973,0
-1.272437,-0.819558,0
-0.892265,0.176930,0
-2.424061,-0.092251,0
-1.815152,0.402002,0
-0.986073,-1.099246,0
-2.268104,0.320891,0
-1.133534,0.412218,0
-1.191181,-1.068135,0
-1.326989,-0.826844,0
-0.614507,-1.035439,0
-0.156851,-0.988725,0
-1.163820,0.486428,0
-0.187807,-0.170132,0
-0.992869,0.932803,0
-0.399650,1.065521,0
-1.124479,-0.302044,0
-0.479198,0.272085,0
-2.405074,0.400852,0
-1.244778,0.035363,0
-1.411987,0.251612,0
-0.029823,-1.378171,0
-0.491173,-0.478993,0
-0.102179,-0.106739,0
-0.397956,-0.024959,0
-0.389578,-0.024497,0
-0.465541,-2.374373,0
-2.013151,-0.717715,0
-0.339735,-0.185964,0
-0.515806,0.520658,0
-1.218079,-1.121605,0
-0.627666,0.448129,0
-2.324133,-0.105239,0
-0.755650,0.372726,0
-0.297626,1.523401,0
-0.927605,-0.375558,0
-0.039598,0.637229,0
-0.955463,1.108325,0
-0.910032,1.678419,0
-0.433749,0.567182,0
-1.030191,-0.245918,0
-1.156641,-0.129028,0
0.024758,-0.790632,0
-0.942443,-0.860995,0
0.176040,-0.108696,0
-2.304430,1.356997,0
-1.142574,0.329066,0
-0.643895,-0.413725,0
-2.063767,0.986121,0
-2.206158,0.593143,0
-2.861582,-0.205219,0
-0.367624,-0.510313,0
-1.338529,0.604286,0
-0.466384,0.540738,0
-0.362527,-0.360317,0
0.241355,-0.260075,0
0.051913,0.530238,0
-0.363969,-0.248023,0
-0.311702,-0.040759,0
1.898439,-0.342882,0
-1.541732,0.804307,0
-0.112177,-0.486911,0
-2.282136,0.999952,0
-1.823282,-0.022239,0
-3.082460,0.199708,0
-0.986345,0.894531,0
-0.973943,0.031395,0
-1.718652,0.198453,0
-0.903918,0.673260,0
-1.053855,-0.595282,0
-2.020183,-0.244678,0
-0.138166,-1.102095,0
-1.159754,-1.253976,0
-0.892238,-0.835783,0
-1.878127,-1.171607,0
-2.519253,-0.416037,0
-1.570864,0.780051,0
-0.786480,1.304191,0
-1.688915,0.139527,0
-0.538091,0.749570,0
-0.448201,-0.221794,0
-1.226940,-0.595265,0
-2.636698,0.812700,0
-0.795474,-0.938138,0
-0.922825,-0.320634,0
-0.477073,-0.418691,0
-0.276541,0.222881,0
-0.932903,-0.433813,0
-0.524526,0.611723,0
-1.535413,0.778447,0
-0.830776,-0.042212,0
-0.369454,1.166018,0
0.676263,0.351908,0
-0.606707,-0.414951,0
-0.879630,-0.867158,0
-0.673147,0.065568,0
-0.242248,0.617948,0
-1.723231,0.043745,0
-1.250477,-1.436369,0
-0.043630,0.182433,0
0.040127,0.484221,0
-0.110279,-0.456235,0
-2.185050,0.575328,0
-1.764842,0.682896,0
-0.490216,0.214621,0
-0.992214,0.008945,0
0.028747,-1.216257,0
-1.159793,0.228692,0
-1.415110,1.471685,0
-1.892519,-1.196314,0
-0.510337,-1.067206,0
-0.295314,-0.165944,0
-2.313358,-0.721976,0
-0.104048,0.654088,0
-0.589808,1.288963,0
-0.337288,-0.072171,0
-0.853650,-0.039332,0
0.392671,0.245792,0
-1.280135,-0.673956,0
0.392009,-0.860033,0
-0.301459,0.391035,0
-1.273505,-0.108758,0
-0.797754,0.654586,0
-0.853458,-1.266479,0
-0.898076,0.430331,0
-2.020940,-1.053514,0
-0.359424,0.009146,0
-1.688938,-0.795128,0
-0.330826,-0.833681,0
-0.692272,-0.485800,0
-0.980805,1.308745,0
-0.705021,1.043040,0
-0.544049,0.007660,0
-1.049691,-0.292592,0
-0.274192,0.637590,0
-1.740353,0.532136,0
-0.459834,0.859427,0
0.170913,0.706355,0
-0.705759,0.505915,0
-1.941087,1.120656,0
-2.307086,-0.692561,0
-1.761423,-0.005479,0
-1.203103,-0.297845,0
-0.981754,0.451099,0
-2.173942,-0.378428,0
-1.417443,0.552739,0
-1.182214,0.137344,0
-0.862496,-0.578911,0
-0.368111,-0.152289,0
-0.845428,-0.107804,0
-0.716818,-0.018126,0
-0.631382,0.082019,0
-2.768084,-0.402972,0
0.215107,0.282123,0
-1.700154,-0.426474,0
-0.667960,-0.256603,0
-1.412784,1.052414,0
-1.218125,-0.221392,0
-2.772374,0.506167,0
-1.309113,-0.970740,0
-0.065724,0.027225,0
-0.195469,-0.609353,0
-1.223495,0.746281,0
-0.933928,0.931113,0
-1.195244,0.267291,0
0.489583,1.398693,0
-0.812318,-0.639119,0
-2.312483,-0.806749,0
0.761734,0.719915,0
-1.508242,-0.464301,0
-1.907168,0.113039,0
-1.755469,0.879660,0
-1.560043,0.160322,0
0.003686,0.507009,0
-1.101954,0.668163,0
-1.273505,0.755271,0
-1.325704,-0.726211,0
0.123464,0.260620,0
-1.195485,-0.808458,0
-2.079297,0.214558,0
-0.843296,1.566737,0
-1.681996,-0.302577,0
-0.636097,0.274572,0
-1.193520,0.245061,0
-0.668585,-0.442582,0
-2.129164,-0.415821,0
-0.187263,-0.473499,0
-2.459579,-0.581900,0
-0.546893,-0.406416,0
-1.667472,1.248661,0
-1.389767,-0.524301,0
1.570745,-0.160076,0
-1.329826,-1.074784,0
-1.340581,0.461751,0
-0.837719,0.172374,0
-0.791401,0.068511,0
-1.614896,-0.278854,0
-1.144779,-1.259022,0
-1.553305,1.056925,0
-1.182546,-0.405952,0
-0.669579,-0.013891,0
-1.037475,0.126727,0
-1.708554,-0.621177,0
-0.224301,-0.242185,0
-0.794273,0.538831,0
-0.144508,0.708003,0
-1.795453,-0.606746,0
-1.375413,-1.529360,0
-0.151507,-0.519396,0
-2.837041,0.777014,0
-0.764374,0.498191,0
-1.293346,-1.065831,0
-1.680889,-0.481689,0
-1.970959,-0.402313,0
-0.635191,-0.179518,0
-0.413550,0.407773,0
-1.333191,-1.456377,0
-1.116719,0.406975,0
-2.366068,-0.440419,0
-3.024338,0.812081,0
-0.589303,-0.585756,0
-0.770449,0.222696,0
-2.127984,0.022901,0
-0.601857,-0.171505,0
-1.467336,1.038489,0
-2.398829,0.120782,0
-0.449354,-0.576434,0
-1.095263,0.219267,0
0.633722,-1.310961,0
-1.456121,-0.216861,0
-1.168697,-0.655728,0
-1.508364,0.756286,0
-1.387548,1.352927,0
-1.178690,1.217112,0
-2.784626,-0.406503,0
-0.291747,0.500670,0
-1.969869,-0.639361,0
-2.783535,0.671354,0
-1.185711,0.011820,0
0.057269,0.798302,0
-1.280925,-0.098707,0
0.176437,-0.146438,0
-0.398981,0.283230,0
0.200876,-0.263193,0
-1.863582,0.910672,0
-0.579310,-1.594958,0
-0.690686,-2.664631,0
-1.091852,-0.800202,0
-0.238821,1.475512,0
-1.148572,-1.494678,0
-0.985036,1.173648,0
-0.488118,-0.540160,0
-1.157025,-0.627560,0
-0.530168,-0.485691,0
-0.645501,-0.318770,0
-1.595434,0.865839,0
-1.313196,-0.775204,0
-0.768847,0.023083,0
-1.049270,-0.599611,0
-0.373897,0.208017,0
-0.370653,0.180031,0
-0.432476,-0.941871,0
-2.059512,-0.024521,0
-0.648962,0.020673,0
-1.035285,0.273348,0
-0.898222,0.116151,0
-1.159372,-1.126173,0
0.032119,-0.496543,0
-1.429290,0.397238,0
-0.086786,0.544717,0
-0.582664,-0.669517,0
-0.855073,0.898132,0
-0.914363,-0.059248,0
-2.791373,0.043129,0
-1.429936,-0.807407,0
-1.305391,0.024064,0
-1.091370,-0.853977,0
-0.106118,0.161586,0
-0.198227,-0.333310,0
-1.914953,-0.407184,0
-0.526412,-0.114915,0
-1.547010,0.658182,0
-1.092703,-0.573060,0
-1.682843,0.091489,0
-1.723356,0.071645,0
-1.183414,0.170225,0
-1.924878,0.014800,0
-0.777851,-1.946130,0
-2.131923,-0.813624,0
-1.594122,-0.723069,0
-0.493490,-0.333284,0
-0.518573,-0.162489,0
-1.590733,-0.158572,0
-0.823620,0.744026,0
-0.862705,-0.163650,0
-0.502993,0.794751,0
-1.098658,0.092251,0
-2.398645,-0.060172,0
-2.170379,-0.577306,0
-0.629371,0.378829,0
-0.440215,0.834309,0
-1.013640,0.344270,0
-0.392623,0.370733,0
-1.551159,-0.772447,0
-2.742617,-0.222953,0
-0.391395,-0.578472,0
0.005626,1.325584,0
-1.026457,-0.682978,0
-1.601003,-1.289750,0
-1.085366,-0.450750,0
0.250756,-0.081055,0
-0.517276,-1.459436,0
-0.048249,-0.720033,0
-0.886910,0.091497,0
-0.072983,0.293126,0
-2.020746,1.159571,0
-0.398859,-0.863653,0
-1.085328,-0.203934,0
-1.636872,0.008679,0
-1.495913,0.588294,0
0.631722,0.399185,0
-0.363326,0.161738,0
0.582850,0.429167,0
-1.776637,0.228054,0
-1.548469,-0.399003,0
-2.438999,1.142944,0
-2.380659,-0.695452,0
-1.772884,0.563809,0
-0.371431,0.604314,0
-0.055947,-0.368899,0
-0.730824,1.769620,0
1.421544,0.312816,0
0.367817,-0.619764,0
-0.349046,-0.185693,0
0.587976,0.655771,0
-0.897411,-1.333010,0
-1.383147,-0.134344,0
-2.162019,-0.505459,0
-0.446201,-0.367789,0
1.078284,0.605737,0
-1.704464,-0.652826,0
-1.489602,-0.096296,0
-0.719209,0.885529,0
-0.377212,-0.362801,0
-0.928608,0.063549,0
-0.776859,-0.514290,0
-0.756247,-0.068307,0
-0.183328,0.225791,0
-0.692150,-0.825012,0
-0.158666,0.897525,0
0.207949,-1.098367,0
0.122012,0.239866,0
0.228925,0.173204,0
-0.272996,0.134057,0
0.148108,-0.734860,0
0.062209,-0.101584,0
-0.966140,-0.420185,0
-1.045884,-2.653410,0
-1.595046,-0.649241,0
-1.507049,0.108635,0
-1.670550,-0.877214,0
-0.629224,-0.194493,0
-2.062492,1.268778,0
-0.229962,1.113516,0
-0.812623,0.296154,0
-1.804933,-1.506535,0
-0.230418,1.375317,0
-1.123793,-0.498816,0
0.124154,-0.119654,0
-0.782290,-1.788772,0
-1.204267,1.225820,0
-0.628515,0.472560,0
-1.932498,0.081007,0
-1.031223,0.218853,0
-1.185578,-0.755328,0
-1.217697,-0.695562,0
-0.067516,0.380206,0
-0.948282,-0.219990,0
-1.745374,0.544915,0
-1.751548,-0.895803,0
-2.090698,0.310208,0
-0.575009,-0.413019,0
-0.620930,0.778483,0
-1.298080,0.482282,0
-1.316549,0.747560,0
-1.807302,1.463592,0
-1.240658,0.029412,0
-1.015607,-0.756255,0
-1.135960,0.583147,0
0.546139,1.278784,0
-0.376956,0.018525,0
-0.433735,0.696714,0
-1.963817,0.380298,0
-1.334778,0.376235,0
-2.347136,-1.341995,0
0.106347,0.178641,0
-1.709089,-0.193702,0
-2.772963,0.111026,0
