0.831890,-0.528581,1
2.414003,-0.015899,1
1.914443,0.982908,1
0.773656,-0.168746,1
1.024721,0.762849,1
0.971233,1.781192,1
1.041236,-0.135190,1
1.107743,0.232010,1
-0.017007,0.440101,1
1.070425,0.237839,1
-0.132291,0.762910,1
0.649396,-0.096974,1
1.223447,-0.348367,1
2.584776,-0.284505,1
0.443781,0.810249,1
0.787832,-0.485521,1
1.343487,0.546948,1
0.197138,0.475502,1
1.776697,-0.867260,1
1.230712,0.259206,1
1.349130,-1.945647,1
0.447388,-0.106713,1
2.139683,0.364208,1
-0.302974,-0.290864,1
0.180537,-0.197830,1
1.536261,-0.569976,1
1.036568,0.259323,1
1.016597,-0.119325,1
0.741810,-0.010510,1
1.086024,-0.462409,1
1.769191,0.629927,1
0.372993,0.094176,1
0.029270,0.305111,1
0.166653,-0.353631,1
1.181347,-0.416487,1
1.365062,1.133435,1
0.545828,0.548675,1
2.207003,0.962465,1
0.607854,0.168534,1
1.636096,-0.056695,1
0.241544,-0.132146,1
1.260986,-0.524026,1
0.704396,-0.192802,1
1.266401,-0.316010,1
-0.524644,-0.301367,1
1.814997,-0.229012,1
-0.683007,-0.025218,1
2.574827,-0.033043,1
0.344138,0.552151,1
1.812963,0.540204,1
1.082493,0.253954,1
0.511876,-0.811962,1
0.181682,-1.029372,1
0.562256,0.244656,1
0.710260,-1.274150,1
-0.508229,1.359457,1
3.499585,-1.523523,1
0.224735,-0.122757,1
0.867964,0.554895,1
0.613258,-0.229662,1
-0.230935,0.805171,1
0.709322,-0.815374,1
0.627314,-0.235175,1
0.041711,-0.471170,1
2.444502,1.300444,1
-0.193783,0.826363,1
-0.630430,0.513529,1
2.701291,-1.992633,1
1.514661,0.814581,1
0.128057,0.918412,1
2.313707,-0.033589,1
0.261762,-1.476629,1
0.877585,1.170962,1
1.182437,-0.560040,1
1.042658,0.043324,1
0.531933,-0.861088,1
1.695478,-0.070678,1
0.378083,-0.727173,1
0.288945,-0.247321,1
-0.371348,-0.250085,1
0.473283,0.880096,1
1.223428,-0.995712,1
1.869736,-0.208620,1
1.091420,0.718532,1
-0.146968,0.542122,1
0.542147,-0.947935,1
1.457436,-0.069631,1
1.527095,-1.077145,1
0.305963,0.194374,1
-0.012333,-0.201610,1
1.064369,0.141977,1
1.799433,-0.092685,1
1.398837,-0.211189,1
1.470715,-0.481094,1
1.400665,0.337061,1
1.875996,-0.508789,1
0.461191,-0.272662,1
1.035340,1.331040,1
1.771132,-0.930196,1
1.788077,0.972540,1
1.282521,0.845041,1
1.362827,0.958927,1
0.693142,-0.167510,1
0.693237,0.523194,1
0.625705,-0.229008,1
2.854016,0.723227,1
2.251326,0.694138,1
-0.933387,-0.555206,1
0.585200,-1.104312,1
1.024906,-0.949552,1
0.542603,0.618631,1
-0.162860,0.521434,1
0.963777,-0.237204,1
1.121330,-0.179023,1
0.976744,-0.080083,1
1.372343,-0.297706,1
0.717288,0.448331,1
1.014757,-1.563727,1
1.641506,-1.291658,1
0.706122,0.110066,1
1.542717,-1.414913,1
1.210163,1.217802,1
0.185102,-0.498799,1
-0.135619,0.153643,1
1.081591,0.975508,1
1.933462,-0.438537,1
1.531268,-1.015592,1
1.543629,-0.608035,1
-0.231187,-1.228538,1
0.665609,-1.001828,1
1.977449,-1.663035,1
1.107423,-0.524082,1
-0.488312,0.432154,1
0.721451,-0.906198,1
0.617332,-0.368283,1
0.168460,-0.029467,1
0.739729,0.060132,1
1.315504,0.089900,1
1.474903,0.714772,1
0.875032,-1.172580,1
-0.068646,0.715826,1
1.119777,-1.036272,1
2.231934,-0.497585,1
1.452875,-1.055852,1
1.742607,-0.637165,1
-0.402976,1.104013,1
0.395291,0.918398,1
0.970180,-0.731614,1
2.201822,1.037868,1
1.834050,0.630540,1
0.849356,1.279955,1
0.681676,-0.130162,1
0.691816,0.587182,1
-0.190411,2.798962,1
0.985279,0.041872,1
0.885818,0.347028,1
1.039510,0.301109,1
1.371174,-0.103161,1
1.931425,2.714150,1
1.187409,-0.641146,1
0.067461,0.870744,1
0.611135,0.144273,1
1.226823,0.090435,1
2.165875,-0.487749,1
1.482983,-0.922597,1
1.367949,0.369923,1
0.901231,-0.398975,1
0.305150,1.204616,1
1.483443,0.587781,1
0.133510,0.879884,1
1.662847,-0.605579,1
1.422585,0.267368,1
0.890924,-0.472895,1
1.976036,-1.199875,1
1.586057,-0.741254,1
1.789083,0.172302,1
0.061564,-0.661746,1
0.860845,-0.100961,1
0.386641,0.098669,1
-0.004817,-0.151505,1
0.945194,0.141104,1
1.100906,-0.420291,1
1.362584,0.352933,1
0.955576,-0.683852,1
0.749039,0.926086,1
0.916706,0.097955,1
0.872224,-0.525356,1
0.477135,-0.883305,1
-0.176764,0.540122,1
0.206644,0.511047,1
1.043082,-0.369421,1
-0.705047,-0.333951,1
2.860104,0.514263,1
1.268201,0.262726,1
-0.761087,-1.162269,1
1.165955,0.171717,1
1.718916,-0.753522,1
1.836589,0.911390,1
1.783151,-0.526561,1
1.169764,0.395409,1
-0.906436,-0.094141,1
0.873608,-1.051472,1
0.650553,0.417742,1
1.220360,-2.141721,1
1.184767,0.224361,1
1.897087,-1.158236,1
0.846491,-0.007912,1
0.465396,1.317064,1
-0.390995,0.450089,1
0.875220,0.259602,1
0.749459,0.096588,1
1.073304,-0.528845,1
0.937646,-0.044506,1
0.999562,-0.677330,1
1.475503,-0.462105,1
0.896825,-1.166860,1
1.989159,-0.039514,1
0.753076,-1.170206,1
1.220447,0.419344,1
1.242751,0.490913,1
1.073652,0.314773,1
0.705926,-1.707784,1
2.722289,-0.976004,1
0.877593,-0.257891,1
1.137445,-2.044712,1
-0.047135,-1.090853,1
0.269561,0.356819,1
0.741950,-0.510717,1
1.290551,-0.039918,1
-0.356407,-0.242853,1
1.555806,-1.107985,1
1.962159,0.599984,1
2.773586,-0.032908,1
1.270362,0.226032,1
1.518325,-1.092938,1
1.812576,-1.790071,1
0.851864,-0.361772,1
1.514572,-0.572785,1
1.884222,-0.268868,1
1.280462,0.134028,1
0.138486,-0.183099,1
1.644949,0.516813,1
1.140584,0.328715,1
1.650882,-0.514956,1
0.126540,1.427398,1
1.796183,-1.297377,1
1.885167,-1.559006,1
1.173899,-0.928937,1
0.192465,-0.905658,1
1.580027,-0.324363,1
-0.414636,0.163239,1
0.421851,-0.387433,1
2.344922,-1.106683,1
0.390419,1.000680,1
1.318143,0.284437,1
0.941936,0.504770,1
-0.209980,-0.091213,1
0.863255,0.707968,1
1.635260,0.848907,1
0.648950,-0.911165,1
0.849899,0.716775,1
0.456025,-1.202300,1
0.614522,1.118161,1
0.774906,0.023772,1
1.178272,0.021553,1
-0.902846,0.516822,1
0.956447,0.505403,1
-0.613597,-0.575976,1
0.323527,0.610606,1
-0.057973,0.113308,1
0.496476,-0.852218,1
1.079211,-0.452550,1
1.402776,0.304588,1
-0.016333,-1.356867,1
-0.054622,0.018842,1
-0.063395,0.373306,1
0.141115,-0.569641,1
0.153512,-0.943318,1
0.771807,1.063080,1
1.259326,-0.199803,1
1.221889,1.147558,1
-0.033147,0.330439,1
0.367226,0.132263,1
1.772249,0.989153,1
1.722830,0.725054,1
2.481957,-0.874884,1
0.354903,-1.740590,1
0.769895,-0.184003,1
1.572809,-0.387298,1
0.289717,-0.748057,1
1.418851,0.605381,1
1.337502,0.308798,1
1.277411,1.569118,1
1.318570,0.323185,1
1.413548,-0.195365,1
0.560059,0.751909,1
0.580033,-0.814789,1
0.598494,1.093232,1
-0.760580,0.398013,1
1.240258,0.270294,1
0.462126,0.822664,1
1.097082,1.378390,1
0.756304,-0.313397,1
0.539197,1.251345,1
1.801778,0.643550,1
1.463395,-0.032616,1
0.836701,-0.014995,1
1.579311,-0.087924,1
0.787718,-0.553805,1
0.627490,-0.523655,1
-0.366127,0.571549,1
1.349380,0.482060,1
1.374832,0.017580,1
0.181500,-0.599583,1
1.104094,-1.144989,1
0.708726,-0.083762,1
0.474546,-0.532170,1
0.697340,1.048782,1
2.515712,-0.510502,1
-0.222031,-0.086831,1
1.078383,0.669718,1
1.240318,0.525127,1
1.467967,0.087237,1
1.554099,-0.762456,1
0.768958,-2.119854,1
1.345882,0.395867,1
0.687948,0.600192,1
-0.173231,1.014272,1
1.117028,1.809635,1
1.259569,0.656725,1
1.397858,-0.618618,1
1.354788,-1.201890,1
0.371161,-1.123309,1
0.619137,-0.732477,1
-0.471348,0.780096,1
0.804660,-0.480526,1
1.930821,0.260886,1
1.878570,-0.601394,1
1.354808,0.586963,1
0.722817,-0.531254,1
1.175504,1.497464,1
0.090927,0.153332,1
-0.204701,-0.520187,1
0.071722,0.794378,1
0.964903,0.211511,1
1.378425,0.499154,1
1.211352,-0.852785,1
-0.237175,0.324092,1
0.769695,-0.966335,1
2.023571,0.061280,1
0.751684,-0.049983,1
1.101726,-0.336215,1
1.725378,-0.370659,1
-0.694865,-0.384237,1
1.268247,-0.608463,1
2.344729,0.554075,1
1.234661,-0.777343,1
2.067781,1.418340,1
2.296500,-0.561071,1
0.021117,-0.654176,1
-0.274135,0.392054,1
0.712643,0.046616,1
1.809181,0.789768,1
0.874377,0.628048,1
-0.071373,0.590102,1
-0.263549,-0.153620,1
2.627247,-0.684167,1
1.192238,0.082016,1
1.307446,0.892131,1
0.586648,-0.694162,1
0.950387,1.277145,1
0.792495,1.565455,1
1.796431,-0.933505,1
0.514894,0.334596,1
1.455455,0.751155,1
0.982149,0.445368,1
1.191122,0.228823,1
0.709312,0.224909,1
1.511471,0.014361,1
0.696585,1.477838,1
2.141436,0.583413,1
0.756312,-0.761805,1
2.848824,0.222663,1
0.472829,0.812091,1
0.945329,-1.387534,1
0.149354,0.140799,1
0.968807,0.748513,1
1.875366,-1.286786,1
0.648175,-0.161527,1
1.882566,0.444273,1
2.196336,0.983597,1
0.902609,0.554787,1
1.438875,-0.283213,1
1.155434,3.099113,1
0.701809,1.356638,1
0.997418,1.301901,1
1.661868,0.439188,1
0.962871,0.863666,1
1.681874,-0.708697,1
0.171282,-0.106630,1
1.156436,-0.285812,1
1.479146,-0.095811,1
0.343824,-0.170869,1
1.098000,-0.035836,1
1.971527,-1.310224,1
0.005007,-0.138374,1
0.116374,-1.088378,1
0.298163,-0.281596,1
1.842790,0.473799,1
0.690878,-0.636615,1
1.899310,-0.348587,1
1.051771,-0.143186,1
1.239159,1.373266,1
0.446485,-1.044453,1
2.484728,0.060206,1
1.863492,1.182044,1
0.851956,0.622911,1
0.427273,-0.323265,1
0.277032,0.307394,1
-0.584674,-1.445174,1
0.235663,0.445313,1
0.201402,-0.938861,1
1.333619,0.903390,1
1.788762,-0.985689,1
2.930670,-0.638522,1
0.572055,0.631634,1
1.869316,-0.823987,1
0.575802,0.262659,1
0.021358,-0.862496,1
1.955580,-0.811409,1
-0.249326,0.778510,1
0.354148,-0.854251,1
0.789184,-0.179641,1
0.905606,-1.021972,1
-0.347083,0.224438,1
1.751329,0.324428,1
1.892420,-0.032684,1
0.087848,-0.710646,1
1.181542,-1.013701,1
2.309615,1.183782,1
0.458413,1.095918,1
1.702624,-1.213468,1
1.313942,-0.190103,1
1.640370,-0.493110,1
-0.160341,-0.174892,1
0.541082,0.512287,1
0.652967,-0.525142,1
1.179429,0.755763,1
1.589671,-0.603873,1
1.019586,1.878405,1
1.049771,0.533004,1
0.104933,0.574733,1
1.035373,-0.900427,1
1.753087,0.125405,1
2.026894,-0.920093,1
0.629022,0.228988,1
1.493916,0.358806,1
1.544823,-0.958594,1
2.085340,1.069206,1
1.794195,-1.034508,1
1.415813,-0.590181,1
0.976960,-0.108472,1
0.201767,-0.373007,1
-0.249616,0.762431,1
0.151932,-0.326763,1
1.385408,-0.421761,1
0.642638,-0.055867,1
0.602863,0.236414,1
1.617757,0.360385,1
1.785284,-0.336194,1
0.781325,-0.394907,1
-0.901136,0.840154,1
0.596540,-0.499238,1
1.127484,0.366495,1
0.992316,0.719486,1
-0.602462,0.607372,1
1.618113,-0.306217,1
0.424602,-0.414477,1
0.812700,-0.771844,1
1.088983,2.368401,1
1.322964,1.140861,1
0.409821,0.486151,1
1.913069,1.162674,1
0.486383,0.969800,1
0.780090,0.702383,1
0.358913,-0.360903,1
-0.408847,-0.325044,1
1.749472,-0.505124,1
0.558799,-0.810809,1
0.666288,-0.494863,1
2.286162,0.448048,1
0.126620,0.471296,1
1.507059,-0.011947,1
0.037743,0.190617,1
1.703698,0.875132,1
1.416583,-0.249494,1
0.054364,-0.298047,1
0.367413,0.419514,1
1.966904,0.592653,1
1.173854,-0.388069,1
2.710465,0.864497,1
0.220871,0.743801,1
0.956577,0.588275,1
0.175240,0.177458,1
1.939739,0.884617,1
1.577845,-0.010867,1
1.582811,-0.097449,1
0.032693,2.083985,1
0.699333,-1.255539,1
1.216950,1.935398,1
1.452695,-0.570827,1
0.629884,0.507273,1
-0.015460,1.303358,1
0.300300,0.962228,1
0.783452,-1.561993,1
0.610464,0.695939,1
1.495661,-1.093770,1
1.142667,0.627422,1
1.628259,-0.284991,1
1.245543,0.215613,1
1.386573,0.481551,1
1.588503,-0.901648,1
-0.886726,1.338308,1
1.862560,1.023858,1
1.871951,-0.017004,1
0.703325,1.539786,1
0.912879,-1.837057,1
0.732132,0.788002,1
1.461154,-0.669351,1
0.611227,-0.646748,1
-0.178260,0.913735,1
1.335126,-0.799502,1
0.888865,0.046127,1
0.705631,-0.090407,1
2.347472,-0.220308,1
1.346421,-0.400148,1
0.722795,1.507440,1
2.256141,0.173043,1
2.384060,1.316879,1
0.928117,-0.070459,1
-0.704174,1.421615,1
1.264111,0.993961,1
0.486138,0.340487,1
1.216322,-0.640589,1
-0.401294,-0.149240,1
1.300197,0.475645,1
1.971374,1.318214,1
1.116583,-0.005983,1
0.780628,-0.116916,1
0.273764,0.059495,1
1.980305,0.281890,1
0.417903,0.437726,1
1.037392,-1.016773,1
0.195115,0.490459,1
1.122444,0.103578,1
0.006661,-0.810438,1
1.070151,-1.039896,1
1.362715,0.559616,1
0.769133,0.596222,1
0.869478,-0.131536,1
2.236970,0.431828,1
0.834059,0.493888,1
1.182322,1.426302,1
1.573358,0.319067,1
1.008145,1.150683,1
1.735095,0.696737,1
0.706437,0.598176,1
1.066758,0.228359,1
1.249034,0.145909,1
0.339675,-0.629607,1
-0.037476,-0.215242,1
0.432134,-0.460010,1
-0.706042,0.585422,1
1.128328,-0.400558,1
1.035843,-0.326397,1
0.703107,0.506254,1
0.995374,0.358165,1
1.117028,-0.758951,1
1.832637,-0.085336,1
2.160486,0.963630,1
0.976472,-0.613037,1
-0.322114,-0.159955,1
0.780318,-1.415450,1
0.413400,-0.137312,1
1.496806,-0.406063,1
2.366344,-0.480910,1
2.187258,0.352397,1
1.388246,-0.307348,1
0.819149,0.109600,1
1.838453,-0.208432,1
0.905645,-1.035771,1
0.061646,2.781483,1
1.398218,0.266411,1
2.447165,-0.175385,1
0.471651,-0.258596,1
0.185888,-0.304663,1
1.559578,0.376229,1
1.325185,0.348350,1
-0.259962,-2.180542,1
-0.549979,0.606375,1
1.067685,-1.343222,1
-0.291808,-0.073089,1
1.594598,0.732636,1
1.870181,-1.688603,1
-0.326674,0.452772,1
-0.523181,0.532070,1
0.796872,0.528196,1
1.296937,-0.129515,1
2.487263,-1.516440,1
0.848313,0.452841,1
0.334689,-0.037275,1
0.730340,0.006649,1
0.585980,-0.026403,1
0.343832,-1.691830,1
0.448866,-0.148413,1
0.833719,-1.630282,1
1.683051,0.653020,1
0.466957,-0.935258,1
0.611869,-0.938023,1
0.998099,0.856940,1
1.447292,-0.446982,1
2.234825,-1.357373,1
1.661967,-0.681733,1
-0.340767,0.229625,1
0.760236,0.839319,1
1.099956,1.426784,1
1.405081,0.910097,1
1.146913,0.066047,1
1.692371,-1.299897,1
1.629132,0.102051,1
0.458388,0.327877,1
0.944219,-0.902968,1
-0.300678,-0.425285,1
0.877222,0.621103,1
0.179090,0.468424,1
0.941747,1.239674,1
-0.136465,0.852637,1
1.285416,-0.847199,1
0.703222,0.167449,1
0.868350,-1.195207,1
1.996625,0.367176,1
2.004494,-1.060104,1
1.975791,0.348212,1
0.322034,0.090973,1
0.942579,0.659156,1
0.577367,-0.379055,1
1.937418,0.827053,1
0.119139,-1.108496,1
-0.455210,0.527431,1
0.462694,-0.209586,1
1.434089,1.200496,1
0.809403,0.672699,1
0.596889,0.199789,1
0.732745,-0.423216,1
0.422678,0.100856,1
1.961001,1.511859,1
0.766463,-0.412112,1
0.819543,-0.067226,1
-0.831805,1.320836,1
2.331479,0.545454,1
0.678556,-0.118322,1
0.845502,0.753612,1
1.026133,0.911259,1
1.249016,0.378028,1
1.080581,0.839223,1
1.700542,-0.218665,1
1.133010,-0.028572,1
1.189586,-0.009927,1
-0.306338,-0.116219,1
1.241081,-0.545763,1
1.426085,-1.141619,1
-0.712425,0.273191,1
2.724979,1.452382,1
0.936932,0.061028,1
2.956018,-0.241996,1
0.316753,-1.424497,1
1.798985,0.364831,1
0.225383,0.691764,1
1.282628,-0.056057,1
2.173778,-0.731154,1
0.796164,1.139112,1
0.572174,0.079005,1
1.403894,-0.391964,1
1.987473,0.737437,1
2.656217,-1.310126,1
0.772885,0.075480,1
0.920752,0.513389,1
0.803602,0.512206,1
0.657852,0.413961,1
1.054282,1.190696,1
0.156122,-1.559797,1
1.496155,-0.047509,1
1.554308,-0.277773,1
1.751110,-0.845438,1
0.803749,0.102770,1
1.355865,-1.896412,1
0.759722,0.066978,1
1.340710,-1.368094,1
1.034116,-0.495772,1
0.256330,0.301076,1
2.203873,-0.150163,1
0.726544,-0.555766,1
0.469459,0.705217,1
0.715857,-0.655159,1
1.212351,0.213688,1
2.363602,-0.639504,1
1.069359,-1.048955,1
0.942567,0.581102,1
1.254927,0.314942,1
0.393472,0.267922,1
0.873705,-1.053206,1
2.371619,0.883493,1
1.311372,0.565942,1
0.333537,1.475936,1
1.027851,0.592537,1
0.589229,1.248198,1
0.902741,0.879097,1
2.085391,1.598007,1
0.819984,0.227670,1
1.520552,0.771429,1
1.231012,-0.228865,1
0.912005,-1.039245,1
1.081228,-0.248955,1
-0.449817,-0.955112,1
0.964322,-0.381055,1
0.373217,-0.835570,1
2.187027,-1.662962,1
0.801771,0.995963,1
-0.308456,0.346536,1
-0.258185,0.377994,1
1.264601,-0.832559,1
1.509179,1.098386,1
0.941494,-0.620699,1
1.516405,-0.477186,1
-0.115464,-0.006655,1
-0.274877,0.516059,1
1.090883,0.405193,1
2.052513,1.236473,1
1.545719,-0.241152,1
1.238540,-0.402507,1
-0.326644,2.120959,1
1.682717,-0.654570,1
-0.431163,-0.251549,1
1.946789,1.319570,1
0.402874,1.025585,1
1.252311,-0.409004,1
1.308856,0.430589,1
0.923930,-0.947889,1
2.322476,-0.691450,1
1.248465,0.072439,1
1.301172,-0.278068,1
1.120666,0.376143,1
0.051164,-1.658518,1
1.610348,1.063832,1
1.627583,1.125643,1
-0.628797,0.263720,1
-0.971200,-0.011034,1
1.420829,0.066017,1
0.717911,0.525230,1
0.354577,0.783775,1
1.619156,-0.175568,1
2.049107,1.910530,1
-0.647919,1.231446,1
1.341440,0.428026,1
1.714444,0.734199,1
0.250376,0.089644,1
-0.386597,-1.047465,1
1.151171,-0.823407,1
1.170825,-0.062429,1
0.181522,1.608414,1
1.387616,1.911164,1
1.299465,-0.114256,1
1.191744,-0.607923,1
0.194473,0.720930,1
1.935998,-0.720800,1
1.703992,-0.000526,1
-1.396908,-0.335655,1
0.518002,-0.197726,1
1.995827,0.737953,1
2.699904,-0.448579,1
1.297716,-1.238893,1
1.308864,1.278054,1
1.040120,-0.477478,1
1.270255,0.589420,1
0.829755,-1.546703,1
0.562001,-0.370477,1
0.458600,0.564859,1
0.453923,0.794858,1
1.469024,1.581576,1
0.873221,1.054492,1
1.377202,0.537143,1
1.117986,-0.128963,1
2.350636,-0.529286,1
1.986722,1.693522,1
0.367589,-1.226335,1
0.224688,0.482683,1
2.420131,0.157242,1
2.481997,0.329836,1
0.398534,0.279029,1
1.120934,0.102868,1
1.140005,0.038409,1
0.208628,1.192463,1
1.522888,-0.125319,1
2.050371,-0.233074,1
0.876446,0.063703,1
0.550550,-0.346991,1
1.006640,-0.197397,1
-0.203495,-1.557422,1
1.409363,0.053748,1
1.002390,-0.364264,1
1.521195,-0.818843,1
-0.195624,-0.589154,1
2.179656,0.807482,1
-0.854103,-0.026636,1
-0.310695,0.577977,1
1.122323,-0.315635,1
0.280254,-1.914465,1
1.389545,0.102176,1
0.066304,0.550098,1
1.774520,-0.415947,1
0.262127,0.957712,1
1.176254,-0.624172,1
2.609635,0.437802,1
1.142374,0.879488,1
0.209807,0.660553,1
0.329961,0.574154,1
1.718404,0.296516,1
1.777598,0.946149,1
0.956447,0.576943,1
-0.857810,0.373158,1
-0.178735,-1.322764,1
2.717001,0.048371,1
1.273702,-0.943745,1
1.121236,-0.280818,1
0.453937,0.627953,1
0.879078,-0.055315,1
1.868311,1.483671,1
0.478831,0.620503,1
1.879788,0.260551,1
0.335681,0.996094,1
1.992635,0.398455,1
1.589555,1.207881,1
1.539468,-0.950886,1
1.930609,0.825993,1
2.009705,-0.532314,1
0.843625,-1.151556,1
0.059412,-0.162946,1
1.148201,0.961752,1
1.156791,-0.452096,1
1.249755,-0.201360,1
1.103653,0.153991,1
2.335843,0.198079,1
0.939321,0.116330,1
0.904019,-0.827967,1
0.607559,0.805030,1
1.759165,-0.216314,1
0.499294,1.358479,1
0.809669,-1.460627,1
1.798165,0.340048,1
1.484851,1.795666,1
0.372226,-0.221593,1
0.735934,0.064430,1
1.630256,0.144130,1
2.091263,0.097993,1
1.391779,-1.760003,1
1.846955,-0.619433,1
2.194433,0.120742,1
1.544368,-0.744478,1
1.760510,-1.154222,1
1.077959,-0.204147,1
0.466846,-0.119050,1
1.329221,-1.368184,1
1.715360,-0.061957,1
-0.205036,1.297305,1
0.380553,-0.125271,1
2.321489,-0.163256,1
1.557181,0.777226,1
0.830058,0.690799,1
1.267699,-0.199946,1
1.826414,0.582811,1
0.764911,-0.238763,1
1.373726,0.297853,1
1.731209,-0.985132,1
0.321032,-1.002995,1
2.253457,-0.427793,1
1.181104,-0.605332,1
0.677791,-0.093287,1
0.758353,-0.825402,1
-0.006829,-0.682245,1
1.332912,0.036492,1
1.146205,1.197501,1
1.509336,-1.313802,1
0.515217,0.865743,1
1.017677,0.040415,1
1.376076,-0.244241,1
1.052395,0.234208,1
0.062568,-0.199791,1
1.116235,0.896568,1
1.001847,0.978414,1
0.715940,-0.496787,1
2.216756,0.824955,1
-0.548870,1.927507,1
0.167583,0.462478,1
0.570683,-0.359799,1
1.065686,1.854916,1
0.609940,0.159611,1
0.320655,0.309622,1
1.479066,0.131057,1
0.810971,0.910070,1
1.211096,-0.604959,1
1.743122,0.264570,1
1.495476,0.914654,1
0.703323,-1.275829,1
0.116167,0.729296,1
-0.177578,1.109877,1
1.708188,0.710580,1
-0.381676,-0.325133,1
1.089961,1.962689,1
1.390936,-0.628303,1
-0.373882,-0.294541,1
-0.117201,-0.648478,1
1.807205,-1.790788,1
-0.206702,0.240696,1
1.039884,0.352118,1
1.857316,-1.483243,1
1.564878,0.028216,1
0.097070,-0.840402,1
1.706482,0.661678,1
1.728936,0.806646,1
0.208272,0.052337,1
0.377591,-1.285040,1
-0.277742,-0.822532,1
0.723292,-0.816311,1
0.344537,-0.253351,1
1.010779,0.078695,1
0.792833,0.867276,1
1.069896,-0.888645,1
1.010910,0.365283,1
-0.198387,-0.502473,1
1.136407,-0.658118,1
1.265545,0.127456,1
1.575740,0.306038,1
1.912493,-0.322068,1
2.325735,0.208791,1
1.027851,-1.664527,1
0.857178,0.389865,1
0.145336,0.264073,1
1.200254,-1.501194,1
0.179227,-0.232809,1
-0.190122,1.252377,1
1.165304,-0.145468,1
0.589669,0.645219,1
0.329447,-0.703486,1
1.143957,0.854654,1
-0.075779,0.197601,1
1.575159,0.309196,1
2.428725,0.002011,1
0.975393,0.504684,1
1.231776,-0.450367,1
1.294859,0.287728,1
2.021418,0.627936,1
1.760496,-0.787783,1
1.518154,0.381486,1
1.598568,-0.594263,1
1.346115,0.025850,1
-0.138979,0.428943,1
0.343342,0.440191,1
1.471167,-1.000497,1
1.147172,0.590697,1
1.287860,-1.355687,1
0.610736,-0.252196,1
1.185076,0.445437,1
2.773693,-1.145741,1
1.179339,-1.862054,1
0.589171,-0.029957,1
0.905298,-0.053589,1
1.225326,-1.263023,1
2.182470,0.480190,1
1.332080,-0.143191,1
0.471898,-0.022686,1
-0.434726,0.168852,1
0.988831,-1.167219,1
1.214849,-0.934862,1
3.026553,0.554487,1
1.781590,-0.001257,1
0.940149,0.374561,1
0.288471,0.954591,1
1.515563,-0.204167,1
1.384746,-0.416716,1
-0.462168,0.502348,1
0.604518,0.028766,1
1.187451,-0.435188,1
1.081597,-0.659429,1
0.753567,-0.450542,1
0.932879,0.762701,1
0.490419,-0.309421,1
0.953491,-0.137816,1
0.662841,-0.612254,1
0.400958,-1.883856,1
0.645406,-0.512153,1
1.261408,-0.792823,1
1.270013,-0.578933,1
1.818041,-1.467664,1
0.872673,-1.103909,1
0.721377,-0.519993,1
0.078611,0.029170,1
0.617593,0.425206,1
1.740965,-0.110800,1
1.181673,-1.552171,1
1.471905,-0.711386,1
0.461608,0.697107,1
1.273716,0.005841,1
0.380146,-0.478247,1
1.705732,0.416668,1
1.791567,0.554585,1
-0.298471,1.118499,1
0.288689,0.077784,1
0.544798,0.645988,1
-1.353741,0.177645,1
1.380974,0.829360,1
1.214735,-0.675312,1
1.632938,0.327868,1
1.743550,-0.406591,1
-0.339778,-0.452018,1
1.198335,0.302235,1
1.376884,0.043902,1
1.609143,-0.222381,1
0.369079,-0.804484,1
2.156749,0.180131,1
1.197575,-0.176213,1
1.267528,0.446967,1
0.379300,-0.128063,1
-0.336819,-0.540805,1
-0.142919,0.299647,1
0.584666,-0.077410,1
0.937020,-0.151949,1
1.957041,1.257452,1
1.343503,-0.068241,1
1.394044,0.274227,1
1.448755,-0.508926,1
0.900626,-1.956605,1
1.742076,1.275119,1
0.716304,1.299250,1
0.242943,0.673385,1
1.275641,0.032913,1
0.925767,0.091706,1
1.464099,0.326479,1
1.386109,-0.845810,1
0.477866,-0.619471,1
0.078558,-1.124501,1
3.201523,1.372055,1
1.595096,-0.238104,1
1.845528,-0.101880,1
0.707373,-0.276285,1
-0.021862,1.238051,1
0.888147,-0.556288,1
-0.947021,1.005593,1
0.965965,-0.341091,1
0.669119,1.239181,1
0.663347,-0.361844,1
1.097793,0.090348,1
1.612852,-0.494721,1
0.373757,0.795116,1
1.365900,0.376222,1
0.282393,0.863656,1
0.503685,-0.541867,1
-0.084404,-0.687297,1
0.834870,-0.232710,1
0.772774,-0.455285,1
0.078589,-0.160207,1
0.943114,0.248761,1
-0.023470,1.143068,1
0.147027,-0.394642,1
0.238466,-0.127948,1
1.086835,-1.221112,1
0.947289,-0.229196,1
-0.557151,0.847880,1
1.299500,1.399766,1
0.909365,0.940177,1
-1.487893,1.148586,1
0.633249,-1.227056,1
1.798238,1.188923,1
0.676754,0.232257,1
1.545555,0.453317,1
0.773412,-0.902495,1
-0.589720,1.432462,1
1.970614,0.452037,1
1.089719,0.507062,1
1.029121,0.828224,1
1.237677,-0.688434,1
1.343277,-0.666251,1
0.510982,-0.148472,1
2.163152,0.118093,1
0.995322,-1.307568,1
1.094181,0.219718,1
0.269715,0.582713,1
-0.100338,-1.649692,1
2.168273,0.843569,1
1.491486,0.136173,1
1.373739,-0.452362,1
0.699655,0.367489,1
0.286716,0.347295,1
0.350967,-0.218517,1
1.397705,0.868166,1
0.843223,0.421025,1
1.757906,-0.484658,1
0.465157,-0.715376,1
1.859229,-0.776272,1
-0.286803,1.262111,1
1.179749,-0.510822,1
2.154933,0.244261,1
0.608776,1.200671,1
1.823924,0.211204,1
1.963849,-0.196709,1
0.760438,0.375847,1
1.734118,-1.033610,1
0.220334,1.118912,1
0.740986,0.042976,1
0.614976,0.025247,1
-0.052661,0.199153,1
0.381864,-0.041061,1
2.435324,0.370817,1
2.610303,-0.160870,1
-0.303946,1.331952,1
1.723559,-0.225293,1
0.654456,0.484664,1
0.662285,-0.285108,1
0.733959,0.425339,1
-1.148611,0.477298,1
1.501099,0.780469,1
2.479024,-0.960070,1
0.516387,0.473813,1
1.319715,0.582515,1
1.149437,-0.159307,1
1.802527,-0.254380,1
1.575537,-0.083063,1
1.221380,0.285917,1
1.280334,-0.772573,1
-0.869513,-0.801467,1
1.587836,-0.145106,1
0.786707,0.126467,1
1.224542,-0.167991,1
-0.978561,0.163401,1
1.395055,0.357850,1
2.195430,-1.026600,1
2.767236,0.067392,1
1.607645,0.495372,1
-0.314472,-0.004842,1
1.478223,0.049403,1
1.358828,-0.211440,1
0.254488,-0.819514,1
1.554770,-1.467643,1
0.676985,0.064406,1
0.230545,0.463168,1
-0.383200,0.302860,1
0.878501,0.934014,1
1.265804,-0.397393,1
2.057296,-0.624610,1
1.177237,0.834391,1
0.465454,0.183169,1
1.359030,0.403781,1
1.377572,1.445812,1
0.883859,-0.841435,1
0.901729,-0.368741,1
0.488957,-0.007471,1
-0.411868,0.044634,1
1.766563,-0.040582,1
0.113677,-1.099282,1
1.220914,0.212101,1
1.497707,-1.436120,1
1.860359,-0.732929,1
0.973852,1.652842,1
0.301598,-0.775483,1
1.637439,-0.715047,1
0.478392,0.178961,1
-0.332197,-0.049472,1
1.702749,-1.120062,1
0.802541,-0.246567,1
2.308706,-0.130208,1
-1.172589,0.415133,1
-0.700534,0.418135,1
0.903963,0.166384,1
0.655312,-1.355650,1
-0.985013,-0.337669,1
1.096987,-0.652518,1
3.633901,-0.704464,1
0.685994,0.213731,1
2.116419,-0.076083,1
0.595195,-1.233349,1
1.003230,0.128469,1
3.295207,-1.275506,1
2.259629,-0.187653,1
2.027502,-0.259309,1
0.037050,0.054338,1
2.426066,-0.493498,1
1.964473,0.457375,1
0.859526,0.992798,1
0.445984,0.943189,1
-0.578666,-0.244438,1
0.057200,0.411181,1
1.144060,1.010705,1
0.902384,0.898331,1
0.517282,-0.673397,1
1.882644,0.608517,1
1.219143,-1.675935,1
0.830312,-0.254615,1
1.429882,-0.844617,1
2.164226,0.795937,1
0.790440,0.021594,1
0.112786,-1.548011,1
0.852525,0.450774,1
1.178588,0.038887,1
1.504310,-0.451655,1
1.490440,-0.981369,1
1.029449,0.017123,1
1.617601,0.335824,1
0.131818,0.575982,1
-0.444310,-1.118709,1
0.396556,-0.600325,1
0.848994,-0.127683,1
0.948644,-0.127385,1
0.456230,0.444660,1
-0.394480,-0.875648,1
1.274813,0.892321,1
1.648144,0.562917,1
2.954893,-0.344252,1
0.914232,-0.071289,1
1.768404,-0.399071,1
1.433021,-1.202960,1
1.036205,0.049240,1
0.304510,0.863524,1
1.206888,-0.340819,1
0.532334,0.535660,1
1.659426,1.743580,1
1.776216,0.294077,1
0.794775,0.598935,1
1.381424,-0.022732,1
1.044067,-0.283064,1
1.988614,-0.783906,1
0.804248,0.852298,1
0.932353,-0.081440,1
0.775900,0.059609,1
1.425887,-0.891099,1
1.054665,0.004146,1
0.852287,0.262503,1
1.395112,-0.197084,1
0.963191,-0.819860,1
0.671336,-0.001571,1
1.183043,0.487250,1
1.993980,-0.298386,1
0.853493,-0.739732,1
1.746081,-0.594081,1
0.502949,0.829062,1
2.531729,1.290312,1
1.159968,0.485282,1
-0.609880,-1.408246,1
1.951080,-1.918046,1
1.677411,0.344874,1
1.052299,0.734572,1
3.698591,0.852577,1
0.942015,-0.323239,1
0.450378,0.520283,1
-0.222329,2.277019,1
2.719260,0.842040,1
0.782645,0.108466,1
1.452284,0.434402,1
0.472624,-1.145025,1
0.895868,1.226333,1
2.252349,-0.478180,1
1.137172,1.390465,1
1.175063,1.569022,1
2.094623,-0.645883,1
0.503649,0.629740,1
1.415928,-0.632376,1
0.240290,-0.309687,1
0.632943,-1.615565,1
0.847579,-0.746750,1
0.917748,0.596709,1
-0.076086,-0.009561,1
0.400583,1.600922,1
1.353444,-0.104795,1
-0.171444,0.369598,1
0.536763,0.373148,1
1.463048,0.408659,1
0.515629,0.017807,1
0.796944,1.077384,1
1.289109,-0.763052,1
1.860799,0.581062,1
1.264031,-1.051243,1
1.360308,-0.485814,1
-0.396925,0.857215,1
-0.728582,-1.045137,1
0.883047,-0.601603,1
0.580551,-0.116387,1
1.382524,0.219663,1
-0.276812,-0.075136,1
0.937888,-1.538355,1
1.005126,-0.238062,1
1.822923,0.863670,1
0.655601,-0.883819,1
0.439044,0.448170,1
1.491306,0.331589,1
0.929915,0.927785,1
1.055873,-1.094730,1
1.347032,0.041528,1
0.041504,-0.276359,1
0.772061,-0.176223,1
1.842376,-0.692035,1
0.241056,0.235639,1
1.245450,-0.659372,1
-0.441778,0.066925,1
-0.965384,-0.508977,1
1.638655,-0.052340,1
0.647413,-0.865061,1
1.148952,-0.044289,1
1.845606,-0.534555,1
0.877609,-0.864311,1
2.437464,0.434281,1
2.305542,-0.154429,1
0.437572,0.604287,1
0.953411,0.522676,1
1.158839,0.251271,1
0.454781,-0.743944,1
1.380214,-0.555865,1
-0.147289,-1.118128,1
-0.223179,0.174909,1
1.478605,0.185336,1
0.612804,1.562419,1
0.063459,-0.001274,1
0.999968,-0.163683,1
0.452880,-0.337909,1
0.988993,0.831021,1
1.232160,0.405842,1
0.009854,0.430595,1
0.308608,-0.538379,1
1.605335,-0.598330,1
0.784870,0.831439,1
1.354810,-0.202139,1
0.258312,0.068650,1
2.154113,1.596760,1
1.227986,-1.124711,1
1.708155,0.683142,1
1.322760,0.967521,1
0.483421,-1.094361,1
-0.265088,0.846760,1
1.896180,0.265345,1
1.463310,-1.039973,1
0.910443,0.349969,1
0.640858,-1.208075,1
1.280605,0.337438,1
0.786159,0.516855,1
0.291073,1.561964,1
0.799729,0.031118,1
2.333409,-0.664705,1
1.531675,-1.278420,1
1.366593,0.665801,1
1.569509,-0.344103,1
0.491582,-1.252641,1
1.020822,0.197542,1
1.697988,-0.131358,1
1.222074,0.602022,1
1.127461,0.072658,1
1.445000,0.394363,1
0.511104,0.803433,1
1.583177,-0.531670,1
1.296500,0.452636,1
-0.081062,-0.335230,1
1.024999,0.291465,1
1.594567,0.763999,1
0.629291,-0.692731,1
2.366277,0.867334,1
0.451330,-1.613032,1
2.082543,-0.591343,1
3.322220,0.406511,1
-0.448400,-0.723032,1
0.637744,-0.371978,1
0.149137,0.045635,1
2.213692,0.923011,1
0.810658,-1.206271,1
-0.234452,0.413049,1
2.350732,0.260016,1
1.347139,2.590394,1
-0.099771,-1.408724,1
1.544553,0.908845,1
1.433446,-0.889487,1
1.110356,-0.134903,1
0.826432,0.947607,1
0.517734,0.128365,1
0.310725,0.066370,1
2.008046,-0.513675,1
1.329147,-0.654112,1
0.007441,0.162506,1
0.810704,-0.989509,1
1.522093,-2.023935,1
1.359030,0.481588,1
0.709671,0.142222,1
1.620120,0.943917,1
0.256173,-0.556171,1
1.812310,0.394341,1
2.532611,-0.376920,1
1.646932,-0.554935,1
0.713542,0.244024,1
1.037020,1.644612,1
1.720531,0.977287,1
0.946577,-0.436823,1
0.687843,-0.635122,1
1.192901,0.097949,1
1.796426,-1.140736,1
0.572263,0.463896,1
0.515207,0.158931,1
1.664046,0.648575,1
2.328955,-0.133930,1
2.039264,0.530806,1
1.197947,0.153722,1
0.175362,-1.124577,1
1.169875,0.846174,1
-0.468940,-0.782146,1
1.020839,-0.887488,1
2.358851,-0.321748,1
0.964362,-1.419983,1
-0.061342,-0.336964,1
0.904870,0.893707,1
0.751562,1.158870,1
1.240079,-0.618660,1
2.191949,-0.592386,1
0.836296,-0.092787,1
1.395272,-0.806788,1
1.850195,-0.243442,1
1.407381,0.412843,1
2.058687,-1.278754,1
2.463942,-0.776030,1
-0.231205,0.386609,1
0.614496,-1.008415,1
0.968957,0.849415,1
1.139969,0.523139,1
1.783970,-1.624609,1
0.547547,0.399681,1
0.497277,-0.152895,1
0.742174,0.227156,1
1.638774,1.315993,1
1.397060,-0.044720,1
1.487485,0.092292,1
0.996362,-0.604785,1
1.299181,0.459555,1
2.523365,-1.166615,1
-0.351526,-0.488766,1
1.519538,0.224315,1
0.561770,-0.194909,1
0.273650,1.124127,1
1.358148,-0.250884,1
0.789548,0.771349,1
0.587487,-0.035415,1
2.087720,-0.566778,1
0.881082,0.209761,1
1.737004,0.482626,1
2.008403,-0.777154,1
0.601904,0.497089,1
1.638945,-0.014966,1
1.074864,0.830634,1
0.685682,-0.051855,1
1.757204,-0.891855,1
0.733327,-0.127139,1
1.534489,0.271475,1
0.602494,-0.971419,1
0.866042,0.205627,1
0.485611,1.274300,1
0.281494,-0.156931,1
0.171448,1.157807,1
-0.204936,-0.871363,1
0.724759,1.240798,1
0.784892,1.212479,1
1.085050,-1.149545,1
0.283782,-1.956852,1
1.684193,0.537311,1
1.463151,-0.265861,1
1.103715,-0.807511,1
1.359424,-0.578993,1
-0.195684,-0.437696,1
0.917274,1.363818,1
2.030987,-0.023980,1
2.035124,-0.478807,1
1.018751,-0.019384,1
-0.188601,0.087771,1
1.877946,0.706061,1
1.094643,1.447152,1
1.505361,0.058486,1
1.610953,-0.603136,1
0.712044,-0.217071,1
0.052024,0.797508,1
1.091678,0.390355,1
1.935382,0.223648,1
2.055004,0.751985,1
0.408085,0.415085,1
1.159611,0.863381,1
1.323201,-0.087055,1
0.999546,-0.300532,1
2.127591,-1.039014,1
1.684932,0.112290,1
2.229862,0.184619,1
1.557893,0.369737,1
0.167594,0.340513,1
1.247312,0.667910,1
1.648841,0.283412,1
-0.334378,-1.396097,1
0.601609,0.471754,1
0.773862,-0.141343,1
0.571948,1.274385,1
0.424674,-0.824268,1
1.539039,-0.217874,1
1.368794,-0.201939,1
2.758587,0.516391,1
1.877872,0.134488,1
1.618822,2.450986,1
0.164809,2.342230,1
1.558618,1.329527,1
1.776365,-0.687399,1
1.102237,0.159663,1
1.586433,0.917582,1
-0.789851,0.983799,1
0.156858,-0.234682,1
0.924940,0.441382,1
0.948692,-1.117493,1
0.995856,-0.503551,1
1.568966,-0.817100,1
1.402416,0.543164,1
1.639529,0.315605,1
1.627424,-1.128663,1
1.882161,-1.623341,1
0.953470,0.027571,1
0.634563,-1.842553,1
-0.121761,-2.233744,1
-0.069040,-1.210204,1
-0.417515,0.043262,1
2.415714,-0.300370,1
2.623320,-1.356996,1
-0.400988,1.112202,1
0.695535,-0.630845,1
0.113186,-0.059467,1
1.487966,-0.717665,1
1.011862,0.149453,1
1.685366,-0.527488,1
0.132034,-0.532414,1
1.395821,0.030343,1
0.841962,0.752999,1
0.372022,0.284911,1
1.267635,0.675031,1
0.738250,-0.628524,1
2.318113,1.035149,1
0.657014,-0.821092,1
0.122002,-0.835602,1
1.017994,0.538649,1
1.543467,0.805364,1
1.140763,0.332876,1
0.008360,-0.790269,1
1.100598,0.284659,1
1.549645,0.025248,1
2.255311,-0.833289,1
2.421911,0.370486,1
0.371337,-1.244169,1
1.178697,-1.267783,1
0.528450,-1.317471,1
1.402918,0.438185,1
-0.221503,0.288012,1
0.113612,0.359748,1
1.353707,-0.991439,1
0.703011,-0.296991,1
0.712042,0.389090,1
1.062022,-1.317740,1
0.050406,0.520987,1
0.619863,0.802931,1
0.354794,-0.614601,1
0.889275,-0.378638,1
0.624798,0.776696,1
-1.255585,-1.600661,1
2.567452,-1.146528,1
-0.019897,0.079405,1
1.358702,-0.611895,1
0.486397,0.299126,1
1.089000,-0.203349,1
1.195135,0.108996,1
0.732889,-1.539820,1
-0.705453,0.231791,1
0.881783,-0.230905,1
0.299435,-0.962371,1
0.505927,0.865586,1
0.833771,0.793462,1
0.878758,1.406940,1
2.540088,0.360053,1
1.530691,0.192145,1
0.136435,0.374174,1
0.750798,1.387516,1
0.005800,-0.307033,1
0.485725,-1.714444,1
1.224336,-0.791596,1
1.748031,-0.205960,1
0.976760,0.301970,1
0.586250,1.310894,1
-1.013430,-0.322570,1
1.348017,0.187279,1
2.150631,-0.270741,1
0.930817,-0.784370,1
2.365565,-0.613587,1
0.822680,0.310203,1
1.099108,0.836858,1
0.292925,0.670103,1
0.951619,-0.712027,1
-0.308716,0.806566,1
0.413342,-0.428783,1
0.913145,0.967633,1
1.972019,-0.367225,1
2.954847,-0.419385,1
0.998700,0.498549,1
1.249516,0.080894,1
3.621698,0.209438,1
0.287271,-0.921053,1
1.499277,0.593475,1
1.221535,0.779536,1
1.716694,-0.124767,1
1.525429,0.767379,1
0.495909,0.703829,1
0.701402,-0.242744,1
0.464368,-0.007137,1
2.048606,-0.714594,1
0.659925,0.492354,1
1.273941,0.955816,1
1.276757,0.093549,1
1.711111,-0.874616,1
0.534574,1.870466,1
2.140172,1.024961,1
1.585804,0.231583,1
0.540810,-0.828780,1
1.711168,-1.028135,1
0.317130,0.109424,1
0.641433,0.230198,1
0.649304,-0.004883,1
2.181630,-0.044631,1
2.014423,1.494536,1
2.376407,0.990564,1
0.635002,-0.050637,1
0.941214,1.789462,1
1.572375,0.651110,1
0.984382,-0.036925,1
1.129841,-0.761563,1
1.315149,1.035527,1
2.045076,-0.403448,1
0.751153,1.229506,1
2.269811,-0.251334,1
0.835958,-0.418085,1
0.783229,0.209539,1
1.518976,1.357787,1
-0.155384,-0.812240,1
1.447734,-0.184976,1
2.178307,-0.839244,1
1.099409,0.287694,1
1.413459,0.449295,1
0.644697,-0.076238,1
1.316781,0.794967,1
-0.575299,-0.404299,1
1.796162,-1.520005,1
0.898349,-0.161033,1
0.981506,-0.109413,1
1.344124,0.083844,1
1.551705,0.497738,1
3.490687,-0.083637,1
-0.637655,-1.537352,1
0.874301,0.323985,1
2.410620,0.554932,1
1.364868,1.960648,1
0.257486,-0.236313,1
-0.165310,-0.080618,1
0.610800,-0.738652,1
1.869107,-0.371538,1
0.889673,0.235251,1
1.249697,-0.587945,1
1.363567,-0.245295,1
-0.466337,0.883313,1
0.671782,-0.541106,1
-0.502462,0.085929,1
1.490871,0.553394,1
1.208683,0.355122,1
0.892627,0.999589,1
0.809082,-0.804000,1
1.551383,-0.320164,1
1.029812,0.459240,1
0.697951,0.010995,1
1.152887,0.113891,1
1.652741,1.667800,1
1.668992,0.837184,1
1.358285,-0.801155,1
2.296568,1.243032,1
2.324708,-0.045136,1
0.337443,-0.424885,1
0.798638,0.518520,1
-0.262337,0.433133,1
0.577979,-0.107128,1
-0.026258,0.065241,1
-0.538143,0.882282,1
1.278266,1.392257,1
0.776673,0.659514,1
0.313218,0.712048,1
0.896063,0.559910,1
0.979170,-1.186901,1
1.838635,-0.110249,1
0.419380,-1.421908,1
0.524892,1.157486,1
2.112081,0.217841,1
0.524084,-0.630860,1
0.585689,0.386774,1
2.371421,0.729899,1
1.713929,-1.998550,1
1.980553,0.428695,1
1.040919,-1.040441,1
1.887131,0.109282,1
2.096656,0.708839,1
1.129950,-0.081337,1
2.194074,0.225399,1
1.143155,0.206575,1
0.259982,0.040141,1
0.614027,0.813644,1
1.402278,0.844543,1
0.594739,-0.143402,1
0.975797,0.224520,1
0.822263,0.095875,1
1.946179,-0.206815,1
2.011369,0.355637,1
0.213703,-0.388241,1
-0.046044,0.093149,1
1.689610,-1.105290,1
1.276937,-1.233372,1
-0.078900,0.502835,1
1.066719,0.100047,1
2.405065,1.600578,1
0.885802,0.336919,1
1.852283,-1.523553,1
2.528943,0.500064,1
0.894377,-0.440524,1
0.459468,0.684881,1
0.657147,-0.556296,1
0.452046,-0.355739,1
1.150926,-0.421523,1
0.829838,-0.831474,1
0.595322,-0.738464,1
1.566997,-0.290440,1
0.683460,-0.165814,1
0.053568,0.874562,1
1.008495,0.161100,1
2.028613,0.316602,1
1.285444,-0.564168,1
0.517919,-0.390726,1
1.018950,-1.342575,1
1.495062,-1.616871,1
1.441160,0.233708,1
0.614429,-1.056061,1
1.416599,0.039972,1
0.157215,-1.549352,1
0.182202,-0.438454,1
1.169981,-1.533172,1
1.844535,0.488486,1
0.504798,0.303029,1
0.520667,-0.524740,1
1.797242,-0.657278,1
1.274106,-0.103393,1
0.616790,-0.015825,1
1.387073,0.794310,1
0.811541,0.480965,1
2.808636,-0.372809,1
1.531880,0.085861,1
-0.280689,1.423106,1
0.976538,1.506007,1
1.118841,-1.600562,1
0.451180,-1.188617,1
1.979027,-0.184750,1
-0.062341,-0.722635,1
1.898848,-1.223560,1
0.593980,0.357309,1
2.309357,-0.977622,1
1.406768,0.204648,1
0.863982,0.434216,1
0.869801,-0.355320,1
1.928503,0.301971,1
1.206953,0.550763,1
1.189701,0.124658,1
0.625237,0.316280,1
1.167277,1.248242,1
2.489940,0.185993,1
1.086561,-0.532735,1
1.984278,0.339397,1
2.184259,0.334364,1
2.305495,-0.116372,1
1.311040,0.415095,1
0.665786,-0.741828,1
0.530588,0.382159,1
1.717621,1.057451,1
1.883914,0.443410,1
0.634469,-0.442801,1
1.768987,-0.132480,1
1.170835,0.321606,1
0.205760,0.710721,1
1.782671,1.475558,1
0.157374,0.090918,1
-0.163178,0.717648,1
2.219866,0.272318,1
0.098964,-0.805816,1
1.537165,-0.079619,1
1.066475,-0.346498,1
0.600510,0.180151,1
0.511184,0.311272,1
0.756937,-0.271247,1
0.711277,0.013417,1
0.538315,0.674883,1
-0.091368,1.094490,1
0.889199,-0.732171,1
0.199954,-0.417903,1
0.162453,-0.549873,1
1.563200,0.494336,1
0.963076,0.116599,1
-0.479843,-0.770756,1
1.144685,1.401578,1
-0.296875,-0.257882,1
-0.443997,0.160084,1
0.859985,0.283409,1
1.623007,1.527203,1
1.572565,0.760532,1
1.745961,0.284787,1
1.057916,-0.918401,1
0.753351,0.812072,1
0.348266,1.175196,1
0.314986,0.501284,1
0.337818,-0.455921,1
1.780295,0.363300,1
2.652703,-0.507457,1
0.747882,-0.327194,1
1.772236,1.208731,1
1.058646,-1.156290,1
1.778015,1.226888,1
0.847428,0.379946,1
1.280259,-0.582871,1
1.063763,-0.200848,1
-0.026114,0.244160,1
1.098857,0.673637,1
0.978305,1.234302,1
0.828778,1.314478,1
2.274161,-0.387905,1
1.378060,-0.687080,1
-0.047886,1.301239,1
0.721987,1.478053,1
1.790156,0.522489,1
2.169241,0.246199,1
1.559242,-0.931891,1
0.802143,-0.383783,1
1.083522,-0.632186,1
2.155118,-0.527396,1
1.515013,1.274425,1
1.171004,-1.682767,1
0.601411,-0.363330,1
0.763767,0.221511,1
0.059970,1.520107,1
0.419295,0.173747,1
1.116820,1.446425,1
1.306928,-0.647416,1
0.618937,-0.473101,1
0.783764,-0.747268,1
1.633273,0.416252,1
1.618952,0.925342,1
1.586990,0.576045,1
1.115216,-0.630576,1
-0.246650,-0.460731,1
0.427309,-0.042544,1
2.157450,0.569443,1
1.194932,-0.775586,1
1.330896,-0.564896,1
1.258695,-0.224456,1
1.065077,1.753771,1
1.603316,0.419059,1
1.906005,1.445888,1
1.740213,1.187939,1
0.009149,0.374200,1
0.314581,0.662983,1
0.305958,-0.125850,1
1.143076,-0.656170,1
1.877141,0.617810,1
1.848181,0.081448,1
0.764547,-1.127427,1
0.397571,-0.010766,1
0.468221,-1.860728,1
1.018916,0.112318,1
0.821335,0.130663,1
1.319489,1.005970,1
-0.213358,0.575301,1
1.706360,0.186294,1
-0.041581,1.286367,1
0.773295,0.149736,1
-0.220711,0.447939,1
0.344964,0.168895,1
0.638462,-0.529866,1
0.460898,-0.062297,1
0.778183,-0.162686,1
2.004193,-0.646420,1
0.902569,-0.586123,1
0.378415,-0.272675,1
1.220924,-0.119986,1
1.163587,0.573649,1
1.052187,0.810154,1
0.965696,-0.764204,1
0.188515,-0.733358,1
0.027668,-0.484903,1
1.043380,0.658192,1
1.354696,-0.222471,1
2.512216,-0.451422,1
1.965183,0.706272,1
0.195154,0.747697,1
1.699949,-0.114443,1
0.963887,-0.272843,1
1.670646,-0.063391,1
1.686802,0.608267,1
1.405171,0.223573,1
1.403936,-1.464646,1
1.214164,-2.097677,1
1.568046,2.086560,1
0.485793,0.212015,1
0.451932,0.702166,1
0.923740,0.334793,1
1.209627,-0.818078,1
-0.724235,0.148889,1
1.256216,-0.177644,1
1.392654,0.672703,1
0.584843,0.002822,1
1.604326,0.737604,1
0.843649,-0.881517,1
0.346037,0.176641,1
1.871878,-0.864377,1
-0.002462,0.686940,1
1.037732,-0.599446,1
1.331731,-0.114441,1
-0.032987,0.034766,1
1.313914,0.514553,1
0.295015,1.102311,1
1.071090,-0.747464,1
1.720856,0.367689,1
1.163708,0.490883,1
1.003938,0.294889,1
1.097891,1.005418,1
0.095420,-0.787757,1
0.814604,1.028891,1
0.519400,-1.022362,1
1.200686,0.000432,1
0.146454,0.531917,1
-1.112084,-0.649213,1
1.199606,-0.756428,1
3.178459,-0.859713,1
1.407942,-0.452795,1
0.643530,-1.663274,1
1.279639,-0.177749,1
0.065927,0.848927,1
1.987310,-1.247219,1
0.949088,0.246444,1
0.226830,-0.085543,1
-0.503520,-0.894766,1
0.949662,-0.322925,1
1.061075,-0.355874,1
1.532701,0.102473,1
0.867547,1.253435,1
1.290197,-1.515165,1
1.410073,0.608070,1
0.331124,-0.989487,1
0.585927,0.110595,1
0.428635,-0.481750,1
1.105170,1.076560,1
0.931243,-0.257663,1
0.330212,0.321371,1
1.739724,0.153633,1
1.507249,-0.057547,1
0.739727,0.998087,1
0.773247,0.105520,1
0.710693,1.670011,1
-0.795767,0.272533,1
0.495942,0.199608,1
1.343022,-0.352176,1
0.970389,-0.691895,1
0.854934,-0.629700,1
-0.201748,0.836035,1
0.784060,-0.243582,1
-0.091317,0.034448,1
-0.060011,-0.490784,1
1.160413,-0.419376,1
0.902105,-1.363176,1
0.388862,0.008410,1
0.388080,-1.210597,1
0.562813,1.349381,1
0.063762,-0.380917,1
0.554220,0.399286,1
2.060833,-0.452006,1
0.986435,-0.528964,1
1.058042,0.010154,1
1.765172,-0.382801,1
-0.196922,0.686753,1
1.683028,-0.120349,1
0.593161,0.803291,1
2.079062,-0.126060,1
1.085006,-0.655478,1
-2.121986,-0.084555,0
-0.440529,0.426191,0
-1.815692,1.141201,0
-1.159086,0.339871,0
-0.949799,0.816712,0
-1.320993,-0.200090,0
0.082015,0.056025,0
-2.305631,1.015893,0
0.539261,-1.657740,0
0.256809,-1.639273,0
-0.599755,0.423796,0
-1.931890,0.321287,0
0.217904,0.549452,0
-1.700732,0.134638,0
-1.309775,0.584363,0
-1.805624,-0.277641,0
-1.685340,0.596021,0
-0.344155,-0.276843,0
-0.116701,0.286269,0
-1.525187,0.454335,0
-1.789244,-0.359880,0
-2.677789,0.319281,0
-1.115136,-0.201491,0
-2.063312,-0.004740,0
-0.394797,-0.757054,0
-1.178883,0.203678,0
-2.156681,0.648430,0
-1.618037,-1.134887,0
-1.067113,0.521202,0
-2.127361,-1.014022,0
0.477899,-0.008067,0
-0.926186,1.395200,0
-2.220175,0.792243,0
-1.011123,-1.551273,0
-2.207743,-1.578000,0
-2.271433,-0.244548,0
-0.918962,-0.079087,0
0.189821,0.937796,0
-0.225683,-1.218180,0
0.399975,-0.001659,0
-0.364217,-0.364066,0
-1.244133,0.302607,0
-0.610753,0.794520,0
-1.314986,-0.469314,0
-1.541988,0.116822,0
-0.024265,0.818602,0
-2.720489,-0.504498,0
-0.303711,-0.116866,0
-0.029477,-0.635983,0
-0.285499,-1.119304,0
-1.715280,-0.832042,0
-0.792065,0.113924,0
-0.972285,-0.051097,0
-1.639109,0.558407,0
-0.952951,0.658705,0
-0.831724,-1.388769,0
-1.129404,0.284228,0
-0.410262,-0.404375,0
-0.439844,0.654003,0
-0.638738,-0.066640,0
0.861012,-0.133820,0
-0.147382,0.321464,0
-0.587607,-1.314713,0
-0.884465,-0.303832,0
-0.352394,0.618548,0
-2.045895,-0.176641,0
-0.660726,1.394804,0
-0.588453,1.294023,0
-0.489701,-0.751820,0
-1.178911,0.545069,0
-0.420923,0.383840,0
-1.712691,-0.090292,0
-1.229413,-0.199921,0
-0.639640,0.715088,0
-1.493657,-0.412376,0
-1.348193,-1.164063,0
-1.969831,0.828795,0
-1.254927,2.132524,0
-0.250768,-0.602408,0
0.588814,0.576435,0
-0.731970,-1.294356,0
-0.938703,0.616212,0
-1.734209,-0.136463,0
-0.238763,-0.408548,0
-1.221919,-0.146276,0
-0.164753,1.415628,0
-1.176902,-0.186839,0
-1.783164,-1.398801,0
-1.096394,-0.171183,0
-1.551990,0.824404,0
-1.732384,1.302992,0
-1.599024,-0.437711,0
-0.016304,-0.182361,0
-0.246187,-0.640852,0
-0.256112,0.357915,0
-1.684341,-1.501688,0
-0.469106,0.461676,0
-2.425738,0.107361,0
-1.629480,-0.083116,0
-1.155660,1.149243,0
0.112001,0.717944,0
-2.466551,1.446900,0
-1.927702,-0.874056,0
-0.462324,0.049267,0
0.058557,0.885982,0
-0.410248,-1.103060,0
0.381257,-1.477403,0
0.275537,-1.379974,0
-1.058217,-0.226232,0
-0.989017,1.073423,0
-1.281850,-0.466947,0
-0.171563,1.203039,0
-0.335285,-0.365673,0
-1.656065,1.760751,0
-1.910112,-1.390395,0
0.295155,-0.066884,0
-0.507103,0.090436,0
-0.407022,-0.333935,0
-0.775502,-0.908636,0
0.259010,-0.346467,0
-1.524205,-0.771303,0
-1.989741,0.545222,0
-0.065554,0.960303,0
-1.342609,-2.008988,0
-0.950983,0.295319,0
-2.989040,-1.006874,0
-3.470701,0.140348,0
-1.125855,-0.755647,0
-1.015296,1.684301,0
0.270323,0.203260,0
-1.040141,-0.020416,0
-0.064022,0.895802,0
-0.241334,-0.447938,0
-0.920374,-0.197405,0
-1.331894,0.714743,0
0.465479,-0.648109,0
-1.736620,1.447843,0
-1.318580,0.488178,0
-1.820361,0.209048,0
-0.360600,1.245216,0
-1.444134,-0.592792,0
-0.726268,0.540505,0
-0.283912,0.623696,0
-0.495042,1.241588,0
-1.650699,0.569000,0
-1.828541,-0.435417,0
-1.711570,-0.666111,0
-1.302224,-0.398604,0
-2.140102,-1.118684,0
0.119448,-0.009117,0
-1.579735,-0.749851,0
-2.069238,0.139233,0
-0.361967,0.061620,0
-0.644066,0.499348,0
-0.233722,-0.484173,0
-1.659027,0.114656,0
-1.146906,1.210449,0
-0.555548,-0.563779,0
-0.257880,1.164504,0
-1.782189,-0.576467,0
-1.718811,-0.160262,0
-0.799007,0.295301,0
-0.252976,-0.316098,0
-1.737682,0.843763,0
-0.994975,0.000981,0
-1.013255,-0.170145,0
0.044974,0.506604,0
-0.506742,1.627382,0
1.066175,-1.257091,0
-1.650114,0.876239,0
-0.694277,-0.089143,0
0.143754,1.529738,0
-0.231357,-0.038184,0
-0.500873,0.451837,0
-0.630545,0.246247,0
-1.107933,1.106697,0
-0.918546,-0.441386,0
-1.425498,-0.119786,0
-1.085574,-1.641403,0
-0.398367,0.390024,0
-2.730264,-1.984622,0
-2.025392,-1.291787,0
-0.237527,-0.371665,0
-1.909194,-0.435177,0
-1.871417,0.812637,0
-0.966917,0.065249,0
-1.127520,-1.286553,0
-1.634946,1.245092,0
-1.018252,0.899872,0
-0.719766,-0.367473,0
-1.824966,-0.382783,0
-1.531757,0.687190,0
-0.918722,1.364289,0
-1.558576,0.494712,0
-0.990654,0.903964,0
-2.379236,0.956537,0
-1.054521,0.348210,0
-0.643173,0.658971,0
-1.497893,-0.074710,0
-0.352337,0.402950,0
-1.862695,-0.698995,0
-0.858715,-0.336247,0
-0.150307,0.776943,0
-1.812356,-0.688845,0
-0.615112,0.029268,0
-1.069779,0.395444,0
0.608104,0.072282,0
-2.195798,-0.061887,0
-0.562392,0.751032,0
-1.049908,0.549665,0
-1.388530,-0.112879,0
-1.301748,1.267659,0
-1.740653,0.492987,0
-0.600783,-0.408842,0
-0.006243,-0.804052,0
-0.383892,-0.178350,0
-0.548754,0.987221,0
-1.589909,-0.750558,0
-1.060110,0.944539,0
-1.092044,0.632171,0
-1.162998,1.965523,0
-0.027258,1.017768,0
-2.064751,-0.111265,0
-2.180570,-1.750415,0
-0.430373,0.009945,0
-2.163024,0.241738,0
-0.805899,-0.008963,0
-0.089805,0.824029,0
-0.155734,1.093398,0
-0.190744,-0.548039,0
-2.724510,-0.543677,0
0.048865,-0.615179,0
-1.145955,1.192924,0
-0.481783,0.742995,0
-1.078642,0.259123,0
-0.883137,-0.473758,0
-1.702124,0.244486,0
-0.766735,0.645726,0
-1.786751,-0.519584,0
-2.819154,-0.532661,0
-0.801043,0.325980,0
-2.300380,0.671173,0
-1.496037,-0.506421,0
-0.144368,-0.110803,0
-0.806524,0.607347,0
-0.508396,0.753931,0
-1.878757,0.515348,0
0.159266,-0.303566,0
-1.377968,-0.909596,0
-1.024540,-0.243362,0
-0.329266,0.474949,0
-0.854949,-0.189636,0
-0.904018,-0.249362,0
-1.382615,2.092160,0
-0.592622,-0.127631,0
-0.666952,0.496449,0
-0.907911,-0.688789,0
-0.825857,-0.343395,0
-0.052851,0.216419,0
-1.935099,-0.325169,0
-2.326325,-0.265136,0
-1.709545,0.909822,0
-1.206330,0.095258,0
-1.811208,-0.655067,0
-0.075024,-0.292294,0
-0.311287,-0.663271,0
-2.407589,-0.698662,0
-1.653804,1.963410,0
0.848427,-0.877749,0
-1.249840,-0.730850,0
0.026722,-1.612680,0
-0.570993,-0.391041,0
-0.268393,-1.727018,0
-0.573355,0.930201,0
-0.757112,0.031323,0
-1.359497,0.349108,0
-0.726424,0.596904,0
-1.824230,1.127714,0
-0.134445,-0.681882,0
0.147428,0.703405,0
0.193921,0.949421,0
-0.864847,-0.632967,0
-0.063080,1.966317,0
-0.802438,1.024994,0
-0.371156,-0.590797,0
-1.419068,0.302381,0
-1.430296,-0.034960,0
-0.940821,0.390300,0
-1.629126,-0.685308,0
-1.791466,0.491300,0
0.749672,-0.515479,0
0.197434,0.279112,0
0.043703,-1.110761,0
-1.317459,-0.458366,0
-1.408187,-0.323133,0
-2.112572,0.501281,0
-0.932401,0.732458,0
-1.614972,-0.536373,0
-0.728421,-0.301039,0
-2.126562,0.139630,0
-1.702400,-0.626463,0
-0.908082,-0.525327,0
-0.523387,-1.050137,0
-2.078290,1.284975,0
-0.840682,0.209112,0
-1.468610,-0.708590,0
-1.586674,0.128468,0
-0.659762,0.584019,0
-0.442585,-1.083443,0
-1.759219,0.248302,0
0.776380,0.502701,0
-0.318678,-0.520095,0
-0.921510,0.800812,0
-1.455690,-0.024546,0
-0.181494,-0.370117,0
-0.246670,-0.173446,0
-2.222068,0.273384,0
0.231137,-0.271031,0
-0.991108,0.215979,0
-0.445187,-0.371518,0
-1.191498,-0.714024,0
-0.176072,-0.044308,0
-1.944750,1.651770,0
-0.934180,0.179306,0
-1.801100,0.071359,0
-1.482854,0.376029,0
0.588569,0.995024,0
-0.607175,0.569226,0
-0.487098,0.127452,0
-2.341663,0.948360,0
-0.277334,1.176459,0
-0.538248,-1.109388,0
-0.399815,1.124704,0
1.493385,-0.870250,0
-0.248306,-0.562251,0
-1.370088,0.222340,0
-0.361414,0.630222,0
0.295169,-0.177346,0
-1.103828,-0.163088,0
-0.450551,-1.086352,0
-2.266294,0.292614,0
-1.134479,-0.225374,0
0.946241,-0.375654,0
-0.929054,-0.484755,0
-0.505407,1.249068,0
-2.265386,-0.760216,0
-2.364493,0.947611,0
-0.611217,-0.418102,0
-0.946298,0.242115,0
-2.152516,-0.585820,0
-1.611078,0.465132,0
-2.220586,0.215724,0
-0.629694,1.030837,0
-0.363699,-0.201958,0
0.055348,-0.862849,0
0.030882,-0.813924,0
0.336187,0.874835,0
-0.627490,-0.109186,0
0.677861,-0.058602,0
-1.044841,0.425208,0
-0.719852,0.003788,0
-2.216164,-0.447939,0
-0.123347,-0.525603,0
-1.957199,-2.015738,0
-1.232281,-0.605845,0
-0.494803,-0.023258,0
0.407443,0.580473,0
-0.831082,1.069248,0
0.191457,-0.330977,0
-0.627270,-0.221365,0
-2.486447,-0.089552,0
-1.015703,0.794774,0
-1.592412,0.286264,0
-0.777475,0.224566,0
0.004966,0.529434,0
-1.816266,-0.901606,0
-1.051945,0.299228,0
-0.276866,1.133446,0
-2.071225,0.346950,0
1.317591,-0.067928,0
-1.079213,-0.676838,0
-0.629811,-0.272024,0
-0.696282,-0.804645,0
-1.972384,-0.193466,0
-0.915253,-0.465468,0
1.737177,2.069444,0
-0.911923,0.990964,0
-2.396348,-0.789312,0
-1.812691,-0.464368,0
-0.125659,-1.056482,0
-1.506464,0.843687,0
-0.089246,-0.871532,0
-1.391587,-0.882392,0
-0.666686,0.280968,0
-0.366914,-0.060562,0
-0.691644,1.350523,0
-0.764649,-0.396001,0
-0.745986,0.028870,0
0.254630,0.070507,0
-0.727818,0.930965,0
-1.707455,1.200882,0
-2.730018,-1.211625,0
-0.081502,0.015748,0
-0.059931,1.504828,0
-0.838250,0.005658,0
-3.051709,-1.157684,0
-0.608212,0.265461,0
-1.127694,0.586974,0
-0.951853,-1.183946,0
-1.315877,-0.553154,0
-0.448117,-0.795993,0
-1.781571,0.213578,0
-1.113380,-0.546419,0
-0.837448,0.424008,0
-1.512126,-0.508003,0
0.102222,-1.477614,0
-1.214440,-1.319808,0
0.434618,0.896696,0
-1.067806,-0.900455,0
-0.177203,-2.375918,0
-1.450787,-1.025803,0
-1.423909,0.767939,0
-0.402712,-1.275429,0
0.403951,0.203138,0
-1.756634,-0.189096,0
0.126032,0.658752,0
1.383310,0.355891,0
-1.333758,1.060109,0
-1.003500,0.061996,0
0.517259,0.126593,0
-0.461061,-2.101742,0
0.395733,0.149300,0
-1.003704,-0.170865,0
-1.637389,-0.626574,0
-0.649423,0.338456,0
-1.954305,-0.300501,0
-1.471894,0.070589,0
-1.958113,-0.152007,0
-1.741277,0.082614,0
-1.038749,-0.001488,0
-0.822885,-0.903525,0
-2.444232,0.473065,0
-2.285491,-1.595437,0
-1.622623,-0.515998,0
-2.862602,0.484059,0
-1.213346,-0.630524,0
-0.369538,0.199461,0
-0.853820,-0.530465,0
-0.664146,0.664597,0
-0.302749,-0.830884,0
0.278281,0.044097,0
-2.320347,0.442008,0
-0.550721,-0.560506,0
-0.587791,-0.751068,0
-0.268040,-0.182540,0
-1.649118,-1.704678,0
-0.437536,0.536382,0
-1.301346,-0.808767,0
-2.950907,0.709295,0
-1.458076,-0.329383,0
-1.008263,1.108919,0
-0.334359,-0.269159,0
-1.154956,0.913878,0
-0.467009,-0.875518,0
-1.175685,0.554997,0
-0.332269,-0.631800,0
-0.473621,-0.853704,0
-0.837976,0.593009,0
-1.827477,-0.042361,0
-1.332469,-0.493990,0
-3.201303,0.046914,0
-1.963791,-0.266231,0
-1.666049,1.571184,0
-0.683543,-1.442027,0
-0.528413,-0.433538,0
-1.657258,-0.528583,0
0.432091,-0.691311,0
-1.915806,0.202028,0
-0.528999,-1.396975,0
-0.542530,-0.445755,0
-1.125842,0.688084,0
-1.145597,0.044798,0
-1.520082,-0.929435,0
-2.783255,-0.321226,0
-1.002341,-0.522105,0
-0.204524,1.347005,0
-1.903250,-0.154973,0
-0.955291,0.798569,0
-1.108354,0.680151,0
0.364509,0.495585,0
-1.859582,-0.167969,0
-0.306214,-0.884545,0
-1.036692,-0.221845,0
-2.332063,-0.078014,0
-1.403978,-0.745595,0
0.399968,0.926599,0
-0.554277,-1.294175,0
-1.185050,-0.331727,0
-1.175099,-0.499712,0
-0.596627,0.011465,0
-0.893141,-0.640515,0
0.106659,-0.545700,0
0.491325,0.157286,0
-2.125819,-0.456613,0
-0.769654,-0.188214,0
-1.451559,0.245729,0
-1.509194,0.486871,0
0.044866,0.046041,0
-0.282320,0.500664,0
-0.307233,-0.882314,0
0.305046,0.472781,0
-1.584194,-1.575873,0
-0.196830,0.707207,0
-3.028199,-0.037754,0
-0.546355,0.831997,0
-1.700406,-1.330225,0
-0.069164,1.699852,0
-1.428712,-1.571251,0
-0.520024,-0.592098,0
-1.219277,0.595707,0
-0.640331,-0.746706,0
-0.901512,-0.064269,0
-2.244704,-0.163868,0
-1.630792,-0.096903,0
-0.739352,-0.493807,0
-1.296644,-0.222629,0
-1.118263,-1.687575,0
-0.759442,0.572194,0
0.599308,-0.352044,0
-1.072414,-0.148551,0
-0.982904,0.992058,0
-1.747538,0.657652,0
0.262119,1.796696,0
-0.551899,0.105071,0
-2.299993,0.216635,0
-1.103445,0.174182,0
-0.872689,0.413641,0
-0.618867,-0.670601,0
-1.276998,0.537611,0
-1.052800,-0.599339,0
-1.279594,-0.163023,0
0.090330,0.259640,0
-1.223653,-0.906692,0
-0.287924,-0.908419,0
-0.237921,2.103681,0
-0.895887,-0.219769,0
-0.399241,-0.556431,0
-1.545585,-0.820220,0
-0.066233,-0.880013,0
0.667208,0.167608,0
-0.131496,1.561425,0
-0.994926,0.281338,0
-1.838534,-0.333378,0
-1.236710,0.933356,0
0.169023,0.864882,0
-0.988637,0.290247,0
0.902680,-0.939206,0
-1.359293,-1.147541,0
-1.372709,0.897459,0
-0.094622,0.418359,0
0.769579,0.901728,0
-0.242880,-0.521623,0
-1.314794,0.705462,0
-0.390024,-1.030667,0
-1.811943,-0.688078,0
-0.624159,-0.823533,0
-1.843781,1.287279,0
0.043307,0.555202,0
-0.056630,1.139693,0
-2.559123,-0.927434,0
-0.638532,0.287697,0
-0.257150,0.850310,0
-0.690491,0.370072,0
-1.523437,-0.275720,0
-1.049537,0.425640,0
0.584517,0.761161,0
-1.598333,-0.207940,0
-0.806872,-0.532863,0
-0.447098,-0.632376,0
-0.688763,-0.946664,0
-0.945847,0.313998,0
-1.715656,1.645838,0
-1.762495,0.071387,0
-2.354362,1.007477,0
0.090450,-0.722918,0
-0.204698,-0.238185,0
-0.896000,-0.796606,0
-0.568816,0.061359,0
-0.689447,1.419047,0
-1.004820,-0.162898,0
-1.155425,0.475622,0
-0.873480,-0.483590,0
-1.832202,1.193365,0
-0.478431,-0.590164,0
-0.928413,-0.617395,0
-1.539493,-0.235102,0
-2.670154,-0.156223,0
0.289861,-1.015470,0
-0.435216,2.022372,0
-1.069911,0.887248,0
-1.137699,-0.417171,0
-0.355629,0.507945,0
-1.344418,1.245839,0
-1.345839,0.302298,0
-0.582902,-0.356022,0
-1.203442,-1.540617,0
0.928002,-0.348269,0
-1.356931,0.171421,0
-0.338870,-0.790307,0
-1.129675,-0.476814,0
-1.015324,0.562477,0
-1.560251,0.672471,0
-0.950117,0.142774,0
-1.415727,0.792883,0
-1.013343,1.142075,0
-0.836794,-0.816780,0
-1.697808,0.654720,0
0.184817,-0.053761,0
-1.307581,-0.426039,0
-2.485943,-0.894086,0
-1.975942,0.075588,0
-1.396442,0.897378,0
-0.710077,-0.619187,0
-0.654072,0.031368,0
0.024121,-0.478890,0
-0.902957,0.969621,0
-1.268575,1.729170,0
-0.847334,-0.274569,0
-1.507547,-0.697789,0
-3.468247,0.039668,0
-1.333085,-0.213106,0
-2.567242,-0.036308,0
-0.026173,0.527632,0
-0.338276,-0.259297,0
-0.382134,-0.283158,0
-1.657235,-0.156910,0
-1.783443,0.224063,0
-0.055507,1.041843,0
-0.424312,-0.877969,0
-0.221279,-0.085719,0
-0.533618,0.659098,0
-0.840603,-0.573886,0
-0.507107,-0.420975,0
-1.903347,-0.611486,0
-1.940990,0.390256,0
-1.229578,-0.850526,0
-0.918787,1.058848,0
-0.425050,0.187934,0
-1.015042,0.426934,0
-1.753798,0.633683,0
-0.548994,-0.451904,0
-1.570208,0.698577,0
-1.524653,0.873497,0
-0.965839,0.039954,0
-0.817152,-1.003638,0
-0.506431,-0.517748,0
-1.719058,-0.290422,0
-0.023543,-2.220435,0
-1.241782,0.303771,0
-0.784708,-0.267731,0
-1.087653,-0.567288,0
-0.559360,-0.944096,0
-1.512208,0.081522,0
-0.670864,-0.583455,0
-1.940792,0.677018,0
0.509546,0.155247,0
-1.595751,0.384485,0
-1.458332,-0.578833,0
-0.410374,-0.126187,0
-0.644392,-0.174420,0
0.152678,0.027301,0
-1.612701,-0.151033,0
-1.131804,0.595281,0
-0.437481,0.329574,0
-0.679833,0.373319,0
-0.553334,-0.210601,0
-0.314220,1.588159,0
-1.262975,0.558904,0
-1.110857,-1.256161,0
-0.131191,-1.928650,0
-2.860174,-0.715295,0
-0.286696,0.092728,0
-1.418280,-0.098987,0
-1.182082,-0.634550,0
-0.927418,-0.940562,0
-1.274068,-0.310317,0
-0.556368,-0.029458,0
-1.502912,-0.246046,0
-1.512207,0.417480,0
-1.544557,-0.408528,0
0.019390,0.560805,0
-1.107949,0.425099,0
-0.623630,-0.640977,0
0.035034,-0.487454,0
-0.849327,1.659095,0
0.655621,-1.643025,0
-0.852035,-0.667968,0
-2.110924,-0.863128,0
0.110859,-0.122275,0
-0.639813,-0.600698,0
-0.704796,0.891585,0
-0.731970,-0.220431,0
-1.969719,-0.357079,0
-0.391333,-0.528782,0
-1.628075,-0.722529,0
-2.084794,1.171593,0
0.606397,-0.850758,0
-0.777428,0.081965,0
-1.490775,-0.346282,0
-1.804687,0.233022,0
-1.775115,-0.560568,0
-0.999492,-0.138361,0
-0.668676,1.689308,0
-1.405314,-0.436772,0
-2.106802,-0.925647,0
-2.374958,-0.120941,0
-1.148204,-0.186023,0
-1.341292,0.494427,0
-0.949457,-1.086742,0
-0.567457,-1.297050,0
-1.277307,0.845607,0
-0.526183,0.098771,0
-0.136162,0.424782,0
-0.940718,-0.826795,0
-1.382363,0.746769,0
-0.320175,0.686277,0
-1.477454,0.215909,0
-0.242297,-0.414602,0
-1.836978,-1.011337,0
0.064733,-0.701512,0
-0.984018,0.569089,0
0.534378,-1.558217,0
-1.179333,1.420157,0
0.552613,0.415245,0
-0.840722,1.110126,0
-0.686164,-0.369450,0
-1.522335,-0.922102,0
-1.503951,-1.403545,0
-0.694859,-1.205276,0
-0.631483,2.181721,0
-0.472030,0.577209,0
-0.941662,0.294282,0
0.138162,-1.143611,0
0.270928,-0.387470,0
-1.001831,-0.119350,0
-2.604395,1.173916,0
-0.621926,-1.372113,0
0.120251,-0.644397,0
-0.172728,-0.453069,0
-0.483679,-0.123734,0
-0.446157,-0.682348,0
-1.328431,-0.050200,0
-2.002540,-1.154161,0
-1.911906,0.088332,0
-1.312432,-1.135914,0
-2.074821,1.152384,0
-1.832046,0.394823,0
-1.043797,-0.439741,0
-0.849339,-0.073252,0
-0.244252,1.044891,0
-1.821259,-0.052795,0
-1.054521,-0.933590,0
-2.825491,0.054548,0
-0.146127,-0.328019,0
-0.769427,0.546932,0
-1.126243,0.607761,0
-0.925980,0.842881,0
-0.602329,0.053775,0
-2.537505,1.813226,0
-0.304881,0.838304,0
-0.144352,-0.286924,0
-0.781439,-0.431782,0
-1.576045,-0.860257,0
-1.466072,1.456095,0
-0.658518,-1.838861,0
-0.881794,0.197987,0
-1.177488,-0.840998,0
-1.977838,1.071631,0
-1.576157,-0.673400,0
-0.174920,0.329398,0
-0.403419,0.387647,0
0.611332,-0.115353,0
-0.278550,-0.020152,0
-1.647151,-1.226579,0
-2.070164,-0.492327,0
-2.134558,0.966527,0
-0.510770,-0.031868,0
-1.014304,0.744274,0
-1.168969,0.578684,0
0.107337,-0.169678,0
-2.136318,-0.279684,0
-2.122908,-0.275111,0
-2.548239,0.458224,0
-0.934578,-0.359938,0
0.892701,-1.563782,0
-1.006635,-0.571187,0
-0.966137,-0.245639,0
-0.779602,-0.196787,0
-1.342224,-1.169478,0
-1.775516,-0.157766,0
-1.112866,-0.266520,0
-1.418542,1.137243,0
-1.434975,0.138955,0
0.177561,0.446568,0
-2.075574,0.009529,0
-1.841105,-0.561295,0
-1.128294,0.119288,0
-0.648357,-0.109164,0
-1.012508,-0.008251,0
0.228740,-0.080661,0
-0.624950,0.169002,0
-0.158785,0.055112,0
-1.330322,1.051670,0
-0.193289,0.160105,0
-1.640961,-1.655410,0
-0.157900,-1.189167,0
-2.744623,0.270354,0
0.424633,0.675905,0
-0.084769,-0.299613,0
-2.302860,-1.069163,0
0.134240,0.488781,0
0.083200,-0.229847,0
-0.836742,-2.404183,0
-0.595908,-0.077052,0
-0.219215,-1.527902,0
-0.320126,0.373305,0
-0.507951,0.133473,0
-1.227608,-1.151129,0
0.214281,-1.121166,0
-1.038092,-0.790106,0
-0.175857,1.133989,0
-0.825528,-0.073340,0
-0.531871,-1.545005,0
-1.024476,0.021269,0
-1.726931,0.036173,0
-0.891055,-0.983336,0
0.072036,0.412317,0
-1.558694,0.103916,0
-0.169403,0.666116,0
-1.679570,0.389466,0
-1.355152,-0.155157,0
0.155945,0.738672,0
-0.948767,-0.368166,0
-0.344852,0.983208,0
-1.067838,1.172722,0
-0.808090,1.187535,0
-1.153533,0.289613,0
-0.919309,-0.711714,0
-0.907587,0.656564,0
-1.557463,1.088422,0
-2.108910,0.147959,0
-1.020511,-1.184306,0
-0.981148,-0.008773,0
-1.401055,-0.351059,0
-1.148219,0.352760,0
-0.650632,-0.166886,0
-0.837273,-0.889105,0
-1.593607,0.860972,0
0.778661,1.160829,0
-1.487133,1.003027,0
-1.368041,-0.062965,0
-1.305040,0.147936,0
-0.202285,-0.794544,0
-0.674163,-0.765037,0
-0.271786,0.518388,0
-1.524276,1.567014,0
-0.415327,-0.454180,0
-1.800600,1.386374,0
-1.446917,-0.140175,0
-0.032488,-0.597191,0
-1.643757,0.618581,0
-0.786268,-0.802942,0
-0.041507,0.239968,0
-0.164803,0.722509,0
-0.266917,1.065884,0
-1.139128,-0.058312,0
0.537836,0.302714,0
-0.252015,-0.171400,0
-0.584643,0.554947,0
-1.585436,-1.448641,0
-0.140844,0.097312,0
-0.149536,1.616025,0
-1.062950,0.767064,0
-1.678750,0.120084,0
-1.419718,-0.022395,0
-1.877570,-1.110331,0
-0.588964,1.602687,0
-0.640635,-1.454882,0
-1.010346,0.253806,0
-0.769477,-0.576521,0
-2.121817,0.530788,0
0.500259,-1.152688,0
-0.688143,-0.859356,0
-0.639484,-1.083065,0
-2.556442,-0.744703,0
-1.451619,0.122697,0
-1.182714,1.619480,0
-0.488437,0.388146,0
0.199029,0.587821,0
-1.349800,-0.914970,0
-0.999939,-2.096117,0
-2.393205,-0.838553,0
0.056534,-0.087132,0
-1.297440,0.329174,0
-1.786887,0.719537,0
-1.543774,0.443900,0
-0.227162,-0.909299,0
-0.726080,-0.718401,0
-0.546869,-0.568457,0
-0.936049,-1.246096,0
-1.875094,-0.971381,0
-1.783382,0.073037,0
-1.240578,0.094750,0
-0.880936,-1.417666,0
-0.900304,-0.169498,0
-0.920708,0.261710,0
0.015744,-0.433300,0
-1.906634,0.380634,0
-1.844366,0.203883,0
-0.808392,-0.544319,0
-1.742941,1.062825,0
0.041223,0.067899,0
-1.430304,-0.065873,0
-0.843775,0.317021,0
-1.577271,0.917017,0
-1.849291,-0.945449,0
-1.125618,0.757131,0
-2.238538,-0.320464,0
-1.365127,0.664792,0
-1.277046,0.566905,0
-0.702585,-0.453437,0
-1.560966,0.413759,0
-1.396570,-0.844325,0
-0.458270,0.327071,0
0.157042,0.354885,0
-1.185061,0.560064,0
-0.166431,0.095279,0
-0.430391,0.321018,0
-0.463888,-0.008862,0
-1.289869,1.008294,0
-0.129081,0.164977,0
-0.637196,-0.045533,0
-2.097355,-0.061214,0
-1.000781,0.355094,0
-0.962524,1.900489,0
-0.039765,0.778733,0
-0.495245,1.127302,0
0.132204,0.709055,0
-0.774216,-0.327262,0
-1.389417,-0.279874,0
-1.573372,-0.201389,0
-0.240978,-1.505914,0
-0.723985,0.760484,0
-0.291617,0.322803,0
-1.794074,1.466794,0
-1.807256,-0.539383,0
-0.635268,1.435889,0
-2.825847,-0.990802,0
-1.006196,-1.262757,0
-1.735386,0.913989,0
-0.942238,0.355096,0
-1.779737,-0.799281,0
-1.087987,-0.080946,0
-1.507581,0.196443,0
-2.360563,-1.500590,0
-0.992775,0.413153,0
-0.285158,-0.218405,0
-0.657104,0.313732,0
-1.486405,0.278932,0
-1.528615,0.442434,0
-0.500809,-1.152789,0
-1.288798,1.337808,0
-1.135078,0.287457,0
-0.561486,1.029134,0
-1.223334,0.959782,0
-1.358874,0.877255,0
1.670457,0.188103,0
-1.914179,-1.238556,0
-0.972233,0.425790,0
-1.533802,-0.007831,0
0.030877,0.261261,0
-0.545047,0.168498,0
-0.932358,0.346065,0
-2.643689,-0.769233,0
0.742576,-1.200087,0
-0.777947,-0.550139,0
-2.499746,0.233481,0
-1.242606,-1.636343,0
-1.319391,0.804236,0
-1.307183,0.653025,0
-1.322194,1.221092,0
-1.611897,1.376375,0
-1.132283,0.175566,0
-0.539766,0.531128,0
0.188704,-0.739626,0
-0.139109,-0.240230,0
-0.376902,0.893052,0
-0.720936,-1.210224,0
-0.688199,-0.296654,0
-1.908067,-0.174082,0
-0.431962,0.729524,0
-0.492531,0.915448,0
-0.943487,1.439058,0
-0.251112,0.646563,0
-0.060814,-0.462904,0
-1.029988,-0.193730,0
-0.211922,1.554836,0
-1.129453,-0.924220,0
0.739640,0.619929,0
-0.668798,0.427687,0
-0.772267,-0.554270,0
-1.204367,-0.662979,0
-1.595632,-0.093658,0
-1.530990,0.081321,0
-1.568977,0.492739,0
-1.622040,-0.845399,0
-2.203170,0.485909,0
-1.205931,0.496138,0
-1.641826,-0.877159,0
0.087061,-0.161333,0
-2.073281,-0.200364,0
-1.533227,1.163654,0
-1.384213,-0.035778,0
-2.313168,1.086787,0
0.081746,0.533840,0
-0.759315,2.362041,0
0.253595,-0.012994,0
-0.693373,0.122592,0
-0.876354,-1.857846,0
-1.504347,-0.099302,0
-0.022966,0.616867,0
0.683532,-0.483362,0
-0.397145,0.918482,0
-1.675425,0.910728,0
-1.276313,-0.265704,0
-0.938543,0.502718,0
0.164386,0.348511,0
-0.825663,2.734984,0
-1.958221,0.325355,0
0.039555,0.068217,0
-1.172864,-0.193058,0
-1.109618,0.914070,0
-1.261642,0.354209,0
-0.385936,1.673233,0
-1.288262,0.028672,0
-0.928801,1.188319,0
-1.217205,0.412730,0
-2.095882,0.823389,0
-0.526631,1.150456,0
0.534350,0.288587,0
-1.777206,0.115028,0
-0.234264,-0.110436,0
-1.268813,0.340653,0
-1.679073,0.103127,0
-0.940582,0.815949,0
-1.498465,-1.037943,0
-1.280785,-0.535281,0
1.393605,-1.699775,0
-0.836691,1.132906,0
-0.295222,-0.084991,0
-1.679795,0.126362,0
-1.114201,0.937509,0
-2.213620,0.184240,0
-0.624109,0.363761,0
-0.453932,-0.598931,0
-1.798191,-0.993999,0
0.455550,-0.184870,0
-1.240031,0.671796,0
-1.039367,-1.341615,0
-1.264620,0.388668,0
-0.270646,0.028788,0
-1.477515,1.308749,0
-2.533093,1.023027,0
-0.410182,0.242085,0
-1.748880,1.049939,0
-0.551085,0.087205,0
-2.433050,1.064919,0
-0.360169,0.705360,0
-1.621600,-0.128885,0
-0.296447,-0.456937,0
-0.898596,1.900180,0
-1.310286,0.299281,0
-0.332788,0.336161,0
-0.447268,-1.489053,0
-1.010486,0.173941,0
-1.343205,1.338615,0
-0.727228,1.387237,0
-0.784736,-0.434668,0
-0.416562,-0.620759,0
-1.107805,-0.585657,0
-1.109197,1.167786,0
-0.841752,-0.753282,0
-1.506537,-0.080100,0
-0.992935,-0.804031,0
-1.093344,-0.145012,0
0.126946,1.547078,0
-0.655832,-0.897884,0
-0.558108,0.118261,0
-1.186312,0.374719,0
-0.446165,0.040556,0
-2.685594,0.144053,0
-1.068409,1.320507,0
-1.254894,-0.468116,0
-0.615028,0.815470,0
-0.281544,0.763463,0
-2.323637,0.122628,0
-2.040361,0.367820,0
-0.163409,-0.143555,0
-1.318691,-1.291059,0
-0.984859,-0.730344,0
-1.482983,-0.960847,0
-0.854501,-0.351717,0
-0.255294,-0.062686,0
0.076236,1.047188,0
-0.749337,-1.238300,0
-0.102555,-1.014420,0
-1.982693,-0.473051,0
-1.084588,0.143210,0
-0.954855,-0.251229,0
-0.819433,-0.263516,0
-2.435825,-0.917206,0
-1.504740,0.167347,0
-2.056186,1.025578,0
-1.956502,-0.590314,0
-2.255025,0.101347,0
-0.338445,-0.077771,0
-0.934605,-0.616031,0
-1.011016,1.140416,0
-0.474572,-1.291751,0
-1.091386,-1.613691,0
-0.561625,1.839778,0
-2.165768,-0.365171,0
-0.974999,-0.963587,0
-1.965925,-0.655640,0
-1.386706,0.663604,0
-1.957814,-1.205121,0
-1.013217,0.583511,0
-0.415861,0.011427,0
-0.339631,0.355069,0
-1.510148,1.100084,0
-1.265179,-0.555911,0
-1.654173,-0.220212,0
-1.212284,-0.297123,0
-1.655592,0.556750,0
-1.880328,-0.137895,0
-0.747774,-0.571119,0
-1.059554,-1.061858,0
-1.507885,1.349111,0
-0.885542,0.360038,0
-0.744928,-0.227606,0
-0.120932,-1.739366,0
0.576623,0.190222,0
-0.978269,0.030162,0
-0.205816,-0.828741,0
-0.869760,0.307848,0
-0.562218,-1.178427,0
-0.912509,-1.181266,0
-1.515082,-0.265275,0
-1.549557,-0.655181,0
-1.626977,0.367863,0
-2.321170,-1.333874,0
-1.508381,-0.031063,0
-0.866164,-0.225534,0
-1.767476,1.617750,0
-0.351863,-1.110663,0
-1.498539,-0.684433,0
0.586836,0.321768,0
-1.410364,0.900710,0
-1.472548,-0.904817,0
-1.262510,-0.486128,0
-1.547444,0.497343,0
-1.055025,0.869702,0
-1.122468,0.207940,0
-1.109631,-0.199851,0
-1.249948,-1.617209,0
-2.352405,1.245408,0
-1.172486,1.467719,0
-0.990929,-0.169863,0
-0.298368,0.462272,0
-0.769958,-1.063272,0
-0.972113,-0.034435,0
-2.736869,-0.399978,0
-1.708804,0.157248,0
-1.978702,-1.119216,0
-1.839608,-0.247148,0
-0.753938,0.434045,0
-0.778742,-0.307170,0
-0.035012,-0.551177,0
-0.838915,-0.195274,0
-0.135192,-0.608068,0
-0.548882,1.035214,0
0.378541,0.624401,0
-1.143092,0.396961,0
-1.840840,-1.363227,0
-1.379982,0.196042,0
-1.668538,0.477923,0
-1.210609,0.023789,0
-1.114646,-0.724933,0
-0.211276,-0.880266,0
-1.606814,0.065652,0
-0.040762,1.327305,0
-1.511691,0.602935,0
-2.666398,1.287695,0
-1.863953,-0.153738,0
-1.029988,1.263894,0
-0.242479,0.094200,0
-0.996128,-0.211988,0
-0.782216,1.271722,0
-0.546495,-1.350331,0
-0.843395,0.217916,0
-0.107433,-0.444632,0
-2.334648,1.475758,0
-1.541583,0.032334,0
-1.559620,1.558229,0
-1.317300,-0.271692,0
-1.058740,0.651557,0
-1.054915,-0.580415,0
-2.768698,0.666338,0
-0.116824,-1.228503,0
-0.718231,-0.270554,0
-0.501779,-0.501346,0
-0.134590,-0.263122,0
-1.029155,-0.788651,0
-0.740377,0.060829,0
-0.651608,0.342403,0
-1.002303,1.107320,0
-1.147773,0.268652,0
-1.044456,-0.086504,0
-0.592347,-1.252738,0
-1.310795,-0.451632,0
-0.873406,0.875424,0
-2.270674,-0.236566,0
-0.402250,-0.812757,0
-0.176850,0.781822,0
0.091146,-2.035436,0
0.392152,0.638983,0
-1.691014,0.492205,0
-0.809579,0.272681,0
-0.027670,-0.736433,0
-0.439470,1.205388,0
-1.757251,0.846978,0
-0.620541,-0.784393,0
-1.726044,0.027850,0
-0.248386,-0.340474,0
0.175647,0.009091,0
-1.006403,-0.663166,0
0.236432,-1.113517,0
-1.110991,-0.400450,0
-0.186279,0.227161,0
-1.298677,0.029648,0
-0.154367,0.853555,0
-2.390015,-0.995100,0
-0.685533,0.592101,0
-0.544949,1.176097,0
0.278837,-0.725276,0
-1.061110,0.311265,0
-1.856231,-0.950085,0
-0.180073,-0.846599,0
-1.565885,0.358045,0
-1.352815,1.281841,0
-0.644145,-0.498417,0
-1.485935,-0.737619,0
-1.341994,-1.204582,0
-0.939963,-0.567987,0
-2.698641,-0.532914,0
-1.082250,-1.109154,0
-0.988587,0.384618,0
-1.459338,1.190865,0
-1.712154,0.151075,0
-0.856298,0.486956,0
-2.781459,-0.240895,0
-1.604600,0.010544,0
-2.242283,0.752811,0
-1.673650,0.032722,0
-0.835765,0.781299,0
-0.405521,0.926833,0
-0.664962,0.164692,0
-0.331419,0.207328,0
-1.685069,-0.684694,0
-1.059503,-0.786628,0
-1.912972,0.024777,0
-2.148054,-0.790352,0
-1.500157,0.709647,0
-2.589103,-0.653052,0
0.489159,0.369745,0
-0.368125,-0.594753,0
-1.675441,0.222744,0
-3.026262,0.828158,0
0.157443,0.255781,0
-0.912507,-0.772699,0
-0.945423,0.197663,0
-0.721729,-1.354653,0
-2.894102,0.128350,0
-2.422710,0.044474,0
-0.754674,1.948535,0
-0.603004,1.157399,0
-2.020386,-0.823482,0
-0.463852,0.132647,0
-0.980691,0.041418,0
-0.931535,0.379022,0
-1.690126,-0.337395,0
-0.975125,1.821933,0
-0.314147,0.416111,0
-0.708032,1.199832,0
-1.332801,-0.437389,0
-0.126920,-0.103440,0
-1.330209,-1.148319,0
-0.723854,-0.999754,0
-1.186117,0.457959,0
-1.059562,-0.169416,0
0.475139,-1.768021,0
-0.942931,0.915868,0
-1.530832,-0.315520,0
-0.699751,0.523704,0
-0.610908,0.625502,0
-1.592122,0.412749,0
0.218919,-0.725296,0
-1.513765,-1.191680,0
-0.103774,-1.099347,0
-3.138598,0.509960,0
-2.063087,-1.356016,0
-0.529221,0.433859,0
-0.252694,0.831192,0
-0.992453,-0.328418,0
0.012354,0.766396,0
-1.251161,0.682967,0
-0.956392,-1.695579,0
-1.513089,0.568133,0
-0.165304,-1.021299,0
-1.983876,0.428180,0
-0.964364,0.305887,0
-1.343186,-0.697339,0
-0.356820,0.913203,0
-0.461030,-1.494679,0
-1.430198,-1.581870,0
-0.079560,0.233490,0
-1.501220,-1.354052,0
-0.479060,1.206600,0
-0.833658,0.825318,0
-1.003363,-1.421386,0
-1.027525,-0.820852,0
-1.254868,0.239715,0
-0.165347,-0.858415,0
-1.483261,-0.265318,0
-0.560223,0.329462,0
-2.600857,0.526347,0
-0.662628,0.441974,0
-0.839924,0.139059,0
-1.155841,-0.352581,0
-1.161254,0.249212,0
-0.545108,-0.090674,0
-1.299842,0.739204,0
-1.877018,-1.415682,0
-1.135364,-1.055832,0
-0.131450,-0.807794,0
-0.914187,-0.037906,0
-0.585472,0.184743,0
-0.629007,0.056641,0
-0.778888,0.299523,0
-2.539647,0.237257,0
-1.264240,-1.026902,0
-1.587457,-0.670465,0
-1.476434,-0.099400,0
-1.966114,-0.496850,0
-1.766820,0.334524,0
-1.701483,0.938424,0
-1.549839,-0.396748,0
-0.420148,1.365917,0
-0.341839,0.684355,0
0.433910,-0.244790,0
-2.462118,1.210988,0
-0.265987,0.021529,0
0.439311,0.419354,0
-1.224026,-0.026584,0
-0.292044,0.122082,0
-1.046174,0.280912,0
-2.570027,-0.332355,0
-2.078104,1.973315,0
-0.513988,1.394112,0
-1.434292,0.360343,0
-1.812677,-0.390328,0
-1.061103,0.102896,0
-1.184275,-0.682955,0
-0.889166,-0.398592,0
-1.271920,-1.362983,0
-2.150455,-1.333981,0
-0.893268,0.870495,0
0.007965,1.039089,0
-0.417598,-1.092014,0
0.699735,0.394648,0
-0.962048,0.218789,0
-1.188236,-0.321910,0
-0.500392,-0.505457,0
0.252918,-0.230354,0
0.042148,1.268868,0
-0.884852,0.352741,0
-1.975307,-0.741969,0
0.284030,-0.071331,0
-0.911304,0.760014,0
-1.679033,-0.629413,0
-1.299017,-0.143436,0
-0.462230,1.537243,0
-0.846566,0.288838,0
-1.651839,-1.274495,0
-0.390073,0.357578,0
-0.955082,-0.137203,0
-0.233421,0.618809,0
-1.504955,-0.850239,0
-0.699479,0.592862,0
-0.164531,0.547967,0
-0.618948,-0.858785,0
-0.002195,0.360778,0
-0.246984,-0.611217,0
-1.133950,-0.378667,0
-0.208323,0.745899,0
-2.063203,1.260477,0
-1.348038,-1.176928,0
0.203106,-1.074545,0
-0.407924,1.154914,0
-1.880022,0.200839,0
-0.904086,0.127131,0
-0.702812,1.029500,0
0.299558,0.898683,0
-0.886653,-0.765719,0
-1.618064,2.074698,0
-1.489389,-0.296678,0
-1.666361,0.298235,0
-0.626229,2.381216,0
0.444511,-0.082329,0
-2.118591,2.096042,0
-1.380406,-0.013310,0
-2.509546,0.070584,0
-0.760551,0.497554,0
-0.512310,-0.538917,0
-0.880924,0.097404,0
-0.475475,0.430346,0
-2.732065,-0.308351,0
-0.880010,-0.409295,0
-0.242255,-0.700020,0
-0.781621,-0.178439,0
-0.930437,-0.356985,0
-0.824422,-0.845258,0
0.246510,0.968476,0
-1.586548,0.285718,0
-1.543878,0.366764,0
0.046838,-0.798927,0
0.319362,-1.072136,0
-1.260794,0.232328,0
-0.891834,0.000394,0
-1.241344,-0.511059,0
-1.107253,-0.476343,0
-1.020337,0.587015,0
0.035712,-0.192148,0
-1.062263,-0.778321,0
-2.077809,1.015306,0
0.735404,1.101004,0
-0.754378,-1.233419,0
-0.831589,-0.766057,0
-1.183085,0.890640,0
-0.303366,1.000903,0
-1.341291,0.387428,0
-0.179565,-0.195348,0
-0.950404,0.857059,0
-1.541316,0.764480,0
-0.495032,-0.009223,0
-1.606566,0.994586,0
-0.828643,0.616982,0
-2.042796,0.701736,0
-2.708310,-0.057720,0
-1.659133,-0.580672,0
-0.873772,0.453338,0
0.112520,-0.955002,0
-0.959625,0.476706,0
-1.293064,0.525050,0
-1.603767,-0.224060,0
-1.757602,0.484870,0
-0.588845,-0.453154,0
-1.619369,-0.185169,0
-0.508811,1.185763,0
-0.369191,-0.127615,0
-1.512436,-1.784436,0
-0.688522,-1.177047,0
-0.819860,0.612209,0
-1.321727,0.188375,0
-1.660487,0.288234,0
-0.797269,-1.815429,0
-1.646110,0.117898,0
-0.919786,0.510207,0
0.081987,-0.153531,0
-0.149345,-0.689640,0
-0.061924,0.444604,0
-0.667111,0.086719,0
-1.296035,-0.745108,0
-0.540989,-0.449900,0
-0.119062,-0.765039,0
-0.377250,0.124831,0
-0.267116,0.980671,0
-1.832684,-1.172152,0
-1.640234,-0.994979,0
-0.562495,-0.317970,0
-0.394569,0.101982,0
-0.774711,-0.131730,0
0.348098,-0.198267,0
-1.025674,-0.004602,0
-2.469977,1.452873,0
0.303479,0.047280,0
-2.446215,0.553905,0
-0.857242,-2.064283,0
-0.725573,1.596470,0
-0.298904,-1.020287,0
-0.214951,0.300470,0
-0.731268,-0.086361,0
-1.050516,-1.338231,0
-1.514008,-0.015139,0
-2.032647,1.020324,0
-2.692573,0.510805,0
-0.519456,0.904154,0
-1.833158,-0.473161,0
-1.539299,-0.088540,0
-1.057828,-0.210745,0
0.211016,0.557282,0
-2.408995,0.460000,0
-1.408824,-0.203652,0
-1.040641,0.400132,0
0.198897,1.340280,0
-1.153631,0.521818,0
0.210802,0.404195,0
-1.990143,-0.722386,0
-1.031655,-0.531044,0
-0.542670,0.613537,0
-1.908525,-2.358794,0
-0.457121,-0.347894,0
1.069292,1.440250,0
-1.432285,0.475173,0
-2.544092,1.778594,0
-0.082427,1.127276,0
-0.770214,0.697319,0
-0.411035,-0.274423,0
-0.692037,-0.606617,0
-2.716673,0.492692,0
-1.544922,0.831422,0
-0.464610,-0.819553,0
-1.989565,0.301102,0
-0.619516,0.334264,0
0.064333,0.545168,0
-0.391317,-1.717222,0
-1.898185,-1.413540,0
-0.748181,1.431413,0
-0.299964,0.173827,0
-0.535004,0.834517,0
0.436064,-1.611666,0
-0.535659,-0.163862,0
-0.754397,-0.250209,0
-0.890703,0.466768,0
-1.945458,-0.110660,0
-1.051427,0.285939,0
-0.574719,-1.261925,0
-0.920401,0.833514,0
0.037425,-0.212069,0
-1.019268,0.588349,0
-0.266974,-0.202710,0
-1.580683,0.270827,0
-0.644682,0.161128,0
-1.836896,-0.173248,0
-0.121995,-0.560269,0
0.193089,0.699318,0
-0.770454,0.923093,0
-1.500153,-0.808688,0
-2.255207,-0.939699,0
-1.394536,-0.749708,0
-0.581177,-0.374223,0
-0.461768,-1.171157,0
-1.361488,0.405245,0
-2.386874,-0.601982,0
-0.030021,0.438851,0
-0.952954,-1.395320,0
-2.036536,-0.424808,0
-1.168204,1.199869,0
-1.750769,0.610667,0
-2.083226,0.592664,0
-0.416600,1.330743,0
-0.004633,-0.362454,0
-2.192640,-0.461680,0
-0.828196,-0.406941,0
-0.473835,-0.912788,0
-1.396181,-0.823851,0
0.823550,-0.545922,0
-2.020228,-1.326453,0
-0.198408,0.024976,0
-0.073418,1.567083,0
-2.652627,1.499349,0
0.621836,0.098657,0
-1.807485,0.241264,0
-0.027593,0.179003,0
-1.957867,1.112505,0
-1.837152,1.982888,0
-2.897534,1.718824,0
-0.625784,-1.119218,0
-1.040923,0.599106,0
-2.040907,-0.453423,0
-1.494935,1.419827,0
-1.020279,0.126557,0
-2.703298,-1.103474,0
-1.391338,0.166465,0
-1.603459,-0.258980,0
-1.199597,-0.794977,0
-0.389224,1.014780,0
-1.977659,-0.532665,0
-1.407070,1.099927,0
-0.848145,-0.547438,0
-1.075941,0.858403,0
-0.611407,0.040594,0
-2.028191,0.607253,0
-1.177235,-1.149818,0
-1.861487,-0.806901,0
-0.866121,1.055495,0
-0.983759,-0.031867,0
-1.167587,-0.070741,0
-1.784408,0.643869,0
0.092116,0.370066,0
0.950202,0.980003,0
-1.024468,1.425927,0
-0.517351,0.275241,0
-1.266810,-0.824311,0
-1.572223,-0.276928,0
0.441464,-0.722201,0
-0.238179,1.001485,0
-1.040144,-0.225338,0
-0.877524,-0.928316,0
1.307142,-0.317586,0
-0.880383,1.600633,0
-0.616423,0.846583,0
-0.563855,0.207264,0
-1.777054,0.464971,0
-0.241025,0.376467,0
-1.696350,0.728902,0
-1.036703,0.299792,0
-1.020207,1.108802,0
-0.729835,0.016447,0
-0.055109,-0.873263,0
-1.210258,-0.086015,0
-1.531680,1.108395,0
-1.141397,-0.011822,0
-1.499345,-0.228168,0
-0.839707,-0.767868,0
-0.110990,0.587548,0
-1.368606,0.801634,0
-1.778923,-0.652246,0
-0.544501,0.274108,0
-0.340405,1.148881,0
0.134251,-0.226075,0
-0.061840,-0.032943,0
-2.057756,0.221897,0
-1.310676,0.462623,0
-1.613852,1.995163,0
-1.822649,-0.459865,0
0.007827,0.805674,0
-1.405093,-0.715170,0
-1.633226,0.231362,0
-0.380998,-1.208794,0
-1.360425,-0.700326,0
-0.658311,-0.154943,0
-0.554365,0.379167,0
-2.380420,-0.507868,0
-0.435776,-0.663093,0
-1.058981,1.073970,0
1.755452,-0.869638,0
-1.008145,0.609396,0
-1.996000,0.715750,0
-2.251361,-0.641659,0
-0.237401,-0.778107,0
-1.417189,-0.992932,0
-0.246724,-0.134353,0
-1.703434,-0.233401,0
-0.047608,0.141963,0
0.102544,-0.099688,0
-0.110989,-0.029439,0
-0.113285,1.424837,0
-0.319301,1.011917,0
-1.653795,1.014374,0
0.186321,0.143062,0
-1.449191,-0.264409,0
-0.218837,-0.898066,0
-0.792005,-0.422076,0
-0.581808,-0.966370,0
-2.701762,-0.771223,0
-1.507199,2.148306,0
-1.487452,-0.697379,0
-0.717030,0.734687,0
-0.706453,-0.627159,0
-3.124935,-0.829777,0
-0.487113,-0.039866,0
-0.636865,-0.211695,0
-0.262567,0.555078,0
-0.804897,-0.194729,0
-1.040221,-0.088277,0
0.133230,-0.151865,0
-1.191623,-0.863177,0
-0.937297,0.227030,0
-1.056001,0.152788,0
-1.003216,-1.364090,0
-0.925104,1.113779,0
-0.381480,0.225195,0
0.283140,0.058677,0
0.419097,0.797373,0
0.516776,-1.140243,0
-0.253493,0.536283,0
-0.692439,0.606979,0
-1.106071,-0.541980,0
-1.681268,0.723790,0
-1.482552,-0.062674,0
-0.824029,0.158842,0
-0.994792,0.865324,0
-1.331804,-0.727670,0
0.398489,-1.185146,0
-0.917351,-0.084487,0
-2.167593,0.016179,0
-1.255913,-0.889123,0
-1.165105,0.370290,0
-0.438448,-0.005922,0
-0.435343,0.153742,0
-0.783153,-0.100149,0
-0.539486,0.673393,0
-1.038386,0.232785,0
-0.562226,-0.867712,0
-0.719104,1.210194,0
-0.402315,0.422490,0
-0.948680,1.523630,0
-0.658543,-0.135297,0
-0.957434,-0.524821,0
-0.779148,1.403101,0
-1.986364,-1.270658,0
-1.323441,-0.448762,0
-1.893624,-0.566350,0
-0.986556,-0.370662,0
-1.062182,0.105878,0
0.427662,-0.057770,0
-1.641190,0.889110,0
0.274417,-0.236587,0
-0.333107,0.214554,0
-1.682166,-1.072567,0
-1.666811,0.638118,0
-1.870966,0.422598,0
-0.495681,-1.615720,0
-0.680347,1.072076,0
-1.674369,-0.982404,0
-0.682356,0.668110,0
-0.605570,-0.588935,0
-0.843360,-0.222502,0
-2.128537,-0.454347,0
-1.602364,0.764300,0
-1.736470,-0.338851,0
-1.486973,0.051349,0
-0.888860,0.762854,0
-1.368739,0.770757,0
-1.243149,-0.007406,0
-1.619137,-1.094022,0
-1.447289,1.231787,0
-0.157704,0.400597,0
-1.493420,1.182095,0
-0.248177,0.108444,0
-0.817086,-0.088229,0
0.444857,-1.253346,0
-1.303118,0.901781,0
-1.847631,0.198647,0
-1.407632,-0.530451,0
-0.512571,-0.112756,0
-0.491648,0.613498,0
-0.089510,0.207439,0
-1.670758,1.959617,0
-0.907620,-1.716383,0
-0.941827,-0.645786,0
-2.012588,-0.886241,0
-1.500055,0.250951,0
-1.647950,-2.050354,0
-1.442098,0.509686,0
-1.232402,0.657324,0
0.048942,-1.227489,0
-0.357534,-0.242973,0
0.023009,-1.262021,0
-1.685818,0.813091,0
0.226673,0.761577,0
-2.108066,-0.580256,0
-0.683283,0.241939,0
-1.191017,0.715189,0
0.001617,0.406836,0
0.672965,0.259731,0
-1.168004,0.059394,0
-2.427229,-0.928273,0
-1.071657,-0.077000,0
-0.164440,-0.635887,0
-0.679373,1.149194,0
-0.743563,0.950746,0
-1.132663,1.388624,0
-0.753642,-0.671738,0
-0.832578,0.864180,0
0.055671,1.650488,0
-1.089498,0.442749,0
-0.653652,-0.171583,0
-0.746850,-1.470727,0
-0.240677,-1.819931,0
-1.298419,1.636207,0
-0.336238,1.695124,0
-0.224580,-1.283724,0
-0.881249,0.903193,0
-1.686490,-1.753667,0
-1.225675,-0.195082,0
-0.483380,-0.348242,0
-1.657552,-1.133997,0
-2.933851,0.856641,0
-0.177328,0.073473,0
-1.218820,-0.152322,0
-1.148885,-1.079760,0
-0.503702,-0.242070,0
-0.396705,0.213812,0
-1.296402,0.870590,0
-0.081538,-1.337348,0
-1.412664,0.721011,0
-0.435636,-1.057647,0
-1.433015,-0.642272,0
-1.783648,-0.280916,0
-0.942698,-1.023920,0
-0.957111,-1.294419,0
-1.387051,0.154772,0
-0.293239,-1.032137,0
-0.887475,0.892969,0
-1.682718,-0.472692,0
-2.465712,-1.353089,0
-1.644993,-0.256208,0
-1.934054,-0.578315,0
-1.525563,-0.391961,0
-1.272097,-0.169307,0
-1.155548,-0.861841,0
-1.355922,1.058516,0
-1.478857,0.843533,0
-0.396731,0.310391,0
-0.285043,1.070497,0
-1.089888,0.668171,0
-0.880223,0.114221,0
0.056779,-1.502932,0
-1.729253,-0.936526,0
-0.606004,-0.272850,0
-1.580397,-0.256503,0
-0.976303,1.267147,0
-1.766056,0.590100,0
-1.609561,0.024392,0
-1.338813,-0.832168,0
-0.669939,1.195057,0
-2.214897,0.399371,0
-2.116485,1.415199,0
-0.884619,0.361988,0
-1.798599,0.595922,0
-0.703825,-0.066438,0
-2.443553,0.753240,0
-2.184637,0.197394,0
-1.057145,0.576898,0
-2.024955,-0.658239,0
0.665427,-0.556610,0
-1.669081,-0.000063,0
-1.049066,-1.056401,0
-1.250247,0.866694,0
1.843561,-0.074653,0
-2.381148,1.446496,0
-0.027637,0.229372,0
-1.218842,-1.375043,0
-1.541952,-0.215363,0
-0.504617,-0.003813,0
-0.853619,0.102886,0
-0.179834,-0.083827,0
-0.887366,1.181935,0
-1.231639,-0.151442,0
-0.090805,0.537068,0
-2.055415,-0.074773,0
-2.430095,0.982898,0
-2.701317,0.966566,0
0.039630,0.978643,0
-1.311922,0.265739,0
-2.126547,0.485992,0
-1.103272,0.149857,0
-0.234586,0.121251,0
-0.829851,0.231895,0
-1.015192,0.177847,0
-1.409508,0.790481,0
-1.210496,0.446466,0
-1.022112,0.114424,0
-1.412979,0.742648,0
-1.769538,0.082985,0
-2.022426,1.844342,0
-1.027807,0.249929,0
-1.597229,1.476304,0
-0.960584,1.515569,0
0.247918,-0.290911,0
-1.385689,-0.422461,0
-0.670902,0.499333,0
1.129703,0.084912,0
-1.167108,-0.136021,0
-1.234391,0.781268,0
-1.276080,0.170020,0
-0.521688,-1.350345,0
-1.623680,2.683799,0
-0.572673,-0.037541,0
-0.003238,0.488924,0
-1.573230,0.460528,0
-0.486710,0.973635,0
-0.680619,-0.678781,0
-0.713639,-0.205998,0
-0.389994,0.001963,0
-2.162901,0.312087,0
-1.078320,1.363036,0
-0.482772,0.089069,0
0.035994,-0.331015,0
-1.290720,1.061423,0
-1.993952,1.128604,0
-1.989421,0.069527,0
-0.538759,1.027773,0
0.146647,-0.067694,0
-1.670049,0.158980,0
-1.037688,0.934198,0
-0.920319,-0.100175,0
-0.969099,0.412539,0
-1.152036,1.162594,0
-1.433785,0.908935,0
-0.788557,-1.181348,0
-1.628953,-0.800133,0
0.941868,0.144976,0
0.143417,-0.441926,0
-0.193787,0.421041,0
-1.208694,0.033462,0
-0.444562,-0.479888,0
0.449322,-0.238995,0
-0.017684,1.136374,0
-0.195695,-0.689374,0
-2.018323,-0.279443,0
-0.739961,-0.822797,0
-0.323398,1.243602,0
-1.812950,-0.109963,0
-0.512402,1.286902,0
-0.171285,0.353119,0
-1.003838,0.006578,0
-2.030816,-1.628543,0
-2.158925,0.407387,0
-1.121938,1.486079,0
-1.855607,-0.054344,0
-0.752692,0.310244,0
-1.470053,-0.881538,0
-1.080690,1.684015,0
-2.069145,-0.917244,0
-0.340542,0.038579,0
-2.003946,0.321779,0
-0.731334,-0.644134,0
-1.727470,0.482556,0
-0.691041,-0.380908,0
-0.989027,-0.196861,0
-1.916639,0.061872,0
-0.683733,-0.247693,0
-1.107202,-0.449399,0
-1.397616,-0.445799,0
-0.101273,-1.009885,0
-0.532222,2.169931,0
-0.317886,0.285352,0
-1.208358,-0.117224,0
-1.956288,1.809490,0
-0.844846,-0.393885,0
-0.674880,0.104644,0
-0.788170,-1.323310,0
-0.794440,0.904796,0
-1.554051,0.565550,0
0.070549,0.872182,0
-1.101779,0.112472,0
-0.105458,1.092547,0
0.010960,-0.638265,0
-1.328896,0.914818,0
-1.006774,-0.689253,0
0.237778,-0.828766,0
-1.582225,-0.173884,0
-0.200447,0.351724,0
-0.572646,-1.158490,0
-2.148207,-0.126799,0
-1.159863,-0.432163,0
-1.789037,1.106226,0
-0.410709,0.479274,0
1.140607,1.004105,0
-1.109250,0.466519,0
-0.267913,-0.937898,0
-1.043834,0.291769,0
-0.687272,1.539101,0
-1.684179,0.145128,0
0.543493,-0.265750,0
-1.218016,-0.784834,0
-1.692819,-0.968326,0
-0.721222,-0.352427,0
-1.466770,0.196643,0
-1.491428,0.627760,0
-1.909247,-0.719230,0
-2.252051,0.286089,0
-0.489806,-1.611173,0
-1.267896,-0.155930,0
-1.752091,1.410813,0
-0.897232,1.740474,0
-1.579516,-0.719938,0
