0.491636,-0.281171,1
1.707714,-0.154469,1
0.564675,0.480992,1
1.827000,-0.466537,1
0.651592,-0.076147,1
-0.200065,0.302297,1
0.864341,-1.488776,1
0.556579,0.460768,1
0.623492,0.510631,1
1.499537,0.161935,1
1.147380,1.271000,1
1.848163,1.348228,1
1.516070,-0.810485,1
0.548675,-0.146055,1
0.886969,-0.945689,1
0.969848,0.245350,1
0.141247,0.444828,1
0.032334,-0.736960,1
0.795212,-0.231040,1
-0.355802,0.088816,1
0.963568,-0.965894,1
1.420838,-0.100244,1
1.410967,-0.645744,1
1.390142,-0.504158,1
0.673114,-1.042856,1
1.283277,-0.049164,1
1.065643,0.455002,1
0.188659,1.290827,1
1.868897,-0.509799,1
2.069322,0.746481,1
1.696178,0.748058,1
2.246565,-0.424546,1
2.359601,0.024446,1
0.575375,-0.476363,1
1.285597,-0.438349,1
1.094794,0.260836,1
0.593660,0.120774,1
1.183352,-0.422408,1
0.798513,-0.338111,1
0.253052,-0.103048,1
-0.117846,-0.154352,1
2.016796,1.210817,1
0.266810,0.518004,1
1.695387,-0.418366,1
1.777062,-0.023069,1
-0.054462,-0.058289,1
1.778074,0.472611,1
1.969491,0.919622,1
2.050928,-0.199706,1
0.558748,-0.845397,1
0.520703,1.830855,1
1.507996,-0.936822,1
1.425955,-0.909070,1
2.155543,-0.628147,1
1.140119,0.536047,1
1.233187,-0.734466,1
0.972105,0.266502,1
1.505641,0.331213,1
1.478290,0.200825,1
1.595148,0.753587,1
-0.049704,0.819831,1
-0.194070,-0.925456,1
-0.512358,0.672432,1
0.405672,0.685537,1
0.734895,-1.327747,1
1.050002,2.369237,1
1.061805,-0.128518,1
0.087266,-0.123132,1
0.737498,0.282279,1
0.356401,-0.113308,1
0.930935,-1.535782,1
1.198199,-1.099362,1
1.369262,-0.658730,1
-0.152922,1.097986,1
1.293344,-0.129479,1
1.629523,0.292306,1
1.535499,1.086483,1
-0.111652,0.382541,1
-0.185998,1.281023,1
1.127629,-0.993393,1
1.375228,0.584697,1
0.862704,-0.711850,1
1.646079,1.309455,1
0.961098,-0.036834,1
1.425976,0.130625,1
1.509374,1.302470,1
0.776423,-0.662414,1
1.346175,-0.387773,1
1.864423,0.272788,1
0.673696,0.877989,1
1.862345,-1.156098,1
0.122610,-1.011037,1
1.210847,0.791127,1
0.480536,0.595671,1
-0.611771,0.245810,1
1.454589,0.810612,1
0.657250,0.462618,1
-0.225882,-0.111854,1
2.083535,0.144863,1
1.755983,0.260990,1
-0.248537,-0.546669,1
0.838386,1.288077,1
2.241979,-0.729082,1
0.528949,0.482118,1
0.677373,0.706438,1
1.176514,-0.035065,1
2.644480,0.075557,1
1.826290,0.378484,1
1.284727,-0.193968,1
-0.598052,-0.077173,1
0.956474,-0.571851,1
0.718864,-0.366449,1
0.699070,-0.064209,1
0.472004,1.188896,1
1.340524,-1.750163,1
0.638339,-1.378003,1
1.446552,0.505856,1
0.717900,-1.012626,1
2.155377,-1.417878,1
1.189221,0.843263,1
1.186138,0.963041,1
1.327405,0.254166,1
0.199386,0.066218,1
1.529746,1.451271,1
1.707125,-2.065473,1
0.911894,-0.687892,1
1.311140,-1.011307,1
1.514867,-0.136882,1
0.279284,-0.586274,1
0.790367,1.108019,1
1.059553,0.705457,1
1.538171,-0.367454,1
1.446099,-0.164428,1
1.600092,0.349233,1
1.166956,1.126748,1
1.439251,-0.947326,1
1.468984,-0.624006,1
0.790826,-0.393506,1
2.155780,1.254158,1
1.234198,0.121200,1
1.432475,0.268654,1
0.673242,-0.169562,1
-0.455053,-0.839000,1
-0.423668,0.620404,1
1.093695,-0.473368,1
-0.466451,0.952649,1
0.005458,0.458714,1
0.699547,0.151698,1
1.898071,-1.307517,1
0.542535,0.386928,1
0.107940,-1.051996,1
0.845033,-0.415170,1
1.681092,0.082066,1
1.396282,0.123416,1
2.780743,-0.542664,1
2.085054,-0.607581,1
1.170505,-0.669148,1
1.598384,-0.705779,1
0.492524,-0.968587,1
0.059302,-0.251754,1
0.815213,0.738798,1
1.136527,-1.106097,1
1.083954,-0.405958,1
0.633312,-0.943128,1
0.498810,-0.305235,1
1.625923,1.104206,1
0.590130,-0.726131,1
1.394637,-0.276694,1
0.931478,-0.037644,1
0.683005,0.380392,1
0.205193,-0.525111,1
0.002836,0.159100,1
0.287105,0.293576,1
0.382772,-0.153986,1
1.569212,0.191827,1
0.251250,1.069886,1
-0.413437,-1.360403,1
1.535362,-0.194952,1
1.894660,-0.060430,1
1.162508,0.117289,1
0.393546,0.326210,1
1.332624,-0.091843,1
1.862032,2.163034,1
-1.347694,-0.961617,1
1.596141,1.250651,1
-0.565188,1.479322,1
1.863216,1.255521,1
2.112436,0.099795,1
0.048983,-0.198216,1
1.314043,-0.030961,1
1.459846,-0.529949,1
-0.953129,-0.448631,1
1.359139,0.415888,1
-0.357466,-0.169496,1
1.505175,0.624227,1
-1.146970,0.766331,1
1.561336,0.287169,1
0.143004,0.225210,1
0.507759,-0.562615,1
2.590861,0.996304,1
0.550054,0.531098,1
-0.467832,0.028284,1
0.037389,0.966547,1
1.845103,0.214234,1
1.673777,-0.439595,1
0.499623,0.843763,1
1.983450,-0.336018,1
0.521801,0.554110,1
0.761522,-0.469054,1
1.409173,-0.089464,1
-0.044954,-0.709285,1
0.509467,-2.251094,1
0.211904,0.902348,1
1.478740,0.954179,1
1.562654,-1.431455,1
1.004223,-0.967955,1
0.429419,-0.635176,1
0.574502,0.086319,1
1.013957,-0.700548,1
-0.631996,-0.746933,1
0.409157,-0.683479,1
-0.015941,-0.521696,1
1.259770,-0.520860,1
2.620967,-1.037578,1
1.813235,-0.536975,1
1.397625,-0.790938,1
0.680446,-0.084096,1
0.097077,-0.669404,1
0.813506,-0.381203,1
1.985940,-0.221869,1
-0.117695,0.261020,1
2.377288,-0.605501,1
1.279900,0.558773,1
0.797943,-1.842892,1
1.796092,0.288040,1
0.718870,-0.076911,1
1.258330,0.025733,1
0.184210,-0.224312,1
1.141377,0.786048,1
0.782827,-0.453003,1
0.859505,-0.066945,1
2.330841,1.900032,1
1.900967,-0.195265,1
2.794141,-0.441256,1
1.607571,-0.586909,1
0.598684,0.311547,1
0.453128,-1.323537,1
0.511619,-0.318260,1
-0.192611,-0.874480,1
1.968865,0.230219,1
-1.167036,0.749131,0
-2.813577,-1.310923,0
-1.226302,0.245139,0
-1.038013,-0.761070,0
-1.581620,0.118645,0
-0.884897,-0.401596,0
-1.924511,-0.819190,0
-0.155394,1.174328,0
-1.464102,0.136812,0
-2.303484,0.690610,0
-0.424560,0.985824,0
-2.044019,1.112983,0
-1.538325,-0.035934,0
-0.838172,-0.421545,0
-1.979606,0.740543,0
-1.135085,-1.464832,0
-1.266245,-0.301348,0
-1.184438,0.113250,0
-1.554498,0.450200,0
-1.023702,-1.686378,0
-1.566410,0.976668,0
0.320510,0.179487,0
-1.991599,-0.409824,0
-1.458673,0.510205,0
-0.785371,1.369957,0
-0.501551,0.744533,0
-1.620561,1.197686,0
-1.339061,-1.353759,0
-1.089820,-0.200622,0
-1.333241,-0.089133,0
-1.838762,-0.918619,0
-0.258723,0.619110,0
-1.545309,-0.013950,0
-2.063897,0.811712,0
-0.872941,-1.104482,0
0.524941,0.098118,0
-0.749322,-1.478842,0
-0.952309,0.849465,0
-0.849455,-1.513111,0
-0.301898,0.045476,0
-1.320675,0.804998,0
-0.574494,0.178932,0
-1.114748,-0.294582,0
-0.282178,-0.314726,0
-0.051448,1.458375,0
-0.927435,0.405992,0
-0.326680,1.383346,0
-0.064156,-0.522198,0
-0.368992,-0.723994,0
-0.312472,-0.865587,0
-0.455353,1.423825,0
-1.850025,-0.001766,0
-0.488162,0.103581,0
-1.667222,0.674903,0
-1.788464,-1.667237,0
1.076254,1.278666,0
-2.296640,0.366069,0
-0.802966,0.652828,0
-1.117921,-0.030105,0
-0.593281,-0.866992,0
-0.131742,1.006934,0
-1.128436,0.984675,0
-0.204083,-0.122961,0
-0.851306,-0.073446,0
-0.338130,-0.400993,0
-1.320602,-1.508830,0
-1.116250,-0.746600,0
-1.365241,0.817973,0
0.119214,-0.538804,0
-0.578007,-0.238713,0
-1.756899,-0.514408,0
-1.390710,0.314194,0
-1.168619,0.413423,0
-2.348772,0.602336,0
0.711036,-1.012905,0
-0.582711,-0.732514,0
-1.783718,-0.058132,0
-0.780590,-0.234027,0
-1.607751,0.654840,0
-2.243674,1.602723,0
-1.698242,0.092049,0
-0.489235,-0.104081,0
0.643719,-0.239477,0
-2.017570,0.711694,0
-0.672869,-1.694396,0
-1.269780,0.853349,0
0.937584,-1.525013,0
-0.217472,-0.996267,0
-1.200754,-0.225332,0
-0.741142,0.408356,0
-0.699977,-0.473901,0
-2.025603,-0.344306,0
-2.072520,0.845603,0
-0.762066,-0.016167,0
-1.857103,0.769938,0
-1.258770,-0.034564,0
-1.516981,0.157937,0
-1.964391,-0.370926,0
-0.946917,-0.173672,0
0.749323,0.480246,0
-1.408512,1.917292,0
-1.694896,-0.321083,0
-0.687423,-1.462285,0
-0.708465,0.001197,0
-1.848562,0.721048,0
-0.072022,-0.701653,0
-1.349667,0.162786,0
-2.045473,0.496343,0
-0.873744,-1.208296,0
-1.492196,0.306550,0
-0.231240,1.200716,0
-1.460116,0.043033,0
-1.226734,-0.227543,0
0.754427,-1.468397,0
-1.347022,0.667268,0
-1.426602,0.360116,0
-1.213817,0.078614,0
-1.888690,0.627035,0
-0.476353,-0.316171,0
-0.657778,0.274262,0
-0.870525,-0.564318,0
-1.040523,1.046355,0
-0.335008,0.290109,0
-1.396466,-0.329128,0
-0.860278,-1.353636,0
-0.595403,1.858053,0
-2.449878,1.426465,0
-0.520535,0.096999,0
-0.348082,0.285471,0
-0.315798,-0.231074,0
-0.529198,-0.562416,0
-0.970792,0.457862,0
-1.067912,-1.016802,0
-0.522460,0.402618,0
-2.365877,1.162001,0
-0.404273,-0.730910,0
-2.896822,-0.885074,0
-1.305793,-0.558868,0
-1.900044,1.100523,0
-0.270013,-0.581225,0
-1.215229,-0.980820,0
-1.739819,-1.471839,0
-0.359957,-0.660010,0
-2.493720,0.698338,0
-0.771941,-0.253268,0
-0.489566,0.717922,0
-1.476940,-0.116067,0
-1.147629,0.047151,0
-1.535886,-0.852792,0
0.275555,-0.476309,0
-1.594859,0.287752,0
-0.564065,-0.621244,0
0.424730,0.761138,0
-1.451027,0.360579,0
-0.444447,0.317891,0
-1.362501,-0.141886,0
-0.590304,0.058736,0
-1.633383,0.251561,0
-0.271505,0.028621,0
-1.101962,1.051843,0
-0.242794,0.833285,0
-0.139062,-0.133428,0
-0.733264,-0.259735,0
0.514993,0.096902,0
-1.927759,0.018860,0
0.417998,0.356366,0
-1.269570,0.240070,0
-1.832975,0.992824,0
-1.315260,0.626698,0
-1.145049,-0.092187,0
0.729911,-0.163483,0
-2.188925,-0.342675,0
-1.536932,-0.805767,0
-0.331065,0.403495,0
-1.158176,1.142600,0
0.271243,-0.095845,0
0.005154,1.312181,0
-0.279689,-0.529119,0
-0.697032,-1.612172,0
-2.077687,-0.723778,0
-1.554239,0.061473,0
-0.199592,0.540486,0
-1.412261,-0.098210,0
-1.772771,0.619348,0
-1.599218,-0.960027,0
-1.349071,0.206865,0
-2.841021,0.768980,0
-1.549664,-0.434876,0
-2.030429,0.250012,0
-0.756829,-0.354989,0
-0.324755,0.585780,0
-1.880456,1.322683,0
-0.106831,-2.001953,0
-1.026828,-0.637719,0
-1.463825,-0.031004,0
-1.264676,-0.573894,0
-1.763842,1.923649,0
-0.031895,-0.038524,0
0.381746,-0.303023,0
-1.700260,-0.089864,0
-0.773459,0.360589,0
-1.401520,0.396356,0
-0.722409,0.583020,0
-1.392600,-1.187834,0
0.019176,0.464430,0
-1.052742,0.612666,0
-1.514777,-1.212266,0
-1.634019,1.207826,0
-0.503644,-0.894107,0
-1.508025,-0.947944,0
-1.149986,0.894763,0
-0.798894,1.257969,0
-1.553283,-0.261471,0
-1.934193,-1.619598,0
-1.865942,0.673583,0
-1.350379,0.339767,0
-0.785483,0.267479,0
-1.976830,0.061088,0
0.084729,-0.442602,0
-1.363338,0.432043,0
-0.909408,0.271249,0
-0.984234,1.570075,0
-1.815679,1.194972,0
-0.549957,1.263881,0
-1.056487,0.699269,0
-1.971316,0.848678,0
-0.385719,0.122851,0
-0.812965,0.852392,0
-1.067378,0.349546,0
-0.520253,1.511195,0
-1.577246,-0.113155,0
-0.530117,0.824017,0
-0.392660,-0.529020,0
-1.016368,-1.144684,0
-0.492888,-0.320557,0
-0.949006,-0.007531,0
-0.222179,1.081915,0
-2.205247,-0.383685,0
0.689126,0.322098,0
-1.731998,0.737224,0
-1.823463,-0.126329,0
-1.089166,0.432133,0
-0.671597,0.619433,0
0.309832,1.255469,0
0.457289,0.308745,0
-2.695459,-0.789450,0
-0.505350,0.372703,0
-0.858071,-1.404822,0
-2.470417,-1.403968,0
-0.635817,0.102938,0
