0.480493,-0.600514,1
1.279999,0.926056,1
1.186142,0.227283,1
1.913616,-0.818830,1
2.510900,-1.093693,1
1.323662,-0.878254,1
0.450671,-0.681740,1
1.314337,-0.671649,1
0.856780,-0.177652,1
1.172571,0.648823,1
0.457655,-0.545495,1
0.297481,-0.481346,1
1.173849,0.863553,1
0.989624,1.736229,1
1.075249,-0.204426,1
1.630959,-1.111980,1
0.945740,-0.436871,1
0.624428,1.378081,1
2.004638,0.222658,1
1.501845,-1.636494,1
0.525904,0.270070,1
0.144486,0.239134,1
-1.032215,0.694190,1
1.974372,-0.905549,1
1.545285,-0.551604,1
0.301540,0.743497,1
0.143112,0.699475,1
1.471546,0.483974,1
1.044820,-0.713935,1
-0.244651,-0.902797,1
-0.254793,0.502502,1
-0.352606,-0.919452,1
1.583907,0.097227,1
0.858218,-0.760194,1
1.025445,-0.953607,1
0.544992,-1.485612,1
-0.203668,1.711147,1
2.099081,0.744092,1
0.827088,0.153662,1
2.140843,0.465599,1
0.958764,-2.327111,1
1.069129,0.764407,1
2.163096,0.251212,1
0.282051,1.183762,1
0.518878,1.474935,1
0.778006,-0.265368,1
1.372475,-0.746797,1
2.046464,-0.451931,1
0.819574,-0.308380,1
1.373428,-1.018578,1
1.309240,0.571174,1
1.812708,0.072279,1
1.535150,-2.044937,1
0.726034,-0.139045,1
0.355658,-0.391026,1
-0.293849,-0.314770,1
2.568408,-1.438439,1
1.542836,-0.602412,1
0.515467,0.202874,1
1.575386,-0.699714,1
1.561497,-0.696315,1
0.272514,0.072201,1
0.464921,-1.207593,1
0.943736,-1.147633,1
1.250160,0.506918,1
2.075264,-0.349257,1
1.695891,-0.698068,1
0.892801,0.110319,1
2.404795,0.737735,1
-0.428081,-0.553434,1
0.802986,-0.569244,1
1.470214,-0.344573,1
1.552931,-0.943863,1
0.869521,-1.222388,1
2.014198,-0.088419,1
0.566453,0.387563,1
1.335678,-0.381340,1
1.875120,0.693318,1
2.454739,0.051923,1
-0.195704,0.667038,1
2.574050,-0.992855,1
1.541199,0.135900,1
1.258780,-0.912215,1
-0.112864,1.200324,1
0.701894,0.033268,1
1.660847,-0.356845,1
0.915719,0.638897,1
2.533639,-0.888040,1
1.712679,-0.939357,1
0.741159,-0.341927,1
1.259710,-0.049325,1
-0.110313,0.149118,1
1.041787,0.838292,1
1.244234,-0.027380,1
2.092841,0.223847,1
0.555156,0.065345,1
0.655488,1.041325,1
-0.473585,-0.792540,1
1.323332,-0.856999,1
0.893652,-0.430265,1
0.843246,0.587410,1
0.636433,-1.411851,1
0.534863,0.529566,1
0.320374,-0.949852,1
1.124074,-0.083716,1
-0.060636,-0.444899,1
0.337265,0.655635,1
1.067161,-0.735050,1
2.519664,-0.779054,1
0.747183,-0.505881,1
1.142400,1.146395,1
1.698494,-0.788399,1
-0.147717,-0.010837,1
1.275317,-0.520831,1
1.805245,-0.173890,1
0.673190,0.908082,1
0.547100,0.610860,1
0.045334,0.755903,1
2.019806,0.820263,1
1.241799,0.097271,1
2.303211,-0.941474,1
1.213451,-0.046461,1
0.270334,-0.249766,1
0.161209,0.393971,1
0.994948,0.864477,1
-0.072721,-0.036583,1
-1.417269,0.642631,1
1.081319,0.206151,1
0.262447,-0.290324,1
2.283624,0.450936,1
0.808989,0.494593,1
-0.081305,-0.138448,1
1.834009,-0.693337,1
1.357728,-0.206827,1
2.571998,-0.553815,1
0.642899,-0.973740,1
0.942853,0.104352,1
1.447000,0.199747,1
0.825079,-0.148116,1
0.247367,-0.560193,1
1.867709,0.947875,1
-0.108959,0.635898,1
0.673645,-0.120428,1
1.065733,-0.449543,1
0.964805,-0.944003,1
0.540562,-0.463743,1
0.538072,-0.655015,1
1.529039,-1.151212,1
0.278640,0.539767,1
0.150347,-0.015973,1
0.029414,1.040983,1
2.487008,-0.754154,1
0.807178,-0.125978,1
1.402128,0.097316,1
1.559326,-0.437303,1
1.692330,-0.301789,1
1.491015,0.737819,1
0.772580,0.193742,1
1.405058,0.266717,1
1.756787,0.788082,1
0.369834,1.738858,1
1.309396,-0.806580,1
1.121583,1.437444,1
-0.106532,-0.529428,1
0.423258,-0.100298,1
1.687810,-0.624316,1
2.236511,-1.630392,1
0.483625,0.033201,1
-0.007419,1.302608,1
0.870546,-0.793446,1
1.232298,-0.557122,1
0.371633,0.434433,1
0.872003,0.777796,1
2.054049,0.244320,1
0.845128,-1.360474,1
0.729289,0.280200,1
1.061185,0.050324,1
1.816775,0.106587,1
0.771701,-0.749087,1
2.741613,0.190736,1
1.171603,-0.352429,1
0.643279,0.806552,1
-0.391430,-0.710166,1
2.438313,0.131062,1
1.465645,0.817839,1
1.001554,-0.169239,1
-0.226437,-0.673473,1
0.684278,-0.604016,1
0.869051,-0.210349,1
2.137063,0.565987,1
0.970373,-0.512088,1
1.451022,-0.285007,1
1.311966,-1.180295,1
1.514152,-0.289527,1
1.931868,0.531722,1
0.992913,-0.088555,1
0.152059,1.048889,1
0.259375,0.536488,1
0.727513,0.890258,1
0.550592,0.393972,1
2.472923,-0.566951,1
1.190751,-0.901819,1
0.182630,0.538493,1
-0.259314,0.015258,1
1.864302,-1.716018,1
0.090729,-0.071619,1
0.965655,-1.505894,1
2.007505,0.089923,1
0.427046,-0.342001,1
0.714781,1.035207,1
0.698539,1.363774,1
1.521753,1.270364,1
1.943793,0.161985,1
0.657536,0.040400,1
-0.466143,2.066470,1
1.181068,-0.870455,1
0.894547,0.143856,1
0.081515,-0.053258,1
-0.271682,-0.842370,1
3.134093,0.235236,1
0.143261,0.947896,1
1.958745,0.247699,1
0.877050,1.146579,1
1.557119,0.291885,1
1.060702,-0.549365,1
0.749182,0.326907,1
-0.369340,-0.261757,1
0.316975,-0.219194,1
-0.010027,0.463092,1
0.717831,0.289718,1
1.716361,0.437674,1
0.923790,1.375910,1
1.946355,-0.516455,1
1.587114,0.426119,1
1.444004,0.511003,1
-0.353843,0.709838,1
0.067627,-0.855606,1
-0.155150,0.676187,1
0.666256,-1.049802,1
0.982182,-0.724950,1
1.672360,-0.926636,1
0.711555,0.514886,1
2.030039,-0.765497,1
0.868834,-1.148775,1
-0.144298,0.581290,1
1.068739,1.141633,1
0.093311,0.408084,1
0.041472,0.282315,1
0.115997,0.682489,1
1.835393,-1.521404,1
-1.617246,0.257126,0
-1.373126,-0.075644,0
0.538241,1.311757,0
-0.990357,0.173443,0
-1.958821,-0.126588,0
0.397085,-0.631720,0
0.003883,0.152469,0
-0.304929,-1.132145,0
-2.069411,-0.601936,0
-1.896594,1.696854,0
-1.585863,-0.656217,0
-0.086004,0.173514,0
-1.362499,0.347522,0
-1.525315,-0.545145,0
-1.346115,0.126034,0
-1.287448,-0.278414,0
-0.649349,1.634331,0
-1.399225,-2.216149,0
-1.110747,-0.485975,0
-1.103083,0.842535,0
-2.402548,0.917805,0
-0.239544,-0.067783,0
-0.410081,1.214331,0
-1.159880,0.814666,0
-1.303140,0.015772,0
-1.607122,-0.253249,0
-0.041486,-0.876133,0
-0.100890,0.105413,0
-1.189176,0.473719,0
0.111054,0.544411,0
-1.457092,-0.831313,0
-0.185650,0.089580,0
-1.049128,0.787099,0
-0.894044,-0.963417,0
-1.679733,-0.856120,0
-0.637939,-1.099761,0
-1.807621,-0.405295,0
0.692090,0.248870,0
-1.119269,1.898211,0
-1.318948,-0.141820,0
-1.212667,-1.161388,0
-0.955417,0.908056,0
-1.045114,-1.021444,0
-1.275169,-0.644418,0
-1.156089,-0.759041,0
-0.538119,0.333756,0
0.746088,0.775408,0
-1.126735,-1.037788,0
-2.652977,0.012513,0
-1.532272,0.655529,0
-1.499439,-0.827092,0
-0.435109,1.484170,0
-0.646281,1.013035,0
-0.850832,-0.677885,0
-3.177933,0.004787,0
-1.332258,-0.265015,0
-1.948632,1.150321,0
-1.722962,-0.001995,0
0.010259,0.494202,0
-1.531757,-0.787483,0
-1.103566,-0.816094,0
-0.953690,-1.607911,0
-0.485639,0.483119,0
-1.574745,1.555079,0
-0.854441,0.463355,0
-2.712762,0.606993,0
-0.822416,-0.203483,0
-0.883093,0.139264,0
-0.570339,-1.270728,0
-0.822734,1.452683,0
-1.259161,-0.555166,0
-2.438066,1.063505,0
-1.168597,-0.396606,0
-0.583366,0.463707,0
-2.996838,0.201218,0
-1.667604,0.418172,0
-0.507521,0.629608,0
-0.949559,-0.443528,0
-1.253570,1.811981,0
-1.946635,0.667828,0
-0.721216,-0.285761,0
-0.858875,1.536383,0
-0.518460,-0.142730,0
-0.350251,-0.000940,0
-2.017784,1.358576,0
0.099034,1.190959,0
-1.254183,1.072976,0
-1.054638,-0.278400,0
-2.067184,-0.465167,0
-0.849810,-0.829923,0
-1.011590,-1.340097,0
-0.724277,-0.713967,0
-2.088662,0.412773,0
1.337477,-2.093941,0
-1.026777,-0.107278,0
-1.593401,0.892065,0
-1.367415,0.145521,0
-1.082335,-1.410232,0
-1.135487,0.900559,0
-0.807302,0.460245,0
0.780381,0.868011,0
-0.276947,0.438924,0
-1.212073,0.555814,0
0.159098,-2.072691,0
-0.539177,-1.739750,0
-0.738517,0.715310,0
-1.714479,-0.604943,0
0.079095,0.179875,0
-1.943461,0.524278,0
-0.752091,-0.086816,0
-1.754672,-0.719724,0
-0.722337,-0.814002,0
-0.905173,0.752540,0
0.262417,0.069309,0
-1.342948,0.743558,0
-1.003899,0.189162,0
-0.149173,-0.119597,0
-1.040597,-0.282377,0
-0.314600,-0.775931,0
-0.901734,-0.071245,0
-1.136650,1.667355,0
-2.183789,0.010771,0
-0.104185,-0.035118,0
-0.364109,-0.376910,0
0.086838,1.345738,0
-0.888002,-0.075161,0
-1.070996,-1.153864,0
-1.403010,0.020349,0
-0.725337,-0.755101,0
0.042669,1.265259,0
-1.991288,1.202044,0
-0.667830,-0.318587,0
-1.465582,-0.347175,0
-0.663740,-0.036034,0
-0.814172,1.178448,0
-0.491535,0.024071,0
-1.968658,0.289842,0
-1.441343,-1.011292,0
0.056081,-0.164958,0
-2.418992,0.443557,0
-1.339378,0.143504,0
-1.201793,0.360237,0
-0.398447,1.077949,0
-1.676428,-0.791638,0
-1.373220,0.125271,0
-2.441196,-0.885959,0
-1.847930,1.172455,0
-0.876224,-0.190469,0
-0.691971,0.090435,0
-1.650800,-0.333612,0
-0.876128,-0.098120,0
-0.108360,0.133665,0
-0.624143,0.215045,0
-0.761158,-0.232976,0
-1.347128,-1.396944,0
-2.578254,0.301256,0
-2.029315,-0.276630,0
0.345476,-0.096309,0
-2.348816,-0.844317,0
-1.591025,-0.076642,0
0.302364,-0.134573,0
-2.525625,0.400800,0
-1.128783,0.431838,0
-1.917802,0.261026,0
-1.984835,-0.510005,0
-0.850889,-1.531404,0
-0.332605,-0.285806,0
-1.193930,-0.731539,0
-0.712700,-0.717246,0
-1.138642,-0.563305,0
-1.080624,0.039581,0
-0.533835,-0.131968,0
-1.980871,0.601271,0
-1.830739,-0.623866,0
0.121116,-0.424889,0
0.141577,0.938971,0
-0.501507,-0.740004,0
-1.442846,-0.715537,0
-0.415261,0.443361,0
-0.746014,-0.872971,0
-2.958575,-0.032607,0
-0.397251,0.175625,0
-0.021000,-0.480878,0
-0.880628,-0.007179,0
-1.205069,1.057653,0
-0.162056,0.033115,0
-1.628946,0.055835,0
-0.717068,0.302809,0
-1.151460,-0.086433,0
-1.075226,1.370129,0
-1.865843,-0.787535,0
-1.450647,-0.072240,0
-0.334179,-0.087303,0
-2.917409,0.786035,0
-0.631636,1.422017,0
-1.609147,-0.049506,0
-2.170022,1.635348,0
-0.330007,0.015657,0
-1.515813,0.372861,0
0.647365,-1.054791,0
-1.873874,1.125553,0
-1.580583,1.239485,0
-2.189680,1.362898,0
-1.688107,1.890467,0
-0.884273,-0.210916,0
-1.544610,0.723996,0
-2.458921,-0.106169,0
-1.062056,1.972276,0
-1.247983,0.871993,0
-0.809524,-1.427352,0
-2.633192,-0.395684,0
-0.848741,1.308678,0
-2.049442,-1.234384,0
-1.740275,-0.314652,0
-0.254528,0.482154,0
-2.039764,1.019683,0
-3.106401,-0.392207,0
-1.742926,-0.872004,0
-1.209782,-0.675296,0
-1.205005,0.202799,0
-0.630905,-1.141817,0
-1.992681,0.978987,0
-1.290431,-0.415535,0
-1.404829,1.040105,0
-3.023902,0.793563,0
-1.140711,0.981582,0
-0.111005,-0.046771,0
-0.905123,-0.653108,0
-0.189243,1.105168,0
-1.001282,0.843615,0
-1.354440,0.455576,0
-0.366470,-0.014107,0
-0.499900,-1.542105,0
-0.863652,-0.618269,0
-0.859166,-1.062692,0
-1.020953,-0.078238,0
-0.696853,0.521302,0
-1.135003,0.931405,0
-1.721990,-0.154567,0
-1.104198,-0.759764,0
-0.595506,-0.436467,0
-0.472721,0.165556,0
-2.133254,-0.234761,0
-1.274286,-0.046210,0
-0.104149,-0.844044,0
-1.548323,-1.083919,0
-0.594479,-1.734913,0
-0.715661,1.290566,0
1.013323,0.403133,0
-0.194180,0.747115,0
