1.149823,0.945181,1
2.064465,-1.207137,1
-0.956485,0.717296,1
2.667518,-0.154123,1
1.242128,0.241996,1
0.547628,-0.324784,1
1.353644,-0.638471,1
0.271309,0.449602,1
-0.073258,1.766971,1
0.834764,0.183684,1
1.237336,0.151500,1
0.034709,-0.014133,1
0.150995,0.081168,1
0.264057,-0.157423,1
0.043256,-0.388073,1
1.141076,0.713954,1
0.629005,0.708023,1
1.995317,-0.080384,1
1.346238,0.000577,1
1.406678,-0.030177,1
2.444098,1.057595,1
1.391907,-0.656127,1
0.151985,0.715664,1
0.747704,-0.341977,1
1.512940,-0.797098,1
1.304949,-0.180306,1
1.378612,1.434752,1
0.743774,1.129699,1
1.036642,1.526669,1
-0.058179,0.778415,1
1.442636,-0.718544,1
1.586124,1.532330,1
-0.646552,0.357779,1
1.596667,0.500831,1
1.179683,-0.251715,1
2.252078,0.670776,1
0.895647,0.875381,1
1.107375,-0.150158,1
1.248134,-0.067573,1
0.743294,-0.613815,1
1.815765,-1.467597,1
0.679442,-0.096296,1
-0.427812,-0.050500,1
1.641569,-0.932219,1
0.089724,0.265360,1
0.734861,-1.336075,1
1.260529,-0.071289,1
-0.298465,-1.063362,1
1.653492,-0.087858,1
1.633636,-0.636860,1
0.773468,-1.244879,1
2.014419,-0.204821,1
2.326037,0.764797,1
0.673954,0.300156,1
1.789348,0.401550,1
-0.171023,0.707784,1
0.176643,-0.907707,1
2.000649,0.539162,1
-0.332068,0.001379,1
1.928796,-0.375434,1
0.759332,0.509087,1
1.321729,-0.343499,1
0.508770,0.454572,1
-0.094875,0.213301,1
1.277839,0.485596,1
1.681770,-1.780238,1
0.156635,-0.900299,1
0.248072,0.168175,1
0.175219,0.260480,1
1.366121,1.502697,1
1.567159,0.751011,1
0.132585,0.300469,1
2.790722,0.103332,1
1.345410,-0.044820,1
1.159093,-0.165598,1
1.486692,0.378502,1
1.069338,0.424365,1
0.143583,-0.969620,1
0.685021,0.306309,1
-0.252536,1.031745,1
0.615402,0.658020,1
1.959666,1.983770,1
0.354265,-0.794627,1
-0.192143,-1.108775,1
1.680794,0.074869,1
0.055680,-0.430630,1
0.757701,0.578710,1
1.262823,-0.548132,1
1.747194,-0.989269,1
0.092990,1.766825,1
0.904361,0.104750,1
1.196344,0.444132,1
0.897286,1.714120,1
1.268677,0.905964,1
1.404161,-0.128623,1
1.566517,-0.627660,1
0.923576,0.942234,1
0.558081,1.361808,1
1.581061,0.198314,1
1.054786,0.856272,1
1.326866,-0.363379,1
1.599795,0.707203,1
2.927420,1.230464,1
-0.272453,0.024428,1
0.916604,-0.484888,1
-0.119463,-0.327422,1
0.894389,0.418139,1
-0.175635,-0.562791,1
2.151122,-0.824230,1
2.126413,-1.154621,1
1.064917,-0.337568,1
0.947610,0.786522,1
1.472176,0.726558,1
1.418066,1.134408,1
1.215216,0.090307,1
2.109923,0.468965,1
1.536378,0.159001,1
1.714859,-0.055527,1
1.168071,-0.091976,1
-0.499156,-0.053631,1
1.130363,-0.924045,1
1.325009,-0.935784,1
1.232768,-0.613951,1
0.887447,-0.054011,1
0.126696,0.277390,1
1.113684,0.148499,1
0.476351,-0.445496,1
1.271368,-0.813929,1
1.477638,0.694795,1
1.502796,0.093541,1
2.390910,0.758146,1
1.426062,0.602569,1
1.127859,-0.248316,1
0.823323,1.056280,1
0.744549,0.787850,1
0.702520,0.452537,1
0.264368,0.049487,1
-0.575701,-1.246843,1
1.959512,-0.279008,1
0.396732,0.937624,1
-0.107333,-0.615740,1
1.457070,-0.009847,1
0.288722,-0.478354,1
1.226434,-0.509279,1
0.990231,0.492955,1
-0.068023,-0.250510,1
0.993254,-0.389065,1
0.408363,-1.591359,1
1.204442,-0.118380,1
1.309624,0.355669,1
1.105031,0.562255,1
0.572600,-0.010583,1
0.638222,-0.190155,1
0.288642,0.558892,1
-0.061111,1.437509,1
1.427158,0.103958,1
1.877255,1.533344,1
1.632875,0.256997,1
0.597017,0.559580,1
-0.136933,0.696629,1
1.562594,-0.769770,1
0.772482,0.943862,1
0.306282,0.977847,1
0.088895,0.134168,1
0.363666,0.155611,1
0.110388,0.128714,1
0.573309,0.072751,1
0.149746,-0.682653,1
0.755753,-0.428219,1
0.310669,-0.199572,1
0.755230,-0.390826,1
0.972052,-1.627659,1
-0.173430,0.322646,1
-0.343484,-0.865293,1
2.048012,1.164878,1
0.996277,0.649412,1
1.115801,-0.373891,1
1.194877,0.380624,1
0.465111,0.172358,1
1.832432,1.770903,1
1.114527,0.047321,1
1.912472,1.046167,1
1.436197,-0.897727,1
1.493028,-0.932528,1
1.098538,0.387794,1
0.185570,0.475787,1
0.814193,1.282536,1
1.434631,0.006200,1
0.511439,0.246225,1
2.185195,0.738848,1
1.663309,-0.717978,1
0.541366,0.674507,1
0.891499,-0.248806,1
1.362135,-0.537935,1
1.423598,0.673391,1
1.506208,1.041999,1
1.808647,0.219128,1
0.857519,0.852342,1
2.617434,-1.099291,1
1.696929,-0.713243,1
0.152614,-0.694569,1
0.944717,-0.212377,1
0.887907,-0.673395,1
0.484890,0.063617,1
1.991564,-1.249971,1
0.155157,-1.743465,1
1.328994,0.777186,1
1.367819,0.100273,1
-0.041317,-0.466850,1
0.860907,-0.470816,1
1.199502,-0.284925,1
1.652372,-1.002865,1
1.554663,-0.673572,1
2.174211,0.165939,1
1.478175,-0.330080,1
0.477656,0.861537,1
0.999713,-0.289002,1
1.633909,2.262837,1
1.042053,-0.534961,1
1.839020,0.435265,1
-0.064945,0.294938,1
0.312527,0.479632,1
0.111004,-0.551566,1
2.058863,0.324004,1
0.212038,0.554054,1
0.992665,0.066319,1
1.920880,-0.367991,1
2.158965,-0.616238,1
1.243459,0.285002,1
2.737107,-1.187983,1
2.973510,0.134567,1
0.664936,1.632655,1
2.634683,-0.279070,1
2.938220,0.622466,1
1.020270,-0.360629,1
1.807180,-1.684561,1
-0.420825,-0.556061,1
1.023201,-0.372689,1
1.023332,0.172400,1
0.350640,-0.111934,1
0.721449,0.615756,1
1.185436,-0.043975,1
1.098379,0.759276,1
1.499047,-0.353994,1
0.459085,0.019701,1
1.264229,-0.607688,1
0.410263,0.340168,1
0.030683,-0.336730,1
1.151751,-1.355392,1
0.196582,-1.273978,1
-1.431521,1.120314,0
0.011464,-0.329633,0
-1.396887,0.632251,0
-1.515327,-0.418571,0
-0.949216,0.140504,0
-0.207807,-0.788818,0
0.616988,-0.691554,0
-0.161200,0.394622,0
-0.974808,-0.534659,0
-0.567353,-1.917194,0
-1.154474,-0.673701,0
-2.100339,0.454644,0
-0.735314,0.294640,0
-0.354079,-0.534161,0
-2.027644,0.015685,0
1.219842,-1.013610,0
0.318897,-0.272705,0
-0.466552,0.388958,0
0.549991,0.763434,0
-1.542016,-1.093580,0
-0.644911,-0.512461,0
-0.514764,0.165283,0
-1.362154,-0.603768,0
-1.084851,-0.581839,0
-0.541369,-0.410301,0
-0.503894,0.345535,0
-1.935575,0.101746,0
0.257118,0.128260,0
-0.975771,-0.525664,0
-1.760752,1.070186,0
-1.724525,0.586349,0
0.071207,0.206650,0
-0.537417,1.355561,0
-2.003216,-0.523624,0
-1.100009,-0.333567,0
-1.650130,-1.730937,0
-0.677758,0.817596,0
-0.255804,0.590719,0
-1.103190,0.355519,0
0.065006,0.339035,0
0.055662,-0.860020,0
-0.829899,0.869888,0
-0.906139,-0.365643,0
-1.058052,-0.035137,0
-1.540776,-0.364392,0
-1.458882,-0.506669,0
-0.464906,-1.240462,0
-2.034927,-0.349490,0
-1.360992,0.085469,0
-1.580602,-0.280678,0
-0.560564,-0.848806,0
-1.684478,1.023428,0
0.042749,0.208854,0
-0.830849,-0.760864,0
-0.318543,0.772007,0
-0.309689,-1.165127,0
-1.082650,-0.145697,0
-1.750533,0.538957,0
-1.042438,-1.654754,0
-2.251601,-1.070381,0
-0.717336,0.247774,0
-1.863627,0.725768,0
-0.985231,0.653831,0
-2.850729,1.771892,0
-1.852928,-0.732088,0
-1.154102,0.872139,0
-0.946339,-0.094780,0
-1.184421,0.285340,0
-0.091587,-0.951691,0
-0.999952,-0.134607,0
0.888254,-0.015862,0
-0.384225,1.417833,0
-1.265327,-0.479052,0
-0.938657,0.217287,0
-1.212733,-0.066732,0
0.669895,-0.348578,0
-0.900303,0.976044,0
-0.999514,1.096034,0
-1.027627,0.292567,0
-0.331539,0.152293,0
-2.002351,0.748085,0
-2.528080,-1.427996,0
-0.480029,-0.975953,0
-0.745435,0.126965,0
-1.463832,-1.620676,0
-0.353417,0.234710,0
-1.102662,-0.375379,0
-0.725914,1.686459,0
-1.680053,0.143254,0
-1.115092,-0.550501,0
-1.744372,0.942293,0
-1.989679,-0.281702,0
-1.878811,0.549588,0
-1.256782,-0.128008,0
-0.886244,-1.055561,0
-0.951882,-0.156498,0
-1.609733,1.287269,0
-0.662516,0.094821,0
-1.346047,-1.040254,0
-0.901853,1.166258,0
-2.340751,-0.954055,0
-0.748513,-1.044037,0
-1.076164,-0.594824,0
-0.970654,0.534276,0
-0.446160,-1.241473,0
-0.786532,0.356164,0
-0.952155,0.985228,0
0.283927,1.450933,0
-1.523321,-1.205847,0
-1.459914,0.438147,0
-0.441263,0.191880,0
-1.382281,1.051832,0
0.019370,0.927056,0
-0.784281,-0.529662,0
-0.100989,-0.660021,0
-0.387809,0.149335,0
-1.009034,1.367849,0
-1.824121,0.591521,0
-1.103783,-0.039675,0
-2.011296,-1.247221,0
-1.511338,0.721528,0
0.300959,-0.625473,0
-1.964330,-0.406702,0
-0.154633,-0.709882,0
-0.578146,0.507008,0
-1.215363,0.670021,0
-0.565956,-0.156455,0
-0.596248,-0.901191,0
-0.627954,0.325425,0
-0.943910,-0.753596,0
-1.562614,-0.189548,0
-1.034127,-0.590999,0
-1.848167,0.996724,0
-0.900692,0.269488,0
-1.560095,0.323544,0
-0.668825,0.671086,0
-0.723350,0.164722,0
-1.429578,-0.393722,0
-1.713822,-0.378071,0
-0.979085,-0.740689,0
-1.087177,0.488995,0
-1.869347,0.859939,0
-0.119861,0.411704,0
-1.337635,-0.359021,0
0.054544,-0.186140,0
-0.154088,1.911875,0
0.359193,-0.891334,0
-0.395460,-0.096292,0
-1.543854,-0.087481,0
-0.973589,0.041229,0
-1.454787,-0.057834,0
-0.679092,0.275241,0
0.442089,-0.062079,0
-0.148568,-0.097626,0
-1.097334,-0.141276,0
-1.412071,0.204485,0
-1.956039,-0.216327,0
-0.367759,-0.550119,0
0.050120,1.002979,0
-0.675799,-0.479462,0
-1.681813,-0.629350,0
-0.204078,0.381663,0
-1.068436,-0.586350,0
-1.235756,-0.047703,0
-0.677785,-0.611392,0
-0.233284,-1.071171,0
-0.095896,0.170269,0
-2.748856,1.164882,0
-1.366860,-0.459741,0
-2.042056,0.590055,0
-0.702885,0.115677,0
-0.408772,-0.050867,0
-0.176873,0.468534,0
-0.735810,0.341246,0
-0.912014,-0.076280,0
-0.089564,-0.433505,0
-1.349576,-0.084607,0
-1.501413,-0.300709,0
-0.351405,-1.270452,0
-2.113250,1.480226,0
-1.821442,0.326176,0
-0.564651,1.081456,0
-0.411355,-0.472434,0
-0.740625,0.322617,0
-0.926322,0.405877,0
-1.489858,-0.296184,0
-1.503802,0.439964,0
-0.785755,0.978801,0
-0.384081,0.048823,0
-0.997629,-1.067206,0
-1.571068,0.415572,0
-1.865338,0.112739,0
-1.548478,-1.194456,0
-0.398447,0.169921,0
-1.672177,0.172214,0
-0.418839,-1.601211,0
-1.053474,1.271803,0
-1.614195,0.361995,0
-1.091427,-0.814987,0
-1.226432,0.887137,0
-0.614273,-0.649693,0
-1.007979,0.972045,0
0.321345,-0.141184,0
-1.067165,0.889466,0
-0.821805,-1.196716,0
-1.199327,-1.455691,0
-1.349073,0.593142,0
-1.561465,0.583727,0
-0.255853,-1.026971,0
0.200516,0.388931,0
-1.182219,-0.192488,0
0.565179,0.729710,0
-0.414472,0.236517,0
-1.276400,-0.980225,0
-1.631377,0.215536,0
-0.949417,-0.097802,0
-0.618546,-0.548722,0
-0.684351,-0.108992,0
-1.505906,0.827522,0
-0.085703,0.790510,0
-0.220109,-0.750627,0
-1.440995,1.370430,0
0.395583,-1.179878,0
-0.815689,-0.052169,0
-2.362929,-0.457411,0
-0.021040,0.987752,0
-0.045059,0.658513,0
-0.169605,-1.157389,0
-0.477570,1.181384,0
-1.945374,1.269456,0
-1.479930,-0.365276,0
-0.740949,-1.687157,0
-1.197761,-0.967008,0
-0.476060,0.211597,0
-1.454950,0.245422,0
-2.551530,-0.829220,0
-2.036363,-0.979583,0
-2.280010,-0.095337,0
-1.776953,-0.213711,0
0.102483,-0.184656,0
-1.441600,-0.633204,0
-0.236884,0.783274,0
-0.726245,-0.053006,0
-0.843807,-0.033115,0
-0.790240,-0.634579,0
-0.941058,-0.305430,0
-2.427259,0.013928,0
0.013676,0.741548,0
-1.781621,-0.757742,0
-1.039235,-0.033373,0
