0.215186,0.323114,1
1.564975,1.273116,1
1.040614,-0.106046,1
0.208692,-0.417736,1
0.263091,-1.095574,1
1.325331,0.178743,1
1.328058,1.453654,1
-0.247577,0.252253,1
1.784039,-0.560348,1
1.556257,-0.979546,1
0.466193,0.296503,1
1.421858,-0.779790,1
0.432463,-1.360573,1
0.735046,-0.494554,1
-0.597632,0.150142,1
1.684216,0.167116,1
-0.278038,-0.954152,1
2.136836,0.553583,1
1.874294,0.337614,1
1.523065,0.572538,1
1.311850,-0.031915,1
1.699681,0.517648,1
1.354806,-0.867401,1
-0.041567,0.916184,1
2.486861,-0.196017,1
1.812102,0.547785,1
2.136599,0.352333,1
1.559402,-0.230117,1
0.287134,-0.724007,1
0.958962,0.294425,1
1.113963,-1.610756,1
0.240228,-0.003312,1
0.407144,-0.470704,1
0.311198,0.428323,1
1.311815,0.769691,1
0.117054,0.560672,1
1.760274,-0.050003,1
0.952045,-0.621587,1
0.859402,-0.310632,1
1.559567,-0.269489,1
1.201006,0.024550,1
0.262384,0.312338,1
1.522789,0.544408,1
1.262102,0.874142,1
0.083561,-0.379978,1
1.873829,-0.519966,1
1.705974,-1.137453,1
0.879330,1.153499,1
1.556415,1.300729,1
1.721566,1.426280,1
0.862165,0.719260,1
1.507622,0.639684,1
0.173749,-0.432235,1
0.063079,0.787546,1
1.439013,-0.024056,1
0.688005,-0.366433,1
1.758915,0.695936,1
2.415174,-0.908950,1
2.607725,-2.127978,1
0.908068,0.288257,1
0.090095,-0.117402,1
0.540302,-0.076714,1
1.161215,0.398800,1
0.629808,-0.265076,1
0.178507,-0.434419,1
1.207894,-0.202949,1
1.884003,0.942509,1
0.698003,0.358116,1
0.602542,-0.529218,1
2.106574,0.182403,1
-0.121220,-0.442500,1
1.503566,-0.215201,1
0.415049,-0.619636,1
0.723331,-1.616066,1
0.829837,2.463260,1
2.422972,-1.012867,1
0.411907,-0.072298,1
1.098331,-0.065003,1
1.468548,0.536506,1
-0.253010,-0.047349,1
0.880752,0.355119,1
0.177287,0.226080,1
1.563233,0.967225,1
0.012203,-1.515999,1
1.092604,0.447820,1
2.162452,-0.434867,1
0.884306,0.999430,1
0.415341,-0.175370,1
0.398463,0.778985,1
2.441080,1.249727,1
0.789467,-0.375571,1
1.350314,1.292493,1
0.571029,1.183752,1
1.695090,-0.124851,1
0.043191,0.431436,1
1.733422,0.706215,1
0.761428,-0.244970,1
1.320130,0.648979,1
0.846097,0.343214,1
0.408582,0.964486,1
0.356093,-0.123023,1
1.186355,-1.493651,1
1.714301,0.008456,1
1.861478,-0.481311,1
0.679029,0.932045,1
0.946808,0.802257,1
0.682365,0.136782,1
1.287028,-0.103938,1
0.830231,-0.354111,1
1.446159,-0.792799,1
1.747093,-0.105877,1
2.015124,0.241688,1
0.919593,-1.048276,1
0.445122,1.310331,1
-1.009389,-0.520019,1
0.641613,-1.055945,1
0.858494,-1.026336,1
2.386029,-0.419018,1
1.099421,0.246176,1
2.088997,-0.215787,1
0.184453,0.643246,1
0.288343,0.742465,1
0.058251,-0.764768,1
0.846828,-1.386188,1
0.748678,-0.745064,1
1.122460,0.454047,1
1.774453,1.122990,1
-0.863803,0.529365,1
0.874623,0.127234,1
1.589332,-0.025494,1
0.625676,0.551864,1
0.012923,0.314573,1
0.604545,-0.020793,1
1.489162,-1.826108,1
0.459567,0.424169,1
0.060643,-0.626577,1
0.224066,-0.227128,1
1.501935,1.241467,1
-0.212952,-0.543629,1
0.364775,0.362376,1
0.404191,0.816296,1
0.193796,-0.677751,1
0.813867,-0.732266,1
0.188309,-1.212687,1
-0.775636,-0.292556,1
1.383942,0.118872,1
0.187340,0.506572,1
1.293103,-0.055703,1
-0.741505,-0.225273,1
0.435233,0.830152,1
1.922316,-0.035608,1
3.100459,-0.604392,1
-0.083979,0.355518,1
0.304483,-0.036840,1
0.212285,-0.992584,1
-0.008850,0.912695,1
1.244364,0.909435,1
2.031670,0.637848,1
0.236579,-0.248124,1
1.776512,-0.523121,1
0.523330,0.175152,1
1.549499,0.759296,1
3.007341,0.721680,1
1.431256,-0.934563,1
0.671117,0.940711,1
0.671103,-0.026283,1
1.064574,-0.296364,1
2.031608,1.106403,1
0.279393,-1.617134,1
1.206290,-0.762191,1
-0.543593,-0.619136,1
-0.444054,0.315302,1
1.719048,-0.747688,1
0.987955,-0.634709,1
1.464234,0.214859,1
1.326211,-0.407327,1
0.940316,0.203824,1
0.716297,-0.370997,1
1.752243,-0.226388,1
2.013663,0.468968,1
1.771900,-0.595679,1
1.370395,-0.720625,1
0.483803,0.111616,1
1.209705,0.359100,1
1.783618,0.419679,1
0.381143,-0.755538,1
0.263279,-0.733468,1
1.421649,-1.260642,1
1.305134,1.703999,1
1.728585,0.644103,1
1.226707,-0.695554,1
1.635791,-0.779894,1
-0.418039,-0.283612,1
1.986680,1.061674,1
1.797874,-0.510304,1
0.615878,-0.741395,1
0.155749,0.018988,1
3.147637,-0.173403,1
1.484016,-1.175241,1
1.489677,-0.209396,1
1.457038,0.427327,1
0.593388,-0.021660,1
1.947332,0.372907,1
0.459410,-0.638234,1
0.899930,0.611743,1
1.214916,0.898862,1
0.041223,-1.221644,1
1.092461,0.708700,1
1.149192,0.434568,1
1.006720,0.568002,1
0.780524,0.034316,1
1.457398,-0.190824,1
0.910285,0.118992,1
0.789609,0.638442,1
2.027182,-0.645750,1
2.022202,-0.098827,1
-0.252632,-0.575027,1
0.373661,-0.133207,1
0.348145,0.312683,1
0.000004,0.081963,1
0.516751,0.586753,1
1.136018,0.888833,1
0.959914,0.771065,1
0.903157,-0.504303,1
2.662870,1.358481,1
0.739437,0.578101,1
1.898582,2.297249,1
-0.398106,-0.326274,1
0.731493,0.963289,1
-0.258860,-1.014484,1
1.606161,-1.406275,1
0.141282,0.378680,1
0.372113,0.816486,1
-0.214925,-0.445109,1
0.647506,0.735002,1
0.790175,-0.012147,1
0.328772,0.272743,1
-0.699740,0.057681,1
2.984907,-0.945090,1
1.269575,1.299918,1
1.440647,-1.231986,1
1.726685,-1.353175,1
1.533432,0.825469,1
1.427720,0.279265,1
0.956626,-0.202120,1
1.307503,-0.080814,1
0.247077,-0.646645,1
2.938071,0.672810,1
0.655050,-0.646781,1
1.255797,0.386730,1
-0.818801,-1.240151,0
-2.345786,0.001931,0
-1.250821,0.577227,0
-0.228111,0.301639,0
-2.804032,0.636885,0
-2.822965,0.203173,0
-0.643710,1.211747,0
-1.506461,-0.064037,0
-1.859964,1.660567,0
-0.770960,1.102537,0
-1.147643,0.745290,0
-0.704230,-1.231292,0
-1.147169,-0.134746,0
-1.279733,-1.135919,0
-2.399105,1.136652,0
0.511406,-0.427573,0
-2.046023,0.743994,0
-1.631145,0.665873,0
0.310158,-0.201788,0
-1.209047,0.057203,0
-2.226048,-0.762352,0
-1.061824,1.093738,0
-0.301692,-0.168727,0
-1.439467,0.001750,0
-1.297662,-0.288799,0
-0.409636,0.465780,0
0.561646,1.434674,0
-1.430662,0.021144,0
-1.625834,-0.371468,0
0.627543,0.686340,0
-1.769356,-1.035130,0
-1.630672,0.542230,0
-1.112706,1.407308,0
-2.464594,0.875443,0
0.241086,-0.403218,0
-1.045387,0.530945,0
-0.886979,0.063185,0
-0.662874,-0.057320,0
-1.444276,-2.682410,0
-2.235953,0.760078,0
-1.332585,-0.287910,0
-1.221452,0.625269,0
-1.713191,0.556319,0
-3.120320,0.865223,0
-1.123802,-0.672284,0
-1.163196,0.957640,0
-0.856299,0.004728,0
-0.701811,0.452949,0
-2.352556,-0.336501,0
-1.378580,-0.795091,0
-1.204882,0.064281,0
-1.045649,0.932244,0
-1.215290,0.814740,0
-1.333066,1.616186,0
-2.038693,-0.102493,0
-0.990220,1.709253,0
-0.688720,0.789195,0
-0.519343,-0.811010,0
-2.539133,0.164345,0
-0.828455,-0.024732,0
-0.783223,1.219749,0
-1.328387,-1.598820,0
-1.367777,1.018908,0
-1.732341,-0.292656,0
-1.321271,0.060190,0
-2.467907,0.471610,0
-0.287112,-0.333693,0
0.765160,0.087517,0
-1.713107,-0.169114,0
-1.217952,-0.763902,0
-2.288008,0.680448,0
-1.095233,1.226293,0
-1.310612,-1.205094,0
-2.176641,1.000928,0
-1.268870,1.156047,0
0.055283,-0.030698,0
0.027167,1.036039,0
-0.715476,-1.969085,0
-1.180470,-1.120947,0
-1.452887,-0.606998,0
-1.158690,-0.629271,0
-0.352490,0.633169,0
-1.011203,-1.266241,0
-0.294938,-0.940577,0
-1.361002,-0.360391,0
-0.669603,-0.405565,0
-1.322060,-0.700502,0
-0.538253,-0.995208,0
-0.275038,-0.970778,0
-1.390879,0.645376,0
-0.976287,-0.271138,0
-2.103508,-0.584801,0
-1.986614,0.233645,0
-1.050239,0.954069,0
-1.063032,-0.029780,0
-0.897527,0.889203,0
0.327419,-0.359460,0
-0.670596,-0.135678,0
-1.957395,0.028121,0
-1.294175,1.119521,0
-1.448985,0.920807,0
-1.388980,0.658731,0
-1.554830,1.332670,0
-0.525775,0.109411,0
-1.689300,-0.065384,0
-1.530229,0.773077,0
-0.137335,0.675762,0
-0.385615,0.073654,0
-0.489704,-0.560222,0
-0.097359,-0.712099,0
-0.593275,0.900786,0
-1.384373,-0.398239,0
0.078867,0.060565,0
0.888705,-1.064284,0
-2.212831,0.325157,0
-0.303299,-1.779044,0
-1.604157,-0.063728,0
-0.993885,1.696738,0
-2.454522,-0.662808,0
-1.024785,0.025582,0
-1.046150,0.589167,0
-0.701938,-0.144133,0
-1.928293,1.340198,0
-1.670387,1.077891,0
-0.892069,-0.287238,0
-1.051700,0.926286,0
-0.129391,-0.286545,0
-1.955651,0.521831,0
-1.757351,0.640298,0
-1.228122,0.594535,0
-1.106744,0.139939,0
0.077072,-0.798318,0
-1.572229,0.635675,0
-1.586559,-0.047075,0
-1.250276,-0.952294,0
-1.062373,-0.782734,0
-0.289512,-0.479035,0
-1.476774,-0.200691,0
-2.303939,-0.334778,0
0.321131,-0.496731,0
-0.010662,0.453341,0
-1.797779,-1.061201,0
0.175573,1.177764,0
-0.035539,1.257204,0
-0.400000,0.064756,0
0.116036,0.305667,0
-0.008710,-0.116458,0
-0.232246,-0.911420,0
-1.267645,0.307727,0
-1.745418,-0.783249,0
-0.364435,-0.881485,0
-1.061102,0.325002,0
-2.112423,1.026372,0
-1.365614,-0.799060,0
-2.715592,-0.083290,0
-1.191182,-0.492048,0
-1.673118,1.809258,0
-0.307759,-1.722176,0
-0.577503,-0.287138,0
0.001189,1.189769,0
-1.494658,0.610160,0
-1.487194,-0.209368,0
-1.214027,-0.181197,0
-1.052684,0.558733,0
-0.895906,0.190442,0
-1.397218,0.324747,0
-0.381956,-0.775914,0
-1.404814,-1.382964,0
-1.920742,0.270835,0
-0.776679,0.193963,0
-0.057809,0.444690,0
-0.716324,-0.215286,0
-2.428223,-0.089174,0
-0.212774,0.497434,0
-0.575099,-0.696804,0
-1.155649,-0.332003,0
-1.289426,0.679759,0
-0.226451,0.125663,0
-1.446999,0.044210,0
-1.980479,-1.763780,0
-1.728096,0.469051,0
-0.266732,-0.097936,0
-1.156426,-0.245947,0
-0.297934,1.802013,0
-0.943721,-0.210399,0
-0.276234,0.172328,0
-1.691238,0.097890,0
-2.229709,-0.153895,0
-1.900201,-0.309159,0
-2.059944,0.562868,0
-1.432429,1.909552,0
-0.956107,-0.161247,0
0.179279,-1.357454,0
-2.106840,0.449362,0
-0.042365,-0.636950,0
-0.689256,-0.693133,0
-0.639695,-0.574006,0
-1.698711,0.286991,0
-0.870102,-0.383279,0
-1.823765,2.021270,0
-0.492318,-0.679747,0
-1.431808,0.523646,0
-1.518874,0.060575,0
-0.221218,0.808242,0
-1.127642,-0.342999,0
-1.579764,1.484126,0
-0.185045,-0.186451,0
-1.417298,0.022170,0
-1.719397,-0.928894,0
-0.009846,-0.385522,0
-0.088651,0.631098,0
-0.024805,1.302455,0
0.074656,0.578922,0
-0.384456,-0.204317,0
1.423390,1.405245,0
-1.776552,0.457760,0
-1.938352,0.547890,0
-1.822162,0.040271,0
-0.498811,-0.421819,0
-1.365574,-0.905334,0
-0.907937,-0.209404,0
-1.070285,-0.551378,0
-1.248159,0.018268,0
-2.272622,1.278392,0
-0.875758,-0.987429,0
-0.809096,0.315030,0
-0.688714,0.167260,0
-0.342699,-0.511789,0
-0.749971,0.009917,0
-1.126255,-0.414267,0
-2.435242,-0.730398,0
-0.955217,0.392323,0
-1.119482,-0.585409,0
-1.856819,-1.567423,0
-3.026215,0.278134,0
-1.791235,-0.073466,0
-0.568595,0.781670,0
-0.480802,0.358162,0
-0.683785,-0.677468,0
-1.519574,0.319932,0
-2.127288,-0.173242,0
-1.077414,1.709968,0
-1.373077,-0.590216,0
-1.840164,-0.322008,0
-1.061053,-0.084782,0
-1.936327,1.436415,0
-0.509647,-0.138880,0
-1.118711,1.229830,0
-0.834292,-1.306262,0
-0.000939,-0.054791,0
