1.884371,2.172253,1
1.223125,2.361339,1
0.501611,-0.660342,1
1.978207,-0.072911,1
2.193197,2.272784,1
1.832744,1.050696,1
0.278876,1.600538,1
1.208901,1.257020,1
2.907250,1.360415,1
1.946907,0.690473,1
-1.060745,1.905698,1
2.219319,0.102459,1
1.093202,0.777462,1
1.777559,1.454774,1
1.619701,0.966261,1
3.261249,-0.361024,1
-0.049559,1.290096,1
0.799751,1.663959,1
0.666062,2.093731,1
0.313615,2.347364,1
3.335351,1.744164,1
1.028272,3.571153,1
0.194269,1.299621,1
-0.120782,0.748111,1
0.508285,0.048337,1
-1.014449,2.409679,1
0.442938,2.862043,1
1.301348,2.064679,1
-0.912238,1.843293,1
1.843281,2.403751,1
1.202171,2.216899,1
-0.140418,0.500364,1
2.093378,-1.005282,1
2.385001,0.679199,1
2.663150,1.050670,1
1.110558,1.837088,1
2.991599,1.453814,1
2.064460,1.554909,1
1.076750,0.831141,1
0.214325,2.656994,1
1.071792,1.160364,1
1.521374,0.691690,1
0.317219,1.097842,1
1.133098,1.193802,1
2.211371,2.358021,1
3.594232,0.349614,1
-1.049731,1.543046,1
1.403136,1.229547,1
-0.254083,0.880351,1
-0.166252,1.283534,1
0.733798,1.096959,1
2.853968,2.744460,1
0.548244,3.040853,1
2.369779,0.097904,1
0.032536,-0.424339,1
0.751966,-0.009956,1
0.211526,0.485107,1
2.096466,0.923855,1
2.235113,1.311791,1
1.618313,1.943168,1
0.325326,3.718592,1
2.483082,0.791398,1
0.822529,0.858626,1
2.772409,1.281178,1
3.226064,0.050596,1
0.778019,1.254146,1
0.933233,1.028336,1
1.036735,0.457815,1
1.211476,1.076224,1
2.065558,2.052113,1
0.477594,0.256739,1
0.541484,-0.474704,1
2.175467,2.055998,1
2.916078,1.492834,1
1.710626,0.713930,1
1.068993,0.108810,1
1.366085,2.285982,1
-0.420232,1.404545,1
0.981704,1.951894,1
-0.038827,-0.614048,1
0.146346,3.408077,1
1.098765,2.149847,1
-2.166071,1.259909,1
2.038595,0.894467,1
0.342374,0.953424,1
-0.040924,1.272173,1
-0.015391,1.311447,1
0.858425,1.189127,1
0.249704,0.410815,1
1.125009,1.401448,1
3.230064,1.303993,1
1.568614,1.777068,1
0.512661,-0.297271,1
-0.181298,4.791469,1
2.160244,1.152793,1
1.736007,0.753481,1
1.710812,1.627564,1
1.665496,2.284383,1
0.882601,-1.511115,1
0.913272,0.242247,1
1.200481,1.332665,1
0.526821,0.239603,1
1.578017,2.048036,1
1.351311,2.842522,1
2.609497,0.523951,1
2.131967,0.960608,1
0.824571,-1.841132,1
0.731446,1.215826,1
1.144034,0.039648,1
2.353137,1.285395,1
0.070620,1.354184,1
2.140950,1.068318,1
1.044116,-0.917081,1
0.546742,0.708268,1
1.092437,2.317767,1
2.464020,-1.681833,1
2.796204,1.062136,1
0.232446,1.076003,1
1.656643,1.830248,1
0.758159,2.266259,1
0.865159,0.337076,1
1.751829,-0.809412,1
-0.396950,1.071374,1
-0.211825,0.516788,1
1.498520,1.264977,1
-0.044123,1.039323,1
1.116929,1.114801,1
0.487987,0.510991,1
1.457211,-0.068405,1
-1.715200,1.157994,1
1.864546,-1.251845,1
1.689531,1.020354,1
2.129420,2.198126,1
2.562121,0.372174,1
-0.760906,0.292536,1
1.648736,1.155674,1
0.444595,2.086740,1
3.498919,1.087943,1
2.051999,-0.113124,1
0.930089,-0.952489,1
-0.771255,-0.336086,1
-0.594955,1.420924,1
-0.599028,3.774937,1
1.726007,-0.506716,1
2.093159,-0.296652,1
1.755274,-0.491089,1
0.307844,0.042667,1
3.435917,0.226275,1
1.581952,-0.372010,1
1.076051,1.948128,1
-0.298245,1.400461,1
-0.438442,1.503175,1
1.220820,0.368437,1
1.130284,-0.434057,1
-2.562921,0.652980,1
0.237148,1.628516,1
0.906951,2.230988,1
1.357587,1.380149,1
-0.309595,-0.229944,1
0.686009,0.027745,1
2.459147,0.020214,1
0.300728,-0.416680,1
1.157080,-0.323933,1
-0.400629,-0.205661,1
1.378366,0.508187,1
1.491108,-0.155064,1
1.666643,1.550053,1
0.106499,0.538219,1
0.989547,2.474791,1
2.117687,1.349351,1
1.309584,1.060319,1
1.342079,2.625205,1
3.275225,1.076850,1
-0.028145,1.069540,1
0.903857,-0.012466,1
0.645186,-0.579456,1
0.054802,-0.513728,1
2.210808,2.704662,1
1.665987,0.907588,1
1.499877,0.787004,1
-0.969023,-0.443000,1
0.739608,1.515968,1
4.746069,1.929596,1
1.651870,1.092118,1
0.366425,0.568892,1
-0.705864,0.512505,1
-1.858139,-0.101070,1
0.551186,2.095442,1
3.882701,-1.330601,1
-0.401423,1.244353,1
1.875452,0.063241,1
1.106011,2.405450,1
2.742853,0.350397,1
-0.129559,-0.821224,1
0.463098,-0.576116,1
0.616992,0.936850,1
0.417106,-0.842814,1
-0.791147,0.741359,1
0.443982,0.375746,1
2.857293,1.091214,1
1.620582,1.897610,1
2.008673,0.632543,1
-0.524138,0.076535,1
1.237345,0.597801,1
1.110315,1.900620,1
-0.218558,1.794619,1
1.411972,2.557376,1
1.144165,0.439004,1
2.077145,-0.341967,1
1.214629,1.145165,1
1.629999,0.176079,1
2.895526,0.163431,1
0.927027,1.250041,1
1.434861,0.017461,1
0.808236,2.874959,1
0.054001,0.474026,1
0.562425,0.062824,1
1.718523,1.549665,1
-1.049632,2.280206,1
0.510463,0.410607,1
-0.577942,0.560061,1
1.172391,2.947563,1
2.195670,1.976947,1
-0.065970,2.402355,1
-1.362647,1.243165,1
0.618682,1.354658,1
-0.710016,1.318568,1
2.266913,0.591185,1
2.184112,0.585023,1
0.219904,2.950697,1
0.775771,2.969797,1
2.169732,0.332871,1
0.283125,-2.216517,1
-0.166372,-0.055448,1
0.952645,2.450953,1
-0.554877,2.474411,1
0.418345,1.317812,1
1.492293,1.353472,1
0.201668,1.389298,1
2.684751,1.001686,1
1.572034,1.480228,1
1.278470,0.500079,1
1.890336,2.070335,1
-1.164208,1.820131,1
-0.652869,1.807307,1
1.001114,1.613294,1
0.550719,1.481704,1
0.381121,1.427666,1
-0.936548,2.388420,1
0.426656,0.260895,1
0.034265,-0.554667,0
-1.478422,-1.189331,0
-1.809041,-0.364699,0
0.343264,-1.628905,0
-1.642116,-1.493692,0
0.046985,-2.152721,0
-0.972504,-0.770032,0
-0.211678,-1.439389,0
-1.290084,-2.252637,0
1.177486,-1.656568,0
-2.438178,-2.021951,0
-1.083191,-0.445116,0
0.236284,0.746952,0
-2.005191,-0.845841,0
-1.630995,-1.447732,0
-3.086586,-0.251286,0
-2.558613,-0.947282,0
-0.892956,-0.269252,0
0.908561,-1.765567,0
-0.026118,-1.462731,0
-1.843752,-3.410013,0
-0.548465,-2.826634,0
-0.767090,-0.697157,0
-0.171231,0.016319,0
-1.680348,-1.156247,0
-0.382801,0.418747,0
-0.673018,-1.361917,0
-1.753133,-1.568280,0
-0.608567,-1.109002,0
1.324068,-0.635362,0
-3.504089,-1.995270,0
-1.302054,-0.100150,0
1.033409,-0.071219,0
-1.324421,-3.063116,0
0.224690,-1.106525,0
-1.283958,-1.344774,0
-0.840102,-0.903088,0
-0.520387,-1.379804,0
1.160952,0.678033,0
-1.084870,-0.535947,0
-1.031852,-3.440076,0
-0.784190,-1.608184,0
-0.591500,-2.374672,0
-1.796420,-1.724696,0
-1.446818,-0.012728,0
-1.019748,-1.468763,0
-0.933882,-0.222896,0
-1.956013,-3.266546,0
-0.166390,-0.816513,0
-0.568348,0.249518,0
-1.777092,-0.720688,0
0.072825,-0.417447,0
-1.978918,-1.916406,0
-2.985597,-1.548891,0
-0.951016,-2.126146,0
0.630183,0.068415,0
-0.798898,0.913803,0
-0.418697,-1.362823,0
0.214966,0.041121,0
-1.718794,-0.630587,0
-0.888332,-0.828536,0
0.565082,0.457556,0
-1.307328,1.677085,0
-2.068722,0.198043,0
-0.518999,-0.526770,0
-2.252472,-1.696921,0
-0.084300,-1.488284,0
-0.578759,0.172688,0
0.408464,-1.955236,0
-0.964869,-0.651571,0
-1.564776,-0.280261,0
0.359663,-2.204779,0
-0.903389,-1.489755,0
-0.102958,-0.181628,0
-0.677721,-0.307000,0
-2.029551,-1.206440,0
1.239483,0.973260,0
-0.465160,0.899928,0
-1.881169,-1.220568,0
-0.629972,1.311019,0
-2.606689,-1.024577,0
-1.511374,-1.716447,0
-1.007004,-1.237357,0
-1.235510,-2.301733,0
-0.362816,-1.161626,0
-2.201328,0.533001,0
-0.248621,-1.127612,0
-0.875621,1.209695,0
-1.887829,-0.145799,0
-2.350041,0.845405,0
-2.671563,-2.791173,0
0.743107,0.458588,0
-0.996826,-2.202447,0
-2.381192,0.404289,0
-1.684698,-0.477629,0
-0.807461,-1.226325,0
-2.367579,-0.684012,0
-0.869355,-1.856874,0
0.058819,0.048568,0
-1.073923,-1.637407,0
-1.636781,-2.014401,0
-0.757299,-3.099894,0
0.169067,-1.080373,0
-0.571403,0.017948,0
-2.961235,-1.807810,0
-0.639141,1.171308,0
-1.688387,-0.278977,0
-1.017945,-3.429572,0
-2.539637,-3.464108,0
-1.449570,-1.908918,0
-1.239314,0.281545,0
-0.573772,-0.650573,0
-2.980722,-0.594922,0
1.093552,-2.297323,0
1.037500,-1.827463,0
-0.701483,-1.333096,0
-0.956088,-0.937742,0
-1.907143,-2.047038,0
-0.806761,-1.058972,0
0.281426,-1.396449,0
-1.236362,-1.443795,0
1.159729,-2.734837,0
0.920798,-1.292220,0
-0.643120,-1.273621,0
-1.041202,0.953472,0
-0.915418,-1.276637,0
-0.310727,0.021533,0
-1.921237,-1.277460,0
-2.762012,-1.961602,0
0.228345,-0.210523,0
-0.015202,-0.171192,0
-0.538591,-0.824943,0
-1.014079,-0.103753,0
-1.213394,1.267551,0
-1.065086,-2.042663,0
-2.292336,-2.534233,0
-1.370973,-0.815944,0
-1.012375,-0.532742,0
-0.615723,-0.662803,0
-3.139772,-2.494162,0
-3.560858,0.439905,0
-2.501559,-0.678604,0
-1.923880,-0.640412,0
-2.821369,-0.807783,0
-2.614180,-1.808808,0
-1.181352,0.157372,0
-0.714300,-0.873146,0
-0.275057,-0.081733,0
0.743459,-3.506017,0
-0.568471,-0.366252,0
0.300337,-0.871905,0
-1.804917,-1.745206,0
-1.304087,-0.698251,0
-2.235943,-1.833403,0
-0.296447,-0.537459,0
-2.266398,-1.505851,0
1.053080,-1.361551,0
-1.633300,0.764414,0
-0.810656,-1.293110,0
-0.566056,0.037873,0
-1.547099,-0.741084,0
-3.365301,-0.244861,0
-1.029263,-1.006720,0
-1.926591,-2.330882,0
-2.457006,-1.398963,0
-1.523679,-2.141144,0
-2.476684,-2.920972,0
-2.621952,0.491676,0
0.168207,-1.716979,0
-4.744972,0.672772,0
-1.800676,0.596984,0
-0.331058,0.159546,0
0.056533,0.174397,0
-2.193414,-1.600016,0
-1.420644,-0.917114,0
-0.290442,-0.100272,0
-1.562670,-1.668852,0
0.322813,0.177646,0
0.123949,0.709800,0
-0.555458,0.261932,0
-1.671474,-1.483906,0
-1.761393,-0.726565,0
-1.574220,1.009775,0
-0.086982,-4.486254,0
-0.590918,0.340597,0
-0.762592,-1.314512,0
-0.361053,0.648610,0
0.926739,-0.959953,0
-1.629396,-3.492589,0
-2.553011,-0.198592,0
0.132893,-1.611666,0
-0.929349,0.309109,0
0.446455,-1.455550,0
0.450507,-0.897893,0
-2.054858,-0.570836,0
-2.400837,0.028474,0
-2.865708,-1.000613,0
-0.288708,-1.340419,0
-1.688840,-0.341096,0
-2.406471,-1.025014,0
-2.167480,-1.244094,0
-4.080704,-2.162824,0
-2.571466,2.213048,0
-0.669016,0.060260,0
-1.438790,0.142923,0
0.288422,-1.469146,0
0.184576,-1.697680,0
-1.449196,-1.085023,0
-1.246526,-0.813175,0
-1.468649,-0.870460,0
-1.183849,-1.949455,0
1.543762,0.230564,0
0.444497,-0.133420,0
0.154361,-2.066823,0
-0.091641,-2.137333,0
-2.485393,-1.992910,0
-0.956168,1.475646,0
-1.619618,-0.258943,0
-2.216654,-1.834851,0
-2.476892,-1.614092,0
-2.794159,-2.005193,0
-0.618035,0.171715,0
-0.092830,-0.735412,0
0.200068,-0.999449,0
-0.115538,-2.139574,0
-0.678114,-1.417445,0
-3.098220,0.281569,0
-0.288710,-0.985416,0
-0.681344,0.554408,0
0.042406,-0.355545,0
-1.266056,-1.185687,0
-1.634243,0.155168,0
-0.077311,-1.857801,0
-1.054891,-0.794666,0
-2.286283,-1.060621,0
-0.827692,-1.330475,0
-1.685270,0.683590,0
-0.852287,-1.931296,0
-0.674490,-1.125545,0
-0.361036,0.253417,0
-0.002513,-2.983548,0
0.870838,-3.021040,0
-0.189346,-1.679095,0
0.460645,-0.335607,0
0.113670,-2.796987,0
-2.090739,-0.583934,0
-1.778123,-0.443320,0
-1.679636,0.696527,0
0.120251,-2.632517,0
-2.031431,-2.684925,0
