1.803611,1.117109,1
0.363095,3.154490,1
1.865308,0.506357,1
0.950152,2.157033,1
2.447038,-1.408559,1
0.603506,-0.440814,1
0.745202,0.380524,1
-1.004971,0.761241,1
3.578343,2.215798,1
1.193335,-0.760407,1
1.078569,-0.531938,1
2.239113,0.530706,1
0.668315,0.706261,1
1.636508,0.447791,1
1.868975,0.929594,1
1.540873,0.243386,1
-0.752296,1.279119,1
0.782332,1.366887,1
2.464087,-1.042146,1
1.506164,0.732075,1
-0.035188,0.753752,1
0.545458,1.791548,1
0.092466,2.224324,1
0.942626,1.084520,1
0.806492,1.035231,1
3.501450,-0.173918,1
0.652426,-0.486482,1
-0.096452,-0.226198,1
2.853854,0.217378,1
1.708197,0.792075,1
0.872027,-0.228322,1
3.010836,1.722098,1
2.129861,0.507902,1
1.326382,0.626906,1
1.218843,0.407877,1
1.427227,1.150506,1
0.884407,0.324767,1
0.665454,1.279539,1
-0.863476,0.683055,1
1.198445,1.798175,1
1.348849,1.157193,1
1.577836,0.031648,1
-0.305394,1.212468,1
1.377260,0.394021,1
2.057282,-0.264737,1
1.548267,0.767919,1
1.595788,0.028207,1
0.981931,0.842049,1
0.265837,2.303972,1
1.001517,0.621861,1
1.540304,0.900835,1
-1.080563,1.244203,1
0.714014,-0.006287,1
1.275616,2.217755,1
1.479184,3.365727,1
-0.949887,-0.776290,1
1.189303,1.122909,1
0.979779,-0.224131,1
3.480471,0.741805,1
-1.728579,0.404122,1
0.444698,1.162766,1
2.866445,0.958635,1
-0.637422,2.374131,1
0.683720,1.762707,1
1.676373,0.132187,1
2.261896,-0.588981,1
-1.150982,0.433473,1
2.608149,-1.206736,1
2.298452,0.693403,1
1.312186,1.231868,1
1.264296,-1.589160,1
0.762800,2.317220,1
1.373859,-0.326542,1
1.930371,2.220707,1
2.035127,-0.400204,1
1.738587,2.281625,1
-0.020508,2.536401,1
0.356575,3.305170,1
0.928678,1.413761,1
-0.094000,0.478149,1
0.538358,0.649063,1
2.341310,-0.569259,1
3.271069,-0.031937,1
2.260504,1.343664,1
0.224375,1.969267,1
1.477302,-1.110858,1
0.178254,1.263406,1
2.072822,0.756846,1
3.439251,0.218586,1
1.247585,0.614053,1
0.995855,1.378460,1
-0.168288,1.266397,1
1.793259,0.122933,1
1.566933,0.492162,1
2.055743,1.427047,1
1.077112,-1.088123,1
1.954180,3.003282,1
1.137428,2.332672,1
-0.796832,1.648264,1
-0.270359,-0.432794,1
0.633168,0.060949,1
-0.034531,2.314251,1
1.141354,-1.211776,1
0.510620,-0.326009,1
0.851998,2.143970,1
1.384848,1.908405,1
0.423209,0.134918,1
0.724614,2.820822,1
-0.819547,0.843657,1
4.609675,0.885694,1
1.508752,-0.127924,1
1.900297,1.901702,1
1.877971,2.375799,1
-0.732965,1.239438,1
3.139782,0.311240,1
1.555167,0.810345,1
2.270193,0.873205,1
0.560610,0.556999,1
-0.467690,1.782547,1
0.508869,1.364070,1
1.998356,1.230826,1
0.880103,0.459819,1
0.103467,-0.430387,1
0.445828,0.599664,1
1.400281,-1.996026,1
-0.831850,2.299058,1
2.062511,1.894257,1
1.087414,0.972194,1
0.419476,2.397040,1
2.522169,0.382075,1
0.341361,2.660311,1
1.606457,0.514692,1
0.944441,1.757966,1
0.018556,1.281218,1
2.980674,-0.712869,1
0.935791,1.642980,1
-0.795679,1.994786,1
-1.256334,-0.656026,1
0.975236,1.107866,1
1.358849,1.872033,1
1.142984,0.137919,1
-0.913253,1.297463,1
-0.080204,-0.001133,1
2.038290,-0.401444,1
2.291149,1.764667,1
1.502538,-0.238560,1
-0.039900,2.609154,1
2.140155,-0.288347,1
-1.049213,1.458005,1
0.827751,0.843267,1
0.121214,0.211530,1
0.177427,1.023161,1
0.820262,0.292176,1
1.850761,2.114453,1
0.948452,3.528628,1
-2.317173,0.932461,1
1.269950,1.342105,1
0.358851,-0.859571,1
1.119634,-0.097225,1
1.671186,-0.505930,1
2.013226,-0.255974,1
2.436637,1.108464,1
2.733299,-0.507094,1
3.326184,2.848006,1
0.742687,-0.794361,1
2.570958,0.566468,1
1.176368,1.697373,1
1.980143,1.816620,1
0.202124,1.043518,1
-0.874868,0.444702,1
2.878977,2.031824,1
1.614510,2.100831,1
-0.174175,1.867450,1
0.384939,1.312701,1
-1.165219,-0.130687,1
0.807522,1.845639,1
1.446239,0.931468,1
2.187124,3.548767,1
1.683791,1.320953,1
-0.317078,0.505982,1
1.809538,2.452894,1
1.291436,0.043403,1
1.920871,0.827203,1
1.885748,-0.494968,1
0.436600,-0.241729,1
0.025740,0.431344,1
1.137675,-1.155931,1
1.620615,1.944062,1
2.085931,-2.334198,1
-0.112666,2.746800,1
1.874675,0.702440,1
1.278281,1.608021,1
0.621299,0.611863,1
1.712228,1.376876,1
-0.919626,0.109653,1
0.942957,2.790998,1
1.072529,3.369951,1
1.380996,0.932483,1
1.567298,0.119324,1
-0.235222,2.033645,1
0.071759,0.063298,1
0.735128,1.250719,1
1.930257,1.230404,1
1.450257,-0.252120,1
1.619213,3.437129,1
0.474433,1.715636,1
-1.148957,1.451684,1
1.671749,1.545438,1
0.299875,1.913871,1
1.183701,2.598023,1
3.249937,2.336338,1
1.075619,2.327200,1
2.176247,2.618112,1
-1.742520,3.167450,1
3.459525,2.026747,1
1.449789,-1.052243,1
3.092642,-0.148552,1
1.640272,1.489389,1
-0.333617,1.621471,1
0.407515,0.745981,1
1.524000,-0.430122,1
-1.799349,1.473863,1
-0.349941,0.684320,1
0.422781,2.752211,1
1.786737,2.570192,1
0.044081,0.473062,1
2.470279,1.139269,1
1.042178,1.756257,1
0.502185,-0.640110,1
0.915665,1.238453,1
-0.266243,0.840779,1
1.052792,3.507388,1
0.689513,1.859599,1
1.450946,0.862296,1
2.015651,1.136029,1
0.843376,2.392260,1
1.654543,0.940011,1
2.455595,-1.704774,1
-1.129556,1.308379,1
1.058935,1.328317,1
-0.010904,0.624178,1
1.239452,1.145137,1
0.826192,2.350672,1
1.186656,1.284964,1
1.215201,-0.227066,1
1.448856,2.488856,1
2.190899,1.619486,1
1.559664,-0.149440,1
0.536264,0.903604,1
-0.530115,1.351440,1
1.059049,0.578698,1
3.019956,-0.872558,1
2.074176,0.351282,1
0.762182,0.801345,1
1.188987,2.299280,1
1.114092,0.169305,1
1.516894,1.876091,1
1.711685,1.991458,1
3.084266,0.712217,1
1.438017,1.560818,1
0.805073,2.557723,1
1.508379,-0.669285,1
0.745158,2.814941,1
0.400417,1.450246,1
-0.556355,0.992265,1
1.643384,0.092296,1
1.655909,1.263728,1
1.190977,1.964153,1
1.273309,0.387925,1
-0.924488,-0.041605,1
2.185656,-0.986119,1
1.016055,0.917358,1
0.376278,0.372347,1
-0.563932,2.326815,1
-0.191685,-0.494437,1
-0.912404,1.547548,1
-0.335162,0.885505,1
2.532012,1.535248,1
0.774506,1.340096,1
0.041206,1.796247,1
2.217086,2.011447,1
0.686103,0.513230,1
2.934939,1.158240,1
1.953408,0.996028,1
1.818606,-2.494443,1
-1.378125,1.187531,1
2.163952,2.416568,1
-0.290553,0.827618,1
2.083463,0.657953,1
1.174809,1.337978,1
-0.307044,2.184208,1
2.632952,2.374877,1
-0.622050,1.763850,1
1.553008,-1.438946,1
2.172696,0.030975,1
2.456575,0.532321,1
1.881926,3.081377,1
1.218685,0.025581,1
0.131914,-0.686513,1
1.119368,0.985037,1
3.179662,0.213352,1
2.119386,0.881149,1
-0.007275,1.775298,1
1.674030,-0.000271,1
1.505636,0.459740,1
1.914961,1.298756,1
-0.272438,0.654072,1
-0.000592,0.744883,1
1.022888,2.556412,1
1.949605,-0.283672,1
-0.090039,-2.307850,1
-0.055030,1.900866,1
1.870712,-0.328726,1
1.505440,1.416896,1
-0.066061,0.970558,1
0.871975,1.549058,1
0.376002,1.448014,1
1.312145,0.804557,1
2.365799,0.390260,1
2.289607,0.634355,1
0.918398,0.377040,1
1.107529,0.994072,1
2.294556,0.422161,1
0.703747,1.231574,1
-0.156099,1.215846,1
0.772854,1.075185,1
1.870366,1.156299,1
1.301853,0.822837,1
-1.445624,0.697346,1
0.319272,-0.534050,1
-0.037717,0.888777,1
0.870584,1.212585,1
1.171889,1.480082,1
0.776033,0.971478,1
0.873002,0.869375,1
0.128007,-0.453155,1
2.232274,1.154043,1
0.960829,-0.091077,1
-0.068378,0.227719,1
2.227060,1.022619,1
0.793004,-0.541709,1
0.555967,0.443668,1
1.140663,-0.906890,1
-2.034854,1.221641,1
1.196584,1.196301,1
0.826462,0.897374,1
1.009034,0.476457,1
1.890678,1.419302,1
0.370296,0.898616,1
0.858284,0.943687,1
1.212802,1.305763,1
0.303962,0.861676,1
-0.059696,-1.365411,1
-1.328475,2.540441,1
2.642129,0.839366,1
2.201963,1.568382,1
1.095344,0.269793,1
-0.926207,1.499849,1
0.945543,1.575432,1
-0.154032,2.212147,1
1.683289,2.203138,1
0.773048,2.214418,1
1.385285,-0.781371,1
1.559796,1.957705,1
1.435424,1.423259,1
0.973192,2.888214,1
0.801614,0.264192,1
0.667449,1.756267,1
1.383075,0.828401,1
1.117814,1.134832,1
0.055833,1.045772,1
-0.259039,0.456084,1
0.231366,1.748325,1
-0.632887,0.109289,1
2.143147,0.804090,1
2.636602,2.354614,1
3.701458,0.958263,1
-0.022394,-0.163551,1
2.877634,-1.226323,1
1.103233,2.365610,1
-1.098275,0.243848,1
-0.328891,1.207677,1
-1.089951,1.386163,1
2.742371,0.357607,1
1.175358,0.309747,1
1.577059,0.886227,1
0.007119,-0.925047,1
2.975393,0.759391,1
0.792328,2.625121,1
-1.459744,2.673891,1
0.215746,1.169147,1
0.847414,2.491994,1
-1.365842,0.129428,1
2.334738,1.091308,1
0.790045,2.229141,1
0.104101,2.255921,1
2.933996,1.511365,1
2.080990,1.209869,1
-0.053460,0.730737,1
0.902775,2.738307,1
0.392573,2.624305,1
0.486136,0.851331,1
1.673783,3.005441,1
3.270042,1.451048,1
2.032044,-0.581063,1
0.500448,0.097841,1
1.887885,2.344163,1
-0.127379,2.027568,1
0.246925,0.416492,1
1.434723,1.092390,1
0.648891,0.295438,1
1.534146,-0.102329,1
-0.585648,-0.502280,1
-0.512139,2.702101,1
1.468921,1.006447,1
-0.128533,-0.005536,1
1.762413,3.333108,1
0.940753,-1.769789,1
1.322085,1.757946,1
0.300184,-1.340010,1
-0.353470,1.315211,1
0.142283,1.604813,1
1.327054,0.674074,1
0.357976,1.250641,1
0.941275,-1.809359,1
2.502237,1.056301,1
-0.638018,1.627116,1
0.672751,2.084366,1
1.607051,0.571336,1
1.086949,1.121891,1
0.202783,0.495222,1
1.572927,0.161345,1
0.194725,1.293607,1
1.025783,-0.110176,1
0.842460,1.329145,1
0.824272,0.749227,1
-0.666140,1.654085,1
-0.663621,0.059267,1
1.769487,1.676012,1
0.489748,1.329134,1
-0.401772,3.186720,1
1.034040,-0.287743,1
0.914712,3.199679,1
1.440042,1.026914,1
1.423995,1.236721,1
2.542620,0.973219,1
1.635952,0.874015,1
1.796979,-0.659051,1
0.005967,2.488111,1
0.442969,2.375610,1
1.856681,0.975420,1
1.953177,-1.985485,1
0.889974,1.131600,1
-0.975425,1.113979,1
1.493708,1.670670,1
-0.056400,2.760181,1
2.167414,2.199013,1
-0.719760,-0.464554,1
1.371451,-0.190222,1
0.790345,1.893579,1
-0.094866,1.473044,1
2.372421,0.114852,1
1.512905,0.129584,1
1.050001,0.468089,1
1.557712,2.373891,1
1.104471,-1.320351,1
3.585752,1.170037,1
-0.741828,1.491072,1
1.091284,1.697804,1
3.050024,1.826941,1
2.619086,-0.210857,1
-0.863320,1.236794,1
1.486743,2.065726,1
1.370433,2.803796,1
2.127135,-0.310389,1
-0.253704,0.810912,1
1.229480,-0.686953,1
0.459346,0.883492,1
1.850378,1.019348,1
1.194902,0.611983,1
2.324181,1.541054,1
1.619181,1.741110,1
3.693108,0.889759,1
0.027969,-2.241230,1
1.053906,1.727991,1
-0.659235,-0.106933,1
-0.288158,0.091082,1
1.416915,1.392003,1
2.185098,-1.152920,1
0.778850,1.187807,1
0.749559,1.810612,1
1.197187,0.384344,1
0.540225,0.477217,1
2.596020,0.458168,1
0.818341,-0.258048,1
2.164677,1.619768,1
0.445772,1.854275,1
-0.532036,3.517251,1
-0.095345,-0.642877,1
2.732441,0.347818,1
1.034877,0.999509,1
0.813363,-1.038707,1
-1.305163,2.017315,1
1.677498,0.861270,1
2.508244,0.534057,1
2.371257,1.629406,1
-0.305041,2.491760,1
0.349450,0.350998,1
-0.056634,1.071454,1
1.132170,0.077679,1
0.922633,-1.129616,1
1.427403,2.285336,1
-0.462354,-0.348461,1
0.679512,1.825669,1
0.462069,0.704216,1
1.228826,-0.899017,1
-0.395359,1.215206,1
1.972901,0.241266,1
1.099304,1.922904,1
1.440880,2.353980,1
1.028361,2.881479,1
0.768462,0.086278,1
1.768167,0.607184,1
0.810384,0.320746,1
-1.474289,-0.873386,1
-0.966482,2.554645,1
1.879219,0.244995,1
-0.663323,-0.130680,1
-0.193355,-0.278722,1
0.284931,0.513118,1
0.901800,0.062261,1
1.415001,1.157983,1
-0.923971,0.345132,1
1.470809,0.861108,1
0.206457,-1.476223,1
0.774172,2.648047,1
-1.020141,1.831696,1
-1.038461,1.924832,1
0.138418,2.694790,1
-0.432367,-0.111479,1
1.642172,2.047276,1
0.360307,2.499998,1
0.761720,1.499689,1
-0.737530,1.576729,1
1.959810,2.211449,1
0.173909,1.580596,1
1.303663,1.878140,1
-0.690967,0.030884,1
1.142558,1.518363,1
0.419293,0.862729,1
2.093956,0.845851,1
1.188476,3.020053,1
1.002944,0.644405,1
0.088631,0.944583,1
2.901402,2.188267,1
1.937476,0.060202,1
0.601268,-1.030776,1
1.534180,0.708333,1
1.793419,2.459391,1
0.977779,0.979302,1
1.341736,2.222781,1
0.627135,1.858132,1
-0.064887,1.701984,1
0.137089,-0.186640,1
0.198254,0.885324,1
2.620686,-1.245700,1
4.554732,-0.049869,1
1.810519,1.582913,1
1.879426,1.916442,1
2.240393,2.341212,1
-0.022861,-0.768607,1
0.241712,0.202263,1
1.001935,1.200925,1
1.022218,1.767877,1
0.877561,0.489274,1
-0.893564,1.029739,1
-1.145263,1.493044,1
0.877045,1.575315,1
-0.338602,0.523671,1
2.179693,0.805906,1
0.116139,1.627490,1
-0.459403,-1.503121,1
1.034001,0.531539,1
1.542155,-0.487573,1
-0.205592,1.379650,1
1.962864,2.566767,1
2.158882,1.457742,1
1.595266,2.447291,1
-0.277125,-0.226652,1
2.383620,2.125188,1
0.276185,0.545737,1
0.958488,1.707336,1
1.485157,1.541884,1
2.035689,-0.043199,1
1.174494,2.369201,1
1.324614,1.890939,1
-0.046536,1.680735,1
0.848539,0.322329,1
-0.496760,-0.087119,1
1.730354,-0.095803,1
3.523132,0.834119,1
1.628228,2.834787,1
0.836355,0.488243,1
0.776361,0.443775,1
1.742962,0.130038,1
1.123724,-1.928995,1
1.036303,-1.032003,1
-0.009647,0.346821,1
-0.420696,1.042531,1
1.937279,0.986633,1
0.966388,1.255402,1
0.209544,1.215157,1
0.406884,-0.185637,1
-0.966810,2.349152,1
-0.115979,0.702845,1
1.079793,-0.311404,1
2.855237,0.950201,1
0.946432,0.674816,1
0.751259,0.588773,1
0.295282,1.117777,1
0.608478,2.318246,1
2.102656,1.292143,1
-0.107025,1.234462,1
0.430885,1.617810,1
0.727903,0.290632,1
1.604927,-0.716517,1
1.656671,0.863559,1
1.210798,2.225166,1
2.272185,2.319084,1
0.558454,2.887383,1
1.800292,0.284841,1
2.601011,0.986769,1
0.945683,1.901918,1
2.626922,0.225142,1
1.153185,-1.040151,1
1.282707,-1.043319,1
0.771371,0.086081,1
1.070616,2.767496,1
0.974162,2.227491,1
1.045434,-1.944524,1
1.993032,1.945497,1
1.041390,0.359863,1
0.846545,0.307640,1
1.149582,2.214720,1
0.552911,1.410577,1
0.070004,0.253417,1
2.329535,1.693053,1
1.589005,3.036546,1
1.121449,-0.420414,1
1.282757,1.114521,1
-1.293133,1.789696,1
-1.044959,-0.426946,1
0.355038,-1.610531,1
0.627327,0.822364,1
2.273160,1.083103,1
1.230771,-0.295905,1
1.808887,1.123311,1
3.318401,0.460435,1
3.439507,1.993876,1
0.391434,2.092442,1
2.560430,1.056341,1
-0.140526,1.423184,1
-1.688408,-0.053372,1
1.318087,-2.131275,1
-1.666840,1.884575,1
0.607320,0.259453,1
0.136567,-0.750484,1
3.591824,0.806626,1
0.293312,1.894379,1
-0.875146,-0.482815,1
-0.596484,-0.498609,1
0.784887,0.901543,1
0.892398,0.521893,1
1.180011,1.075701,1
0.499753,-0.150916,1
-0.391372,2.159307,1
0.666847,0.262973,1
2.200469,1.932180,1
1.120798,1.709863,1
2.370944,0.994250,1
2.090511,0.730750,1
0.201980,0.733652,1
1.738184,0.817536,1
-0.213596,1.163923,1
0.138346,-0.012606,1
1.122899,-0.341372,1
0.697611,1.783418,1
-0.961000,0.910259,1
1.447119,0.424476,1
1.223635,2.671882,1
1.211907,2.945823,1
0.582367,1.356256,1
3.261123,-0.309804,1
2.605785,0.470736,1
0.364114,2.182580,1
2.717074,1.006405,1
0.122422,1.839342,1
0.920524,2.763228,1
-1.499473,0.929441,1
1.708122,1.132728,1
0.385481,2.336378,1
1.810430,0.009590,1
1.425896,1.021200,1
1.696662,-0.885810,1
1.684560,0.467462,1
0.742954,0.118581,1
0.776108,1.237513,1
1.926305,1.340683,1
1.644985,0.842430,1
1.202365,2.540253,1
0.076559,0.903849,1
1.794098,1.520650,1
2.653547,1.924283,1
-0.430387,1.135754,1
1.526300,-0.836306,1
2.581882,0.358311,1
0.692739,1.744227,1
1.977701,-0.049160,1
2.162777,0.653593,1
1.075547,-0.404296,1
0.286511,0.231465,1
1.121150,-1.428331,1
-0.132877,0.887839,1
2.519486,0.810838,1
2.850005,-0.077086,1
1.565139,0.218749,1
-0.173737,2.500773,1
0.331322,0.256569,1
3.488132,-0.610474,1
2.098852,0.098454,1
0.815056,-0.066477,1
0.126849,0.484400,1
-0.245555,0.899281,1
2.779422,-1.034033,1
1.266139,0.876107,1
1.504345,-0.543689,1
1.024195,0.170758,1
0.702259,0.078792,1
0.857552,0.470625,1
2.542033,0.862411,1
-0.302702,2.027063,1
0.704842,-0.388741,1
0.801173,1.573548,1
1.540868,1.356308,1
-0.846413,-1.020877,1
0.967985,0.452585,1
-0.205406,0.727522,1
0.291001,-0.327790,1
3.067622,2.726932,1
-0.090933,0.066360,1
0.725269,-0.774612,1
1.762665,2.240201,1
1.989887,2.239286,1
1.774981,-0.255437,1
-0.371543,1.510888,1
2.639621,2.369732,1
1.300676,-1.671803,1
0.101624,1.264819,1
-1.631307,2.616590,1
0.219069,0.060715,1
0.221530,2.466300,1
0.830966,2.035689,1
0.416847,0.993114,1
1.432494,1.102884,1
-1.101991,1.190468,1
-0.017746,0.170629,1
0.630144,-0.210701,1
0.363607,2.499255,1
-2.124955,-0.924922,1
-0.931620,2.080379,1
0.434744,-1.550346,1
-0.608760,-0.032142,1
0.680944,-0.597183,1
2.293915,-0.068063,1
-0.581718,-0.840546,1
2.787633,1.087352,1
1.206970,0.896252,1
2.074788,1.140599,1
2.255017,2.303192,1
1.048157,-0.264425,1
-0.230025,1.228504,1
1.531063,2.489563,1
-0.426408,2.072054,1
0.440339,2.692062,1
-0.200004,-0.014245,1
2.073259,0.317525,1
0.711952,1.587612,1
1.328602,0.631848,1
-1.368349,0.883555,1
0.775370,1.702792,1
0.837455,2.049760,1
-0.403065,1.756238,1
1.601048,0.382798,1
-0.200552,1.306599,1
2.096098,2.183737,1
0.209248,-0.168226,1
-0.536851,1.837691,1
1.889597,1.369289,1
0.070796,1.793731,1
0.759099,2.720729,1
1.375328,0.616993,1
0.299449,0.048872,1
1.770800,1.659068,1
0.568511,-0.189590,1
0.507580,2.569409,1
0.811149,2.904019,1
1.110531,1.700017,1
0.077543,-0.138807,1
-0.357431,0.614021,1
0.878753,3.055383,1
0.498212,1.512602,1
1.585525,1.422709,1
-0.640639,0.438766,1
0.904096,-0.644298,1
0.370725,0.740437,1
0.492343,2.727098,1
2.739907,-0.270054,1
1.989963,1.017360,1
0.161663,0.573503,1
1.477639,2.367985,1
0.411976,-0.191450,1
2.086348,0.976936,1
1.862153,0.778338,1
0.070572,1.582054,1
1.717094,1.142050,1
0.446755,-0.244794,1
1.600450,-0.004553,1
0.844923,1.566109,1
3.565364,2.075155,1
3.390948,-2.663931,1
0.097541,1.616303,1
1.689617,0.332348,1
-0.656312,2.516425,1
0.818729,1.541824,1
-0.877522,1.617101,1
1.288291,0.908060,1
2.566033,3.128182,1
1.271700,1.129217,1
0.790817,2.218815,1
1.101890,0.491143,1
0.394918,2.192023,1
0.936368,1.767525,1
0.439044,1.021178,1
0.737108,2.429645,1
0.564480,1.638782,1
1.880803,-0.119967,1
0.570832,0.291990,1
0.446449,-0.692135,1
0.069977,-0.482948,1
0.608386,-0.250749,1
1.149142,-0.177485,1
1.826415,0.321029,1
2.030855,1.572273,1
1.897093,-0.290401,1
0.649894,1.433551,1
0.622989,1.800091,1
0.044257,1.197961,1
3.380806,0.643750,1
-0.766487,2.503181,1
-0.388736,1.565142,1
0.777879,0.513982,1
1.062929,1.725945,1
0.883807,-1.299399,1
0.626506,1.911107,1
0.503346,0.702651,1
2.190273,3.779824,1
1.119337,3.950153,1
-0.622640,2.532535,1
0.895779,2.414754,1
2.003408,1.036989,1
1.493351,1.482952,1
0.308509,0.880423,1
0.044576,0.969649,1
0.670997,0.532985,1
0.799438,0.340429,1
-2.566871,0.574705,1
1.462356,2.205743,1
0.739681,0.876452,1
-0.288171,2.423511,1
2.686750,1.966581,1
1.386781,0.527691,1
0.706158,1.796532,1
0.150497,1.274246,1
0.989406,0.921576,1
1.547848,-0.569407,1
-0.419895,0.253516,1
1.943570,-0.595259,1
0.189281,1.232874,1
1.199720,0.173611,1
0.514903,1.071758,1
1.168280,0.552000,1
-0.746626,0.850970,1
2.866049,0.167996,1
1.710576,1.420766,1
-0.239632,0.437326,1
-1.291623,-0.455752,1
2.844717,1.435736,1
1.378944,0.618782,1
1.409294,2.269616,1
0.785534,1.109818,1
2.501603,0.149073,1
0.633423,1.552885,1
2.382394,2.263680,1
1.039132,0.867170,1
0.854577,1.491898,1
-0.367873,0.933160,1
2.020374,-0.527647,1
0.864297,1.567790,1
-0.064845,-0.132198,1
2.654434,0.656281,1
0.844101,1.388572,1
2.110256,-0.201169,1
2.294569,1.924659,1
0.836337,-1.120924,1
0.907692,-0.994894,1
-0.222662,2.104185,1
0.557868,0.821204,1
0.470524,0.430448,1
1.479395,1.926430,1
2.835327,2.849452,1
-1.141593,-0.311078,1
0.857164,0.898265,1
2.549984,0.014238,1
2.156078,1.571111,1
-0.101393,0.704254,1
0.414373,1.703499,1
1.786956,-0.210887,1
-0.662389,2.281368,1
1.889370,0.653767,1
2.126815,3.438720,1
0.805306,0.337526,1
-0.287319,1.286867,1
2.000240,2.265111,1
0.002034,-0.389879,1
-0.280457,2.209393,1
0.771916,0.180182,1
0.210373,1.970192,1
1.952581,1.039783,1
-0.774931,0.561960,1
1.608167,1.256931,1
3.460973,1.382030,1
2.121744,0.035672,1
2.012591,2.045088,1
0.935938,2.571388,1
2.860533,1.022872,1
0.069936,2.219764,1
0.869480,1.123309,1
1.767594,1.878388,1
0.228100,0.397486,1
1.197867,2.681279,1
1.429834,1.794889,1
1.438342,1.377552,1
1.164514,0.517438,1
0.602639,-0.245907,1
-0.220928,1.865464,1
-0.008221,0.850817,1
1.458567,1.368501,1
0.674701,0.526309,1
-0.058519,2.427929,1
-1.082909,1.466201,1
-0.105140,0.888732,1
1.621487,1.045474,1
0.902622,-0.343897,1
-1.334155,1.831719,1
1.708228,0.564617,1
-0.009119,0.439732,1
2.227148,0.557920,1
1.134719,0.529971,1
-0.053667,0.989719,1
1.501838,0.804970,1
0.246376,2.970867,1
1.409848,2.063918,1
0.586160,1.017401,1
2.962351,0.742899,1
-1.395373,1.898379,1
1.551670,0.820309,1
1.229280,1.042364,1
0.683505,1.845939,1
1.842784,1.373931,1
1.129428,0.771832,1
-0.654775,3.268003,1
0.542736,1.177268,1
2.360881,2.343065,1
0.498084,2.194364,1
-1.362575,1.185435,1
0.749053,1.151863,1
1.656231,1.293334,1
0.046956,0.880272,1
0.300981,-0.066196,1
1.482823,0.897909,1
0.586359,0.291199,1
0.727638,2.020910,1
2.407091,1.755915,1
0.679523,1.659443,1
1.820961,2.371399,1
3.634506,2.237409,1
-0.455751,1.461308,1
1.990375,1.844469,1
1.874145,1.869972,1
1.191718,2.725775,1
3.657449,2.393408,1
0.675254,1.596793,1
1.776295,0.215616,1
1.740940,-0.211323,1
-0.465484,0.785501,1
-0.165393,2.323340,1
-1.542136,-0.610201,1
2.345375,0.834776,1
2.079163,3.021154,1
1.630551,-0.568247,1
0.609107,-0.337247,1
1.859144,-0.017050,1
-0.296279,2.093031,1
0.726832,3.087418,1
1.978470,1.236291,1
3.548166,3.056061,1
0.025569,2.547900,1
0.653520,0.435228,1
-0.876868,2.502553,1
-0.737362,1.536261,1
0.314674,0.608389,1
1.060663,-0.342014,1
0.616603,0.814760,1
0.501176,1.478175,1
0.755176,2.234607,1
-0.009875,2.077829,1
2.933805,0.611075,1
0.438570,0.059462,1
2.321875,1.755059,1
1.219904,2.200371,1
1.743836,0.919184,1
1.814973,1.114453,1
2.068718,1.417982,1
1.548392,0.848031,1
1.824153,1.305843,1
0.750974,3.247607,1
-0.351153,0.487518,1
2.091054,1.618613,1
-0.283610,-0.129245,1
1.857859,-1.818934,1
-0.562212,0.433552,1
-0.698607,1.983948,1
-2.150330,0.041688,1
-0.537337,0.730911,1
0.360832,0.586475,1
-0.728818,0.890196,1
1.215264,0.612959,1
0.603271,-0.039497,1
-0.257185,0.627210,1
-0.657914,1.285499,1
1.391156,1.796913,1
1.531399,-0.572021,1
1.390011,1.992085,1
1.096932,2.210645,1
0.947196,1.726595,1
-0.350397,0.576974,1
0.953830,2.168712,1
1.114154,1.381808,1
-0.588925,1.406775,1
2.415288,1.747733,1
1.351026,-0.203024,1
-0.073243,3.589968,1
0.685506,0.574325,1
2.377834,0.978501,1
2.302586,1.074030,1
0.801155,1.440523,1
-0.471301,0.174674,1
1.227182,0.937407,1
2.748692,1.887100,1
1.384678,1.067284,1
1.470773,1.263187,1
0.594445,1.221273,1
1.040813,-1.151884,1
2.041629,0.285788,1
2.029037,1.545063,1
-0.192640,0.506926,1
0.311403,0.800253,1
3.588043,0.755679,1
-0.630729,0.864668,1
0.420188,1.618592,1
-0.162478,2.737476,1
0.374966,-0.835909,1
0.080777,0.857055,1
2.187980,0.853170,1
0.893103,-0.907981,1
2.124249,0.980744,1
1.872615,0.002031,1
0.069354,0.783548,1
0.322237,1.132361,1
-1.403932,-0.204339,1
0.684262,2.142395,1
1.045501,0.178309,1
2.761275,1.487801,1
0.799836,1.471651,1
-0.013902,1.161099,1
-0.068749,1.995040,1
1.028428,1.381832,1
2.064785,0.503831,1
-0.772503,2.208092,1
2.046824,-0.349704,1
-0.253651,2.160783,1
3.173901,2.275690,1
0.774278,1.615736,1
0.207918,0.956736,1
1.250356,2.217873,1
2.602433,0.368725,1
0.581012,1.463805,1
1.256018,-0.321609,1
1.347232,1.464443,1
0.307042,1.486647,1
1.255190,1.390605,1
-0.009912,0.424054,1
1.357009,3.035083,1
0.619507,0.041898,1
1.038846,1.996793,1
-0.894236,1.115921,1
0.562066,0.002818,1
0.912284,0.304482,1
0.089094,2.908796,1
1.435277,3.452819,1
1.282567,1.184863,1
-0.037381,1.590138,1
-0.082227,0.918678,1
2.337598,0.388125,1
0.426214,1.236117,1
0.791894,0.820947,1
0.848946,1.646697,1
3.427456,2.534029,1
3.490387,2.534434,1
2.025174,1.216103,1
1.673874,0.051671,1
2.667504,1.295305,1
-0.165660,1.123597,1
0.025029,0.915560,1
-0.723582,1.319748,1
2.808112,0.457868,1
-0.677307,1.594255,1
1.088212,1.523843,1
-0.473313,2.438711,1
0.812999,0.495917,1
1.727957,1.872280,1
1.040274,-0.010967,1
0.374800,0.783969,1
-0.489916,0.446207,1
2.344650,1.799229,1
1.113331,2.769876,1
-0.189619,0.881465,1
1.530073,0.870007,1
1.877309,0.877779,1
-0.647031,1.025549,1
1.169775,0.449418,1
0.884425,0.143016,1
0.739834,0.825097,1
-1.892818,1.139891,1
0.923563,1.992549,1
0.733114,1.126203,1
-0.522058,2.969437,1
1.560854,1.282896,1
2.442086,2.217240,1
1.658342,1.809020,1
1.322206,1.627259,1
1.410900,0.193229,1
1.708665,2.769573,1
0.887237,1.960329,1
0.182133,2.857959,1
0.913939,2.673705,1
3.377889,0.067020,1
1.207484,1.295113,1
2.049356,0.638565,1
-1.572683,1.815814,1
2.162398,1.724779,1
0.146051,-0.156691,1
0.183129,-1.363475,1
-0.671803,0.112898,1
0.898597,2.351098,1
-0.655892,1.531535,1
1.223451,0.356328,1
1.253987,-0.764513,1
0.899558,2.559706,1
0.271793,0.494328,1
3.337942,1.431208,1
1.528737,2.126713,1
1.817591,1.447677,1
1.489986,1.927832,1
2.371360,-0.030945,1
1.173917,1.521451,1
0.284253,0.048763,1
0.283105,0.300622,1
0.909522,1.103507,1
1.088938,0.192757,1
2.917206,1.720018,1
1.566868,3.071140,1
0.325323,1.313501,1
1.210342,0.970813,1
-0.086506,1.059087,1
1.147890,1.257232,1
1.093843,0.095864,1
1.382407,1.781598,1
3.742894,-0.822002,1
2.993040,3.040001,1
1.813265,0.672089,1
0.809869,-0.274295,1
0.389540,-1.874690,1
0.585893,-0.091738,1
1.099950,0.836580,1
2.355297,1.286040,1
1.906868,0.687658,1
0.192299,-0.363794,1
0.837088,0.623252,1
0.665197,1.757096,1
2.214038,1.277079,1
0.631130,2.975449,1
1.881276,-0.596331,1
2.624186,0.417339,1
1.603285,2.239926,1
-0.534192,1.317540,1
3.895107,1.035386,1
0.419863,0.341553,1
2.998043,0.871114,1
0.113218,-0.006323,1
1.822535,-0.221918,1
1.870881,1.080654,1
3.493210,1.155844,1
1.196082,-0.257053,1
0.839670,0.791884,1
0.008848,1.767575,1
0.637597,1.147527,1
1.185303,0.679381,1
0.694483,1.427987,1
-0.203795,0.063892,1
2.287470,1.668643,1
-1.720618,-0.115778,1
0.656750,2.629423,1
-0.988027,-0.026061,1
0.466465,0.573129,1
-0.390119,1.315414,1
0.143234,1.798079,1
2.246065,0.879444,1
1.602660,1.642777,1
0.098764,1.479383,1
2.940267,0.005916,1
0.448252,0.394801,1
0.665798,2.088442,1
2.828207,-0.362379,1
0.474372,2.274566,1
0.860618,-0.318885,1
0.217549,1.222323,1
0.823560,2.249504,1
-0.577565,3.087782,1
-0.056369,-0.607698,1
0.406582,1.002910,1
0.141104,1.866802,1
1.567853,0.314785,1
1.247252,1.801895,1
-1.103339,1.862964,1
0.946442,1.186884,1
3.958987,-0.126060,1
-0.044222,1.166379,1
0.835414,-0.152220,1
-0.208866,0.868295,1
0.643455,1.790061,1
1.756558,0.599110,1
-0.845557,-0.145489,1
1.656086,2.712461,1
0.799259,2.128044,1
-0.260886,2.171667,1
0.991049,-0.069689,1
1.206695,0.604712,1
3.510780,2.559741,1
0.950160,1.673788,1
1.134534,0.631054,1
1.175831,1.675125,1
0.043286,0.836586,1
-0.079788,0.869528,1
0.577810,-0.863831,1
1.854989,1.051551,1
0.245586,2.591505,1
-0.481201,1.265958,1
-1.067856,0.601498,1
2.611132,-0.312952,1
1.050165,1.614210,1
0.265786,2.488925,1
0.511213,1.845426,1
1.071247,1.460448,1
1.154291,1.487912,1
2.671945,1.463716,1
0.806765,2.619477,1
1.350538,0.971319,1
0.495836,1.091420,1
1.222793,1.080263,1
0.975419,0.675263,1
1.138743,0.716198,1
0.693016,0.328182,1
0.458194,1.405061,1
-1.247639,-0.002068,1
1.452466,0.843908,1
1.380610,0.987531,1
0.207410,3.049879,1
-0.316460,-0.473063,1
1.530942,2.061026,1
1.651000,2.756752,1
0.665047,0.094520,1
2.752716,1.181463,1
-0.423914,0.636130,1
-0.102221,0.623569,1
0.254671,0.750906,1
1.194861,0.722464,1
2.235175,-1.668090,1
2.506300,2.920751,1
0.731094,0.737801,1
-0.547767,2.198736,1
-0.321712,0.481781,1
1.535426,3.133885,1
1.540515,1.851567,1
1.059919,2.003758,1
0.274888,2.474156,1
-1.126603,2.167752,1
0.868092,1.546542,1
0.904787,0.203174,1
-0.656446,1.845045,1
-0.235870,1.446187,1
0.169745,2.687835,1
0.416522,-0.165708,1
0.917610,1.121871,1
0.541144,1.774755,1
3.261818,0.690409,1
1.381441,1.473328,1
1.033142,0.787347,1
0.669247,1.501927,1
-0.135723,0.494688,1
0.124021,0.581578,1
1.435038,0.099346,1
1.921745,0.789447,1
1.292593,0.301921,1
0.807026,1.638498,1
0.827756,-2.755271,1
2.751265,1.112565,1
1.047036,-1.416562,1
1.527998,1.159036,1
0.159703,1.708430,1
0.830389,0.499401,1
1.082267,0.853358,1
1.363407,3.433044,1
0.999660,1.843168,1
2.263141,3.085159,1
-0.139268,0.878945,1
0.913465,2.326235,1
-0.257598,3.306381,1
1.791174,2.263387,1
-0.245743,0.122170,1
-0.564642,1.497499,1
0.575041,0.008321,1
2.005102,2.833051,1
1.132601,-0.176607,1
-0.382130,1.340634,1
2.337222,0.554118,1
-2.044806,0.844510,1
2.522332,0.416625,1
0.564838,0.766860,1
1.224781,2.547296,1
0.001663,0.213371,1
-1.632036,-1.677241,1
1.488475,2.455951,1
2.431125,0.084405,1
2.143586,0.213164,1
1.155232,1.468220,1
2.628029,2.271033,1
2.113579,2.604203,1
1.738063,1.359673,1
-1.205761,1.763790,1
1.932305,2.494374,1
2.300444,1.358176,1
-1.195175,1.764811,1
2.017188,1.829175,1
1.256256,1.465855,1
2.378102,1.026811,1
2.204597,1.356488,1
1.485992,2.038575,1
1.985371,0.283290,1
2.579798,-0.811299,1
-0.213669,0.032470,1
1.653315,2.050804,1
1.167578,1.343643,1
0.469689,0.482401,1
0.788740,0.274328,1
-0.310452,1.537461,1
-0.387481,0.980002,1
0.742613,0.012949,1
1.968938,0.287894,1
1.304756,0.961059,1
-0.393841,2.364873,1
0.189204,0.985045,1
0.337537,0.340678,1
0.089940,1.144127,1
0.715432,2.644382,1
1.063633,-0.131797,1
0.320444,-0.594615,1
1.759595,1.475298,1
0.165421,-1.445012,1
2.098271,-1.169277,1
0.562169,1.885794,1
0.993814,2.461913,1
1.612480,-0.019820,1
-0.185365,-0.320259,1
0.305823,-0.901637,1
0.385344,0.284624,1
3.488833,0.973742,1
0.356984,0.837844,1
1.454400,0.702441,1
1.768786,1.969981,1
1.531484,2.279627,1
-0.332054,1.710779,1
0.970470,-0.148654,1
0.487211,3.362305,1
-0.801887,-0.027398,1
0.893150,1.026332,1
2.144015,1.546796,1
1.603581,1.516396,1
1.969507,1.067238,1
1.482197,-0.775735,1
1.553962,1.865778,1
0.487252,-0.112875,1
1.123859,1.219297,1
-0.097511,-0.549732,1
2.784444,0.290904,1
-0.120607,0.962780,1
1.424083,2.437567,1
3.358525,1.468090,1
0.787032,1.187784,1
0.542295,0.766496,1
2.628646,2.844033,1
1.414592,-0.810751,1
-0.787808,0.518789,1
1.342139,0.120077,1
1.712313,-0.499165,1
0.386489,1.717383,1
1.523933,0.673678,1
-0.438238,0.851917,1
1.277603,-0.014330,1
1.256444,1.005166,1
0.595012,0.980928,1
0.985660,0.883403,1
0.782239,2.353192,1
-0.262745,1.477386,1
1.696578,1.867346,1
-0.257369,1.893073,1
2.340088,1.526305,1
2.345709,1.290691,1
0.485280,1.423059,1
-0.805046,1.168735,1
1.983053,-0.445533,1
0.150003,2.430687,1
0.459426,1.300455,1
1.228780,2.061141,1
-0.123812,0.814051,1
0.824801,-0.526292,1
0.886648,1.159213,1
0.975808,1.135419,1
0.911716,0.516462,1
1.538710,0.747276,1
0.089059,0.046839,1
-0.163837,2.182553,1
0.788577,1.076968,1
-0.271961,1.065296,1
0.812588,1.221600,1
1.459275,2.407457,1
0.556474,0.993514,1
0.960801,0.426532,1
0.402442,1.624204,1
0.618287,1.117989,1
0.269653,0.769848,1
0.100110,-0.118598,1
1.326274,-0.102168,1
-0.118185,3.934081,1
0.608858,1.442393,1
0.108461,-0.105752,1
0.663594,2.927264,1
1.182695,-0.349063,1
2.516465,0.763383,1
0.336374,0.417760,1
0.989030,1.480941,1
0.561392,2.896793,1
1.025312,1.703034,1
-0.117156,1.148848,1
0.314377,3.784433,1
0.345047,2.037101,1
0.008091,1.914499,1
0.065903,-0.211947,1
2.889145,0.841349,1
0.830697,0.042713,1
-1.302109,-0.392715,1
0.975683,0.600004,1
1.414523,2.344469,1
1.910971,2.079006,1
0.414955,1.243519,1
0.883750,0.127364,1
1.511451,0.279964,1
3.500982,0.920804,1
1.846437,0.280178,1
-0.071500,0.365768,1
0.468925,3.647686,1
-0.286867,2.350215,1
0.830465,1.322095,1
2.902445,1.177313,1
1.937298,1.480535,1
0.084646,0.640548,1
0.322569,2.438862,1
1.047854,0.765729,1
-0.153367,-1.199576,1
2.239031,1.260220,1
-0.275378,1.387746,1
1.804608,2.183339,1
0.693134,-0.460324,1
2.713045,0.656065,1
-0.813569,2.353132,1
-0.201443,1.403477,1
0.028099,0.915414,1
3.247392,0.056288,1
1.065754,0.768220,1
0.710129,0.408404,1
0.299457,0.084792,1
3.251916,1.078430,1
0.064115,0.293515,1
-0.260023,2.782784,1
1.951976,2.707102,1
3.302945,-0.588304,1
-0.103184,1.172014,1
1.297809,1.204792,1
0.098336,0.435820,1
0.938417,2.564911,1
0.047096,1.203568,1
1.919188,-0.126348,1
1.582759,2.194521,1
2.250337,3.232528,1
2.779032,2.697714,1
-0.929024,-0.151428,1
0.779842,2.475965,1
2.176306,1.497599,1
0.077247,1.657572,1
-1.334442,2.667955,1
-0.666713,1.465477,1
0.638749,1.551383,1
-0.430620,0.998634,1
1.947937,1.752808,1
1.831616,1.032819,1
-0.466245,0.237343,1
1.441303,1.053689,1
3.421117,0.934001,1
0.443982,0.197164,1
1.493424,0.751759,1
1.607582,1.294280,1
1.776511,2.495688,1
0.675565,1.494337,1
0.542573,2.697218,1
4.145447,0.537650,1
1.632246,1.309929,1
1.564150,0.208133,1
0.163245,2.784839,1
0.193831,0.487363,1
0.998242,1.508855,1
0.292363,0.422055,1
1.893480,3.288454,1
2.991341,-0.296559,1
0.811341,0.928607,1
-0.922481,0.302376,1
0.471111,-0.112635,1
-2.593288,0.318846,1
3.401522,1.229080,1
-0.791348,2.691313,1
-0.421399,-0.917075,1
1.524244,0.050959,1
3.356074,1.782285,1
2.210621,-0.096248,1
0.635534,-0.040073,1
0.205108,0.085080,1
2.493182,-0.171633,1
-0.584119,1.957525,1
0.664989,0.982647,1
0.074770,-0.485972,1
0.517522,0.120995,1
1.254258,2.383043,1
1.639206,2.760672,1
0.967537,-0.178395,1
1.886405,-1.421571,1
1.780443,0.821536,1
1.436564,1.908974,1
0.516056,-0.258917,1
0.485133,0.521187,1
0.305122,0.057798,1
-0.224931,2.288679,1
2.258130,2.794864,1
-0.752992,-0.006059,1
1.472371,1.125200,1
1.877554,0.906138,1
1.407594,2.798512,1
-0.891093,0.315081,1
2.515328,2.967863,1
1.232630,0.162869,1
0.867365,-1.588618,1
0.366018,0.908120,1
0.752740,1.746734,1
1.934903,2.107589,1
0.471422,-0.554407,1
1.492504,1.825971,1
3.026136,1.444330,1
0.663632,1.706818,1
-0.165113,-0.370867,1
0.343100,0.374635,1
1.659772,1.896712,1
1.822303,1.669024,1
1.683058,-0.035496,1
1.560060,0.441679,1
1.769650,1.767114,1
1.954318,-1.233904,1
0.254240,1.691102,1
2.614111,1.967679,1
1.528428,0.488902,1
1.025721,0.688245,1
3.105831,0.085579,1
2.656008,-0.149936,1
2.758798,2.722553,1
0.671798,3.071542,1
-0.504287,2.268173,1
1.496190,1.403385,1
1.278642,1.632233,1
-0.683746,2.696964,1
0.578815,0.354485,1
-0.398234,0.008993,1
0.270160,1.005253,1
1.550337,2.109366,1
1.164829,-0.194609,1
2.203473,1.982972,1
1.289474,0.574264,1
3.090171,0.514052,1
0.119046,3.225003,1
-0.122143,0.718834,1
2.525536,0.979104,1
-0.061896,1.849276,1
-2.098650,3.052896,1
0.209100,-0.999317,1
2.591409,1.008769,1
1.222833,0.883399,1
-0.283911,1.143850,1
0.766502,-0.089691,1
1.355624,2.297085,1
-0.549241,2.569945,1
1.557145,-0.331188,1
-0.467241,1.497119,1
1.979148,2.646781,1
-0.256804,1.865842,1
1.129076,1.749572,1
0.455197,2.063214,1
1.147675,1.352864,1
-0.185756,0.658857,1
2.054233,2.311606,1
2.405083,1.019367,1
0.991285,0.814364,1
1.060485,0.176238,1
3.263893,2.390006,1
2.280231,1.291217,1
0.053485,0.588985,1
-0.605540,-2.156108,1
1.095509,2.368903,1
0.589185,0.601556,1
0.170826,0.506948,1
0.273428,1.618757,1
1.411943,0.854675,1
-0.378798,2.433429,1
2.720512,1.399615,1
1.632765,-1.940237,1
1.312924,1.346096,1
0.452715,-0.673645,1
0.981012,1.443192,1
1.222560,0.598726,1
-1.081063,3.362129,1
0.161586,1.057768,1
1.751526,0.628492,1
2.065571,2.357771,1
1.063093,0.824360,1
1.366797,0.804254,1
-0.472470,3.065150,1
3.303381,0.440867,1
0.194830,1.989484,1
2.646729,3.074042,1
0.535583,3.813842,1
0.098253,-0.276299,1
1.574113,2.223931,1
0.065905,1.275743,1
2.597478,-0.317550,1
1.420458,0.941276,1
1.625061,1.411136,1
0.842301,1.575466,1
1.351869,0.090990,1
1.014830,0.214334,1
1.393302,2.310259,1
1.966891,-0.009130,1
0.794630,-0.064469,1
2.451060,-0.706881,1
-0.091950,2.104729,1
0.371701,-0.125572,1
-0.070774,1.845720,1
0.452591,0.384309,1
1.862626,1.228485,1
2.591609,0.189326,1
0.412578,1.211072,1
0.833737,0.495057,1
0.238479,1.856983,1
0.903464,1.437845,1
1.445885,1.175440,1
1.632723,2.482122,1
0.257226,1.026902,1
1.381079,1.401425,1
0.215872,0.630962,1
2.309962,2.157836,1
0.796881,-0.078168,1
1.918838,1.933851,1
1.004347,1.237454,1
0.742336,1.165774,1
1.621360,0.848048,1
1.474539,1.453153,1
1.482364,0.854061,1
0.256808,-1.188211,1
0.085591,2.380136,1
2.901386,0.572226,1
2.157730,2.199619,1
1.266831,0.337640,1
1.199400,-0.998218,1
1.146043,1.935070,1
-0.836875,1.564837,1
0.485094,0.353611,1
2.982077,2.530045,1
0.531413,2.353249,1
-0.653127,0.580384,1
1.457931,3.094135,1
0.112844,-0.178360,1
2.440277,1.854329,1
0.630889,1.723152,1
2.968657,2.623014,1
-0.608285,-0.717318,1
-0.023739,1.413270,1
1.084352,1.671388,1
1.874718,0.420913,1
-0.512353,1.068641,1
1.405408,1.303655,1
2.813280,2.346011,1
0.374877,3.622539,1
0.600703,1.505622,1
1.169630,1.733136,1
1.782161,2.206941,1
1.155630,2.020213,1
1.816787,0.998218,1
2.063694,1.358784,1
1.814868,1.743700,1
1.611889,1.774526,1
0.676529,4.115160,1
-0.262818,-0.183272,1
-0.259356,3.053472,1
2.275839,0.037107,1
-0.206727,2.126209,1
0.228631,-0.513166,1
-0.697386,0.691381,1
-0.114238,-0.605550,1
0.964960,1.708565,1
1.391743,1.112260,1
2.723445,0.112347,1
0.901217,2.400565,1
-0.497321,-0.643869,1
0.402796,1.291822,1
1.262305,1.672645,1
0.069198,0.219234,1
2.081918,0.646825,1
0.784875,0.637376,1
0.680719,-0.105074,1
-0.496551,2.389341,1
-1.181478,2.111587,1
0.351575,1.730055,1
1.255728,1.549883,1
0.740559,0.180867,1
3.201584,0.362464,1
1.472088,1.871581,1
-0.235706,1.386869,1
0.930057,-0.248846,1
1.676324,2.122258,1
2.439057,1.265918,1
1.372796,3.038076,1
0.807888,2.475042,1
0.717995,0.518056,1
-0.861995,1.865161,1
0.656156,0.890291,1
0.502363,1.096736,1
0.397765,0.076027,1
1.253275,2.619755,1
2.013467,2.234946,1
1.025262,-0.081272,1
1.280658,0.210611,1
1.444166,1.647717,1
1.693625,-0.304697,1
2.221796,1.330168,1
2.224167,1.966405,1
-0.575690,1.583648,1
1.080334,2.565292,1
0.098425,1.923326,1
-0.197880,0.919575,1
0.149090,2.465750,1
-0.035784,0.920407,1
0.103599,1.899992,1
-0.301407,1.189329,1
0.306478,1.561432,1
0.679568,0.693111,1
2.080839,-1.261343,1
-0.122617,0.546713,1
0.515475,0.418693,1
0.941799,1.562679,1
2.162515,2.699895,1
0.794134,0.214396,1
0.723027,-2.088182,1
0.931308,2.694113,1
2.593655,0.434827,1
0.771444,1.917492,1
-0.061257,1.384793,1
1.252752,0.167266,1
0.304114,0.948003,1
-0.411939,0.840796,1
1.598317,-0.891565,1
0.244748,1.019145,1
2.832147,0.122549,1
2.486888,1.038952,1
1.540825,-0.628085,1
1.061963,-0.722482,1
1.977524,-0.194869,1
-0.804380,2.213336,1
0.189881,-1.088624,1
2.220122,0.840120,1
1.410987,1.602847,1
0.495514,-0.493416,1
2.454120,1.528952,1
1.397445,0.457427,1
1.177340,-1.930766,1
0.294856,2.593682,1
0.358416,1.118384,1
0.252850,0.793504,1
1.843281,0.980482,1
2.409008,0.960480,1
1.880327,1.978020,1
2.182523,3.388679,1
0.846522,1.880713,1
0.398410,1.390931,1
1.438218,1.252456,1
-0.479212,0.194881,1
0.215225,0.074575,1
1.220615,1.796397,1
2.020475,2.099597,1
1.646396,-0.445832,1
1.706081,0.492186,1
1.089677,2.319253,1
0.460676,1.446706,1
0.401467,1.097190,1
-0.353012,3.098921,1
2.617674,2.041200,1
0.477912,1.493331,1
1.487108,2.425229,1
-0.449216,0.758476,1
0.132363,2.938405,1
-0.318544,1.619150,1
1.614607,0.435334,1
0.407596,1.481268,1
-0.263212,0.586483,1
0.312834,1.662423,1
-0.979413,1.670972,1
1.413210,1.360898,1
1.441167,2.017853,1
-0.806190,0.704226,1
2.146626,-1.577506,1
0.930572,1.178120,1
0.363164,1.580575,1
0.697606,0.770577,1
1.592399,1.878754,1
0.020531,0.691544,1
2.204022,1.241007,1
1.651478,2.329091,1
0.862066,3.277535,1
2.350593,0.746477,1
0.713932,-0.761114,1
-0.061657,2.881447,1
0.983758,1.704797,1
0.419033,1.828532,1
1.348777,0.432546,1
-1.411938,1.325215,1
2.152116,0.985283,1
1.878808,0.726753,1
0.710574,0.981515,1
1.192216,-0.632110,1
-1.134182,0.718673,1
-1.399478,0.263431,1
1.633352,0.782937,1
2.554315,2.038101,1
1.328239,0.966437,1
-0.472737,1.568984,1
1.856268,2.749731,1
0.488085,-0.513109,1
1.434792,-0.326679,1
0.715851,0.058590,1
2.269472,-1.651399,1
1.416379,-1.153179,1
1.244781,-0.208959,1
1.255943,0.736462,1
-0.993759,1.781343,1
2.284356,-0.093721,1
2.224403,0.950766,1
2.427893,2.086588,1
1.050645,-1.322802,1
0.427994,0.391129,1
1.970939,2.426498,1
1.131097,1.625992,1
2.476761,1.425523,1
1.019058,1.252250,1
0.883689,2.332833,1
0.824787,2.651443,1
0.631465,0.195719,1
0.982815,1.220745,1
1.332630,2.303657,1
1.991787,0.901758,1
1.705382,1.292433,1
-0.580353,0.387805,1
1.276224,3.546529,1
1.660658,0.231423,1
-0.836528,0.863464,1
0.244576,-0.621326,1
-0.121657,-0.012886,1
2.502656,-0.395087,1
0.752111,0.000098,1
1.829215,0.627322,1
1.175861,1.962884,1
1.030896,-0.114758,1
2.138060,-0.514792,1
1.861820,2.072386,1
1.035994,1.322078,1
0.041619,-0.097576,1
-0.892289,1.121227,1
1.193013,1.375020,1
0.934993,1.696616,1
-1.067621,-1.296204,1
0.470014,-0.837491,1
1.317553,1.751032,1
1.726984,0.184447,1
1.740901,0.878537,1
2.046200,1.224601,1
0.644404,1.054939,1
0.932046,2.542783,1
1.545418,2.272402,1
2.198934,1.369959,1
0.182689,0.016538,1
1.682110,1.165161,1
1.365751,2.782852,1
0.724006,0.885062,1
0.085362,0.469979,1
0.842964,0.010003,1
0.539150,1.572173,1
1.510795,-0.665561,1
0.780653,-1.199600,1
0.861206,0.276846,1
2.091642,0.121301,1
-0.158307,0.822859,1
1.237406,3.312240,1
2.719708,-0.568504,1
-0.178887,0.452008,1
0.082057,4.387554,1
-0.813310,-0.376177,1
-0.000311,2.489343,1
1.004683,0.603166,1
0.240009,0.671468,1
2.018132,1.218778,1
-1.550500,1.371004,1
1.361987,0.522411,1
3.655500,1.660407,1
2.239355,1.901119,1
0.711708,3.213260,1
-0.089881,0.428541,1
2.644513,1.141464,1
0.536333,-1.644291,1
1.558788,2.578324,1
0.678785,2.211335,1
1.962830,1.117096,1
-0.234694,0.356079,1
2.508534,0.311547,1
2.599727,1.620444,1
-0.940870,2.108566,1
0.145196,1.621530,1
2.108015,-0.469765,1
3.441565,0.550142,1
-0.046413,1.778339,1
-0.797411,1.814201,1
-0.276262,2.790972,1
0.652997,2.531286,1
0.383577,2.259135,1
-0.083562,0.470819,1
1.565451,-1.315845,1
1.983739,0.732382,1
2.634217,-0.782814,1
1.083977,1.917096,1
-1.618370,-0.744058,0
1.272670,0.241970,0
-1.195941,-2.284769,0
-0.599970,-1.652750,0
0.236835,-0.136897,0
0.121383,0.639641,0
-1.173695,-1.149241,0
1.322972,-1.082591,0
-1.392203,-1.216518,0
-2.006883,-0.336754,0
0.332671,-0.071455,0
0.139037,-0.459264,0
-2.042936,-3.433589,0
-1.840242,-1.239665,0
-0.301548,-1.483182,0
-1.422895,-0.338888,0
-1.339564,-0.522177,0
-0.527736,-1.895082,0
-2.833331,-1.666768,0
-1.073334,-1.357767,0
-0.184481,-0.037438,0
-1.635013,-2.254363,0
-2.424427,-2.981690,0
-0.604591,-1.146386,0
-1.830440,-2.296440,0
-1.084191,-1.563921,0
-2.182295,-1.459881,0
0.564834,-0.687463,0
-1.788215,0.294279,0
0.896806,1.217329,0
-2.193091,-2.077727,0
0.567152,0.042773,0
0.727783,-3.161776,0
-1.028993,-1.499045,0
0.638242,-0.032094,0
-1.486683,-2.130515,0
-0.862588,-0.891285,0
-0.299130,-2.835528,0
1.127448,-2.567379,0
-1.136290,-2.533921,0
-1.735896,0.547258,0
-1.811989,-2.845704,0
-1.723344,0.191084,0
-1.010502,-0.780540,0
0.202216,0.401908,0
-1.487113,0.495077,0
-1.109165,-0.335140,0
-1.666581,-1.475111,0
1.090646,-1.098217,0
0.084456,-1.359702,0
-0.726921,-1.497069,0
-0.958402,-3.212014,0
-2.766923,0.517191,0
-1.167845,-1.513693,0
-0.350964,-2.627542,0
-1.676073,-1.007344,0
-1.656716,-0.761165,0
-2.268569,-1.418865,0
-0.332461,0.206494,0
-2.016652,0.394114,0
0.230073,-0.080463,0
-0.125508,0.869152,0
2.630651,1.910451,0
-1.588711,-1.721735,0
-0.775856,-1.660808,0
0.063567,-0.864430,0
-0.214092,-0.582027,0
0.690521,0.194588,0
-2.083711,-2.069134,0
-0.776278,-1.007986,0
-0.473693,-0.902621,0
-0.710065,1.323338,0
-2.439784,-2.063941,0
-0.886020,-0.861489,0
-0.187971,0.158079,0
-1.342088,-0.611300,0
-0.764907,-1.320352,0
-0.418923,0.480598,0
-2.652282,1.212427,0
-3.137941,-0.697221,0
-1.528800,0.007890,0
-0.134274,-0.452875,0
-2.398979,-2.103170,0
-1.419043,1.669648,0
-0.597350,-2.198831,0
-1.121643,0.442423,0
-1.207874,-0.615857,0
-2.092965,-1.240036,0
-1.028189,-1.619021,0
-1.687558,-1.529264,0
0.212581,2.138726,0
-2.127120,-0.905075,0
-1.301400,-2.942632,0
0.131422,-0.369032,0
-1.550480,-0.683854,0
-1.292032,-0.848238,0
-0.458280,-2.228952,0
0.056720,-1.544154,0
-1.113232,-1.938225,0
0.206009,0.332149,0
-3.922828,-3.241614,0
-1.649336,-0.340775,0
-2.625559,-1.743843,0
-1.865794,-0.741476,0
-1.270631,-1.950550,0
-0.462534,-1.143717,0
-1.409634,-0.224265,0
-1.390549,-2.468256,0
-1.262728,-1.226511,0
-1.914045,-1.990197,0
-0.506263,-1.523290,0
-0.314397,-0.753015,0
0.808837,-1.454857,0
1.422282,-3.009695,0
0.330374,-0.667720,0
-2.721453,0.001522,0
-2.649320,-1.132023,0
-1.532388,0.523555,0
-0.689300,-0.506266,0
-0.837867,-2.919682,0
-0.962110,-2.722121,0
-1.613519,0.702671,0
-0.303684,-2.054696,0
-2.079104,-0.901743,0
-1.014361,-2.081992,0
-1.422444,-2.825746,0
-1.228688,-1.530129,0
-1.476161,1.159084,0
-0.663164,0.961661,0
-2.235469,-2.249437,0
0.258395,0.535191,0
0.781035,-0.727625,0
-0.365917,0.253273,0
-0.967786,-1.639822,0
-1.539255,-1.793091,0
-1.219243,-0.002631,0
-1.061052,-2.569983,0
-2.320113,-3.925162,0
-2.116339,-0.553687,0
-1.168597,0.747656,0
-1.808893,-1.843707,0
1.242844,-0.613740,0
0.867963,-3.506990,0
-1.090928,-0.073143,0
1.026067,-0.913673,0
0.038519,-0.747779,0
-1.357475,-0.528187,0
-1.346606,-1.457175,0
-1.278121,-2.531724,0
-2.317153,-0.222999,0
-1.620635,-1.142487,0
-1.197881,-2.810567,0
-2.346835,-1.522847,0
-0.211087,-0.307067,0
-1.462228,0.211764,0
-0.793996,-0.805613,0
-0.765860,-0.772210,0
0.079052,-0.701034,0
-0.918560,-1.794446,0
-0.054994,-1.063244,0
-0.556775,1.339247,0
-2.219803,-1.948315,0
-1.176852,-1.148092,0
-1.859637,-1.309937,0
-1.395147,0.131470,0
-2.600078,-1.996895,0
-1.451904,-2.187354,0
0.100473,-0.974453,0
-1.381500,-0.155871,0
-0.014224,-1.534121,0
1.701126,-1.185254,0
-0.837589,-0.422428,0
-1.897121,0.465134,0
-2.077976,-2.880282,0
-2.243614,-3.506666,0
-1.764192,-0.386984,0
-0.265985,-2.562485,0
-1.637590,-2.360398,0
-1.348543,0.515002,0
-2.108190,-1.695869,0
-0.969427,-0.456585,0
-2.632692,-2.117393,0
-0.573013,-0.995063,0
-1.112786,-2.591771,0
-3.372079,0.886683,0
-1.984389,-1.225964,0
-2.365988,-0.905274,0
-1.865061,-1.206349,0
-1.086959,-1.485098,0
-0.826836,0.794404,0
-0.476995,0.195645,0
-0.449897,-1.130618,0
-2.573322,-2.269929,0
0.217951,-0.135601,0
-0.609668,-0.249524,0
-2.472613,-1.132528,0
-1.666050,0.001454,0
-0.401357,-0.727758,0
1.380712,-1.675456,0
0.236956,-1.061069,0
-0.252130,-0.885717,0
-2.870550,-0.398090,0
-1.302901,-1.200076,0
-0.340260,-1.997427,0
-1.446748,-1.579932,0
-2.007332,-1.373185,0
-1.446226,-0.207438,0
-1.248912,-1.501220,0
-0.761218,-0.995610,0
-1.529080,-0.990522,0
-0.449411,1.075366,0
-0.548372,-0.618786,0
-0.654246,-1.809927,0
-2.283107,-0.562464,0
-0.553909,0.702442,0
-1.465399,-1.800231,0
-0.662648,-0.146081,0
-0.322400,-1.580636,0
-3.065661,-0.542434,0
0.538783,-1.244722,0
-2.841305,-0.778277,0
-2.670431,-1.721378,0
-1.298467,-0.580076,0
-3.032174,-3.032672,0
-2.897547,-0.428875,0
-3.561922,-0.756285,0
-0.564553,-0.655823,0
-0.125529,-1.150207,0
-1.749936,-1.796203,0
-1.852121,1.534673,0
0.591399,-0.618920,0
-0.392624,-0.408973,0
-1.221195,-0.215666,0
-0.809941,-1.338673,0
-3.605509,-1.006599,0
-1.181574,-1.788262,0
-1.933615,-0.048908,0
-0.652192,-0.850402,0
-0.955054,-2.014264,0
-0.415175,-0.136218,0
-1.373588,-2.667710,0
1.755720,0.672704,0
0.527283,0.726372,0
0.500774,-0.150570,0
-0.293419,1.799060,0
0.729350,-2.599308,0
-1.071474,-0.371808,0
-3.777374,-0.224594,0
-1.412607,-1.145086,0
-1.009815,-1.602879,0
-1.055227,-1.099440,0
-1.435823,0.028534,0
-3.090940,-2.107204,0
1.012685,0.461674,0
-0.741014,-3.510333,0
0.310026,-1.232315,0
0.014353,0.037107,0
-0.919870,-1.543071,0
-0.870276,-0.378095,0
-0.388897,0.101933,0
-0.728078,-1.438153,0
-3.195129,0.782530,0
-1.608425,1.198811,0
-0.156190,-0.894719,0
-1.955573,0.430119,0
-1.678586,-0.178382,0
-1.935282,-1.553001,0
-0.618108,-1.674352,0
-0.959038,-0.727156,0
-1.014740,1.428971,0
-2.288707,-0.667631,0
-0.864844,-1.732461,0
-1.680876,0.701195,0
-1.089310,0.820034,0
-2.967041,-4.145768,0
-0.422801,-1.831415,0
-1.660800,0.240301,0
-0.474500,-2.213831,0
0.656182,-1.438716,0
-0.585748,-1.253195,0
-0.298470,0.014669,0
0.033771,-0.272316,0
-0.397066,-0.778192,0
-1.532081,-2.176321,0
-0.311571,-1.913562,0
-1.584264,1.072225,0
-1.454462,-0.890695,0
-0.801967,-0.279383,0
-1.803561,-1.551004,0
0.096019,-0.670799,0
-3.483782,-0.563998,0
-1.242276,-2.504247,0
-1.908281,0.387997,0
1.320268,0.741394,0
-0.764716,1.691217,0
-1.353843,-3.073247,0
-3.210612,-1.288511,0
-1.886581,-1.343732,0
-0.080769,-1.287242,0
0.046488,0.354017,0
-2.056665,-3.143458,0
0.328163,-2.063493,0
-1.982997,-0.269959,0
-1.126250,1.091703,0
-0.703631,-0.946094,0
-1.244510,-2.013429,0
-0.938294,-1.163313,0
-0.394603,-3.589125,0
-0.959930,0.320472,0
-1.483515,-0.466138,0
-0.999948,-1.599284,0
-0.921570,-1.376568,0
-2.478656,-0.319771,0
-1.534019,-0.508939,0
0.166555,-1.621770,0
-2.085045,0.849712,0
-1.104784,-0.727379,0
-1.298930,-2.634811,0
-0.720398,0.663593,0
-1.080929,-2.086600,0
-2.475755,-2.209454,0
-0.272668,-1.433051,0
-1.036094,-1.590166,0
-0.586117,-2.309760,0
-1.669351,-0.804083,0
-0.443758,-0.002418,0
-1.093251,-0.061147,0
-1.296373,-1.667303,0
-1.666988,-2.374046,0
-1.150987,-0.710862,0
-1.122026,-2.336559,0
-0.751984,-1.191602,0
-2.693254,-0.542481,0
1.476477,-0.972681,0
-2.854171,-0.267223,0
-2.468373,-1.651027,0
-1.738125,-2.457273,0
0.078369,-2.207173,0
-0.324351,-0.603215,0
-0.283417,-1.107328,0
-0.283347,-2.205353,0
-2.425581,-1.604867,0
-1.823218,-0.898365,0
-0.048493,-2.208460,0
-3.058550,-1.168239,0
-0.701123,-3.484469,0
-2.271412,1.117984,0
-2.113792,0.240290,0
-2.820349,-3.041521,0
1.393803,-1.308072,0
-1.373087,-0.295295,0
0.542568,0.113172,0
-1.959518,-0.523498,0
-0.371128,-0.315954,0
0.124441,0.194988,0
-0.514479,0.500874,0
0.203455,0.224526,0
-0.128000,-1.882487,0
-3.042800,-2.128066,0
-0.549466,-1.005055,0
-2.496528,0.067868,0
0.935608,-1.572051,0
-0.449469,-2.338739,0
-0.094888,-3.310615,0
0.751002,-1.520496,0
0.200831,-2.953956,0
0.343508,-0.052694,0
-1.540319,-1.502686,0
-0.681570,-1.414071,0
0.036638,-0.704955,0
-1.967618,-0.899970,0
-0.919662,0.112544,0
-1.271736,0.662435,0
-1.199376,-0.660587,0
-1.155981,-0.368260,0
0.462532,-2.318755,0
0.195344,-0.885899,0
-1.968921,-1.818994,0
-0.044405,0.072144,0
-0.786773,-3.077630,0
-1.338283,-0.064125,0
-1.425705,-0.116137,0
-0.606947,-2.137032,0
-2.277554,-1.616543,0
-2.677314,0.763383,0
-2.840372,-2.805529,0
-0.393667,0.296728,0
-1.558791,-2.679703,0
-1.607366,0.582328,0
-3.512628,-1.562301,0
-1.782243,-1.245168,0
-0.263831,1.425555,0
0.838293,-1.700701,0
-2.067830,-1.068526,0
0.183879,-2.337500,0
-0.892234,-1.261168,0
-1.688205,-1.105885,0
0.170644,-1.705062,0
-1.198498,-0.819538,0
-1.081332,-1.195874,0
-1.124523,0.086205,0
-2.214055,-0.694958,0
-0.583618,-2.218181,0
-1.777358,-2.777722,0
-2.351523,-1.228921,0
-1.883424,0.149917,0
1.850298,-1.848772,0
0.612766,-1.175726,0
-1.026279,-2.423867,0
-1.225860,-2.809448,0
0.575858,-0.798754,0
-2.007563,-1.174832,0
-1.147784,0.184411,0
-0.982756,-0.997771,0
-0.365007,-1.219532,0
1.898172,-1.817855,0
1.015228,-0.391063,0
-1.373296,-2.081612,0
-1.706396,-0.913771,0
-3.186761,-0.933157,0
-0.878677,-1.173313,0
-2.086422,-0.949795,0
0.539919,-0.447092,0
-2.393622,-0.906848,0
-1.348794,-0.777959,0
-1.111361,-1.931805,0
-1.274024,-2.415849,0
-2.218816,-1.155139,0
-1.929616,0.794260,0
-1.211240,0.033708,0
-0.400965,-2.610964,0
-2.747672,0.040780,0
-0.000701,0.213833,0
-1.956940,0.325942,0
-2.177867,-1.535133,0
-1.847401,-1.008310,0
0.996365,-0.749449,0
-1.866709,-0.428305,0
1.089726,1.427569,0
-0.978943,-2.645036,0
-2.427501,-0.249940,0
0.152076,0.598204,0
-1.524884,-1.712154,0
-0.167949,-0.221879,0
-2.201904,0.798251,0
-0.271772,-0.966405,0
-1.190354,-0.544669,0
-1.273457,-2.337886,0
-1.094811,-0.962717,0
-2.186589,-0.576946,0
-2.542982,-2.945984,0
-0.268726,-2.514610,0
0.104340,-2.603824,0
-0.718270,-0.389527,0
-0.260800,-2.724432,0
-2.564203,0.201090,0
-1.219645,1.262202,0
0.293202,0.765143,0
1.310412,-1.294909,0
-2.662275,0.258708,0
-3.068617,-2.072637,0
-2.295501,-3.431392,0
-1.730079,-1.888705,0
-0.858312,2.111835,0
-2.664657,-0.921914,0
-1.486882,0.348639,0
-0.887762,-0.265690,0
0.182168,-0.529121,0
-2.457872,-1.614146,0
-1.145742,-1.169228,0
-0.456120,-1.257192,0
-1.313593,-0.619863,0
-0.970315,-1.255894,0
0.529404,-1.562862,0
-1.777713,0.074078,0
-2.262405,-1.263738,0
0.568371,-1.244219,0
-0.664215,0.074612,0
-0.019095,-0.497572,0
-0.331593,0.172880,0
-0.587723,-2.075996,0
-0.336190,0.305188,0
0.430620,-1.142159,0
-1.398240,-2.188869,0
-1.295571,-0.016755,0
-0.514115,-0.036848,0
-1.258851,-2.052805,0
0.006062,-0.545452,0
1.679302,-0.891094,0
0.699910,-2.325972,0
-1.675271,0.913060,0
-0.652792,-1.825642,0
-1.092368,-1.550578,0
-1.752144,-1.330927,0
-0.066522,-1.018830,0
0.352122,-0.318592,0
-0.550855,-2.145329,0
-2.420507,-0.300571,0
-1.704110,-1.969610,0
-2.717363,-2.035345,0
1.777951,-0.815548,0
-0.852344,-2.864583,0
-0.380487,-0.538642,0
0.586451,-2.278951,0
-2.605550,-0.594472,0
-1.750513,-1.883705,0
-2.186381,-1.261202,0
-0.156552,-0.702071,0
-4.075318,-2.179825,0
-1.557759,0.314980,0
-1.404795,-0.078146,0
-1.501553,-2.423122,0
1.001183,-3.224590,0
0.379235,-2.417778,0
-0.702320,-2.273955,0
-0.874830,-0.919432,0
-2.054849,-0.231728,0
-0.378566,-0.064342,0
0.574212,-3.469819,0
-2.176351,-0.827567,0
0.494370,0.348984,0
-1.456653,0.049326,0
-0.695034,-1.202041,0
1.049244,-0.640175,0
-1.793756,0.384657,0
-1.912785,-0.625630,0
-2.309872,-2.422078,0
-0.268670,-1.322479,0
-3.009845,-0.134841,0
-1.480722,-3.296664,0
-0.670628,-2.185118,0
1.149955,-1.565233,0
-0.249815,-1.479073,0
-1.871773,-1.270706,0
-0.180291,0.372692,0
-2.640330,-0.045446,0
0.241227,-2.405420,0
-0.880664,0.056011,0
-1.442319,1.211466,0
-2.159559,-0.725805,0
-0.586626,-1.891237,0
-0.521821,-0.043953,0
-2.003370,-0.040135,0
-2.506505,-1.355070,0
-0.887746,-2.494239,0
-1.042682,-0.928288,0
-0.365909,-0.673874,0
-0.488841,0.458579,0
0.631806,-0.529040,0
-1.227052,-3.029642,0
-0.374352,-0.642075,0
-0.848968,-1.392132,0
0.168120,-1.589170,0
-0.739008,-1.907121,0
-1.733024,-3.600336,0
-2.929205,-0.652222,0
-1.211584,-0.130150,0
-0.600362,1.394404,0
-2.061317,-0.093868,0
-2.397327,-1.939572,0
-0.739850,-1.483955,0
-0.547737,-1.555575,0
0.282792,-3.233634,0
0.827418,-0.799960,0
-1.631066,-0.881662,0
-1.875051,-1.685103,0
-1.405835,-1.057905,0
-1.273460,-0.413889,0
-0.554140,-1.324265,0
-1.351283,-0.101912,0
-0.878686,-0.646278,0
-0.542193,-1.753091,0
-1.335203,-3.824965,0
0.118823,-4.245314,0
-0.302696,-0.297204,0
-2.656255,1.198593,0
-4.031177,1.533948,0
1.265126,0.890122,0
-2.657779,-1.291966,0
-0.602931,0.194764,0
1.237502,-1.974370,0
-0.792889,-1.453198,0
-0.610836,-0.638601,0
-1.468273,0.181193,0
-1.192648,-0.824419,0
-1.620491,-0.125165,0
-0.585211,-2.218365,0
-0.642686,-0.439172,0
-1.925529,-1.712649,0
-0.016377,-2.438820,0
-2.378859,-2.556179,0
-2.349458,0.806353,0
-0.933514,-0.193676,0
-0.446770,-1.256205,0
-0.100930,-0.420129,0
-1.871497,-1.048353,0
-1.074458,0.713747,0
-0.869526,-1.311116,0
-1.421067,-0.674704,0
-0.796837,-2.053419,0
-1.670672,-0.249835,0
-1.115290,-3.634002,0
-1.528677,-2.181988,0
-1.562301,-1.647242,0
-1.473373,-1.898873,0
-1.147073,-0.911576,0
0.695254,-1.346108,0
-0.426330,-3.257843,0
-0.772899,-1.393214,0
-1.028737,-2.142890,0
-1.397770,-0.518380,0
-0.518060,-0.535412,0
-0.063271,-0.078063,0
0.664526,-1.311976,0
-3.910180,-1.462860,0
-0.743469,-1.775277,0
-1.339251,-1.756841,0
-2.016797,-1.428408,0
-0.709491,-0.429801,0
-0.595717,-0.727557,0
-0.171818,-0.178001,0
-1.267366,-1.512870,0
-3.444920,-3.618510,0
1.103507,-0.437661,0
-1.143692,-0.916158,0
-1.566873,-0.913356,0
-3.140000,-0.649142,0
-1.983565,-1.578826,0
-0.743144,-1.923852,0
-1.938129,-0.972331,0
-0.552975,-1.006077,0
-2.598118,-1.380484,0
-0.074269,-2.963362,0
-1.047131,-1.376310,0
-0.543859,0.222817,0
1.158900,-0.284282,0
0.597957,-3.072439,0
-0.093394,-2.535347,0
-2.068999,-1.925280,0
-2.370358,-0.549975,0
-1.871289,-1.533653,0
-0.173601,-0.161314,0
-1.787784,-0.859205,0
-1.227494,-0.164250,0
-1.326053,-0.641044,0
-1.946936,-2.002425,0
-1.653971,-3.753286,0
-0.882438,-2.399182,0
-0.571042,-0.456248,0
0.593353,-4.066041,0
0.528819,-0.690475,0
-1.186529,0.162908,0
-0.314403,-0.438776,0
0.241643,-2.709449,0
-0.290561,0.446119,0
-2.553789,-0.634035,0
-1.937544,-0.376501,0
-3.915165,-3.510650,0
-0.876874,0.397034,0
-0.255640,-2.486676,0
-1.958222,-0.706063,0
0.283010,0.270197,0
0.037626,-2.019380,0
-1.053132,-3.649545,0
-0.820799,0.729627,0
0.135093,-1.218949,0
-1.458059,-1.018826,0
-0.214949,-1.605049,0
0.094751,-1.528076,0
-0.349840,-0.094143,0
-1.553071,-1.450754,0
-3.386746,-2.511440,0
-2.738713,-2.044149,0
-1.015020,-0.427111,0
-0.194221,-2.518974,0
0.918662,-2.273398,0
-1.313246,-0.875028,0
-1.988008,-0.844843,0
1.559506,-2.011676,0
-0.284744,-0.839998,0
-0.444697,-1.728914,0
-1.655435,-0.949934,0
1.101197,-1.993602,0
-1.887472,-1.216084,0
-0.631326,-1.433318,0
-0.529311,-2.325553,0
-0.027258,-0.782008,0
-0.476805,-0.822623,0
1.007687,-0.824769,0
-1.952027,-2.863361,0
-1.452684,1.601995,0
-0.444183,-1.785622,0
1.125851,-2.780358,0
-1.652472,-1.495385,0
-1.103956,-0.990402,0
2.520816,-1.841225,0
-0.985622,-0.266112,0
-0.773096,0.107564,0
-1.761195,-1.305666,0
-2.357492,-0.474281,0
-2.666994,-1.094664,0
-1.341003,-2.233909,0
-2.591927,-0.325615,0
-0.236711,-0.553272,0
-0.928103,-3.194569,0
-2.639442,-1.358258,0
-1.690766,0.825326,0
-2.755125,-2.808920,0
-0.374217,-0.284994,0
-1.101347,-1.235630,0
-0.848279,0.506575,0
-3.176631,-0.907310,0
-2.069615,-0.558344,0
-1.706872,0.498630,0
-1.351664,0.776797,0
-3.132212,-2.449002,0
-0.503768,-1.075516,0
-0.839282,-1.635103,0
-1.451021,-2.024968,0
-2.128896,-1.124813,0
0.758481,-2.793279,0
-1.818382,-2.170947,0
-1.030620,-1.306046,0
-0.602307,-0.581877,0
0.723451,-1.082393,0
0.547039,0.138684,0
0.056389,-1.289804,0
-3.113906,-0.546626,0
-2.487174,-0.334568,0
-1.487208,-0.019159,0
-1.528594,-0.960189,0
-1.093316,-1.025141,0
-2.061465,1.089317,0
-3.125500,0.179147,0
1.820676,-0.904873,0
-1.626363,-2.045234,0
-0.760174,0.092662,0
0.910344,-1.790064,0
-3.638486,-1.109160,0
-1.660680,-0.089083,0
-0.046913,-0.546676,0
-1.760328,-1.311960,0
-2.077953,0.116999,0
0.103572,-1.079558,0
0.373683,-1.759374,0
-2.133474,-3.308492,0
-2.721220,-0.383193,0
-0.527405,-1.909120,0
-2.949680,0.088262,0
2.289503,-2.337207,0
-1.285433,-1.753045,0
0.411198,-3.233097,0
-0.946687,-0.748346,0
-0.360800,-0.251991,0
-2.647039,-1.137472,0
-0.419103,-1.450335,0
-0.550335,-2.245622,0
-0.971296,-1.954769,0
-1.861764,0.199168,0
-0.722795,-1.744987,0
-0.746409,-1.769528,0
-1.063692,-0.735031,0
0.177405,-1.152757,0
-1.067904,-2.142163,0
-1.290771,-0.395883,0
-2.182296,-2.703247,0
-1.779134,0.669339,0
-0.582458,-1.754014,0
-1.060939,-0.914433,0
-1.682970,-0.999002,0
-1.296012,-0.363444,0
-1.103062,-2.706267,0
0.059542,-0.459714,0
-0.988116,0.216748,0
-2.540673,-1.357896,0
0.284036,-0.289912,0
0.520324,-0.990193,0
0.471831,-1.557984,0
-2.531055,-1.677000,0
-1.776285,-1.173479,0
0.133151,0.632129,0
-2.771432,-1.098162,0
-2.056939,-1.670046,0
-1.010968,-1.337998,0
-0.645285,-0.294992,0
-1.026919,-1.321186,0
0.128013,-0.631762,0
-2.274572,-0.664798,0
1.156371,-2.160591,0
0.582564,0.333485,0
-0.685519,-0.183368,0
-1.598067,-2.032543,0
-3.319874,-1.442263,0
-1.054441,0.695206,0
-3.356463,-1.331611,0
-1.220648,-0.242856,0
-0.542649,-0.598447,0
0.942976,-1.062785,0
0.599406,-0.444025,0
0.305335,-1.688427,0
0.740782,0.535992,0
-1.609101,-0.797859,0
-2.233744,-0.121875,0
0.755152,-1.550946,0
-0.033902,0.836602,0
0.423903,-0.454748,0
-0.610842,-1.201322,0
-2.249130,-1.461620,0
-1.644579,1.255373,0
-0.740065,-0.318911,0
-0.995219,-1.890370,0
-1.265818,-2.022623,0
-0.444673,-0.358060,0
-0.912291,-2.415817,0
0.323416,-0.430479,0
-0.131876,-2.556707,0
-3.409300,-2.758351,0
-1.655425,0.223667,0
-2.477308,-1.137710,0
-1.238670,-0.298123,0
-0.697410,-4.042206,0
-1.001583,-2.095929,0
-2.183262,-0.977345,0
-2.183766,-1.629248,0
-2.441728,-1.247827,0
-0.949868,-3.677693,0
-0.455044,-1.599265,0
-1.902275,-1.481958,0
-1.326230,-2.276498,0
-0.817589,-0.899845,0
-2.922816,-0.987117,0
-1.769964,-1.555031,0
-1.266972,-0.102560,0
-0.425725,-2.656890,0
-1.035801,-1.071909,0
-1.008990,-0.843089,0
-0.496295,-1.125122,0
-1.571707,-2.103541,0
0.251136,-2.748653,0
-1.369775,-1.322875,0
-0.267151,-0.706800,0
-1.062853,-1.283698,0
-1.126100,0.775102,0
-1.590178,-0.625774,0
0.378692,-1.514371,0
-1.797253,-0.631602,0
0.189320,0.380342,0
-1.209459,-0.814369,0
0.470247,-1.135294,0
-1.040692,-2.415882,0
-2.489604,-1.302530,0
-1.269044,-2.133726,0
-2.958079,-0.801091,0
-2.113612,-0.958970,0
-1.291000,-1.438233,0
-2.686865,-0.951384,0
-0.930815,0.069325,0
-1.246476,-0.816670,0
-2.458730,-1.293077,0
0.660793,-3.262986,0
0.062215,-2.481641,0
-2.539897,-1.625601,0
-0.369312,-1.855842,0
0.371964,-1.267222,0
-0.058259,-1.161054,0
-0.751942,-1.017469,0
-1.146512,-0.143894,0
0.104253,-1.126784,0
-2.839354,-2.173021,0
-0.501378,-1.105000,0
0.633755,-2.512144,0
-0.975020,0.780071,0
-0.852220,-0.505589,0
-1.238488,0.403051,0
-2.298047,-0.844167,0
-1.623148,-1.422671,0
-1.450155,-0.157770,0
-0.822620,-0.704550,0
-1.755716,-1.317966,0
-0.901010,-0.742649,0
-2.043736,-0.025285,0
-0.803710,-1.925975,0
0.019559,-1.623195,0
-3.636112,0.645267,0
-2.278959,-2.138376,0
-1.241045,-0.978240,0
-1.282084,-1.172964,0
0.617908,-0.021128,0
-1.676376,-1.940600,0
-2.991065,-2.351509,0
-1.821385,-0.759265,0
-0.958999,-0.466362,0
-1.363032,-0.779606,0
-0.907425,-2.708574,0
-0.586138,-0.534743,0
0.767382,-1.200501,0
-2.239622,-0.340168,0
-2.115757,-0.076343,0
-4.155054,-0.618163,0
0.295993,-0.512247,0
-1.343135,-3.033753,0
-1.851419,1.212001,0
-2.484880,-1.557924,0
-2.513558,0.048777,0
-2.297550,0.755717,0
-1.229859,-0.310370,0
-0.886532,-0.650462,0
-1.080793,0.339418,0
0.981666,-0.956706,0
-2.726738,-1.688414,0
0.421525,0.602535,0
-1.254852,-1.808093,0
0.047003,-1.557660,0
-2.443637,-2.298023,0
-3.342385,0.655862,0
-0.323364,-0.399678,0
-1.017613,0.450141,0
-1.954750,-2.389441,0
-3.424628,-2.096414,0
-3.338671,-0.994431,0
-1.537743,-1.045946,0
-0.597831,-0.940207,0
-1.461930,0.470794,0
-1.441615,-2.412915,0
0.880834,0.224240,0
-0.699379,0.640532,0
-1.555646,-0.370969,0
-0.947712,0.097335,0
-0.329552,-3.225476,0
-1.105573,-1.107359,0
-1.616813,-1.660244,0
-2.646423,-1.082500,0
-2.286915,-0.857687,0
-0.006252,-0.605408,0
-1.581963,-1.333580,0
-0.798874,0.404191,0
-2.616904,1.475064,0
-0.810139,-2.846677,0
-1.052878,-1.974445,0
-2.021463,-1.005609,0
-1.945867,-1.614993,0
-0.422262,-0.650907,0
-1.996592,-0.891006,0
-1.742114,-0.487842,0
-0.654671,1.642682,0
-1.240016,-0.683394,0
-0.854049,-1.446629,0
0.411134,-0.031570,0
-2.237773,-0.245276,0
-1.043615,-0.042172,0
-2.361432,-1.662604,0
-2.289227,-0.926882,0
-1.956054,-0.377540,0
-2.051204,-0.777031,0
-1.933593,-0.529653,0
-0.922288,-2.061485,0
-3.765314,-0.848758,0
0.218854,0.157430,0
-0.846866,-1.478789,0
-1.859994,-1.031341,0
-0.575342,-0.683437,0
0.047785,-1.214817,0
-2.019027,-2.226836,0
-1.176074,-0.190885,0
-1.504069,-1.093423,0
-0.048604,-1.496794,0
0.124757,-1.962695,0
-1.019062,-1.742742,0
-1.653849,0.196551,0
-2.155747,-0.488773,0
-0.407255,-1.076663,0
-0.651740,-0.553351,0
0.931039,-3.001151,0
-1.520026,-1.820724,0
-1.311861,-0.090703,0
-0.817028,-2.894948,0
-1.740736,-0.488121,0
-0.757894,-0.694270,0
-2.608632,-0.686276,0
-1.802802,0.738408,0
-0.049428,-0.119580,0
-1.203559,-2.104523,0
-0.442887,-0.808001,0
-2.972257,-0.501187,0
-1.448631,-1.007589,0
0.327792,-0.918375,0
-1.092775,-1.001468,0
-2.634918,-1.700162,0
1.383944,-0.308892,0
-0.620671,-2.327990,0
-2.227421,0.474357,0
-1.985953,-0.213955,0
1.142877,-2.807948,0
-1.874058,-0.504614,0
0.255518,-1.592692,0
-1.954084,-0.421989,0
-0.180059,-2.575426,0
-2.018372,-2.573618,0
-0.174003,-1.938072,0
-1.367470,-0.602452,0
0.337488,-1.691854,0
-1.009340,-0.910211,0
-1.130453,-3.258648,0
-2.069044,-2.018691,0
-0.591454,-0.589298,0
-0.264853,-0.915049,0
-0.732397,-0.042989,0
-2.587509,-1.242159,0
-0.376891,-0.226822,0
-1.552900,-0.738466,0
-0.711077,-0.077074,0
-0.463104,-0.904443,0
-0.644702,0.473338,0
0.350895,-2.443845,0
-1.180126,0.829727,0
-0.663333,-2.262417,0
-3.168088,0.001323,0
-0.100829,-0.809038,0
-0.623122,0.432329,0
-1.294078,1.471737,0
-1.457341,-0.258264,0
-2.692186,-1.684038,0
0.251655,-2.613381,0
-2.058336,-4.131582,0
-0.943562,-0.809452,0
-0.831498,-2.443817,0
-1.987919,-1.402172,0
-1.410095,-1.299279,0
-2.594282,-1.051212,0
-1.885894,0.150624,0
-1.195628,0.620755,0
-0.372882,-2.987887,0
-2.318585,-1.173595,0
-1.497610,-1.051549,0
-1.977402,-0.689784,0
-0.918134,-2.888462,0
0.594872,-1.169454,0
-0.951500,-1.439827,0
-2.300572,-0.996370,0
-0.975764,-1.017043,0
-1.830714,-1.777142,0
-0.522087,1.012777,0
-0.385296,0.341111,0
-0.432934,-1.525396,0
3.168611,0.329860,0
-0.351003,-1.366510,0
-0.194301,-0.818572,0
-0.181223,-2.400553,0
0.061010,0.094328,0
-1.906869,-0.477093,0
-1.917828,-1.549198,0
-0.637031,-1.016469,0
-1.637344,-1.878914,0
-3.564559,-0.917963,0
0.253788,0.044472,0
0.194144,0.932573,0
-0.145259,-2.906022,0
0.384050,-2.055017,0
-1.819067,-2.181503,0
-0.639646,-0.826660,0
-1.274266,-1.094915,0
-0.785536,-0.760348,0
-0.718818,-1.794795,0
-1.135752,-2.156138,0
-2.067323,-2.902799,0
-0.753666,1.225470,0
-0.560327,-2.214926,0
-3.000846,-0.263623,0
-2.595993,-2.020428,0
-0.449144,-0.426168,0
0.657876,-0.680044,0
-0.805168,-0.091187,0
-3.019483,-0.477411,0
-2.652245,-1.798949,0
-2.180818,-0.741611,0
-2.427622,-2.938267,0
-1.492728,0.482696,0
-1.010229,-2.786521,0
0.301494,-2.015329,0
0.303570,-0.562934,0
-2.780132,0.471139,0
-1.871504,-2.836123,0
-0.734637,-0.771174,0
0.012454,-0.030659,0
-0.723232,-0.741014,0
-2.214144,-1.518778,0
0.303836,-2.719024,0
-0.050929,0.121235,0
-2.932844,-1.296997,0
-0.603506,0.087324,0
-2.517025,-0.878149,0
0.223358,-3.380607,0
-1.313723,-2.389988,0
-1.496904,-3.206686,0
-1.743014,-2.985262,0
-1.350653,-1.215587,0
0.487231,-3.927126,0
-2.619267,0.540097,0
-2.678411,-0.578349,0
-0.886615,-1.800420,0
-1.131004,-1.701092,0
-1.173543,0.617323,0
-2.227565,0.509472,0
-0.594415,1.232279,0
-0.949337,-0.324210,0
-0.780004,-2.295720,0
-0.668153,-1.659188,0
-0.185788,-1.434168,0
-2.467330,0.552465,0
-0.236387,-2.460219,0
-1.417090,-2.379809,0
-0.899576,0.002380,0
-1.144106,-1.749589,0
-0.910716,-2.706886,0
-0.463591,-0.470446,0
-2.108160,-2.201596,0
-1.466363,0.749887,0
0.627784,0.546394,0
-1.898173,-1.614637,0
-1.739230,-2.686607,0
-1.069896,-1.608319,0
-2.601339,-0.370965,0
-0.553233,-0.729080,0
-2.635394,-0.643616,0
-1.471128,-2.093421,0
-2.101735,-2.337137,0
-0.518143,-0.113290,0
-1.722798,-0.341019,0
-0.361518,0.022567,0
-2.177541,-1.677726,0
-0.004832,-1.688175,0
-0.971479,-0.289095,0
-0.963385,-0.073253,0
0.548616,-1.888766,0
-1.101404,-1.838414,0
0.903216,0.365799,0
-2.684311,-2.350894,0
-2.054859,-1.895853,0
-0.574702,-0.536177,0
-1.247671,-1.315862,0
-0.944917,-2.077761,0
-0.554690,-0.661892,0
-2.582438,0.653069,0
-3.871352,-1.830729,0
-1.130358,-0.140308,0
-1.253589,-1.295855,0
-0.707262,-0.950779,0
-0.299077,-1.046693,0
-2.035357,-1.519976,0
-3.389047,-0.099116,0
-1.923095,0.549894,0
-0.978528,-1.200712,0
-0.198315,-0.592374,0
-0.781199,0.598227,0
-0.117425,2.453077,0
-0.749703,1.244366,0
-0.987297,0.090895,0
-3.072874,-0.794087,0
1.440857,-2.945036,0
-1.248408,0.922364,0
-0.420187,-1.926492,0
-1.098507,-0.737354,0
-1.754906,-1.734853,0
-1.167230,0.144924,0
-0.908650,-0.355978,0
-1.803563,-2.224594,0
-0.275873,-2.552945,0
-0.576964,0.597210,0
-1.644638,-2.650940,0
-0.396803,-2.291881,0
0.476213,-0.745795,0
-0.803402,-0.574035,0
-2.157283,-2.514483,0
-3.445040,-2.587495,0
-0.905001,-0.331645,0
0.219813,-2.525281,0
-3.737863,0.072036,0
-0.890169,-0.428526,0
-1.408339,-0.584778,0
-0.385716,-1.665761,0
-1.098278,0.089328,0
-1.812847,-2.127928,0
-1.993649,-0.778815,0
-0.459736,-1.200461,0
-0.954084,0.871156,0
-0.881141,-2.104458,0
-0.158689,-0.220428,0
-1.235662,-1.042235,0
-1.047848,1.292746,0
-0.163225,-0.120017,0
-2.585943,-1.925045,0
-2.778468,-0.421132,0
-1.093291,-1.421668,0
-0.804696,0.139420,0
-0.599444,-1.042158,0
-0.074152,0.102369,0
-2.034788,-0.556644,0
-2.222381,0.025859,0
-1.558956,-1.735100,0
-1.586974,-2.050654,0
-1.129178,-2.561024,0
-1.725949,0.032188,0
-2.439158,-0.494828,0
-0.257710,-1.125676,0
-3.180619,-2.066216,0
-1.626223,-1.030925,0
-1.154290,0.487887,0
-0.713050,-2.248800,0
-2.344187,2.376742,0
-3.064831,-0.201835,0
-1.501053,-1.986903,0
-1.869979,0.162478,0
-0.784214,-1.211041,0
-1.416972,1.253407,0
-0.594468,-2.145014,0
-2.399746,-0.905602,0
-0.139591,-1.377856,0
0.363546,-1.760330,0
-0.649952,-1.697987,0
-2.474624,-0.358222,0
-0.297460,-2.093007,0
-2.784003,-1.943014,0
-0.784512,-1.662047,0
-0.603303,-0.664027,0
-1.052916,-0.940735,0
-2.855372,0.528800,0
-1.016137,-0.170255,0
-1.462583,1.303034,0
-0.641337,-0.103329,0
-1.315770,-0.974480,0
0.197754,-1.199860,0
-1.075245,-1.387368,0
0.279251,-2.295227,0
-2.872287,0.104149,0
-0.863650,0.388875,0
-1.460229,-4.704265,0
0.436756,-2.067186,0
-2.235236,-0.992753,0
-1.137553,-1.387844,0
-1.509578,-0.948455,0
-0.498594,-1.690129,0
-1.676568,-1.843981,0
-1.656003,-2.017335,0
-1.733621,-1.772457,0
-0.429016,1.038433,0
-1.102441,-0.735863,0
-1.475247,-1.175250,0
-3.430654,-1.452611,0
-0.689369,0.548776,0
0.645177,-0.977548,0
-0.131252,-1.269487,0
-0.134842,-2.221292,0
-1.589110,-2.719878,0
-1.618605,-1.320878,0
-0.712600,-0.500726,0
-0.976534,-0.834674,0
-0.751234,0.141319,0
-0.456018,0.411340,0
-1.615181,-3.233813,0
-1.203031,-2.072692,0
-1.724845,-1.573490,0
-0.790637,-1.087646,0
0.383396,-0.572268,0
-0.482129,-1.890520,0
-1.366465,0.187685,0
-1.377759,-3.253904,0
-2.563873,0.142131,0
-1.122322,-1.212040,0
-2.856657,-0.730727,0
-0.382691,-2.041300,0
-2.284586,-1.009902,0
-0.991250,-2.367209,0
0.448249,0.169345,0
-0.726389,-0.147076,0
-1.757126,-0.980974,0
1.223838,-0.207985,0
-0.906438,-0.678783,0
0.147290,-3.035984,0
-4.245293,-0.725613,0
-0.222527,0.229371,0
-1.586588,-0.953509,0
0.812560,-0.185886,0
-0.090117,-0.547216,0
-0.285226,0.505391,0
-0.876913,-0.705946,0
-1.637357,-1.993578,0
-2.325983,-1.383348,0
-1.132566,-1.407041,0
-0.861992,-1.053688,0
-2.927488,-2.132994,0
-0.046548,-1.166368,0
0.105299,-0.633149,0
-1.736862,-1.938547,0
-1.534601,-2.281167,0
1.174658,0.171509,0
0.394188,-1.012717,0
-2.209106,-0.509977,0
-1.564279,0.148630,0
-0.214304,-2.191475,0
0.829606,-0.408402,0
-0.651762,-2.024254,0
-1.229732,0.169395,0
-0.252411,-0.444061,0
0.872320,-1.870589,0
-0.286561,-1.533706,0
-0.695024,0.351618,0
-0.067305,0.321283,0
-1.766709,-1.561853,0
-2.231690,-1.135950,0
-1.720049,-2.664612,0
-0.642346,-1.970398,0
0.757780,-1.177097,0
0.137900,-3.910661,0
0.452863,-1.061382,0
-2.546251,-1.972147,0
0.107396,-0.969210,0
-1.894793,-0.458735,0
2.219415,1.289823,0
-0.108832,-0.336201,0
-1.222516,-0.238157,0
-1.086395,-1.252951,0
1.344168,-0.580270,0
-2.455869,-1.837991,0
-2.449353,-1.153337,0
-1.721552,-0.466889,0
-0.169342,-1.380347,0
-0.954349,2.480331,0
-0.139793,-2.513840,0
-0.486673,-0.317516,0
0.794342,-0.148852,0
-1.852379,-0.174233,0
-0.049736,0.625862,0
-3.813423,-0.685618,0
-1.962133,-2.342598,0
-1.006288,-0.459928,0
0.228070,0.764860,0
-1.131864,-0.836422,0
-0.810531,0.745816,0
0.310099,-1.893840,0
-0.220719,-1.286349,0
-0.990716,-0.416608,0
-3.758591,-0.960940,0
-1.102833,-3.114573,0
0.033843,-1.160935,0
0.017493,-0.401270,0
0.313636,-1.511006,0
-0.836100,-0.167001,0
-3.042513,-1.770137,0
-1.207874,-0.172535,0
0.560788,-0.510272,0
-0.875731,-0.288476,0
-0.665799,-1.649364,0
-0.339474,-0.433418,0
-1.278018,-1.698474,0
-0.508268,-0.890131,0
-3.342820,0.056759,0
-0.763656,-2.557597,0
-2.288814,-2.423664,0
-1.065888,0.154104,0
-1.987900,-0.818311,0
-2.010784,0.357796,0
-0.544657,-2.977948,0
-0.441633,-0.615422,0
-2.842555,-2.099563,0
-2.675357,-1.623669,0
0.392739,-2.351807,0
0.460187,-1.689547,0
-0.688876,-0.144453,0
-0.687035,-1.505467,0
-0.149136,-1.387923,0
-0.789064,1.586521,0
-0.151300,-2.240694,0
-0.746358,-2.760925,0
-0.900329,-3.202954,0
-0.635656,0.092271,0
0.270165,-1.584770,0
-1.152276,-2.250629,0
0.018351,-1.185586,0
-2.489001,-1.537957,0
-1.267371,-2.260470,0
-1.996324,-0.503040,0
-1.969603,-0.738018,0
-2.621989,-1.699163,0
-1.262505,0.367723,0
-1.576967,-0.671157,0
-1.028599,-2.280817,0
-1.530604,-2.903496,0
-3.685643,0.359642,0
1.373361,-3.658297,0
-0.342870,-0.559726,0
0.788588,-0.041678,0
-0.748719,0.163778,0
-0.048113,0.728033,0
-1.876479,0.002807,0
-0.528825,-0.786841,0
-0.998708,-0.401405,0
-0.760893,0.245894,0
-2.747591,-0.021010,0
0.142559,-1.522877,0
-0.583038,0.210659,0
-0.382899,1.280220,0
0.556872,-1.920302,0
-0.191993,-0.252771,0
-1.001989,-3.879105,0
-0.698481,-0.406259,0
-1.563607,0.175568,0
-2.339145,0.394756,0
-0.565665,0.310388,0
-1.420334,-0.371197,0
-1.604239,-1.250439,0
-0.287333,-2.642986,0
-1.057389,-0.779996,0
-1.001944,-0.878552,0
-0.795657,0.224521,0
-0.602668,-1.290552,0
-2.816470,-0.404270,0
-1.132705,0.235440,0
-1.982461,-1.173751,0
-0.674971,-1.871110,0
-1.635632,-2.241501,0
-0.705628,-1.264099,0
-1.466560,0.276948,0
0.782322,0.768359,0
-0.713170,-2.511227,0
-1.679503,-1.328925,0
0.569730,-1.417744,0
-1.650033,-0.417917,0
-1.237625,-1.153218,0
-3.513123,-1.197919,0
-2.762429,-5.084209,0
-1.206851,0.090401,0
0.305476,0.488496,0
-0.980688,-0.584892,0
0.258611,-1.443209,0
-0.456522,-1.308652,0
-0.440018,-1.010127,0
-0.357226,0.590788,0
-1.169293,-2.009875,0
-2.307328,-0.415512,0
-2.405728,-1.226213,0
-1.626514,-1.244488,0
-1.330202,2.580172,0
-0.947973,-2.348181,0
-0.886967,-2.358197,0
-2.527083,0.965981,0
-0.267970,-0.869293,0
-1.331199,0.765229,0
-0.500534,-1.977349,0
-1.389090,-0.374744,0
-1.108685,-0.022234,0
1.043470,-0.681116,0
0.162328,-1.441397,0
-0.955663,-0.862998,0
-2.031990,-0.454309,0
-2.502941,-0.478747,0
0.334075,-0.306392,0
-0.137970,0.356053,0
-2.015142,-0.423151,0
0.453442,-0.877615,0
-2.087374,-1.120009,0
-1.911468,-2.335902,0
0.946532,-0.634630,0
-0.882260,0.126794,0
-0.323493,-2.528004,0
0.255831,-1.584095,0
-1.936349,-0.223327,0
-1.989820,-0.489924,0
-2.505496,0.083159,0
-2.969329,-1.850993,0
-0.101157,-2.197398,0
-0.665537,-1.028795,0
-1.276746,-0.786278,0
-3.613227,-1.185857,0
-2.337597,0.734757,0
-0.413958,-2.265364,0
-2.097233,-1.053117,0
-1.019307,-1.297981,0
-3.425301,-3.219364,0
-0.811060,-0.136887,0
-1.575123,-1.258541,0
-0.774187,-0.746211,0
0.411105,-0.848195,0
-1.652561,-0.670886,0
0.754199,-0.607311,0
-0.272876,-1.461574,0
-1.917781,-0.508751,0
-1.073698,-0.764626,0
0.632862,0.050895,0
-1.447905,-1.953905,0
-1.067226,-2.169149,0
-1.627913,-2.143284,0
-2.163477,-0.541624,0
-1.950481,0.527874,0
-2.122125,-2.505994,0
-0.905764,1.311448,0
-0.957396,-0.426879,0
-2.334574,1.531747,0
-1.570718,-0.820717,0
-2.156454,-1.830354,0
-1.383068,0.456113,0
-1.644295,0.394746,0
-0.848703,0.356768,0
-1.199257,-2.136732,0
-1.187250,-1.224129,0
-1.854666,-0.982727,0
-0.241522,1.775000,0
-0.865920,-1.788850,0
-2.365807,-1.229723,0
-2.038085,-1.069876,0
-1.285887,-0.211623,0
-1.515569,0.239270,0
-0.901408,-0.782794,0
-1.359819,-1.215344,0
-2.612465,-1.232778,0
-0.891617,-1.552001,0
-2.471882,-0.984744,0
0.202739,0.132509,0
-1.660086,-1.657210,0
-4.088570,-0.293555,0
0.596543,-1.972578,0
-1.797139,-1.295679,0
0.780598,-2.508602,0
0.477350,-1.101247,0
-1.213437,-1.936178,0
-0.728787,0.287402,0
-0.655541,-0.080577,0
-1.696555,-2.964091,0
-1.166654,-0.278796,0
1.443481,-2.084914,0
-0.526477,-1.375233,0
-0.053204,-1.971041,0
-0.842453,-0.782832,0
-1.373408,-0.241702,0
-1.718272,-0.278950,0
-0.909526,-0.700261,0
-1.733877,-1.675539,0
0.478708,0.013021,0
-1.280662,-0.815842,0
0.348025,-0.783643,0
0.082888,-2.658652,0
-2.868826,-1.259572,0
-1.325433,-1.830126,0
-0.783294,-0.918212,0
-0.609865,-2.401820,0
-0.908136,-0.454725,0
-0.752339,-1.620936,0
-1.399182,-0.345953,0
-0.048539,-1.088725,0
-1.767127,-0.679532,0
-0.796412,-1.866704,0
-1.627079,-2.345830,0
-0.889576,-1.958657,0
-0.952496,-0.081909,0
-1.335737,-0.293282,0
-0.720445,-0.993689,0
0.452939,-1.599920,0
-1.846307,-1.760494,0
-1.588281,0.158858,0
1.243536,-2.092416,0
-2.525675,-1.466469,0
-0.168080,-0.587716,0
-1.715615,0.322773,0
-1.074320,-0.457417,0
-1.896278,-0.339647,0
-0.803645,-1.619616,0
-0.717733,-1.220689,0
-1.692515,-0.827580,0
-1.430336,-0.068042,0
1.599478,2.924794,0
-2.348802,-1.545124,0
-0.623362,-1.724003,0
-0.661888,-1.123601,0
-0.538141,-1.094177,0
-2.464757,-1.187667,0
-1.568471,-0.726152,0
-1.238713,-0.972586,0
-1.123294,-1.130964,0
-0.559055,-2.238758,0
-1.520489,-1.870998,0
-2.243778,-1.404343,0
-0.218076,-0.471629,0
-1.758550,-0.777409,0
-1.190979,-0.534001,0
-0.503898,-1.988022,0
-2.146475,0.683209,0
-0.163448,-0.861566,0
0.407773,-2.625307,0
-1.706498,-1.235481,0
-1.182490,-1.798263,0
-1.025706,-0.616457,0
-3.062888,-0.527758,0
-2.299288,-1.118586,0
-1.311720,-0.339945,0
-1.324990,-0.596892,0
-1.501652,-1.857981,0
-0.670427,-0.715983,0
0.356003,0.692263,0
1.173962,-1.115359,0
-1.573409,-1.705947,0
-0.030636,-1.050385,0
-1.894683,-0.860991,0
-0.500761,0.805304,0
-2.215087,1.866244,0
-3.017943,-2.603281,0
-1.072898,-1.244473,0
0.439624,-1.482691,0
0.454881,-0.452220,0
-2.304106,-1.153430,0
-0.131784,0.278770,0
-1.037784,-2.537938,0
-2.079284,0.407949,0
-1.303302,-1.047494,0
0.881643,0.020850,0
-0.930695,0.690681,0
1.894520,-0.491179,0
-1.123928,-0.315298,0
-1.010779,-0.155247,0
-1.061024,-0.882508,0
1.694121,1.226096,0
-1.389062,1.791739,0
-0.195390,-2.110997,0
-3.033170,-1.658613,0
-2.112237,-1.397186,0
-1.183426,-0.615547,0
0.126632,-2.213520,0
-0.312689,-1.697149,0
-1.104192,-3.173704,0
0.410715,-0.715262,0
-1.317130,-0.752367,0
-0.256584,-0.218450,0
-0.254344,-1.593930,0
-3.667637,-0.347897,0
-0.300528,0.377185,0
1.642711,0.495559,0
0.504251,-0.868264,0
-1.636054,-2.513033,0
-0.709986,-0.618458,0
-2.802349,-1.444494,0
-0.811335,-0.486590,0
-2.991110,-1.406546,0
-0.276556,-2.917097,0
-1.129158,-2.165868,0
-1.350128,-0.152484,0
-2.194138,-1.701793,0
-0.945938,0.038227,0
0.285761,-1.668572,0
-1.285160,-1.358940,0
0.501191,-1.311729,0
-0.791095,-0.467381,0
-0.939483,-0.127557,0
-1.768489,-0.266406,0
-1.002395,-0.288412,0
-0.597147,-0.980807,0
-0.913650,-0.486450,0
-1.433415,-1.775155,0
-4.520266,-1.714536,0
-1.144469,-0.198043,0
-0.693515,-2.245124,0
-1.575380,-1.898073,0
0.287525,-0.659674,0
-0.318417,-1.050979,0
-2.410352,0.499693,0
-1.553552,-1.827322,0
0.849876,-0.472424,0
-0.650083,-0.719679,0
-2.806400,-1.998899,0
-1.538427,-1.089018,0
-0.955941,0.049814,0
-0.082559,-0.611487,0
-2.071341,0.312376,0
-0.618525,-0.248943,0
-1.135719,-1.690850,0
-0.966926,0.153959,0
-1.614322,-0.562188,0
0.966865,0.605497,0
0.230496,-1.932629,0
-1.497799,-0.537931,0
-2.420063,-1.800795,0
-1.327144,-0.313583,0
-2.278085,-1.696511,0
-1.538922,-1.177506,0
-2.553303,-0.943673,0
0.016427,-1.202463,0
-1.865433,-1.515608,0
-2.770826,-1.495975,0
-3.247333,0.536060,0
0.326497,-1.149408,0
-0.856188,-0.534334,0
-0.750648,-1.856320,0
-0.338154,-0.801392,0
-1.341732,-0.942161,0
-0.796917,-1.476727,0
0.946199,-2.776177,0
-1.924488,-0.328815,0
-0.551403,-0.350539,0
-1.690929,-1.496377,0
-2.697448,-0.513439,0
-1.828320,-1.443079,0
-2.382353,1.203413,0
-2.215303,-3.484154,0
-1.229117,-1.821962,0
-2.420927,-0.583191,0
-1.489414,-0.701721,0
-1.574163,-1.888215,0
-2.019316,-1.651669,0
-0.483364,-1.423794,0
-1.054905,-0.832386,0
0.412829,0.760723,0
-0.141848,0.890104,0
-0.776014,0.025770,0
-2.788631,0.032438,0
0.003504,-2.055399,0
0.387639,-1.774350,0
-0.183076,-0.364221,0
-1.579659,-0.885736,0
-1.950084,-1.556092,0
-3.095477,-0.807687,0
-2.738421,0.478217,0
-1.066033,-2.795500,0
1.068343,-1.326531,0
-1.986906,0.037580,0
-0.590818,-0.586460,0
0.658191,-0.224291,0
-3.949177,-2.434415,0
-2.738308,0.752845,0
-0.879936,-0.665542,0
1.047104,-0.437331,0
-1.380488,0.027623,0
0.574959,-0.868798,0
-1.182834,1.070667,0
-0.584968,-0.140900,0
-0.107108,-0.232604,0
-0.972383,-0.571655,0
0.534861,-1.107680,0
-0.606194,1.504668,0
0.674171,0.625427,0
-0.123603,-0.514651,0
-1.709982,-1.112119,0
-1.888857,-2.229031,0
-0.275912,-0.786815,0
-1.801967,-0.837882,0
-2.723314,-1.495319,0
-0.685732,-2.815410,0
0.383264,1.521752,0
-0.963315,0.058934,0
-1.078803,0.443425,0
0.533678,-1.139864,0
-1.082445,-2.394590,0
0.021898,-1.422746,0
-3.964931,0.128808,0
-1.022894,0.098505,0
0.269121,-2.034142,0
-2.655105,-0.940134,0
-1.033408,-2.922024,0
-1.019743,-2.365992,0
-1.517434,-2.085704,0
-1.021225,0.136198,0
-1.577517,-1.515885,0
-2.324566,-3.345322,0
-0.594242,-1.129199,0
-0.186360,-2.255348,0
-1.205294,0.536277,0
-1.368012,0.357975,0
-0.680245,-1.851768,0
-2.437202,-2.955527,0
-2.569183,-1.088210,0
-1.736720,-0.532528,0
0.208082,-2.048473,0
-2.476605,-1.644349,0
0.112397,0.902498,0
-2.157374,-0.395141,0
-0.640572,-0.783200,0
-1.076848,-0.837454,0
-1.608826,-2.748890,0
-0.932831,-1.288670,0
-0.233286,-3.083241,0
0.789489,-1.954927,0
-0.779450,-0.920159,0
-2.072528,-1.669926,0
-1.123865,-1.718044,0
-2.046004,0.718822,0
-0.983520,-1.525882,0
0.435079,-0.536713,0
0.304666,-2.140446,0
-0.385082,-1.408741,0
-0.888934,-0.112649,0
-1.059449,-2.824485,0
-0.729824,-1.094283,0
-1.172872,-1.515586,0
0.084569,-1.363911,0
0.580783,-1.830079,0
-0.511108,-0.505401,0
-2.210977,0.920494,0
-0.975243,-2.468242,0
-0.175679,-1.101454,0
-1.195388,0.968090,0
0.640877,-2.021061,0
-0.407506,0.286180,0
-1.859261,0.533373,0
-1.847728,1.168793,0
0.651820,-0.956933,0
-1.477830,-2.773275,0
-0.249364,0.070585,0
-2.734026,-0.848429,0
-3.785425,-2.625878,0
-3.373121,-2.600197,0
-1.743884,-0.493197,0
-2.233707,-1.320024,0
-1.652726,-2.340510,0
-1.207913,-0.955540,0
-2.168654,-2.091702,0
-1.512802,-2.650721,0
-1.532878,-2.168796,0
-0.802640,0.284311,0
0.189754,-0.613330,0
-0.865445,-1.556603,0
1.546371,-2.258526,0
-0.327526,0.727050,0
-2.971484,-0.234847,0
-1.125310,-0.108720,0
0.477199,-1.675791,0
-0.401642,-2.016749,0
-0.291681,-0.670001,0
-1.108752,0.032687,0
-2.292114,-2.308088,0
-0.802083,-1.081585,0
-0.225312,-1.201213,0
-3.371718,-2.408251,0
-0.269433,-1.086803,0
0.113710,-2.103924,0
-2.021346,-1.438019,0
-0.396974,-1.614458,0
-2.163715,-1.358975,0
-2.041272,-0.064948,0
-1.194570,-2.923596,0
-0.860429,-1.209457,0
-0.514187,-1.006937,0
-0.823864,-1.609973,0
-1.661329,-0.977542,0
-0.947600,0.788805,0
-0.003286,0.664395,0
0.949974,-0.263688,0
-2.907989,-1.984441,0
-0.848121,-2.338835,0
-3.049184,0.644357,0
-3.118399,-1.854015,0
-0.558947,-1.074480,0
0.294729,-2.058252,0
0.338454,-1.559597,0
-2.473300,-1.322444,0
-0.584291,-1.871888,0
-1.662511,-0.313010,0
-0.375087,-1.874696,0
-1.047985,-0.317271,0
-1.756697,-0.971483,0
-1.848183,-1.708536,0
-1.134363,-0.696274,0
-4.157536,-1.873316,0
-3.356296,0.671590,0
0.285140,-0.118231,0
0.794964,-1.371445,0
-1.696084,-1.772939,0
-1.149798,-0.525290,0
-2.389271,-0.406782,0
-1.585243,-1.146930,0
-1.979272,-0.127848,0
-2.423532,-1.385064,0
-1.861023,1.333331,0
-2.219805,-0.815539,0
-3.483349,-0.263235,0
-1.460046,-1.458569,0
-0.333525,-0.649012,0
0.253093,-2.857004,0
-1.499336,-2.217463,0
0.086531,-0.646125,0
-3.574653,-0.563546,0
0.061776,-0.525146,0
-1.132932,0.440131,0
-0.311118,-0.106707,0
-0.002938,-2.285090,0
-1.567420,-1.792898,0
1.133081,-1.165675,0
-1.835919,0.613717,0
-2.621919,-1.184464,0
-1.193949,-0.744015,0
-0.238714,-0.376580,0
-2.532035,-0.414548,0
-2.511208,-0.688924,0
-1.041565,-2.466689,0
-0.402362,-1.519732,0
-2.584419,-0.399766,0
-0.953279,-0.211607,0
-0.461213,0.173647,0
-0.970353,-1.311205,0
-0.873705,-1.224930,0
-2.237059,-0.213415,0
-2.623844,-1.862956,0
-2.291216,-1.037646,0
0.121255,-0.512955,0
-0.536495,-3.575382,0
0.361783,-0.739463,0
-1.213014,-1.982158,0
-0.206046,-1.312958,0
-2.282035,0.389823,0
-1.157220,-0.347453,0
1.177184,-1.917279,0
0.000181,-2.099711,0
-2.277241,0.931915,0
-0.992848,-3.413892,0
-1.666479,-0.967837,0
-1.447833,-3.120490,0
0.737073,-1.283614,0
-0.448158,-2.223982,0
-0.232842,-1.623028,0
-2.234593,0.477133,0
-2.509376,-1.804784,0
-3.088634,-1.758965,0
-1.146550,0.080869,0
-0.736068,-1.271536,0
0.180338,-0.352151,0
0.102117,-1.448700,0
-1.909244,-3.002591,0
-2.270792,-1.101396,0
0.165915,-1.505014,0
-0.583363,-1.754136,0
-0.358128,-1.192164,0
-1.824820,-0.834228,0
-0.472614,-0.557979,0
-0.319390,-2.079274,0
-1.493184,1.061266,0
0.561524,-1.417029,0
0.500102,-1.629999,0
1.942146,-1.438974,0
0.328391,-4.291741,0
-0.542627,-1.769316,0
-2.592186,0.054149,0
-2.223407,-1.556839,0
-2.319994,-1.485185,0
-1.128331,-0.339027,0
-1.779036,-0.550558,0
-0.978941,-2.011142,0
-0.858950,-0.518504,0
0.607360,-1.142899,0
-2.081171,-0.634793,0
-1.700842,-1.809683,0
-0.487848,-1.405460,0
-0.886934,-0.200290,0
1.179361,0.725333,0
-2.293431,-1.582229,0
-0.384369,-0.118622,0
-0.766057,-2.444252,0
-1.575400,-0.504929,0
-0.280388,-3.621847,0
-0.931928,-1.318976,0
-2.887488,-1.383972,0
0.559797,1.635569,0
-3.188073,-2.748436,0
-1.704106,-1.804321,0
0.125145,-0.452447,0
-0.672765,-2.610985,0
0.117243,-2.302782,0
-0.934407,0.004831,0
0.160405,-0.075877,0
-1.824128,-0.362004,0
1.075115,-2.880983,0
-1.346016,-1.217978,0
0.452803,1.191151,0
-1.393179,0.565959,0
-1.039223,-0.255297,0
-2.160511,-0.909781,0
-1.788757,-0.497584,0
1.440663,0.501857,0
-1.378248,-1.472657,0
-0.392649,-0.898866,0
-0.597392,0.367144,0
-1.132446,-1.942837,0
0.084033,-0.144769,0
-0.862779,-1.777126,0
-1.529083,-0.748888,0
0.060715,0.019140,0
-1.499186,-2.468161,0
-3.350798,-0.285475,0
-1.379436,-2.675771,0
-1.160595,-3.261416,0
0.852462,-1.692621,0
-1.568969,-2.586539,0
1.547990,-2.163686,0
-2.213417,-1.520174,0
-4.726700,-0.773387,0
-1.959459,-1.635896,0
-0.894308,-0.358104,0
-0.186423,-0.427233,0
-0.111731,-0.715274,0
1.478191,-1.425985,0
-0.393659,-1.776846,0
-0.639299,1.290187,0
-1.555723,-2.683338,0
-0.044782,-1.344233,0
-0.547562,-2.424143,0
-0.228787,-1.845190,0
