1.622653,3.021782,1
0.391756,0.626086,1
-0.025838,0.178304,1
0.299986,1.582486,1
1.948437,-0.910035,1
2.530049,-0.059491,1
0.147456,0.194390,1
0.643034,2.304267,1
1.819149,1.712375,1
0.569803,3.120917,1
2.654853,2.116032,1
0.375085,0.885673,1
2.500742,0.935799,1
-0.294985,0.844882,1
1.632528,-0.202654,1
0.915336,1.761759,1
1.486221,1.313900,1
-1.070679,0.911368,1
0.711024,1.253305,1
1.744707,1.259726,1
-0.940339,1.402537,1
0.383972,1.048473,1
0.910128,-0.581677,1
1.918439,0.316004,1
0.815601,-1.828831,1
1.231276,0.709683,1
2.116990,-0.076031,1
1.678622,0.890960,1
-0.688682,1.629436,1
-1.230828,1.048602,1
1.102589,0.424938,1
0.630040,-0.076922,1
0.338310,1.815065,1
0.926288,-0.802287,1
-1.186821,-0.165713,1
2.500377,0.975786,1
0.611417,0.732571,1
2.074690,-0.043190,1
3.923486,1.421497,1
1.452832,0.124938,1
0.716086,0.218703,1
-0.285677,-0.222837,1
1.692046,0.926544,1
2.287738,0.398919,1
0.039780,0.509542,1
2.211296,0.745293,1
2.532818,1.135856,1
1.818356,0.920097,1
2.281651,-1.154157,1
2.304962,1.320000,1
-0.298931,2.555390,1
1.110283,2.947830,1
0.648714,0.444788,1
0.870527,2.598095,1
0.559078,1.856180,1
1.108771,0.787634,1
-0.254790,2.890945,1
0.675755,-0.026215,1
2.050631,0.818504,1
1.105155,0.416993,1
1.680863,0.750376,1
-0.363915,1.337002,1
-0.695899,1.757071,1
1.002675,-0.695533,1
-0.130011,2.247583,1
1.160191,-0.844151,1
1.086982,-0.527735,1
1.165584,0.701452,1
-0.510810,1.009434,1
2.194421,1.344974,1
1.182084,0.865544,1
3.146619,0.231254,1
0.755207,0.225494,1
1.225210,0.384628,1
1.917363,2.212347,1
-0.372253,1.348545,1
-0.844117,2.838000,1
0.885968,1.391352,1
-1.280648,3.021301,1
2.275335,1.715547,1
1.591718,0.865766,1
0.946573,0.444804,1
2.034754,1.673592,1
1.841153,1.286674,1
3.337045,1.057072,1
0.428086,1.178798,1
1.943112,1.453198,1
0.166803,1.235651,1
0.024574,0.457319,1
0.155856,1.267780,1
1.095293,0.297644,1
0.571620,0.468983,1
0.405264,0.799909,1
1.652396,1.683524,1
1.167548,0.687197,1
0.602808,-0.559076,1
0.898890,0.536043,1
-1.073594,2.300693,1
1.677938,0.612844,1
2.003283,3.521407,1
1.631951,-0.176537,1
1.364566,1.499966,1
2.396343,2.496883,1
0.856074,0.832756,1
1.223816,0.335087,1
0.285552,1.733419,1
0.786504,-0.540601,1
0.995736,1.173684,1
1.297185,2.104836,1
-0.703256,2.861666,1
2.925870,0.862936,1
-1.084494,1.060991,1
1.211872,1.358957,1
0.472186,1.381960,1
1.815685,-0.014696,1
1.443707,2.100507,1
1.698092,0.667219,1
0.194756,2.286094,1
2.486991,0.699266,1
2.589792,1.065335,1
2.186515,1.386320,1
1.093715,1.759990,1
1.369611,1.847011,1
-0.591558,0.696309,1
2.912983,1.081342,1
0.333195,0.932721,1
0.971074,1.114904,1
-0.832345,0.398607,1
-0.439299,0.208824,1
0.329919,2.681010,1
0.013635,0.552352,1
1.588032,2.282888,1
-0.077506,0.274143,1
1.126421,1.730044,1
2.262388,0.076991,1
1.585815,2.721374,1
2.649370,1.956935,1
0.577438,2.191828,1
1.008776,-0.443501,1
1.564780,-0.268136,1
1.491607,2.563108,1
-0.498607,1.219283,1
-0.382129,0.421645,1
-1.355942,-0.234915,1
0.428206,1.215537,1
2.768722,1.439085,1
1.188091,1.931733,1
0.934522,0.257704,1
-0.605457,2.630297,1
1.405167,2.332815,1
0.279852,0.403513,1
-0.821910,1.149681,1
1.087069,0.496209,1
2.505800,-1.195396,1
-0.502205,-0.022020,1
1.035201,1.912688,1
1.142718,-2.039904,1
2.009598,0.682293,1
3.118277,-0.743054,1
2.029752,1.231281,1
1.062731,1.214595,1
1.358728,1.190942,1
0.972450,0.615024,1
1.820597,1.072429,1
-1.118719,1.637899,1
0.527433,1.304577,1
0.156772,0.125499,1
2.143832,0.575915,1
-2.365724,1.663374,1
4.481796,1.208702,1
1.427881,0.246621,1
0.557394,1.981561,1
1.238586,2.161559,1
1.715918,1.419422,1
0.624320,0.900023,1
-0.483622,1.830983,1
0.765579,1.045094,1
0.267850,1.563609,1
1.244798,0.101959,1
2.110460,1.570436,1
0.606950,-0.151622,1
0.247205,0.708937,1
2.434877,1.809913,1
3.018568,0.858214,1
1.467215,2.549885,1
1.314792,-0.618773,1
1.104468,0.733457,1
0.729765,1.463236,1
2.342513,4.491116,1
1.301231,-1.233925,1
1.855222,-0.804784,1
1.134381,0.767483,1
1.570116,0.734978,1
-0.356158,0.568039,1
1.505868,2.659309,1
1.691690,1.267022,1
1.734861,-0.199587,1
1.624094,1.290865,1
2.855769,1.975670,1
0.389666,1.483433,1
0.070219,2.328795,1
0.233552,0.409309,1
1.551523,0.991431,1
1.454676,1.158858,1
0.885322,2.787065,1
2.445247,1.410448,1
1.738456,-1.507087,1
1.865679,0.739708,1
2.599281,2.959605,1
1.277073,-0.577548,1
0.667326,-0.178536,1
2.319494,1.952329,1
2.181631,0.138461,1
1.247703,3.727424,1
1.071357,0.878447,1
1.061547,0.010336,1
2.264585,-0.369400,1
0.789296,1.202962,1
1.766221,1.958076,1
2.365734,-0.723278,1
0.015340,2.709049,1
2.268895,-1.491940,1
0.380545,1.243768,1
0.035180,0.331412,1
0.661088,0.905594,1
0.643366,2.231383,1
2.776075,3.645182,1
0.150388,-0.567292,1
1.463304,0.332702,1
0.949709,1.928524,1
1.677729,0.405021,1
1.462052,-0.373672,1
2.326302,-0.887869,1
0.105188,1.000836,1
0.067188,1.764522,1
-1.082485,0.820959,1
1.055565,3.191260,1
1.235337,1.778337,1
1.014017,0.941765,1
2.453096,2.550044,1
2.026522,1.398332,1
0.081141,2.004880,1
3.163696,1.523094,1
0.065794,1.647000,1
0.304321,-0.375286,1
1.536242,-0.047586,1
0.466180,2.055417,1
2.609148,0.886900,1
1.665053,2.599425,1
1.586550,1.897208,1
-0.394946,0.232470,1
0.521458,1.651424,1
-1.416246,1.649859,1
0.014690,0.653544,1
0.032926,1.199225,1
1.144556,-0.449673,1
1.321310,0.863768,1
0.602804,1.227659,1
0.085067,-0.058270,1
1.252825,0.793249,1
2.553499,-0.099821,1
2.292175,0.668911,1
0.603372,2.838774,1
2.270753,-0.220981,1
0.794250,-0.060270,1
2.214323,1.579313,1
1.134852,1.154840,1
-0.125088,-0.506187,1
2.558456,0.875676,1
0.001307,0.303262,1
0.279920,0.946933,1
-0.760559,-0.714519,1
1.898661,4.019401,1
2.634594,3.099901,1
3.702663,0.758340,1
0.393915,1.171381,1
-0.929255,0.789790,1
1.880452,2.413766,1
1.242023,-0.330883,1
0.401550,0.527708,1
0.644130,2.610386,1
1.220487,-0.189046,1
-0.868511,2.021840,1
0.323994,0.316811,1
1.801861,1.027038,1
0.451920,1.478452,1
1.360588,-0.774300,1
0.490981,2.229939,1
0.208302,0.946832,1
0.784772,0.771284,1
-0.058654,-0.592146,1
-1.006440,1.245588,1
1.814831,0.689370,1
0.620266,2.550174,1
1.907335,-1.160629,1
1.563061,0.004152,1
1.196600,2.666145,1
1.887358,-0.050758,1
-0.444918,3.386125,1
2.070662,0.104744,1
3.214295,0.288351,1
-1.320032,-0.314353,1
3.545485,0.309620,1
1.185090,0.617811,1
1.342922,-1.449002,1
0.581156,1.646121,1
0.268500,0.513945,1
-0.101320,0.737792,1
0.110910,1.756343,1
0.890316,2.701545,1
1.405695,1.551662,1
-0.725613,-1.297080,1
-0.412809,0.460761,1
0.854429,4.531944,1
-0.034896,1.936123,1
1.236017,1.319779,1
0.648500,1.620963,1
1.587130,1.208305,1
2.196317,0.806066,1
0.876663,3.643484,1
1.686797,3.670032,1
2.994424,0.392119,1
1.836456,-1.015657,1
0.315677,1.277898,1
1.442313,2.484833,1
0.055359,0.809622,1
0.989487,1.394156,1
2.403535,0.786158,1
2.310617,-0.742618,1
0.752762,0.470140,1
-0.026282,-0.310045,1
0.169508,0.355264,1
-0.756969,1.159149,1
2.832683,0.547752,1
2.167249,1.756961,1
1.575394,1.488113,1
0.597446,0.771823,1
1.233612,-1.148425,1
1.459527,1.035589,1
-0.303847,-0.831138,1
3.396515,1.936627,1
2.336404,0.596726,1
0.202267,2.813899,1
1.539976,-0.806782,1
0.620448,-1.177015,1
0.137720,1.785809,1
1.349143,1.037084,1
0.027622,1.770479,1
0.677174,0.297615,1
0.277708,1.489687,1
2.139066,0.598960,1
2.884364,-0.172693,1
1.464325,3.017129,1
-1.066467,2.162042,1
0.806548,-0.485837,1
0.089001,0.422535,1
0.686705,0.422809,1
0.349528,0.704137,1
2.476503,0.071439,1
2.196929,-1.183986,1
0.416888,-1.720630,1
1.898324,0.682206,1
1.336297,1.096601,1
0.559964,2.209563,1
0.748086,-0.149547,1
0.484639,0.351662,1
0.978262,-1.065135,1
1.093937,-2.338403,1
1.105368,0.383289,1
0.542067,1.142056,1
3.120002,0.123336,1
0.524368,0.564363,1
0.245820,-0.076017,1
0.472388,1.275554,1
2.555688,1.082854,1
-0.234666,1.983775,1
1.193993,1.767324,1
2.082154,1.462419,1
0.117742,1.099291,1
1.655428,1.992781,1
0.714912,1.175422,1
0.300653,2.201862,1
2.123202,1.316587,1
-1.916402,0.857303,1
0.900319,0.739200,1
2.164781,0.587700,1
0.154417,1.717841,1
1.297374,0.007399,1
0.999443,1.206297,1
1.283625,0.909930,1
2.729466,2.600975,1
0.923746,-0.151604,1
1.843962,3.445982,1
-0.840399,1.427142,1
2.372740,1.813447,1
2.609723,0.095527,1
-1.056409,2.080897,1
0.370992,-0.869472,1
1.223705,1.847525,1
0.523461,1.610835,1
1.469565,-0.212680,1
0.494611,0.195115,1
2.066430,1.804315,1
1.602036,1.665163,1
0.435490,-0.496921,1
0.949949,0.780334,1
1.914787,0.880697,1
-0.125884,1.849771,1
1.622155,1.221044,1
0.868946,0.568656,1
-1.093449,0.451541,1
2.707784,1.133858,1
0.656366,-1.291563,1
0.446697,2.107782,1
0.605525,2.366046,1
-1.889049,1.826220,1
-0.399828,1.856880,1
-0.385170,-0.257786,1
2.764581,0.118054,1
0.757883,3.873385,1
1.579152,-0.553630,1
1.394597,1.654668,1
2.065058,3.771412,1
1.297261,2.354854,1
-0.526127,1.374379,1
2.237997,0.502222,1
0.932790,1.625138,1
-0.317919,0.494225,1
0.312866,-0.539515,1
0.882826,0.961902,1
-0.986428,0.507457,1
0.835090,0.975399,1
2.668207,0.504313,1
1.889640,-0.135153,1
-1.382098,1.043907,1
0.051225,0.371753,1
2.344661,-0.330461,1
3.361450,2.495919,1
3.590265,1.017175,1
1.662504,-1.703359,1
-1.436267,0.971138,1
0.258566,1.383760,1
1.158839,1.922757,1
1.381533,-0.020731,1
2.909487,0.630762,1
1.710142,0.614636,1
0.728258,-1.088319,1
0.741325,0.889935,1
2.310052,1.665073,1
1.627982,1.591183,1
0.975933,0.666175,1
0.517477,1.225555,1
-0.680977,1.822901,1
-0.362207,2.924827,1
-0.164269,3.206619,1
0.807349,-0.024745,1
1.458832,0.345443,1
-0.822943,2.513820,1
0.204076,-0.195993,1
1.813145,0.251664,1
2.584619,1.455559,1
1.624328,-0.373790,1
0.635950,2.620881,1
-1.326150,0.944008,1
1.220270,1.212895,1
-2.048097,0.913757,1
-0.223859,-0.315757,1
0.164138,2.280270,1
2.029109,1.144625,1
0.291191,1.902349,1
2.127136,1.147000,1
1.728776,1.075916,1
1.399157,0.091606,1
-0.267754,0.467380,1
3.175680,2.595135,1
0.250867,2.390838,1
1.885922,1.665914,1
-0.273638,1.830826,1
1.000493,0.495391,1
0.428477,0.309226,1
-0.442727,0.658548,1
2.118606,0.796674,1
-0.338664,0.512881,1
1.329872,-0.812244,1
-0.109344,0.342553,1
0.073804,-0.755508,1
1.667015,-0.865265,1
1.747135,-0.360670,1
-0.745131,1.731726,1
2.121002,1.717222,1
2.705905,1.283071,1
1.611641,1.039734,1
-0.170873,1.153440,1
1.795585,0.480361,1
1.506579,-0.969436,1
-0.818546,0.449270,1
2.049008,1.280517,1
-0.040870,1.877149,1
-0.047970,-0.601563,1
2.684609,0.310795,1
1.037172,2.483607,1
0.570434,1.104898,1
2.168204,2.866748,1
1.778094,0.757493,1
1.252201,3.878928,1
1.174872,2.162949,1
1.036114,1.544242,1
2.145566,0.678257,1
0.035201,0.054313,1
0.887137,0.973506,1
0.165011,2.012680,1
0.441348,0.061206,1
0.944174,0.378050,1
2.003704,1.081679,1
1.361838,0.601373,1
-0.256563,0.069276,1
4.010164,0.868108,1
-0.686229,-0.781267,1
-0.298869,0.521636,1
1.546631,0.757823,1
2.946122,1.191863,1
0.961976,3.419591,1
0.213639,1.681140,1
0.992055,2.832318,1
2.160443,1.216216,1
1.346580,1.382298,1
0.406754,1.087774,1
0.791960,1.999214,1
-1.564029,2.171249,1
-0.368742,-0.634424,1
0.907325,0.381913,1
2.539553,-0.527995,1
0.069736,1.854983,1
0.873999,4.441519,1
1.737229,0.932140,1
1.310753,0.270193,1
1.548797,0.093849,1
0.961984,1.841283,1
1.850900,-1.072522,1
0.065417,2.093661,1
1.044839,-0.057772,1
1.235879,0.220241,1
1.917099,-0.227820,1
1.537827,0.136138,1
1.871849,-2.485984,1
3.052534,1.885815,1
2.052439,1.042578,1
1.617549,2.050785,1
0.974260,1.012370,1
0.414295,0.150994,1
1.735411,1.706295,1
0.923720,2.298939,1
3.422946,1.630303,1
-0.747443,2.973592,1
0.560063,1.139207,1
-0.606320,1.803902,1
-0.520667,0.611813,1
0.835885,-0.080584,1
-0.015745,1.954314,1
0.503203,1.766268,1
2.983750,1.311681,1
-0.188054,0.212604,1
-0.447751,-0.449026,1
0.732048,-0.308552,1
0.438786,-0.070549,1
1.909848,0.498525,1
1.986953,-0.690295,1
1.488725,1.357106,1
2.267472,0.378864,1
0.825826,-0.071020,1
-1.097701,-0.211881,1
-0.709205,1.298196,1
1.432154,2.375110,1
-0.602108,-0.414884,1
0.777351,-0.522126,1
2.976314,-0.683371,1
0.271128,0.648943,1
0.460549,3.292064,1
0.049860,2.917361,1
2.046612,1.676105,1
-2.216597,1.187776,1
0.263683,1.839864,1
1.335393,0.629629,1
-0.092167,0.292014,1
0.705674,0.910221,1
1.113376,1.439613,1
-0.505006,1.109052,1
0.131551,1.124899,1
0.760199,-0.009208,1
0.541624,0.432562,1
0.943331,2.841454,1
-0.232652,-1.116061,1
0.926021,1.985142,1
0.909970,-0.078187,1
2.443286,-0.437633,1
1.444368,1.668391,1
1.128429,1.299988,1
0.657266,2.206720,1
1.969473,-0.012464,1
1.071098,0.552329,1
-0.612096,1.954838,1
1.535832,2.620885,1
0.882763,1.079371,1
0.578702,1.666478,1
0.448462,2.049311,1
1.554319,1.405406,1
2.658781,0.918265,1
1.274782,2.555002,1
1.538098,0.838908,1
0.174607,0.123835,1
-0.116619,2.722545,1
1.412459,-0.358618,1
2.227594,1.689013,1
1.284116,-0.170426,1
1.540519,-1.018334,1
-0.328279,0.413462,1
0.369725,1.208535,1
0.318460,1.009308,1
0.218743,-0.351299,1
2.332866,1.506957,1
-0.737615,-0.136704,1
0.751417,-0.414622,1
1.075602,1.377478,1
-0.804230,1.656898,1
1.842440,-0.925972,1
1.407233,1.960810,1
1.322411,2.200298,1
1.923058,-0.153428,1
2.295816,2.225067,1
0.553040,0.724713,1
0.655931,1.278676,1
1.585597,1.031677,1
0.609041,0.172119,1
1.516999,2.689648,1
-0.000310,2.038258,1
0.868379,1.113885,1
0.343754,-0.069669,1
1.998739,-0.828530,1
0.663424,1.547638,1
2.499068,-1.483940,1
0.776727,0.227401,1
-0.581522,0.813759,1
2.000537,-0.376411,1
-0.888176,1.791105,1
-0.851432,0.941229,1
5.175924,0.466261,1
1.952456,1.808550,1
0.145947,0.125840,1
1.134704,0.587960,1
2.395453,0.339758,1
1.767222,0.775945,1
2.752973,-0.572110,1
1.706877,1.338039,1
0.110297,2.286316,1
2.001996,0.462348,1
-0.630414,0.766591,1
1.318637,-0.029536,1
0.714995,1.499064,1
0.581419,3.426469,1
0.510645,2.800102,1
2.744153,0.325657,1
1.034413,0.913046,1
-0.149380,-1.405791,1
1.109057,0.978370,1
0.521392,0.261983,1
-0.889617,2.805456,1
-0.761542,2.289898,1
-0.378936,-0.159542,1
0.285236,1.228836,1
2.483163,-0.193536,1
-0.083086,0.007874,1
2.088917,1.443045,1
1.478822,1.405876,1
1.567520,0.663584,1
0.004437,1.093000,1
0.447385,-0.672289,1
0.553209,1.009810,1
1.927703,2.193864,1
-0.361338,1.735497,1
2.657139,0.774895,1
3.058276,1.368761,1
2.942474,1.993879,1
0.823555,2.432951,1
-1.809560,1.972181,1
3.075786,1.272621,1
1.990728,2.244572,1
2.610645,0.289082,1
1.340011,3.276199,1
0.496307,1.255900,1
-0.464750,1.218482,1
0.693395,1.300195,1
1.271489,0.410217,1
-0.410520,1.810958,1
0.453659,-0.070107,1
0.415884,0.153455,1
1.925994,1.764103,1
1.466810,0.911696,1
1.369895,0.823385,1
0.266098,3.224977,1
0.863777,3.031905,1
0.003641,0.587026,1
1.615111,2.150630,1
3.093933,1.262340,1
1.545230,0.518300,1
1.763857,2.156569,1
1.577824,-0.680603,1
-0.483289,2.096467,1
2.028073,-0.376069,1
0.380086,2.146155,1
1.423972,-0.456833,1
-0.794057,2.097833,1
0.084214,0.676967,1
0.168103,1.618560,1
0.377344,-0.554657,1
1.158158,0.533579,1
0.793591,0.189025,1
1.806867,0.097263,1
1.276730,-2.134635,1
1.933580,-1.417312,1
0.520559,0.656677,1
1.110443,1.355196,1
1.444792,2.277764,1
-0.117159,2.484141,1
-0.399786,1.079107,1
0.918153,-0.053835,1
1.162995,0.201201,1
2.856779,1.845757,1
0.989508,1.564834,1
2.268288,-0.334851,1
0.652723,0.232134,1
1.245048,2.781433,1
1.218199,1.559291,1
-0.709523,0.766959,1
0.023807,1.298440,1
1.581619,0.902279,1
1.696978,1.393223,1
2.653079,-1.171399,1
0.794813,1.827276,1
2.077769,2.236568,1
1.350984,-0.020855,1
1.191533,1.472373,1
2.975608,0.278290,1
-0.461940,0.171721,1
-1.079847,4.229951,1
2.980878,0.907264,1
0.947605,1.518169,1
0.188112,-0.027994,1
1.059188,1.149691,1
1.163823,0.673588,1
1.344020,2.765445,1
3.012593,2.778115,1
1.016550,1.235950,1
1.709950,0.669101,1
2.406563,0.897427,1
-1.625741,-0.151894,1
0.116993,1.243446,1
-0.537342,2.967648,1
1.046676,1.321526,1
0.163418,2.386420,1
2.616728,1.219811,1
2.803100,1.877810,1
1.187020,-0.470673,1
2.204887,0.826912,1
1.070172,0.718287,1
0.142824,-1.432803,1
2.519034,2.378049,1
-1.071586,0.912394,1
3.199659,1.247841,1
1.249896,-0.227694,1
0.761551,0.107449,1
2.139814,0.746128,1
2.840893,0.608930,1
-0.279351,2.288403,1
2.325861,0.936825,1
-2.187728,0.581362,1
0.833617,-0.343149,1
1.181232,-0.344527,1
2.422880,0.952252,1
1.585973,1.716001,1
-0.632452,-0.398279,1
-1.050369,1.170522,1
0.600779,1.206790,1
0.837252,2.578950,1
1.814261,-0.365614,1
2.016478,1.066849,1
-0.545472,-0.980761,1
0.876354,0.771146,1
1.235472,-0.313057,1
-0.394455,0.997299,1
1.256954,-1.512751,1
2.408743,3.431363,1
-0.170448,2.900620,1
0.066452,1.578711,1
2.025781,2.063502,1
-0.181346,2.115383,1
0.763109,1.364111,1
0.453343,0.453087,1
1.245846,1.216059,1
0.283559,0.854356,1
0.204080,0.370261,1
1.881841,1.617286,1
-0.884765,-0.110998,1
0.570732,1.815036,1
1.137054,1.689083,1
2.538213,1.890104,1
1.992932,1.160242,1
-0.517243,4.047434,1
0.751397,1.022249,1
0.635952,-0.957024,1
1.467112,0.382162,1
1.922880,0.336131,1
1.574315,-2.091339,1
0.716606,1.278116,1
-0.860376,0.084351,1
-0.391997,0.345833,1
0.895646,0.469737,1
1.458103,-0.878238,1
2.688317,1.092923,1
0.360263,-1.522634,1
-0.075529,2.521234,1
-0.088243,0.750100,1
1.979917,-0.032934,1
2.923264,1.150741,1
1.268596,1.273710,1
1.377073,2.213449,1
-0.248453,-1.183074,1
3.321367,1.477257,1
0.046173,2.503859,1
2.074588,-0.881657,1
0.288924,2.353944,1
1.099119,0.975756,1
1.486980,0.443279,1
0.106032,-0.558693,1
2.684998,0.249314,1
1.138817,1.513944,1
0.254514,1.359467,1
0.153306,0.283056,1
2.847239,0.848265,1
-0.888030,1.705242,1
2.051074,0.728389,1
0.578458,1.717640,1
1.575469,0.866920,1
2.074846,2.260755,1
1.993496,0.557081,1
-0.400617,1.528359,1
0.072320,-0.201984,1
0.452313,1.347881,1
1.310290,1.148187,1
2.014451,1.725908,1
1.462826,2.021673,1
1.136464,0.530739,1
1.591359,1.324572,1
1.526968,2.082763,1
1.906609,-0.810890,1
2.808562,3.663589,1
0.078478,0.698497,1
1.396492,-0.242045,1
0.171992,1.804221,1
0.610487,0.067682,1
0.338732,1.811537,1
1.600282,1.479307,1
-1.950089,0.863075,1
1.669374,3.401559,1
0.727330,0.722072,1
2.134323,-0.345539,1
2.092542,1.733625,1
2.766089,-0.554862,1
0.229333,0.155488,1
0.482241,0.806160,1
1.176374,2.338015,1
0.886828,0.613593,1
1.080059,2.265600,1
-0.263528,0.662062,1
-0.080601,1.672116,1
1.217288,0.618453,1
-0.392172,1.934850,1
0.419361,0.305458,1
-1.025026,-0.126941,1
2.137718,1.026466,1
3.268221,0.945239,1
-1.240678,-1.171406,1
-0.035559,0.998621,1
0.709116,1.791859,1
-2.911833,-0.714887,1
0.838529,1.362494,1
-0.144029,1.094593,1
0.561061,0.519804,1
1.803503,4.068713,1
0.696876,0.002075,1
0.610480,2.396277,1
2.634402,-0.066424,1
0.771058,1.718406,1
0.326486,2.712395,1
-1.471319,1.864201,1
0.261864,0.126672,1
-0.032310,1.213794,1
-0.850235,-1.307204,1
0.194751,2.001881,1
-0.458086,0.992839,1
-0.561877,-0.419017,1
0.809396,2.107062,1
2.810725,1.482609,1
1.219701,-0.360460,1
1.374069,0.919510,1
0.136341,3.629166,1
-1.303793,-0.002801,1
1.074926,0.099978,1
0.982314,2.010226,1
2.526575,2.128776,1
1.501468,2.257141,1
2.397704,0.263888,1
0.473966,1.394756,1
0.533796,1.222875,1
-0.194957,1.108111,1
1.398309,2.883924,1
-2.088101,1.837777,1
1.876051,0.630504,1
0.690104,0.836094,1
1.706442,-0.450285,1
0.252419,-0.388103,1
1.961655,-0.266167,1
1.137146,0.615912,1
1.570986,2.357789,1
-0.028134,0.352122,1
1.971561,0.324475,1
1.073383,-1.685790,1
1.764394,1.319715,1
0.478448,1.838033,1
-1.407887,3.688192,1
-0.176018,0.542216,1
1.627477,1.954059,1
2.832125,-0.755078,1
0.637438,1.318892,1
2.542153,0.969385,1
2.155939,0.699634,1
-0.338321,1.192012,1
-1.338844,0.239526,1
-0.188768,-0.100671,1
1.380241,0.684763,1
1.702916,0.193303,1
2.647740,0.653149,1
0.600566,-0.060504,1
0.920647,1.328181,1
1.542886,0.624486,1
-0.517307,1.981996,1
0.364378,-0.642291,1
-0.425921,0.143927,1
2.031409,0.792799,1
2.279595,1.051982,1
0.749883,0.742021,1
2.670185,1.180185,1
-0.446370,0.622851,1
1.305302,1.442675,1
-1.070459,-1.358826,1
3.120746,-0.358503,1
0.594871,0.042967,1
0.556338,-0.046715,1
4.818420,1.065398,1
1.395065,0.159830,1
1.823846,1.617771,1
1.802698,0.571140,1
-1.195174,0.558206,1
0.875225,2.556010,1
1.832924,1.731368,1
0.442821,2.715010,1
2.688395,2.607545,1
1.599788,3.778309,1
0.908545,-0.299908,1
1.833692,1.459475,1
0.931560,0.151128,1
-1.589629,0.174982,1
2.651294,1.869647,1
2.065025,0.372483,1
2.319196,1.692607,1
2.223064,1.879784,1
0.644314,1.461754,1
1.271679,-0.813386,1
2.565005,0.830448,1
0.075899,0.363131,1
1.001681,-0.025241,1
1.571578,-0.012323,1
0.762459,2.556455,1
0.272116,0.588070,1
0.526956,1.770390,1
2.898078,0.541195,1
-0.465643,-0.110136,1
1.901365,0.607393,1
0.241931,1.676446,1
1.749418,-0.272605,1
1.890397,1.462888,1
0.043829,2.410789,1
2.461406,1.067050,1
2.467239,1.170747,1
1.228379,0.959576,1
2.363764,-1.736297,1
1.020094,0.318905,1
0.720221,-0.372964,1
0.463683,1.327693,1
0.845117,0.885560,1
1.310829,-0.364992,1
1.024319,0.841398,1
1.171876,1.727644,1
2.238820,1.282493,1
-1.176659,-0.860338,1
0.800216,2.714512,1
0.406539,-0.929039,1
1.724328,2.988043,1
0.102362,1.121673,1
1.949144,1.557892,1
1.757888,1.009330,1
-0.243618,0.922719,1
1.516375,-0.547235,1
1.915966,-0.890168,1
1.614836,-0.387997,1
1.284863,0.953461,1
1.239887,0.484019,1
1.503706,0.411635,1
0.732324,-0.214148,1
0.978834,-0.887995,1
1.306900,1.963581,1
1.286076,1.919790,1
-1.051327,3.388565,1
0.964826,1.134730,1
0.562749,0.597616,1
1.771505,2.182363,1
1.150103,1.094701,1
3.621883,0.447014,1
1.316042,1.794784,1
-0.833099,0.946387,1
1.635173,0.825437,1
2.157904,-0.795651,1
1.514893,0.010038,1
-0.683792,-0.182584,1
-0.488109,-1.491435,1
2.335190,0.691940,1
1.139310,0.769104,1
2.122139,-1.117581,1
-1.168495,1.543478,1
1.259994,0.889177,1
0.813112,0.121207,1
-0.094072,1.143052,1
1.384631,1.481825,1
1.420598,-2.050377,1
0.480329,2.849741,1
2.996049,0.576406,1
2.406674,-0.043383,1
1.755847,1.775729,1
0.523716,1.431991,1
0.377181,1.362822,1
2.591163,2.404140,1
2.082815,0.260222,1
0.946748,0.334685,1
2.698575,1.461165,1
0.916229,-0.184877,1
-0.609698,0.464734,1
2.453884,1.179057,1
2.071406,0.496024,1
2.606710,-0.477164,1
1.085433,2.219668,1
0.717388,2.061121,1
-1.146123,1.824423,1
-0.067795,1.219948,1
2.473232,-1.056528,1
1.135942,2.397038,1
1.172320,2.910745,1
2.215697,0.562087,1
1.791927,2.104450,1
2.516029,1.163895,1
1.644696,1.038461,1
1.240257,-0.022891,1
1.236402,0.369020,1
1.488179,0.888786,1
2.491555,1.373853,1
1.834566,-0.263350,1
1.392993,1.757124,1
-0.263494,-0.539663,1
3.185216,0.213812,1
-0.293613,1.597022,1
0.970944,3.716369,1
1.030981,0.118186,1
0.104721,1.041602,1
-0.273424,2.697507,1
0.454978,0.767253,1
-0.442949,1.573423,1
0.866426,1.566924,1
0.740139,0.812832,1
0.942725,0.152857,1
3.381045,0.700216,1
1.272729,3.064345,1
0.667618,1.061241,1
1.241900,2.306163,1
-0.257455,0.012411,1
0.021502,1.355988,1
0.975430,0.516581,1
-0.109201,-1.455773,1
0.787341,-0.624662,1
1.609157,0.532568,1
2.024940,1.560254,1
-0.030626,2.626872,1
1.959812,1.085953,1
1.353779,-0.524962,1
3.261531,0.419324,1
2.593079,1.730441,1
1.920093,1.688177,1
1.809459,1.223109,1
0.687874,1.203043,1
2.806480,3.396549,1
0.360105,-0.217935,1
2.503966,0.308013,1
0.786417,-0.248174,1
0.472407,0.714082,1
1.463382,1.779923,1
0.623361,1.998710,1
1.445595,-0.288461,1
0.882760,-0.890360,1
0.204757,0.597755,1
0.086834,-0.711670,1
2.052035,1.879323,1
1.054309,0.423132,1
0.614925,-0.452539,1
1.013174,1.726837,1
1.429887,0.360205,1
0.433501,1.182615,1
-0.533698,2.110090,1
1.000278,2.022909,1
0.954316,0.068627,1
1.703953,1.188548,1
-0.601069,1.794767,1
1.846575,2.450574,1
1.300534,1.174771,1
0.138711,1.982197,1
-0.286214,0.602511,1
0.467596,0.742522,1
1.631512,1.003650,1
-0.729493,1.567890,1
-0.374460,-0.674596,1
1.346931,0.310025,1
1.560590,1.535905,1
1.441800,1.007889,1
0.820236,2.282389,1
0.993084,-0.439071,1
2.394548,1.854484,1
-0.773157,-0.533694,1
-0.644439,2.419489,1
0.227462,1.553539,1
0.989570,0.071755,1
0.608966,1.432170,1
1.639203,1.170070,1
2.264657,1.234808,1
-0.289300,0.928290,1
1.118706,0.268356,1
-0.337780,1.966457,1
1.016085,-0.223805,1
0.467817,1.949108,1
2.349460,4.127825,1
-1.536206,1.152360,1
2.192032,0.017317,1
-0.062935,0.215946,1
1.518611,-0.141186,1
2.614098,0.908986,1
0.069145,-0.698956,1
1.197140,-0.180724,1
1.799943,1.782571,1
-0.044821,3.226525,1
-0.629399,-0.805619,1
0.699756,1.602853,1
2.665020,0.412547,1
1.306042,-0.223036,1
1.437955,2.243439,1
2.404630,2.285895,1
0.382532,1.152148,1
2.187230,-2.033732,1
1.815659,2.682433,1
0.468381,1.712015,1
2.391052,-1.232186,1
1.792099,1.030509,1
0.298208,0.303608,1
0.574187,1.663201,1
0.680537,1.757032,1
0.309182,1.858808,1
0.832908,1.740695,1
0.541723,1.601495,1
1.298338,-0.836600,1
-0.226565,1.576053,1
1.830933,0.325982,1
0.770579,-1.445557,1
0.241965,-0.469675,1
2.001181,0.981922,1
0.517744,0.129369,1
2.162676,-0.088300,1
2.239702,2.593017,1
0.200966,2.219481,1
1.803938,2.579582,1
0.942874,0.541389,1
-0.139450,2.492675,1
0.732170,1.932495,1
0.788796,1.454314,1
1.852247,1.169696,1
2.915391,2.037407,1
0.681309,0.897244,1
2.015677,1.794262,1
0.365464,-0.048086,1
0.493148,0.954058,1
2.548844,0.220900,1
3.511368,0.880461,1
0.554707,1.062772,1
1.883829,0.268588,1
-0.411507,1.228228,1
-0.169351,0.973102,1
1.873563,0.747050,1
3.051664,1.187687,1
0.450781,1.190714,1
0.857116,-0.025123,1
2.558345,0.819304,1
0.320926,-1.023318,1
4.065674,2.148078,1
1.550779,-0.043345,1
2.078329,1.161758,1
1.023078,-0.988078,1
-0.056027,2.006771,1
-0.553479,0.346861,1
0.063296,-0.161534,1
0.867241,1.053837,1
-0.365149,2.757214,1
0.646319,0.487980,1
0.620039,3.173918,1
0.943504,1.723876,1
-0.842252,0.473904,1
0.671343,-0.301503,1
0.787731,0.117574,1
-0.939207,0.491995,1
2.633338,0.883644,1
0.314576,1.343766,1
-0.612220,0.929112,1
3.098376,1.740128,1
1.469929,0.883986,1
1.028302,1.134189,1
1.523443,0.106564,1
1.614158,1.968437,1
2.828263,1.565789,1
1.188857,-0.320527,1
2.331876,-0.545962,1
-1.069608,2.398501,1
-0.408765,0.864477,1
3.397982,0.203922,1
0.389838,0.073722,1
-0.268850,2.252901,1
0.749147,1.057188,1
1.419337,1.248339,1
2.653458,1.218923,1
2.087886,0.565827,1
1.436732,1.608832,1
0.530737,0.844111,1
0.605757,1.322094,1
0.150585,0.903154,1
0.795754,0.539822,1
3.020605,0.624183,1
1.649399,0.154288,1
0.610572,-1.118335,1
1.676535,0.528716,1
-0.037832,2.219794,1
-0.447338,1.478798,1
1.224365,-0.632940,1
0.698412,0.979299,1
0.817337,1.032809,1
0.318361,-0.889230,1
0.043860,2.966000,1
1.735620,1.643772,1
1.102403,0.942914,1
2.387012,0.957867,1
1.517319,1.257897,1
1.398677,1.346894,1
1.887269,1.381717,1
1.595724,2.383241,1
0.872493,3.240536,1
1.615099,0.764196,1
-0.020071,1.592273,1
1.743552,0.929227,1
2.356396,0.643802,1
0.385453,-0.021738,1
2.193708,-0.405178,1
2.277559,2.371945,1
1.416386,0.393292,1
1.688916,1.403310,1
-0.690902,3.720579,1
0.427528,0.737324,1
0.336978,3.929294,1
-1.323037,2.298515,1
-0.347241,-0.652276,1
1.920078,1.081518,1
2.006665,-0.366632,1
0.041854,-0.055176,1
1.390389,1.118254,1
-0.058081,1.862054,1
-1.328157,1.031573,1
1.714920,0.125991,1
1.563795,1.764416,1
-0.112447,0.823674,1
1.678574,0.556765,1
1.694834,2.339344,1
0.813228,1.996724,1
0.036957,-0.800849,1
1.747691,-0.588967,1
1.975302,-0.721540,1
2.810265,0.505072,1
0.219281,0.224027,1
1.073334,2.057443,1
0.199320,-0.118556,1
0.681984,0.720839,1
1.209159,0.813405,1
0.682956,3.040908,1
2.238722,1.317279,1
0.676698,1.236601,1
0.851106,1.541526,1
-0.444153,3.128798,1
-0.442536,0.589528,1
3.075093,1.455120,1
1.766124,2.277043,1
0.325689,0.965045,1
1.614335,2.477811,1
0.228069,-0.130479,1
0.864895,-0.313922,1
1.694869,0.959508,1
-1.426354,1.484904,1
3.534016,2.072406,1
0.885238,0.399777,1
1.490113,1.792400,1
0.486505,0.910692,1
1.688690,2.018976,1
2.341501,1.766811,1
0.153732,-0.640354,1
1.476140,1.105604,1
0.845110,0.101517,1
2.855620,-1.293940,1
-0.461547,-0.348582,1
1.837539,-0.166754,1
3.102006,0.114242,1
-0.339563,0.629474,1
-0.512454,-0.240258,1
0.971234,0.222126,1
1.356242,1.240996,1
-2.092708,2.379573,1
2.069402,1.392382,1
0.863390,-0.911903,1
0.820677,1.193986,1
0.069906,0.784462,1
1.981685,1.012456,1
-1.634146,0.166975,1
0.767545,0.065062,1
1.599068,0.976749,1
2.157784,-0.845396,1
2.879438,1.380601,1
1.257504,0.669623,1
1.449203,-0.041528,1
-0.207184,0.880602,1
1.399747,0.083673,1
2.409400,0.027619,1
1.323672,-1.334040,1
1.821626,0.022319,1
1.143861,-1.128183,1
3.435187,1.340310,1
2.774106,0.444257,1
1.037029,2.300817,1
-0.027472,1.385125,1
1.798136,0.995615,1
0.646381,1.327680,1
0.526216,1.222001,1
1.454707,1.646744,1
0.790991,2.180161,1
-0.580947,0.335643,1
0.143659,1.499101,1
-0.625717,1.842719,1
1.110040,-0.511713,1
0.784800,-0.120488,1
0.284638,1.465693,1
0.649870,2.243543,1
3.205235,1.022680,1
2.364657,0.079032,1
0.382531,0.386559,1
1.422275,1.310882,1
1.600726,1.434069,1
0.367347,0.844286,1
1.919570,2.055845,1
-0.945802,-0.152270,1
1.701000,0.125069,1
2.000431,2.125652,1
1.260809,0.585468,1
-0.033241,2.718253,1
2.507881,0.126845,1
0.702727,-1.943436,1
2.746117,1.274588,1
0.651531,0.474597,1
0.274137,-0.071275,1
-0.380731,2.121190,1
0.630106,1.392940,1
1.040927,0.695201,1
3.088224,1.061676,1
1.321103,0.955547,1
-0.363613,-0.970359,1
1.313281,0.817223,1
1.028386,0.672823,1
2.010314,1.252096,1
1.296244,2.977575,1
3.002965,1.234737,1
0.210879,2.806141,1
0.838854,-0.137116,1
0.669067,0.171757,1
0.454298,1.590379,1
1.002018,0.832354,1
1.719195,0.112459,1
1.195151,0.476150,1
1.519021,1.469528,1
2.851185,2.651785,1
1.512833,-0.342953,1
2.980189,0.860992,1
0.550862,0.181641,1
2.353566,0.881022,1
1.353059,-0.558679,1
0.734280,1.789834,1
0.688438,1.133233,1
1.339437,0.778381,1
1.434749,2.405625,1
1.614210,-0.257851,1
2.479323,0.693576,1
-0.260934,1.671803,1
1.437753,1.753884,1
0.504357,0.398131,1
0.200231,1.794417,1
1.678900,-0.416339,1
-2.117119,-0.263630,1
0.977004,2.707719,1
2.207177,1.713127,1
3.392833,2.821911,1
0.301507,1.930322,1
0.256703,0.701829,1
0.788842,0.618456,1
3.288323,1.709161,1
1.046980,0.733622,1
0.591132,1.832556,1
0.447610,2.439034,1
-0.688937,1.018686,1
1.928791,1.787956,1
0.376304,1.696889,1
1.206485,1.551816,1
1.791649,1.069874,1
2.362651,0.148355,1
3.305500,2.315609,1
2.085635,0.913005,1
0.798313,1.389956,1
0.775439,0.021534,1
1.359132,-1.243814,1
1.221830,1.624461,1
0.920381,-0.457779,1
2.311436,0.183498,1
1.578769,1.924900,1
0.801988,0.816151,1
1.942230,-0.190638,1
1.830021,0.160678,1
1.662024,1.921960,1
1.653647,-0.257423,1
0.698164,0.105887,1
1.971837,0.562306,1
0.547376,0.883663,1
0.085347,0.067130,1
1.695099,1.684028,1
-0.007636,1.054089,1
1.395746,-0.379436,1
0.701350,1.713041,1
2.755465,2.628543,1
1.249584,-0.116337,1
0.888795,0.584242,1
-1.280710,0.032664,1
1.371369,-1.907841,1
0.436240,0.808247,1
0.394224,0.014709,1
0.791852,1.943359,1
0.044989,1.071719,1
-0.244308,1.347340,1
1.179115,0.919820,1
1.132781,0.905941,1
1.635772,-0.739048,1
0.260204,1.648299,1
-0.167248,2.098657,1
1.892768,2.003672,1
-0.104753,1.913371,1
0.124591,0.310532,1
1.083870,2.448558,1
2.092899,1.269918,1
-1.410881,0.593493,1
0.852948,-0.503604,1
1.899397,0.837471,1
-0.908274,-0.079349,1
1.609381,0.812555,1
1.837209,2.179292,1
3.049966,0.726783,1
2.528897,1.661067,1
1.154916,2.569375,1
-0.496373,3.161289,1
1.023996,0.647668,1
0.380151,-0.646556,1
-0.477858,0.194641,1
1.250280,2.490362,1
-1.244857,0.137474,1
2.139704,0.506924,1
-0.604811,1.660202,1
-0.314864,-0.797922,1
2.500829,1.092492,1
0.720549,0.724349,1
1.673469,-0.422067,1
1.716180,0.385419,1
1.831972,2.879122,1
2.385203,3.712690,1
1.819938,-0.587432,1
1.041832,-0.165557,1
0.900987,1.803723,1
1.504155,2.265727,1
2.983383,0.796287,1
-1.463470,-1.026113,1
0.346513,1.629627,1
0.004629,-0.132897,1
1.153770,-0.065072,1
1.052629,-0.591078,1
0.165572,2.320490,1
1.396074,-0.869588,1
-0.634422,1.717826,1
1.377856,-1.534501,1
0.191416,0.568328,1
3.234198,-0.585100,1
1.612520,1.500490,1
1.444243,-0.217005,1
1.916956,1.632986,1
-0.162069,2.873293,1
0.516490,-0.259216,1
1.004280,2.434102,1
1.793710,1.023344,1
1.782674,1.388830,1
1.890906,-0.282407,1
1.014932,2.238784,1
1.482613,-0.826071,1
1.751915,0.909252,1
1.507838,1.232281,1
0.512266,1.097262,1
2.324745,1.251870,1
1.380002,0.313426,1
0.230432,-0.268728,1
1.713701,0.449701,1
-1.458042,2.020991,1
0.757614,2.600442,1
0.565398,3.149587,1
0.840331,0.314704,1
1.083284,-0.492279,1
1.557394,1.877206,1
2.295346,0.857301,1
0.646310,1.512477,1
2.233190,1.995957,1
1.468760,0.261604,1
0.986087,1.970023,1
1.046263,0.960286,1
-2.057706,-0.656665,1
0.273058,-0.196238,1
1.738803,0.093274,1
0.199923,1.805953,1
-0.130119,2.830808,1
0.157531,0.505927,1
1.587165,1.375022,1
1.715224,2.526557,1
0.074379,1.664791,1
1.773312,-0.016442,1
1.677693,2.027066,1
2.083587,2.816300,1
0.859942,1.538281,1
-0.172109,0.844691,1
2.052967,2.729710,1
2.601552,-0.596976,1
0.311983,0.551002,1
2.018749,1.178079,1
1.879790,3.316715,1
2.101838,-1.443021,1
0.054542,1.411805,1
1.644678,1.533471,1
3.398207,1.323812,1
1.597333,1.287460,1
1.004015,0.116536,1
1.269084,1.064707,1
1.164307,0.388914,1
1.167114,3.222155,1
1.435943,1.849394,1
1.448635,0.082066,1
1.781694,2.686870,1
0.647503,3.244233,1
-0.015727,0.198261,1
0.914881,0.484829,1
0.635244,0.719199,1
-0.198776,-1.854881,1
1.817555,-0.390192,1
0.192751,1.808599,1
-0.368108,2.290752,1
-0.384792,0.976491,1
1.597596,2.081388,1
-0.178592,2.113714,1
-0.417399,-0.424062,1
2.168131,0.999237,1
0.277935,0.895169,1
-0.766158,2.148557,1
3.158256,-0.230287,1
0.396920,0.629495,1
3.285404,1.239174,1
1.543979,1.919163,1
0.691616,0.257521,1
1.109420,0.201908,1
1.659806,0.761783,1
-2.437762,0.361209,1
-0.461529,1.930818,1
1.609185,-0.327366,1
-0.977737,1.153405,1
-1.041456,1.733981,1
2.786873,-0.620640,1
0.990683,0.801095,1
1.212616,1.958260,1
1.929341,0.461376,1
-0.762494,2.882357,1
-0.274918,2.898245,1
1.007490,2.482822,1
-0.334654,0.407021,1
1.225754,1.503298,1
2.719067,-0.471598,1
-0.123370,0.860363,1
1.541427,-0.010885,1
1.135445,0.508236,1
1.828625,1.705095,1
1.620159,1.156607,1
1.771902,0.416270,1
2.859568,2.107698,1
-1.567886,2.115303,1
1.073966,-0.138935,1
-1.218596,2.156057,1
0.300147,1.050025,1
0.953912,1.348027,1
0.940515,1.348932,1
1.243583,1.927139,1
0.956440,-2.404008,1
0.714509,0.376829,1
0.528446,-0.840313,1
1.713707,-0.469410,1
1.054860,0.855297,1
1.400128,2.816184,1
1.489335,-0.036152,1
-0.436215,0.717057,1
-0.276865,1.879567,1
1.980243,1.355625,1
0.707395,1.907222,1
2.506558,1.709916,1
1.710407,0.343984,1
1.350714,1.372378,1
1.233322,-0.094515,1
0.369116,2.133597,1
1.506614,1.640135,1
1.628673,0.787900,1
3.284803,-0.501656,1
-0.111577,0.416238,1
0.861184,-0.069241,1
-0.202212,-0.840455,1
1.227442,0.627818,1
2.076758,0.838066,1
1.406553,0.701770,1
0.024718,-0.186960,1
2.655295,-0.555909,1
0.668701,2.030649,1
2.081794,0.774197,1
-0.372766,0.426616,1
0.743870,1.497077,1
2.317883,-0.088203,1
0.801745,1.178325,1
0.503457,1.125101,1
-0.737812,1.852052,1
-0.981575,1.451161,1
1.674765,0.622438,1
-0.140010,-0.279290,1
1.972428,1.547313,1
-1.355771,2.034041,1
0.904456,-0.342819,1
1.660382,3.588049,1
2.336407,0.387365,1
0.777336,3.177592,1
1.937716,2.211629,1
2.155911,1.671603,1
3.536390,2.340913,1
0.803069,1.504211,1
0.855771,0.896216,1
1.787371,2.942309,1
0.526297,2.574712,1
2.353854,1.085888,1
0.838856,1.400021,1
0.656292,1.212399,1
3.322409,1.128029,1
0.121350,2.057940,1
1.911772,1.635595,1
-0.324887,1.250720,1
0.566641,1.053469,1
0.520885,1.647492,1
0.049796,0.082912,1
-0.702758,3.309203,1
1.896494,0.771692,1
2.019734,2.361459,1
-0.362129,1.016852,1
1.870459,0.950930,1
2.891390,0.973502,1
-0.673102,-0.191606,1
0.840390,1.109853,1
0.558118,-0.556460,1
0.748963,1.435784,1
-1.318568,1.114791,1
1.241984,0.318297,1
-0.177784,1.190842,1
2.352922,0.211122,1
2.675184,0.110937,1
-0.920971,1.603257,1
1.827757,1.507861,1
1.351193,1.357049,1
-0.021012,1.501184,1
1.886759,1.514964,1
3.284307,1.271193,1
-1.529687,1.930769,1
1.578616,1.566966,1
3.157908,-1.057081,1
1.786418,0.748839,1
0.619918,0.471430,1
2.738490,-1.272448,1
0.529985,-0.399745,1
-0.500183,2.508330,1
0.694022,-0.239895,1
1.503527,-0.549895,1
1.154021,2.931582,1
1.201255,0.751738,1
0.644754,1.032489,1
3.060617,3.460236,1
0.131982,1.379099,1
-1.320389,0.615080,1
1.719216,0.508222,1
0.942301,2.485331,1
0.551631,2.218816,1
0.309656,0.741869,1
1.422855,1.658768,1
0.225924,2.487295,1
1.726216,1.308175,1
0.400456,2.844236,1
0.185368,0.595554,1
-2.408090,-0.642047,1
1.574704,1.602411,1
0.657054,1.348085,1
-0.003958,1.058061,1
1.750458,1.234010,1
0.194465,1.639763,1
2.458075,-0.138954,1
1.884760,2.687991,1
0.525457,0.127637,1
1.453271,2.787766,1
0.859254,2.748239,1
-0.013431,-0.551200,1
-0.145006,1.507585,1
0.262079,1.224049,1
0.623378,2.104786,1
-0.212222,1.497782,1
1.577166,-0.486205,1
1.201101,0.358537,1
2.308240,0.950492,1
1.155106,2.827060,1
-0.434611,-0.897105,1
1.943821,3.387348,1
-0.439999,0.901486,1
1.388278,1.710074,1
0.072123,2.246796,1
1.915407,2.917413,1
-0.375681,-0.051210,1
2.772038,2.589774,1
1.182954,1.569884,1
2.058718,2.905827,1
1.046646,1.416234,1
0.106299,2.003676,1
1.935007,0.851241,1
0.058923,2.064995,1
0.546623,1.996624,1
-0.594031,1.124201,1
2.239390,2.227358,1
-0.746708,0.276879,1
1.368180,3.294087,1
0.364629,1.010790,1
0.858995,-0.035574,1
-0.068669,-0.040553,1
2.428579,-1.041000,1
1.276165,1.632942,1
0.868794,4.227707,1
1.359160,1.125875,1
-0.715856,0.031696,1
0.390748,1.115002,1
-0.222730,0.543501,1
1.616145,2.608366,1
-0.566842,1.021291,1
3.547276,-0.056173,1
2.130300,1.209964,1
0.822958,0.499176,1
-0.234446,0.116532,1
1.139865,1.501272,1
0.627001,1.903008,1
0.256997,0.550512,1
2.010097,2.044089,1
1.659615,2.427738,1
-0.065083,1.012890,1
0.357650,1.717556,1
1.776234,1.800131,1
2.073855,-0.598436,1
2.211532,-0.463697,1
-0.018317,1.088575,1
1.361752,1.244011,1
2.121331,0.598062,1
2.117853,1.465462,1
-1.356009,1.268315,1
0.484693,0.814784,1
1.469167,2.161770,1
-0.772828,1.356015,1
0.699825,2.106325,1
0.310361,0.519331,1
0.950517,1.356118,1
2.475522,3.345321,1
0.886161,0.342171,1
-0.243430,0.446290,1
-1.071070,0.854567,1
1.441004,1.063953,1
-1.229381,-0.586920,1
2.879072,0.222675,1
1.902691,0.687706,1
1.930695,1.451581,1
0.830723,-1.125144,1
0.295353,2.551842,1
-0.313517,3.103924,1
2.916822,0.791852,1
0.134978,1.330086,1
2.950329,-0.566628,1
1.372990,1.551800,1
1.002084,1.934116,1
2.113401,2.960937,1
0.844203,3.845162,1
0.961602,2.227487,1
0.855601,1.227312,1
0.597716,0.931305,1
-0.663280,2.344063,1
2.931632,0.590040,1
1.229123,1.708663,1
0.332641,1.906607,1
0.274821,0.366806,1
1.074734,1.539358,1
2.053624,0.359362,1
1.151477,1.025615,1
1.368604,-1.094388,1
-1.058525,1.159916,1
0.440979,-0.907505,1
2.350679,1.622038,1
0.339430,-0.367981,1
1.794653,1.168601,1
1.291785,1.974144,1
0.820924,0.287308,1
-0.822549,0.751454,1
1.366885,3.434930,1
0.359518,1.576733,1
-0.446401,-0.512401,1
2.030526,1.247401,1
1.622690,0.849564,1
2.593913,2.897982,1
-0.750027,-1.644552,1
0.750255,0.855789,1
-0.128122,1.060923,1
0.720616,-0.670595,1
1.712622,2.248609,1
1.560421,-0.011067,1
1.328772,1.447806,1
2.101382,-0.793023,1
1.093234,0.325874,1
0.543521,1.409071,1
0.518521,3.120498,1
0.709283,-0.814624,1
2.414932,-0.128436,1
0.462277,0.932468,1
-0.195877,3.406940,1
0.003376,1.642208,1
1.675353,1.740342,1
0.482848,0.434987,1
0.868875,1.169483,1
0.567746,1.071246,1
-0.633805,0.873397,1
0.844997,0.475180,1
-0.003726,-0.781854,1
0.089113,1.768759,1
0.102079,1.528335,1
2.052766,1.127171,1
1.516270,2.724317,1
0.652347,2.901111,1
1.682649,1.961868,1
1.721346,0.357718,1
1.367642,2.138686,1
0.883424,0.936431,1
2.420142,2.845535,1
0.311846,1.743481,1
0.631701,0.863656,1
1.572301,1.476001,1
1.587953,0.536511,1
1.963064,2.100468,1
0.896803,0.818084,1
-0.790835,0.230260,1
2.587286,-0.098657,1
2.185482,1.864337,1
-0.921811,0.616201,1
1.906226,0.242835,1
1.388643,1.016783,1
1.817676,0.521394,1
0.010571,1.853725,1
2.369615,0.470535,1
0.324829,0.711251,1
1.810086,2.188236,1
0.682433,-1.431956,1
0.489916,2.893186,1
1.732300,1.114792,1
2.458153,1.766024,1
-0.998941,0.666707,1
1.381624,2.208202,1
3.024959,-0.853271,1
2.138995,1.787652,1
2.143244,-1.661611,1
0.927947,1.999016,1
2.257600,2.728331,1
-0.412183,-0.822962,1
0.631870,2.058964,1
0.205610,0.986766,1
0.273852,0.225712,1
3.464453,3.129987,1
0.067292,1.903991,1
2.033520,0.031368,1
1.134746,0.682241,1
1.900053,-0.170720,1
0.192243,1.481961,1
1.971174,-0.234660,1
1.255578,0.284970,1
0.357569,1.924198,1
0.940047,0.433453,1
0.726273,-0.364935,1
1.643186,1.185421,1
2.065021,2.762245,1
-0.523928,-0.112699,1
1.930823,-1.588577,1
1.091477,0.691426,1
-0.121117,0.662477,1
2.298295,-0.173545,1
1.898423,-0.094729,1
0.285628,1.510231,1
1.716040,1.669277,1
0.039485,1.277148,1
0.420466,3.109282,1
1.034904,0.802751,1
-0.081930,1.787723,1
-0.394880,1.892119,1
1.126571,0.851558,1
1.440395,1.072838,1
2.782864,1.093732,1
2.011840,-1.430877,1
-1.279641,0.815594,1
0.800772,0.165705,1
0.577993,2.774096,1
2.684930,2.557107,1
0.127079,0.741335,1
1.875099,0.973746,1
2.276639,0.422610,1
0.987666,1.282776,1
-0.193838,0.612697,1
1.166382,0.940202,1
1.429489,2.030001,1
-0.163646,1.558620,1
3.104565,0.525002,1
1.422908,1.399251,1
2.748070,-0.049120,1
-1.107940,0.732277,1
2.713967,0.485330,1
-0.575540,2.757893,1
1.511104,0.330557,1
0.992028,1.534937,1
2.420051,2.322934,1
1.004346,0.488918,1
-0.820553,-0.724259,1
1.171851,3.046851,1
1.301963,0.172183,1
0.232945,0.486222,1
1.174390,0.643983,1
1.524895,1.519137,1
1.925778,2.226803,1
1.921578,2.192765,1
-0.241926,3.346890,1
2.092350,0.533420,1
-1.314554,1.347198,1
1.675094,1.151011,1
0.070986,0.047197,1
0.618248,1.470989,1
0.063703,2.657112,1
-1.140428,-1.237933,0
-1.826086,-0.436181,0
-3.532779,-1.395399,0
-1.007243,0.329821,0
-1.458613,-2.331950,0
-2.062189,-1.312504,0
-0.954386,-1.284120,0
-1.075722,0.931753,0
-2.353564,-1.613121,0
-0.635700,0.777815,0
1.370128,-0.584235,0
-2.599154,-1.696469,0
-1.451673,-1.071632,0
-3.694228,-2.113677,0
-0.172172,-1.610001,0
-1.909465,-1.220470,0
-1.209819,-1.217934,0
-1.076448,-1.230322,0
-1.982869,-0.844546,0
0.702063,-2.751569,0
0.900923,-0.546679,0
-1.428160,-1.167754,0
-2.323422,-2.433040,0
-1.300977,-1.056194,0
-2.081408,-1.597166,0
-0.310273,-0.120673,0
-0.095578,0.160886,0
-1.694407,-0.795703,0
0.513943,-2.224142,0
-0.744201,-1.917172,0
-0.013488,-1.897928,0
-1.902950,-1.173817,0
-1.086986,-2.308403,0
-1.433721,-1.961282,0
-0.304402,0.807975,0
-1.210482,-0.708408,0
-2.250676,-0.919903,0
-3.249067,-0.155868,0
-0.211014,-0.871336,0
0.467345,0.131215,0
-1.588778,-0.546379,0
-0.622918,-0.614005,0
0.598008,0.941810,0
-1.516858,-0.313413,0
-0.860084,-0.706273,0
-0.649460,-0.839749,0
0.687861,-0.770077,0
-2.618658,-0.465791,0
0.843727,-2.041274,0
-1.036744,-0.835628,0
-3.328071,-0.581655,0
-2.648107,-0.414962,0
-0.585316,-1.995421,0
-0.269616,0.394030,0
-0.402221,0.506752,0
-0.925836,-1.783795,0
-0.856931,-1.128160,0
-0.713156,-1.762670,0
1.276966,-1.950411,0
-1.861155,-3.552311,0
-0.220847,-1.122755,0
-0.291122,-1.749788,0
-1.894208,-1.099845,0
-0.524020,-2.204829,0
0.946955,0.115235,0
-0.810615,-1.983122,0
-0.782795,1.544039,0
-2.842362,-4.373204,0
-1.141426,-0.383426,0
-1.907430,-0.023642,0
-2.038174,-0.896782,0
-0.148404,-0.394685,0
-2.229200,0.429106,0
0.973238,-1.362251,0
-1.375392,-3.505799,0
-1.668650,-2.454095,0
-1.120697,-0.107363,0
-2.081145,-1.548004,0
-1.406948,-0.855075,0
-2.073572,-0.804340,0
-0.994612,0.953290,0
-1.129880,-2.112232,0
-2.903385,-3.135919,0
-0.637636,-0.940878,0
-3.206880,-1.267101,0
-1.720993,-0.210292,0
-0.532103,-1.347520,0
-1.995688,-1.447318,0
-2.585844,1.296893,0
-0.689175,-0.226052,0
-1.052237,-0.458708,0
-1.013421,-1.456188,0
-0.429119,-1.768054,0
-3.219643,-1.144504,0
-1.278797,-0.739039,0
-2.357525,-1.348593,0
-0.996066,-0.760146,0
-0.879465,-2.478548,0
-0.087877,-0.371475,0
0.609389,-0.309825,0
-2.455614,-1.079257,0
-0.583432,-0.698226,0
-0.123774,-0.305790,0
-1.897803,0.286842,0
0.091956,-1.296833,0
-1.691958,0.856330,0
-2.546421,-1.607311,0
-3.100281,3.035205,0
-0.590091,-2.758524,0
-2.549948,-1.864188,0
-1.085394,-1.217209,0
-0.896009,-1.344539,0
-1.483523,0.268365,0
-2.216642,-2.309691,0
-3.448944,1.049613,0
-1.085950,-1.692156,0
-1.984991,0.023480,0
-2.542141,0.173947,0
0.135361,1.382897,0
1.195619,0.990777,0
-1.900491,-1.206760,0
-0.873054,-2.969619,0
2.376138,-0.361758,0
-1.184590,-1.558078,0
-0.517763,-3.150047,0
-1.034564,-0.395604,0
0.920267,0.534017,0
-1.539456,-0.194452,0
-0.416816,-0.054125,0
-2.739333,-0.441106,0
-0.863717,-2.896351,0
-2.429816,-3.182403,0
0.100722,-2.266918,0
-1.178141,-2.051817,0
0.197985,-2.351203,0
-0.036637,-1.632291,0
1.289434,0.310625,0
0.217724,-1.352656,0
0.088101,-0.954353,0
0.794864,-0.055400,0
-1.278333,-2.551001,0
-0.880515,-1.763610,0
-1.077425,-0.774429,0
0.498243,-2.255842,0
-2.061151,-0.812971,0
-1.182690,-1.807882,0
-2.252756,-2.840262,0
-1.868224,-0.808463,0
0.757661,-0.286693,0
-0.326386,-1.967516,0
-1.820074,-1.760289,0
-1.346716,-1.275400,0
-1.758409,-2.098992,0
-0.536790,-1.598792,0
-2.065620,-1.470905,0
-1.600492,-1.843753,0
-1.781889,-1.478818,0
-0.974287,-0.922856,0
-0.730399,-1.102895,0
-1.750152,-0.120827,0
-0.530597,-0.964371,0
-0.256544,-1.133148,0
-1.691682,-0.472707,0
-0.112371,-1.375883,0
0.029871,-0.824169,0
-0.712599,-0.528831,0
-2.030122,0.063480,0
-2.815632,-1.344486,0
-0.541587,0.253830,0
-1.441623,-1.750217,0
-0.715841,1.468901,0
-2.106431,-2.823115,0
-3.133502,-1.479291,0
-0.022486,-0.610184,0
-2.867217,-3.367748,0
-0.768481,-1.823058,0
-0.640164,-4.060749,0
-1.108277,-2.016263,0
-1.416214,0.731901,0
0.554500,0.224160,0
-0.334782,1.384826,0
-0.346142,-1.344504,0
-2.955286,0.453375,0
1.213042,0.554826,0
-0.262042,-1.633127,0
-2.326609,-0.747312,0
-2.169661,-0.731925,0
-1.527762,-1.057758,0
-4.102870,-1.084851,0
-0.793448,-1.600098,0
0.440063,-1.485598,0
0.261505,0.161194,0
-1.789172,-1.421884,0
-0.189881,-2.792009,0
-0.422295,-0.159013,0
-1.954779,-0.357260,0
-1.326250,-2.077966,0
0.322029,-1.689898,0
-1.936979,-0.224286,0
-0.939958,-2.540419,0
-0.723104,-0.239640,0
-0.786602,0.406316,0
0.056693,-2.720453,0
-0.516971,-0.440905,0
-2.588016,-2.656607,0
-1.683255,-2.483420,0
-3.527392,-1.818206,0
-2.692061,1.513342,0
-0.466926,1.075946,0
-0.886891,-1.559284,0
0.281769,-1.147505,0
-0.553584,-1.459021,0
-0.706737,-2.949327,0
-1.715823,-1.646410,0
0.771574,-1.027147,0
-0.774242,-1.058271,0
-0.493400,-1.419685,0
-2.504932,-1.943828,0
-0.639939,-2.147035,0
-1.589900,-2.473939,0
-1.334802,1.475410,0
-0.262002,-1.029817,0
-0.296577,-3.079643,0
-1.265549,-1.278576,0
0.584717,-0.356657,0
-0.997354,-0.666460,0
-0.334919,-0.330470,0
-1.325038,-0.417685,0
-0.588230,-1.596734,0
-1.945002,-0.896516,0
-1.496130,-1.442071,0
-2.190968,-0.297442,0
-0.072538,-2.047676,0
-2.851056,-0.447020,0
-2.834885,-1.414493,0
-1.395965,-1.353288,0
-1.124721,0.719879,0
-2.088865,-2.939060,0
-3.774741,-2.432860,0
-1.089945,0.327015,0
-2.429459,-0.284914,0
0.393308,0.610723,0
-0.087768,-0.991047,0
-1.115534,-0.288737,0
-1.405852,-2.655091,0
-0.611129,-0.145366,0
-1.959108,-0.651225,0
-0.582640,0.311526,0
-1.506449,-1.347339,0
-0.989692,-0.137415,0
-0.886372,-1.537841,0
-3.188386,-1.982722,0
-1.180674,-1.390729,0
0.161282,-2.044572,0
-1.115793,-2.087446,0
-2.552091,-1.655773,0
-1.934132,-0.761836,0
-2.425528,-1.677175,0
-1.705261,-1.922456,0
-2.142467,-0.066330,0
0.707310,1.353756,0
-1.169172,-1.132027,0
1.943960,2.534464,0
-1.597224,-1.290820,0
-1.591794,-0.251497,0
-1.838133,-1.865867,0
-1.412972,-3.304776,0
0.189617,-1.289120,0
0.824370,-1.694092,0
-2.210944,-3.449677,0
-1.034444,-2.064087,0
-0.738055,-0.050173,0
-1.905781,0.851843,0
-3.139761,-0.842653,0
-1.121077,1.972190,0
-0.010372,-1.114511,0
-0.577125,-0.133034,0
-1.345331,-2.017853,0
-2.296937,0.154298,0
-2.513739,0.999043,0
-4.144625,-2.174284,0
-1.630928,0.351358,0
-0.940552,-0.772824,0
-0.155115,-0.629469,0
-3.796821,-0.450053,0
-0.570654,-0.223794,0
-2.054422,0.687870,0
-1.728658,0.356268,0
0.075111,-1.889466,0
-0.835583,-1.950386,0
-1.302178,0.582937,0
-1.599207,-1.379182,0
-0.168545,-0.805739,0
-1.825585,-0.813142,0
0.025461,-2.605538,0
-2.560996,-1.075691,0
-1.804715,-0.628229,0
-2.746410,-0.430508,0
-2.179096,-3.014550,0
-1.887731,-0.874176,0
-2.895048,-0.770625,0
-2.814778,-0.512989,0
-0.761051,0.137490,0
-0.530168,-1.951987,0
-1.456208,-2.985700,0
-0.856372,0.416999,0
-0.925006,-0.541327,0
-1.294682,-1.696623,0
0.308081,-0.864021,0
-0.912869,-0.717439,0
-1.249507,-1.467723,0
-1.540157,-1.364087,0
-0.133993,-0.977631,0
-1.165629,-3.191052,0
0.998270,1.122942,0
-0.289164,-2.766164,0
-0.890994,-2.217114,0
1.695892,-0.854059,0
-0.675967,-0.363744,0
-2.011816,-0.170955,0
-0.577734,-1.028070,0
-0.691007,-2.353794,0
-1.545950,-0.594552,0
-1.070402,-2.674731,0
-2.076362,-2.685541,0
-1.103455,-2.268808,0
-0.870529,-2.876477,0
-2.234652,-1.224839,0
-1.757468,-1.965962,0
-1.609580,-1.315820,0
-0.103935,-1.449273,0
-2.256117,-0.448095,0
-1.194565,0.542055,0
-1.835117,-0.638442,0
-0.696043,-0.090529,0
0.054604,-2.302199,0
-0.729164,-1.504029,0
0.509269,-1.250842,0
0.943911,-1.660236,0
-2.771515,-0.753157,0
-0.821121,-0.411709,0
-2.551157,-0.436174,0
0.066866,-0.280797,0
-0.591654,0.021691,0
0.297365,-0.921036,0
-1.217613,0.332486,0
-1.261543,-2.599463,0
-1.467950,-0.764073,0
-0.072418,-1.723555,0
-1.598135,-1.515109,0
-1.070216,-1.003917,0
-2.421958,-0.191443,0
-1.006321,-0.488534,0
-1.481125,0.780808,0
0.878607,-1.949604,0
-1.194649,-0.974703,0
-1.213358,-0.105121,0
-0.562486,0.832355,0
0.038684,-0.392555,0
-3.289977,-1.576385,0
-1.801033,-2.213486,0
-2.809288,-1.613347,0
-1.498147,-2.535560,0
0.294419,-0.209254,0
-3.291852,-2.765973,0
-1.126314,-0.631825,0
-2.042686,-0.450895,0
0.630458,-1.265512,0
-1.559660,1.680947,0
-3.040916,-0.517647,0
0.013839,0.289953,0
-2.726692,0.446130,0
-0.594415,-1.448825,0
-0.746779,-2.837838,0
1.200873,-3.587725,0
-1.622418,-0.764841,0
-2.986943,-1.827890,0
-1.482114,-0.856393,0
-3.029225,-0.404079,0
0.153538,-2.107809,0
0.689345,-0.948053,0
-0.142830,-1.212350,0
-1.282979,-0.259072,0
-2.205330,-1.895553,0
-1.037916,-1.494586,0
-1.433123,-1.699446,0
-1.283612,-2.330745,0
-1.953275,-0.556556,0
-1.180622,-0.876208,0
-1.056816,-0.657705,0
-1.257703,-0.461491,0
-1.127045,-2.396877,0
-1.955871,-1.114696,0
-1.640158,-1.744264,0
-0.231761,-0.282156,0
0.487445,-0.105489,0
0.434507,-1.278077,0
-0.175978,-1.912691,0
-0.957889,-1.222410,0
-0.708636,0.084184,0
0.249389,-1.297235,0
0.801086,-1.407030,0
-1.837952,-1.262329,0
0.638603,-0.826339,0
-2.107288,-0.456031,0
-2.926603,-4.533508,0
0.673468,-1.577164,0
-0.437531,-0.819163,0
-0.187479,-2.102831,0
-1.444149,-1.707927,0
-1.063001,1.119458,0
0.394654,1.318554,0
1.571315,-2.368095,0
-1.280894,-1.414134,0
-0.840032,-0.999821,0
-2.463086,-0.234821,0
-1.093123,-0.343373,0
-0.896210,-2.820824,0
-1.526681,-0.549231,0
-1.454728,-1.446262,0
-0.652945,-2.251996,0
-1.271949,0.821641,0
-1.055945,-0.030787,0
-0.090401,-1.230594,0
-2.278314,0.559488,0
-1.720422,-0.798428,0
-1.333828,0.486492,0
-1.337157,-0.655865,0
-1.981376,0.901025,0
-0.423932,1.540150,0
-1.379924,-0.729126,0
-0.812925,1.586015,0
-0.418862,-0.355436,0
0.333877,0.840477,0
-1.636158,-2.730975,0
0.442235,-0.373997,0
-0.445681,-2.246835,0
-1.607978,-1.043045,0
0.209490,-2.907942,0
-1.613660,-0.692196,0
-0.900616,-1.959737,0
-0.881872,-1.124745,0
0.300771,1.245389,0
-0.311531,-0.643570,0
-0.075901,-4.162959,0
0.017014,0.064859,0
0.153193,-3.549523,0
-1.013146,-1.246332,0
0.545042,-0.619904,0
-3.146109,-0.583513,0
0.069139,-1.465507,0
-0.651556,0.761175,0
-0.765252,-0.326677,0
-3.337387,-1.238039,0
-1.478838,-0.564013,0
-0.996439,-1.384173,0
0.206002,0.122868,0
-1.094994,-0.929616,0
1.382349,-0.142400,0
0.119930,-0.562331,0
-0.793571,-2.258645,0
-0.604690,-2.026746,0
-0.938525,-0.228515,0
-1.875978,0.044769,0
-0.474623,-0.077525,0
-0.779259,-1.197591,0
0.462331,-2.288806,0
-0.705966,-1.582787,0
-0.547679,-2.506555,0
-1.107347,-1.206660,0
-0.295854,-2.429411,0
-2.140424,-2.771169,0
0.401214,-0.251482,0
-0.686220,0.450375,0
-1.052854,-1.374463,0
0.134173,-1.825248,0
0.291829,-1.182257,0
-2.072110,-1.069442,0
-2.063794,-1.165400,0
-1.556488,-0.665255,0
-0.890233,-2.758031,0
0.713579,-0.165557,0
-0.331076,0.255076,0
-2.816675,-0.276350,0
-0.279332,-0.238274,0
1.009877,-0.558764,0
-1.416688,-0.935037,0
-2.187707,-0.084869,0
-1.486183,-0.812514,0
-2.253012,-2.190140,0
0.031934,1.118451,0
-1.036581,2.391566,0
-0.457511,-0.436625,0
-1.277917,-1.284729,0
-0.122260,-0.896520,0
-1.432998,-1.232299,0
-2.228552,-2.078497,0
-2.094491,-1.951690,0
-1.451718,-1.833062,0
-1.618454,0.460261,0
-0.619259,-2.990480,0
-1.073925,-2.363997,0
1.077050,-0.981331,0
0.314847,-1.893290,0
-1.972392,-1.690186,0
-1.223601,0.823234,0
-3.246506,1.635333,0
-0.419480,-0.306690,0
-4.165804,0.543829,0
1.202963,-0.097051,0
-0.815071,-1.131676,0
-0.038819,-1.428575,0
-1.148504,-2.089592,0
-1.337118,-1.312286,0
1.221807,0.852263,0
-1.264840,-1.517363,0
-0.814745,0.444558,0
0.445416,-0.821331,0
-1.372242,-1.428791,0
-2.339076,0.216152,0
-0.148554,-1.231627,0
-1.256961,-2.618985,0
-2.470170,-1.479251,0
0.713512,-2.331079,0
-1.717421,-0.823913,0
-1.993402,-0.142903,0
-4.075441,-2.006932,0
-1.508231,0.079631,0
-3.215697,-0.603645,0
-0.960105,-0.154624,0
-3.462345,-0.699831,0
-1.263142,-0.925407,0
-1.253194,-2.774533,0
-0.106049,0.624264,0
-1.386470,-0.797487,0
-1.431389,0.147409,0
-2.688576,0.494454,0
-0.612722,-0.651001,0
0.038339,-1.440870,0
-0.856892,-0.856056,0
0.139959,0.279677,0
-0.623755,-2.036255,0
2.446180,-1.812365,0
-2.442282,-1.943680,0
0.221714,-2.324004,0
-2.880044,-1.096594,0
-0.273698,-1.903532,0
-0.871423,0.682728,0
-0.894397,-0.579244,0
-2.848862,0.785580,0
-0.265427,-0.768990,0
-1.069295,-1.077609,0
-1.528960,-1.367838,0
-1.125981,0.036470,0
-2.879648,-1.537426,0
-0.692592,-0.393086,0
-1.150959,-1.470829,0
-1.084403,-1.078550,0
-0.312503,-0.583981,0
-2.184216,-0.878784,0
-1.334045,0.187403,0
0.179398,0.686079,0
1.237064,-1.748994,0
-2.257792,-0.462294,0
1.842660,-1.968285,0
-1.339139,-0.237817,0
-1.115905,0.268259,0
-0.133854,1.435231,0
-1.580018,-0.296020,0
-0.817904,0.519027,0
-0.080082,-2.963015,0
-0.805377,-1.723875,0
-2.064884,-1.835683,0
-0.363646,-0.170838,0
-0.847480,-0.330703,0
-2.567851,0.312380,0
-3.135621,-0.943973,0
-0.547125,-0.280697,0
-0.531177,-1.916383,0
-0.243243,-2.265575,0
-0.634102,-1.801270,0
-0.511216,-0.768213,0
-2.053266,-0.766072,0
-1.486741,-0.152806,0
-0.425954,-0.448489,0
-2.726690,0.588180,0
0.629607,-0.773740,0
-1.477225,0.051094,0
-1.260230,-0.907904,0
-0.635270,1.296160,0
-0.310448,-1.295312,0
-2.742639,-3.552222,0
0.766206,-1.169396,0
-0.267505,-0.628554,0
-1.473522,-3.121870,0
-1.102866,-0.877522,0
-2.009615,-0.546139,0
-0.025604,-0.990472,0
-2.728757,-0.254575,0
-1.289986,-2.615591,0
-2.488174,-1.041265,0
-2.155527,-2.415748,0
0.434919,0.521992,0
-0.984521,-0.414277,0
-0.983482,-0.436770,0
-0.446957,0.058818,0
0.228107,-1.394984,0
-1.630131,-0.761917,0
-2.358522,-2.227209,0
-0.992813,-1.287847,0
-0.310716,-1.340863,0
-0.521232,-0.943006,0
0.301561,-1.021575,0
-0.795078,-1.200562,0
-0.365642,-3.204364,0
-0.062564,-2.480863,0
-2.613756,-2.437454,0
-1.702272,-1.201694,0
-1.495536,-2.093389,0
-2.907699,-2.643857,0
-0.761226,-1.715015,0
-1.533571,-1.117677,0
-0.093470,-1.929018,0
-1.488539,-1.494534,0
-0.621175,-1.697566,0
0.351098,-5.042775,0
-0.802022,-0.711308,0
-1.084820,-0.680505,0
-0.484604,-0.314900,0
-0.526525,-0.606006,0
-3.359006,-0.519186,0
-1.403766,-0.620236,0
-1.095832,-1.172461,0
-1.441842,0.464189,0
-1.817888,-1.968956,0
0.268374,-2.705093,0
-1.331152,-0.223128,0
-1.622902,1.519037,0
-0.186745,0.193997,0
0.051078,0.170773,0
-1.939296,-2.314891,0
-2.491875,0.062428,0
-1.867732,-0.205705,0
-1.787928,-0.420878,0
-1.450034,-0.219722,0
-0.376678,-0.302352,0
-0.658771,-2.229365,0
-2.173726,-2.605984,0
0.290119,-1.592658,0
0.673706,-0.707909,0
-1.235609,0.379663,0
-0.775705,-0.935703,0
-1.334523,-1.522812,0
-1.842812,-1.152766,0
0.033483,-2.801910,0
0.717658,-1.712428,0
-0.585001,-0.034712,0
-0.290393,-0.860845,0
-1.528112,-0.621684,0
-1.406852,-2.160092,0
0.174985,-2.114276,0
-0.677282,-0.155477,0
1.814216,-0.290183,0
2.502068,-3.060195,0
0.581813,0.720499,0
-1.143331,-0.539464,0
-4.180749,0.994038,0
-1.177045,-0.278268,0
-0.577831,-0.468567,0
-2.754100,-0.812919,0
0.468831,-2.474552,0
0.864225,-0.936997,0
-0.899414,-0.213832,0
0.824035,-0.011819,0
-1.995678,-1.121443,0
-0.016682,-0.313627,0
-1.924089,-0.252242,0
-1.740255,-2.135524,0
0.274302,-1.696751,0
-1.665413,-0.018797,0
-1.671374,-2.038066,0
-0.345433,-0.769806,0
-0.561525,-3.192508,0
0.011132,-1.970192,0
-0.336136,1.334229,0
-0.692775,-0.123702,0
-2.533929,-2.674924,0
0.202843,0.567971,0
-1.575482,-0.505325,0
-1.089474,-1.530552,0
-4.027206,-2.515046,0
-1.262694,2.134377,0
0.057061,-0.072890,0
-0.694692,-0.296251,0
-1.343272,-0.978297,0
-3.100700,-0.356384,0
-0.970037,-3.214455,0
-0.346923,-1.071222,0
-1.313749,-1.603722,0
-0.410192,0.415086,0
-0.747997,-0.172319,0
-1.292289,-1.171802,0
-1.024741,-0.173611,0
-2.003092,-0.122039,0
-2.386973,-1.817351,0
-0.343439,-2.213921,0
-0.847892,0.145289,0
0.201844,-1.834234,0
-2.571793,-1.774921,0
-0.434048,-3.714849,0
-1.476852,-0.126419,0
-0.181700,-1.109274,0
1.960939,-1.053258,0
-0.783977,-1.698786,0
-1.201176,-2.277792,0
0.580452,0.693795,0
-0.688032,0.467707,0
-1.337107,-2.223407,0
0.490331,-0.944356,0
0.597805,0.487374,0
-2.156572,-0.844532,0
-1.848100,-0.324403,0
-0.845040,-0.169893,0
-1.956584,-1.208331,0
0.077905,0.688549,0
-0.318634,1.748533,0
-2.213158,-2.764293,0
-1.644619,-0.771815,0
-0.123190,-1.853903,0
0.673204,-0.802741,0
1.448108,-0.885917,0
-3.829223,0.446052,0
-2.052507,1.262200,0
-0.079058,-1.556128,0
0.532948,-0.738989,0
-0.909951,-2.892710,0
-0.659296,-1.234458,0
-1.234967,-2.487850,0
-1.278550,-1.891945,0
-0.457376,-2.622581,0
-2.522038,-0.419491,0
-4.486475,-1.083235,0
-1.188151,1.229233,0
-0.536506,-0.315481,0
-1.087564,0.449096,0
0.194432,-1.855835,0
-0.561274,-0.985182,0
-1.745881,-0.151116,0
-0.777532,-0.564606,0
-2.002551,1.833119,0
1.050732,0.260047,0
-1.255441,-0.833971,0
-1.261806,-1.483130,0
-0.258535,0.576443,0
-0.611292,-0.953712,0
0.364951,-2.192022,0
0.272908,-1.663531,0
-1.016019,-0.978468,0
-0.046297,-1.192775,0
0.728039,-0.923403,0
-1.330755,-1.937136,0
-0.141393,-1.331351,0
-0.130309,-0.724919,0
-0.257476,-0.155955,0
-0.056199,-2.249543,0
0.663044,-2.047939,0
-1.406037,0.951461,0
-0.813676,-1.024613,0
-1.637608,-0.552250,0
-3.105987,-1.548653,0
1.970104,-0.204305,0
-0.738744,-1.911030,0
-2.728200,-2.358028,0
0.771083,-2.100269,0
-1.907751,-2.331059,0
-0.614668,0.591111,0
-0.624497,1.499722,0
-1.107437,-0.222608,0
-3.093336,-0.457983,0
-1.968823,0.316688,0
-2.053955,-1.164847,0
0.463402,-0.601815,0
0.051451,-2.357300,0
-1.997171,0.246554,0
-0.043036,0.166908,0
-0.854103,-0.667827,0
-0.189395,-2.733277,0
-3.480056,-2.170365,0
-0.615378,-0.468087,0
0.103570,-1.828034,0
0.269089,-0.491149,0
-2.270825,-0.856203,0
-0.213622,-2.618835,0
-3.396068,-1.439149,0
-0.925593,-1.285301,0
0.252385,-2.828680,0
-0.442576,-1.619422,0
0.139666,-2.051345,0
-1.014997,-0.189080,0
-0.150536,-1.172686,0
-2.427708,-1.998396,0
-0.828683,-0.299156,0
0.516310,-0.677144,0
-2.157626,-1.785649,0
1.107959,-3.132854,0
-1.071587,0.369656,0
1.186155,0.247180,0
-1.141155,-0.673560,0
-1.395434,-1.315277,0
-1.185431,-0.335231,0
-4.294404,-1.908418,0
-1.063783,0.334369,0
-0.622699,-1.889107,0
0.749283,-1.826990,0
-0.758137,0.834232,0
-0.125903,-1.254763,0
-0.656237,-1.598822,0
-0.955024,-0.402408,0
-1.480547,-1.233854,0
-0.855865,-1.710239,0
-0.366598,-1.434640,0
-2.362327,-0.464470,0
-1.300567,-1.809387,0
0.415238,-2.417072,0
-0.137742,-2.409560,0
-1.434087,-0.157302,0
-1.112974,-0.407869,0
-1.960365,0.200210,0
-0.343638,0.460712,0
-0.042575,-0.373473,0
-0.523911,-1.647279,0
-1.306056,-1.850457,0
-1.917347,-0.392165,0
0.398628,-1.305972,0
-0.279551,-2.039130,0
-0.675069,-0.632906,0
-0.159230,-0.806346,0
-1.399342,-1.274404,0
-1.329692,-0.048552,0
-0.434075,-1.177758,0
-1.752934,1.738527,0
-0.276399,-1.027691,0
0.160714,-1.885838,0
-1.916902,-0.338941,0
-1.113816,-0.576912,0
-2.393362,-1.953714,0
-0.757532,-0.746543,0
-0.718290,-1.928731,0
0.427622,-1.197005,0
-0.456707,-1.705660,0
-0.962972,-2.345211,0
0.171797,-2.058613,0
-0.604568,-1.759602,0
-0.604901,-2.728407,0
-0.821136,-2.051731,0
0.539299,-0.879560,0
-1.265971,0.408194,0
1.846516,-2.744738,0
2.056412,-1.726453,0
0.227927,-0.276373,0
-2.285542,-1.962654,0
-1.233704,1.113381,0
0.501037,0.208133,0
-1.379781,-2.138225,0
-1.555173,0.342244,0
0.747919,-1.391310,0
0.304524,-3.711718,0
-2.513718,-2.876993,0
-0.083664,-0.503715,0
-1.331770,0.133937,0
-2.284131,-1.075271,0
-0.878646,-2.791068,0
-2.132797,-0.740683,0
-0.015724,-0.671244,0
-0.398066,-2.288519,0
0.066936,0.133150,0
0.518339,-1.991171,0
1.510726,-1.248121,0
-1.500723,-0.556752,0
-1.499360,-3.024583,0
-2.612050,-2.736098,0
0.335008,0.275020,0
-1.138382,-1.505601,0
-1.789975,-1.208476,0
0.053958,0.425332,0
-0.373925,-1.124556,0
-1.976870,-1.943365,0
0.337615,-2.570314,0
1.065389,-1.430751,0
-1.166591,-2.453643,0
-1.581669,-0.917281,0
-1.362216,-1.097891,0
0.532403,-1.986823,0
-2.809928,-1.959739,0
-0.134127,-1.591359,0
0.259783,-2.665366,0
-1.752125,-1.360946,0
-2.731100,0.064175,0
-2.281585,0.265808,0
-2.277424,-1.996675,0
-0.617597,-1.158601,0
-2.037552,-0.691075,0
-1.275690,-0.283725,0
0.207814,-0.664735,0
-0.157322,-1.148429,0
-0.770302,0.930676,0
-1.794780,-0.133225,0
-1.694950,-1.278314,0
-1.097190,-3.684471,0
-0.789233,0.360905,0
0.289299,-0.534205,0
-0.835526,0.767981,0
0.128575,-0.954040,0
-1.974174,-0.881836,0
0.162845,-1.064849,0
-1.660001,-0.208148,0
-0.545300,1.520770,0
-0.051278,0.909121,0
-2.069307,-1.149459,0
0.658045,-3.490583,0
-0.683104,-0.605680,0
0.199033,0.278873,0
-2.283502,-2.646114,0
0.502298,-1.034243,0
-2.153430,-2.030893,0
-2.016653,-2.133951,0
-0.472777,-1.265565,0
-1.205337,-1.721345,0
-0.429915,-3.764495,0
-1.402356,-0.312441,0
-1.939383,-2.751036,0
-2.089794,0.081845,0
-2.305801,-0.808486,0
-1.409404,-1.546322,0
-1.814674,-2.771484,0
-0.360018,-0.751554,0
-1.250587,-1.603671,0
-2.052465,-0.841302,0
-2.450079,-0.826051,0
-0.063366,-0.335422,0
-1.566098,-1.273626,0
-0.870840,0.563241,0
-1.423528,-1.133671,0
-1.624188,-0.314699,0
-1.015072,-0.435199,0
-1.355880,-1.869072,0
-1.390156,-1.401659,0
-2.396267,-1.832658,0
-0.077060,-1.834465,0
-0.474189,-0.599749,0
-1.364824,-2.199273,0
-0.701991,0.202284,0
0.141522,-2.294856,0
-1.769966,-0.656261,0
-0.474195,-1.528746,0
-0.454299,-0.793140,0
-1.514373,0.665009,0
-1.839802,-0.207252,0
-2.400996,-3.069740,0
-0.688770,-0.275388,0
-2.900503,-1.666328,0
-0.884945,-1.198229,0
-3.706914,-1.603095,0
-0.311501,-0.538132,0
-0.267057,-0.206681,0
-2.781813,-1.693684,0
-0.670202,-2.534733,0
-0.622426,-2.763276,0
-2.551451,-0.216866,0
0.219835,-2.008398,0
-1.253714,-1.366198,0
-0.369332,-0.227870,0
-1.291311,-0.668653,0
-4.067286,-2.708092,0
-1.897185,-0.538973,0
-1.278182,-1.234602,0
-0.478176,0.082411,0
-0.639459,-1.798332,0
-0.572968,-1.361493,0
-0.574543,-2.351755,0
-0.249818,-0.186370,0
1.094155,-2.595578,0
-3.371691,-1.716139,0
-0.703114,-1.046083,0
0.241450,0.771609,0
-2.086667,1.688966,0
-1.677195,-0.053068,0
-1.089153,0.429453,0
-0.193877,-0.718826,0
-2.314426,0.126905,0
0.112367,-0.967301,0
-0.379764,-2.129735,0
-1.081241,-1.825014,0
-0.471688,-0.649075,0
-0.239055,0.893069,0
-0.029545,-2.629059,0
-3.116553,-2.053038,0
-2.260983,-0.880749,0
0.269071,-2.958810,0
0.644286,-2.494645,0
-0.942509,0.156267,0
-1.368748,-0.983353,0
0.386281,-1.794139,0
-1.165269,-2.787069,0
-1.774103,0.620528,0
0.902053,-0.363076,0
-0.001068,-2.877542,0
-0.543759,-1.541960,0
0.138990,-1.121707,0
-2.988707,-0.267221,0
-0.771665,-1.479076,0
-0.896682,0.742198,0
-1.933338,-2.248631,0
1.861217,0.182209,0
-1.828338,-0.386744,0
0.804677,0.518511,0
-1.352495,-0.782328,0
1.147751,-0.161426,0
-2.889156,-1.091825,0
-1.479986,0.418418,0
-0.085658,-1.822051,0
0.515764,0.486084,0
-2.191511,-1.602531,0
-0.468634,-1.372072,0
-0.118947,-0.529679,0
-0.658833,-0.996072,0
-1.493199,-1.437746,0
-0.656984,0.023389,0
-0.454140,-0.173135,0
-1.008539,-0.326621,0
-1.321525,-0.184009,0
-1.313527,-2.807597,0
-0.183614,-1.586656,0
-1.770426,0.694875,0
0.336633,-1.232008,0
-1.754705,0.232896,0
-2.636830,-2.231409,0
-0.206973,-1.376123,0
0.831537,0.821888,0
0.426230,-2.049892,0
-0.752904,-2.669162,0
-2.372312,-2.023930,0
-1.679648,-1.951189,0
-2.564937,0.262305,0
-0.158743,-1.744064,0
1.793419,-1.818214,0
-1.640237,0.958999,0
-1.129319,-0.374296,0
0.009035,-0.409781,0
-0.311739,0.234716,0
-0.616401,-0.594499,0
-1.926680,-1.321586,0
-2.442978,1.351944,0
2.456521,-0.708890,0
-0.661467,-1.049768,0
-2.397191,0.107751,0
1.319033,0.213091,0
-2.646807,-0.981817,0
-1.161073,-3.059353,0
2.337652,-3.155463,0
-0.459569,-0.186526,0
-2.063577,-2.917419,0
-3.300128,-0.678641,0
-0.959635,-1.371417,0
-1.773142,-1.680692,0
-1.259260,-1.893224,0
-1.175717,-0.978302,0
-0.078067,-0.719119,0
-0.466457,-2.099100,0
-1.035854,-2.405481,0
-0.663398,-0.142945,0
-1.904364,-1.872110,0
-1.984225,-1.885502,0
-2.708848,-0.006412,0
-1.641946,-3.194707,0
1.466030,-0.788344,0
-2.906095,-2.758654,0
-2.762416,-0.099364,0
-0.283387,0.818255,0
-0.014868,-2.007288,0
-0.747007,-2.573204,0
-0.257042,-3.678238,0
-2.279331,-0.076940,0
-2.358800,-0.607068,0
-0.798191,0.175697,0
-1.614940,-0.071742,0
-2.590202,-0.757953,0
0.082276,-0.803447,0
-1.348393,-2.724739,0
-2.593068,0.879020,0
-0.628844,-2.870220,0
-1.693921,-0.669333,0
-0.829523,-1.539704,0
1.088968,-1.845086,0
-0.018568,-0.965532,0
-0.603806,-0.338360,0
-1.492008,-1.237260,0
-1.897283,-0.572122,0
-1.062916,-0.158592,0
-2.059274,-0.315882,0
-2.042159,-1.285848,0
-0.586765,-0.008809,0
-0.799943,-1.420017,0
-1.245997,-1.188999,0
-0.089675,-0.508524,0
-1.453089,-0.890044,0
-0.817833,1.008228,0
-0.493143,0.134990,0
-0.133848,-3.712519,0
-2.342756,-1.118099,0
0.928350,-0.351508,0
-0.922767,-3.220047,0
-1.250924,-1.631909,0
-1.307166,-2.745109,0
-1.644781,-4.689401,0
-2.424854,-0.509878,0
-2.557794,0.622231,0
-0.510672,1.782657,0
-0.972448,2.097970,0
0.459880,0.618869,0
-2.360937,-0.728267,0
-0.290086,-2.045103,0
-0.651309,-3.013840,0
-1.833855,-3.191813,0
0.617752,-1.414443,0
-1.951279,-0.424341,0
-1.223475,0.867310,0
0.732105,-2.194588,0
-1.121138,-2.100289,0
-0.654830,0.508187,0
-1.451439,-0.086744,0
-1.674192,-3.382387,0
-0.210132,-1.977540,0
-4.078149,-2.893518,0
0.355522,-0.137756,0
-0.879288,0.189042,0
-2.159376,-1.481656,0
-0.708683,-3.523630,0
0.206353,-0.433790,0
-0.646998,-1.430575,0
-1.034014,-0.826387,0
-3.584003,-0.743868,0
-1.893818,0.112461,0
-0.090355,-1.324080,0
-0.871842,-0.261956,0
-0.913056,-2.487458,0
-2.452273,-2.839858,0
-0.870621,-2.596092,0
-1.667812,1.681022,0
-3.242604,-0.180173,0
-1.824876,-1.170082,0
-2.724781,-1.719544,0
-2.889071,-2.158604,0
-3.168589,-0.455242,0
-0.530497,0.306530,0
-0.429139,-0.643461,0
-0.009198,-2.203110,0
-1.803532,-1.927966,0
-3.303253,-0.375474,0
0.911184,1.240407,0
0.233578,-1.862232,0
-1.276952,1.460606,0
-2.284709,-1.851596,0
0.010736,0.994408,0
-2.455249,-2.053986,0
-0.141440,0.083384,0
-0.483332,-1.427889,0
2.684962,-2.673278,0
1.290023,-0.557614,0
-2.455999,-0.663370,0
-0.809068,1.333676,0
-1.514038,-0.532984,0
-1.609295,0.420644,0
-1.020798,-1.293408,0
-0.922621,-0.360892,0
-0.629186,-0.406134,0
-1.132600,-0.959576,0
-1.585173,-2.852570,0
-2.150228,-0.423690,0
-0.177669,-2.025294,0
-1.072762,-1.021462,0
-0.574328,-1.841028,0
-2.351522,-0.042797,0
-0.504305,-0.181117,0
-2.170721,-1.589204,0
-1.725203,-1.988035,0
-1.677560,-1.599367,0
-1.857230,-0.869900,0
-3.740014,-0.304649,0
-1.138229,0.445469,0
-0.361007,0.082242,0
-0.475750,0.324623,0
-2.547170,1.219830,0
-2.525194,-0.239774,0
-1.335211,-0.741119,0
-1.196605,0.161210,0
-1.677958,-1.394592,0
-0.944890,0.254792,0
-0.790210,-0.591143,0
-0.609356,-1.959695,0
-1.705151,-0.458502,0
-0.868883,-0.853703,0
-1.648895,-2.037615,0
-0.158326,0.014782,0
-1.335657,-1.360145,0
-0.545759,-1.061575,0
0.593022,-0.045445,0
-0.697635,-1.989278,0
-4.458788,-2.234353,0
-1.423777,-0.207126,0
-1.095603,0.441374,0
0.037465,-0.970767,0
-1.715413,-0.072062,0
-0.043518,-0.568720,0
-1.854062,-0.564821,0
-0.629834,-1.268314,0
-0.753519,-0.965782,0
-2.328026,-1.507028,0
-0.993648,-0.983137,0
-2.152877,-1.948753,0
1.330303,-0.674452,0
1.081476,-1.003236,0
-2.943840,0.140114,0
-0.428506,-1.920329,0
-2.203134,-2.031738,0
0.274562,-0.459111,0
-0.753475,0.124387,0
-0.811932,-0.220707,0
-2.607365,-1.388504,0
0.899600,-1.736454,0
-0.308942,-1.145770,0
-0.678803,-1.223627,0
-1.071931,-2.146214,0
-0.501988,0.245768,0
-0.971870,-0.982743,0
-0.423142,-1.518634,0
-0.840172,-0.197859,0
-2.070347,0.509776,0
-2.424317,-0.965859,0
0.196212,-3.868173,0
-0.967680,-0.181684,0
-1.301732,-0.700346,0
-2.937771,-0.822401,0
-0.484719,-1.504226,0
-1.048454,0.592623,0
0.816405,-1.268292,0
0.719476,1.132809,0
-1.574400,-2.888146,0
-1.921176,-2.495047,0
-0.048693,0.262238,0
-1.259477,0.387728,0
0.571253,-1.935253,0
-1.603230,-1.348241,0
-2.142786,-0.004875,0
-0.013383,-3.206089,0
2.293086,-1.082166,0
-1.875054,-1.128566,0
-2.428423,-3.032625,0
-1.595515,-0.412566,0
-1.326978,-0.791725,0
-0.439483,-1.080680,0
0.355624,-0.677569,0
-0.894590,-1.118640,0
-0.970708,-1.684836,0
-0.775075,1.209104,0
-1.273735,-0.568994,0
-2.953519,-0.104810,0
-1.445742,-1.743019,0
-1.198008,-2.695850,0
0.601241,-0.130265,0
-0.270548,0.680814,0
-0.329108,-0.859612,0
-1.214965,-1.093817,0
-3.977570,0.322472,0
-2.016418,-1.375703,0
-0.980301,0.070475,0
-1.922984,-2.533576,0
-1.852091,-1.012032,0
-0.478985,-2.584175,0
-2.824622,-0.095906,0
0.170399,0.100705,0
0.294187,-1.031809,0
0.045953,-1.905664,0
-0.625128,-0.479253,0
-0.364903,-1.802465,0
-0.951885,-0.463720,0
-2.931048,-2.576478,0
-1.630380,-0.538602,0
-1.138646,-1.881066,0
-1.455252,-3.476969,0
-0.702520,-0.715711,0
-1.248473,-0.592479,0
-1.838709,-0.715483,0
-1.788148,-0.750958,0
-0.006486,0.115521,0
-0.825582,0.316715,0
-2.298563,0.063343,0
0.414184,-0.926271,0
-1.327926,-1.309824,0
-1.000030,0.620131,0
-3.665552,-1.605299,0
-1.598214,-1.632775,0
1.259420,0.394557,0
-1.565007,0.239806,0
0.226641,-0.840596,0
-1.906095,-0.718604,0
1.257266,-2.404042,0
-0.715962,-1.287988,0
-2.844017,-0.418182,0
-0.642831,-2.515625,0
-0.983837,-1.502599,0
-0.452608,-0.665091,0
-0.735089,-2.269542,0
-0.568481,-0.237074,0
-1.635370,-0.400972,0
-0.909448,-1.304474,0
-2.773403,-0.757479,0
-1.060334,-3.079203,0
-1.696866,-1.059673,0
-2.418225,1.984807,0
-0.963816,-0.378215,0
0.217669,-3.236607,0
-1.908206,-1.196698,0
-1.547103,0.717191,0
-3.155252,-0.054272,0
-3.461834,-1.494068,0
0.125994,-1.436846,0
-0.088807,-1.708856,0
0.449053,-2.014970,0
1.140389,-2.231244,0
-1.502816,-2.414005,0
-0.583239,0.113729,0
-0.660201,-1.945439,0
-0.147776,-1.278588,0
-0.543115,-1.802985,0
0.227036,-0.064245,0
0.120710,-1.516875,0
-1.886943,1.619289,0
-2.563865,-0.444576,0
0.036607,-2.810973,0
-2.273080,-0.036945,0
-1.783744,-0.683925,0
-0.970469,-0.597900,0
-1.930772,-0.779273,0
-1.575818,-0.408248,0
0.012447,0.300343,0
-1.966580,1.588645,0
-1.249082,-3.526371,0
0.579326,-2.412923,0
0.188946,0.420432,0
-2.182223,-1.203859,0
-1.638332,0.675095,0
-1.196078,0.171262,0
-0.393010,-1.038735,0
-2.024655,0.776815,0
-2.729714,-1.780006,0
-1.774162,-0.934536,0
-1.540093,-1.281244,0
0.485768,-1.253477,0
-2.008673,-0.735351,0
-0.639587,-0.125376,0
-0.886890,0.842552,0
-1.489580,0.265381,0
-0.854380,-0.649791,0
-0.784532,-1.577135,0
0.029558,-2.276687,0
-0.982786,-0.047521,0
0.277236,-0.345928,0
-0.344423,-0.757579,0
-1.147699,-0.865361,0
-0.986076,-0.950456,0
0.532902,-1.168420,0
-0.912248,0.023397,0
-0.708621,-2.092983,0
-0.791100,-1.136960,0
0.881743,-2.602427,0
0.720502,-2.150971,0
-1.742971,-1.389072,0
-0.119116,-0.706488,0
-1.037150,-1.031858,0
0.290691,0.285053,0
-2.355647,-1.136916,0
-0.429591,-1.442648,0
-1.915747,-0.501548,0
0.003541,0.183592,0
-3.082698,-1.304223,0
-2.809155,-0.235035,0
-0.333631,-2.059563,0
-0.913200,-2.151584,0
-1.609657,-0.201254,0
1.071603,-1.903676,0
1.876389,-1.964483,0
-2.627212,0.257320,0
-0.278284,-0.939381,0
-1.469559,-1.247626,0
-1.866476,0.165975,0
-1.237511,-1.125281,0
-0.111902,-2.692271,0
-1.352064,-2.016614,0
-0.715318,-3.421236,0
-1.548594,-0.573056,0
-0.628041,-2.777472,0
-1.066841,-2.192328,0
-2.573276,-2.574690,0
-0.625513,-0.731723,0
-1.480753,-0.740864,0
-0.440397,-1.807108,0
-1.344878,-0.047912,0
-0.739686,-1.419261,0
-1.470780,-1.585162,0
-2.064114,-0.068173,0
-0.974949,-1.390725,0
-0.334957,-0.733111,0
-1.531290,-0.142314,0
-0.768044,-0.143298,0
-0.257896,-0.342752,0
-0.059425,-1.215094,0
-2.652391,-1.404653,0
-0.632808,0.133882,0
-0.827683,-2.462717,0
-0.244974,-1.215843,0
-2.253987,-0.175253,0
-0.495650,-0.357204,0
0.212232,-2.604393,0
-0.782706,-0.138030,0
0.174283,-0.250281,0
-1.395931,-0.579889,0
0.681094,-0.364492,0
-2.475643,-0.832077,0
-0.895163,-2.936532,0
-1.771879,-0.550934,0
0.060645,0.215721,0
-0.612274,-1.485103,0
-0.683456,-0.828555,0
0.755427,-1.964851,0
-2.407477,-1.630628,0
0.608775,0.773114,0
-2.148467,-2.459622,0
0.133064,0.286077,0
-0.647450,-1.796713,0
0.018935,-0.771283,0
-2.759052,-0.677499,0
-1.347371,0.279692,0
-0.818035,0.219981,0
-2.948176,-1.816608,0
-1.104129,-2.258062,0
-0.604036,-0.504892,0
-1.245388,-0.111325,0
1.208793,-2.334457,0
-1.416183,-1.079949,0
-2.066049,0.208840,0
-2.996517,-2.485046,0
-1.698336,-0.619084,0
-1.170736,0.830934,0
-0.106351,-1.278818,0
-2.544044,0.112951,0
-2.822631,-2.202241,0
-0.950572,-0.864257,0
1.212565,-1.939246,0
-2.974442,0.997419,0
-2.219487,-1.326381,0
1.586588,-0.583176,0
-0.882221,-0.883622,0
-0.589740,-0.164033,0
-1.829627,-1.114679,0
-0.807273,-0.200320,0
-1.363005,-1.105981,0
0.252602,-0.997670,0
-2.185210,-1.021359,0
-0.020793,-2.162044,0
0.726213,0.028795,0
-1.324584,-0.626385,0
0.278559,-2.144544,0
-0.379624,-0.050005,0
-2.156423,-1.443030,0
-0.419244,-2.100588,0
-0.947891,-3.521671,0
-1.104570,-1.172234,0
-1.076001,-0.419831,0
-1.297027,-1.143990,0
-0.241794,0.341113,0
-1.132862,-0.515256,0
0.990184,-0.641045,0
-2.387820,-1.759152,0
-0.941322,-1.118092,0
-2.829289,-1.151711,0
0.988907,-1.532536,0
-1.648973,-1.742046,0
-0.636061,-0.997972,0
-0.471772,-0.847923,0
-0.816538,-0.905902,0
-0.121122,-1.134784,0
1.135605,-4.160696,0
-1.740795,0.421198,0
-1.867180,-0.830428,0
-0.289253,-1.467972,0
1.090362,-3.456695,0
0.510182,-1.197795,0
0.346856,0.030157,0
-0.292085,-1.057660,0
-0.752449,-1.732924,0
0.027644,-3.561111,0
-2.261334,-1.225301,0
-1.369305,-0.720791,0
-1.256143,-0.567708,0
-1.445003,-1.669201,0
0.528903,-1.921633,0
-1.770632,-2.337326,0
-1.623331,-2.307830,0
-0.927400,-1.401293,0
0.118295,0.131336,0
-2.286665,-1.195832,0
0.296889,-1.267917,0
-0.322698,-1.539945,0
-0.674834,-2.172531,0
-0.446495,-2.039279,0
-3.176924,-1.536867,0
-1.806042,-0.986891,0
-0.927472,-3.083194,0
-1.212205,-0.889725,0
-0.800713,-0.593531,0
-0.646404,-0.729770,0
-1.933407,-1.266094,0
-0.649992,-0.648713,0
-0.333504,-1.059170,0
-2.173174,-0.551767,0
0.251163,-2.014876,0
-0.915687,-1.887747,0
0.115513,-0.880763,0
-0.266808,-0.681897,0
-0.986730,0.661461,0
0.914875,-0.932174,0
-2.011938,-1.126889,0
0.748968,-0.355577,0
0.247441,-2.155286,0
-0.597649,-2.913117,0
-2.792194,-1.846130,0
-2.178497,-1.328268,0
-1.986459,-1.856028,0
-1.574136,1.299989,0
-1.640573,-0.729016,0
-0.743049,-1.608510,0
-0.668411,-1.220760,0
-0.539635,0.406892,0
-0.463473,0.431984,0
-0.842006,-2.579231,0
0.227278,2.266060,0
-0.452547,-1.903424,0
0.796641,-0.062570,0
-0.032902,-0.747478,0
-0.630271,0.156588,0
-1.757791,-0.302894,0
-0.449164,-1.048749,0
1.216312,-0.632211,0
-2.049744,-1.236537,0
0.251805,0.436584,0
-2.257791,-1.774578,0
-2.156287,-0.939648,0
-1.356974,-1.021225,0
0.021622,-3.360800,0
-1.596712,-0.008307,0
0.520796,-1.648800,0
-1.211465,-3.747419,0
0.038180,-0.775890,0
-1.434334,-1.575144,0
-0.973015,-0.588576,0
-0.381111,-0.312706,0
0.816545,-2.158620,0
-2.193051,2.635117,0
-1.826330,-0.521794,0
-0.715502,-1.345076,0
-1.188863,-0.634516,0
-0.127392,-1.090698,0
2.746821,-1.381946,0
0.279634,0.366443,0
0.039872,0.616872,0
-1.205011,-1.632193,0
0.302961,0.701376,0
-1.604498,-2.393479,0
-1.331780,0.279129,0
-0.465277,-1.763613,0
-0.235909,-0.704698,0
-1.658014,-2.124070,0
-0.312846,-0.906853,0
0.553354,-0.849984,0
-0.474835,-1.260993,0
-1.763487,-1.017868,0
-0.039936,-1.882263,0
0.747053,0.383557,0
0.360923,-0.739291,0
-0.847623,-2.438006,0
-4.077445,0.169338,0
-2.768815,-1.333096,0
-2.317558,-0.952289,0
-0.244407,-1.645522,0
0.016039,-1.993910,0
-0.656675,-1.835230,0
-0.515498,-2.107030,0
-0.657031,0.050101,0
-3.808613,-1.779207,0
-2.321994,1.073389,0
-1.476388,-0.346039,0
-3.109193,-2.996211,0
-1.820726,-0.522644,0
-1.273354,-0.984920,0
-2.401720,-0.623962,0
-2.203855,-0.952689,0
-0.414373,-1.253460,0
-2.699332,-1.670328,0
-0.225212,-0.565134,0
-1.219117,0.282744,0
-3.275681,0.529843,0
1.066023,-0.088298,0
-0.329186,-3.231525,0
-0.662462,-2.669641,0
0.139123,-0.679319,0
-1.653141,-1.081339,0
-1.040310,-1.260375,0
-1.022174,-2.198636,0
-0.680376,-0.669160,0
-1.302511,-1.775310,0
1.037389,0.370458,0
0.264081,-1.755406,0
-2.964982,-0.146319,0
-0.323417,-0.766632,0
-2.104859,0.096917,0
-2.185704,-1.096347,0
-1.151341,-1.858139,0
-2.942444,0.082375,0
0.237729,-1.654589,0
-0.081611,-1.001806,0
-1.484983,-0.961430,0
-1.952548,-1.143431,0
-0.256149,0.240407,0
-0.672577,-1.444207,0
-2.598416,-0.492748,0
-1.765925,1.358620,0
-1.127137,-1.908767,0
-2.144066,0.257430,0
-1.142416,-1.482668,0
-2.826232,-1.245019,0
-0.892089,-0.537797,0
-2.544806,-0.985804,0
-1.589468,0.233672,0
-0.037064,-0.210994,0
-1.292780,-2.048410,0
-0.284445,-0.622602,0
-2.306540,-0.888500,0
0.909220,-0.401087,0
-0.693295,-1.835581,0
-0.710155,-1.553008,0
-0.121646,-1.444169,0
-1.322842,-2.508759,0
-0.872467,-0.930596,0
-2.108473,-1.223608,0
-0.618322,-1.484094,0
-1.917060,-2.404058,0
-0.353362,-0.533878,0
-2.569015,-1.333631,0
-0.450272,0.629814,0
-2.304394,-2.472153,0
-3.358719,-1.709943,0
-1.845465,-0.287090,0
-1.258727,-0.946654,0
-1.630997,-1.574622,0
0.183033,0.995514,0
-1.276467,0.895367,0
-0.860493,-0.494421,0
-0.978677,-0.101027,0
-0.222889,-2.313309,0
-0.843241,-1.239360,0
-2.716087,-1.239152,0
-1.558845,-1.559647,0
-1.700986,0.017518,0
-1.398415,-0.832101,0
-1.293086,-0.296136,0
-2.516946,0.851515,0
1.596966,-1.060390,0
-2.353996,-2.674716,0
-2.291061,-0.984441,0
-1.051841,-3.084266,0
-0.426983,-0.215253,0
0.557108,-0.933186,0
-2.697748,-2.206948,0
0.274789,-4.026518,0
-0.785859,-0.241097,0
-0.754879,-2.577000,0
-2.155738,0.053427,0
-2.104528,-0.769757,0
0.963241,-0.235251,0
-1.879700,-0.093622,0
-1.890235,1.149579,0
-0.259701,1.060386,0
-2.631239,-0.337099,0
-1.280109,-2.067640,0
-0.270950,-2.429323,0
-0.997194,0.227517,0
-1.019171,-0.223110,0
-1.078389,-1.520794,0
-0.277872,-1.567133,0
-1.299392,-2.139050,0
-1.295306,-2.077265,0
-0.263207,-3.472230,0
-2.754469,-0.339210,0
-0.536897,-0.540049,0
-1.432793,-0.576544,0
0.436394,-0.910433,0
-3.141522,-1.176763,0
-1.198367,0.669562,0
-3.194477,-2.800384,0
-1.194150,0.226212,0
0.142704,-0.144480,0
-0.739276,-1.172522,0
-1.096016,-2.627566,0
-1.972488,-1.580801,0
-1.346923,-1.305181,0
-0.409234,-0.844760,0
-2.559859,-1.648626,0
-0.900233,-1.284915,0
-0.072608,-0.911611,0
-0.908946,-2.658539,0
-1.347394,0.341478,0
-2.206826,-0.143012,0
0.798957,0.941292,0
-1.126904,0.001207,0
-0.527184,-1.546073,0
-2.147449,0.546421,0
-0.882886,-3.738531,0
-0.400487,-1.662143,0
-1.651418,-1.092924,0
1.329664,-1.149566,0
-0.119335,-0.613346,0
-0.945950,0.202226,0
-0.534201,-0.060277,0
-0.402079,-2.015918,0
-1.034639,-0.709986,0
-0.443868,-1.873396,0
-1.585569,-0.095625,0
-0.356871,-1.432437,0
-1.486333,-1.087489,0
-3.554877,-3.228487,0
-0.657714,-0.124734,0
-1.387610,-1.034818,0
-1.910260,-2.420870,0
-2.027365,-0.815343,0
0.255225,0.305248,0
0.095255,-0.024152,0
-1.441038,-0.111669,0
-1.125379,-1.003956,0
-0.869215,-0.368874,0
-0.552628,-3.800615,0
-0.366513,-1.453145,0
0.465360,-2.003697,0
-0.899269,-1.908454,0
-1.242508,-0.479368,0
-3.091712,-1.564211,0
-0.822008,-0.438001,0
-1.243685,-1.176987,0
-0.319316,0.233583,0
-1.108567,-1.685796,0
-1.036300,-1.551791,0
-2.216005,1.074283,0
0.111626,-2.384263,0
-1.534407,0.821261,0
-1.696911,-1.890809,0
-1.994099,-1.231468,0
-1.559725,0.397802,0
-1.529164,-0.879472,0
-3.091633,0.045326,0
-1.927510,-1.753040,0
-2.128434,0.569343,0
-2.684584,1.269593,0
-0.645227,-1.705018,0
-1.020979,-0.275337,0
-2.166282,-2.059349,0
-0.485186,-1.314682,0
-2.400362,0.582818,0
0.417908,-0.322638,0
-1.858042,-2.171697,0
-0.065943,-1.729428,0
-1.697289,-1.541479,0
-1.370843,-0.192806,0
0.358980,-1.572712,0
-1.718573,-1.068853,0
-1.327405,0.670181,0
0.632071,-1.422570,0
-1.496726,-2.987609,0
-2.582529,-2.304239,0
-0.911525,-2.157249,0
-0.176568,1.129111,0
-1.637192,-0.175241,0
-2.802384,-1.745725,0
-1.991503,-0.103340,0
-1.346286,-0.669890,0
0.129180,-2.331320,0
0.302439,-1.534537,0
-0.141340,-0.973857,0
-0.030686,0.276419,0
-0.868451,-1.274397,0
-0.202918,-2.302011,0
-3.012925,-2.343610,0
-0.700930,-2.070157,0
-2.168210,-1.023717,0
-1.935279,-2.872910,0
-0.123826,0.017226,0
-1.931593,-0.852254,0
-2.804204,-0.973345,0
-0.490905,-1.012620,0
0.330970,-2.831123,0
-0.186610,-3.298535,0
-1.860836,-1.190465,0
-0.837652,-0.991334,0
0.063264,-1.823220,0
-1.853471,-1.357733,0
-2.011509,-0.392654,0
-2.456936,-1.096132,0
-2.833593,-1.107034,0
-0.932343,-2.145653,0
-1.209852,0.346992,0
-2.029864,0.014192,0
0.176014,-0.262122,0
-1.628153,0.033722,0
-1.977374,1.247831,0
1.348268,-0.678728,0
0.851580,-0.050232,0
-2.575515,-0.667889,0
1.372993,-0.053796,0
0.146975,-0.173897,0
-0.162298,-1.063480,0
-2.377847,-0.992987,0
-1.280790,-0.143315,0
-2.017048,-0.153626,0
-1.004393,-1.983444,0
-0.281125,0.254000,0
-2.567213,-0.114164,0
-1.206461,-0.545350,0
-0.546481,0.845364,0
0.308684,-0.428033,0
-1.237505,-1.159878,0
0.694469,0.041661,0
-1.458136,-2.565838,0
-0.668105,-1.263194,0
-1.409072,-2.076887,0
-1.440263,-2.918809,0
-2.645210,0.456855,0
-0.469969,-1.247703,0
0.106983,0.299452,0
2.111608,1.409206,0
-1.753539,-1.444200,0
-0.094855,-1.738542,0
-0.985897,-1.805263,0
-1.628830,-0.973340,0
-3.248697,-3.548410,0
-0.829402,-1.608328,0
-1.199431,0.835029,0
-1.777009,-0.091947,0
-1.027580,-1.357864,0
-2.761400,-2.660139,0
-1.096587,0.474568,0
-0.964617,-1.215719,0
-0.629177,1.347263,0
-1.302667,0.186979,0
-1.338702,0.182251,0
-0.543757,0.333365,0
0.496610,-1.053275,0
-0.860799,-0.301550,0
-1.750975,0.109950,0
0.743302,0.166231,0
-2.691386,-1.045440,0
-0.206859,-1.320290,0
-1.851462,-1.196229,0
-0.952338,-0.449313,0
-0.310360,-0.132349,0
-1.534761,-1.937589,0
-2.158565,-0.585621,0
-1.177682,0.023631,0
-0.968958,-1.375443,0
-1.633148,-0.112395,0
-1.394210,0.199628,0
-2.142922,-1.211883,0
1.542912,-2.435291,0
-1.468454,-0.575475,0
-1.815725,-0.542960,0
0.849443,0.711879,0
-1.824553,2.091369,0
0.737232,-0.744827,0
-1.095111,-1.677890,0
-2.160949,-2.148378,0
-0.660635,-0.125341,0
0.033571,0.149593,0
-0.261457,-0.987942,0
-0.213190,-0.695678,0
-1.209495,-1.698058,0
-1.034977,-1.253028,0
-1.005778,0.730220,0
-1.706274,-0.693941,0
-0.271808,-1.268161,0
1.382162,0.903954,0
-2.266668,-1.552193,0
-0.896431,1.084735,0
0.183470,-2.385263,0
-0.243338,-4.259440,0
-2.132347,-0.904811,0
-3.381101,-2.122955,0
-0.406720,-2.351558,0
-1.310240,-0.112149,0
-0.290076,-0.553221,0
-0.741284,0.280872,0
-0.363749,-1.691451,0
-2.319672,-2.289427,0
-0.951422,-2.162554,0
-0.689863,-1.698399,0
-1.718235,-2.899617,0
-1.005514,-0.359376,0
-1.123494,-0.074121,0
-0.876155,-1.083738,0
0.065074,0.902308,0
-1.027817,-2.480918,0
-1.005528,0.197204,0
-1.679067,-1.257564,0
-0.823647,-2.639822,0
-2.343270,-0.744404,0
-1.326443,-1.874607,0
-1.112050,-0.705859,0
0.029912,-1.465996,0
-0.537252,-2.424663,0
-0.140725,-1.641460,0
-1.222430,-0.860302,0
-2.558844,-1.747830,0
-2.305529,-2.301835,0
-0.787118,-1.795486,0
-0.714366,0.074666,0
-1.353650,-0.095267,0
-0.963139,-2.466295,0
0.222277,-0.547681,0
-0.309155,0.916345,0
-0.781273,-0.073874,0
-0.936878,-0.807745,0
0.698206,-2.295970,0
-1.227052,-2.813171,0
-2.438976,-1.176182,0
-1.834122,0.377428,0
0.020591,0.807520,0
-1.374114,-1.172502,0
-0.188197,-1.186622,0
-0.467964,-1.706861,0
-0.274896,-1.510971,0
-2.108555,0.866216,0
-0.841535,-0.177976,0
-0.852731,-0.303719,0
-0.809816,-1.547222,0
-1.962940,-0.633330,0
-1.333716,-3.234126,0
-1.834700,-0.819367,0
-2.251992,-0.035355,0
-0.939401,-1.866482,0
-2.089221,0.073190,0
-1.553527,-2.601887,0
0.862402,0.118190,0
-0.883405,0.887685,0
-0.975775,-0.924190,0
-2.330073,-1.270852,0
-1.898684,-0.463137,0
-0.219282,-0.935529,0
-1.833420,-0.900542,0
-3.627622,-1.464279,0
0.592475,-0.919256,0
-2.688792,-2.011460,0
1.041592,-2.923740,0
-0.795593,-2.088633,0
-1.442786,-2.355954,0
-0.422098,0.285323,0
-1.601363,1.087129,0
-1.243531,-0.239739,0
-0.315620,-1.739131,0
-2.043697,0.055570,0
-1.857525,-0.509382,0
-1.658599,-2.258524,0
-1.321797,-0.274870,0
0.963661,-1.025665,0
-0.066214,-2.922781,0
-1.534190,-1.267967,0
-0.435891,-2.925598,0
0.354953,-3.202478,0
-2.360233,-2.236422,0
-1.358387,-0.302611,0
-0.113608,-2.603725,0
-1.008377,0.351414,0
-0.262723,-2.267501,0
0.661524,-1.365252,0
-0.141133,-0.202052,0
-2.129884,-1.176626,0
-1.090435,-1.760592,0
-0.600158,-0.538712,0
-1.119753,-0.115824,0
-1.704967,-0.909014,0
-0.636153,-2.438415,0
-0.786263,2.083045,0
0.104707,-1.140863,0
0.241570,-0.477292,0
