1.890368,1.665240,1
0.431441,2.236378,1
-0.088244,1.312693,1
0.887179,1.919236,1
-0.254112,2.536404,1
1.653771,0.559292,1
0.760423,-0.143089,1
1.298647,2.085124,1
0.581731,1.609868,1
1.237382,1.314645,1
1.091135,-0.944190,1
0.658470,0.599061,1
-0.538116,1.087824,1
2.208196,0.015470,1
-1.112073,0.649499,1
0.177224,2.695007,1
1.565219,1.981049,1
-0.194334,-0.678884,1
0.420359,1.610706,1
2.120829,0.678376,1
2.657983,1.501115,1
-0.508403,1.541780,1
1.628721,2.044928,1
1.786688,0.014586,1
-0.095264,1.139847,1
2.230280,0.186796,1
1.879326,2.026038,1
1.154635,0.470510,1
0.359006,2.591249,1
1.676322,0.178254,1
2.124528,-0.092111,1
0.190680,1.250437,1
0.380723,0.420887,1
1.090213,0.463887,1
2.105647,1.350156,1
1.208378,-0.306380,1
0.658723,1.105805,1
2.616823,1.066017,1
1.834633,-0.189450,1
0.888028,1.599806,1
0.692147,0.407615,1
-1.221330,2.150133,1
0.462003,-0.714304,1
-0.149723,1.431166,1
2.012328,0.952170,1
0.710136,0.362045,1
-0.260506,-0.020567,1
2.325335,1.354193,1
-2.015380,1.775729,1
1.251972,2.403173,1
0.125562,0.884635,1
3.882677,2.472494,1
1.144739,1.210776,1
0.318789,1.936184,1
-0.954594,1.032997,1
1.223876,1.212715,1
0.733075,0.754340,1
1.069457,1.387753,1
1.289843,0.958994,1
1.158418,0.008034,1
0.065908,0.319319,1
-0.365198,2.342513,1
3.155745,0.760905,1
1.519359,-0.881435,1
2.580520,-0.504730,1
1.745567,1.764313,1
0.116030,0.258086,1
1.400204,1.825368,1
2.703509,2.141955,1
0.858836,1.346476,1
2.372968,-0.314574,1
3.747648,2.109196,1
1.259548,-0.046250,1
0.469477,2.901771,1
-0.521388,0.463242,1
0.556369,2.652116,1
2.628525,0.926859,1
2.196530,0.642453,1
-0.202109,0.728724,1
3.290986,1.760670,1
-0.542720,0.617205,1
0.940288,1.545512,1
1.644701,-0.826729,1
0.357634,0.643587,1
-0.794999,-0.965462,1
0.512512,0.706029,1
0.342024,-1.026794,1
0.753301,1.747845,1
1.016567,0.317623,1
1.086688,1.078128,1
2.158996,0.554456,1
1.863386,2.932601,1
-0.941766,-0.733904,1
1.967696,-0.734693,1
2.122773,2.984397,1
0.552035,-0.147182,1
-1.254551,2.302151,1
1.416468,2.565572,1
0.654902,0.493487,1
0.946007,0.704111,1
-1.277697,0.812987,1
0.924512,2.495246,1
1.634096,0.571970,1
1.783997,-1.264227,1
-0.749458,-0.500459,1
0.929315,1.761466,1
1.509760,3.106017,1
1.480734,1.115682,1
-0.760742,1.295455,1
2.273176,0.204971,1
2.279386,1.290923,1
2.950026,0.383157,1
0.731915,0.988276,1
1.437642,0.060781,1
2.940984,-0.349968,1
0.079806,1.276458,1
1.218904,0.467627,1
-0.898173,0.865725,1
0.627665,1.587481,1
0.269245,1.042244,1
1.859801,0.998351,1
2.852229,2.811565,1
0.424813,0.937586,1
1.232723,0.459695,1
1.099836,-0.160111,1
1.560646,1.149062,1
1.309997,1.402351,1
2.629482,0.496653,1
1.431328,1.263561,1
-0.609243,1.311168,1
2.733521,3.035730,1
0.898575,3.324134,1
1.269856,-0.311976,1
0.769717,0.515307,1
0.053222,0.403057,1
1.492866,1.686167,1
3.094687,1.664707,1
0.097531,1.199807,1
0.648886,-0.216863,1
-0.045093,-0.544980,1
0.637135,1.221916,1
0.897412,1.762666,1
2.091204,-0.674859,1
3.010713,0.467642,1
0.606812,1.550553,1
0.705027,1.055083,1
-0.521287,1.220148,1
2.136257,0.111855,1
1.744902,0.303203,1
0.280262,3.053673,1
1.504433,1.364834,1
1.742356,0.149978,1
1.741919,1.529313,1
2.928342,2.964922,1
0.396585,-0.501140,1
-0.315288,1.901110,1
2.062038,3.205179,1
1.908162,1.056299,1
1.178768,-0.745797,1
-0.441473,0.608934,1
2.036798,2.549380,1
0.511627,0.378309,1
0.177908,0.547211,1
2.594537,-0.739651,1
0.805430,1.399250,1
-0.019898,0.342933,1
0.892240,1.354945,1
0.603406,0.580043,1
-0.088109,0.748324,1
1.718256,0.956855,1
0.915760,1.167093,1
-0.069918,0.503678,1
2.389513,0.674817,1
0.147730,0.485870,1
-0.219570,3.464699,1
1.490205,-1.249780,1
0.482763,0.909220,1
-0.041433,0.655300,1
1.497925,0.197759,1
2.588094,-0.931266,1
2.047046,0.585372,1
-0.667498,0.515228,1
1.354056,1.308590,1
-1.052005,1.816807,1
2.203428,0.711373,1
0.918222,1.076565,1
4.467546,2.778913,1
1.116273,0.643443,1
0.605972,0.377121,1
1.646053,0.446523,1
-0.735086,0.813082,1
0.820382,1.447441,1
0.305944,-1.990962,1
2.189863,0.798322,1
1.922941,1.637688,1
2.967665,0.418596,1
1.348614,1.158997,1
2.074642,0.579590,1
1.676449,0.253498,1
0.184722,2.718631,1
0.849683,-0.578098,1
3.371487,0.368077,1
1.181446,1.341882,1
0.530069,2.137889,1
1.349219,0.065694,1
3.118828,1.373137,1
0.636601,2.312215,1
0.831437,0.292019,1
-1.079034,1.764653,1
1.491270,-0.021361,1
1.923728,0.606269,1
0.838625,1.278959,1
-1.048558,-0.509512,1
1.695525,0.342224,1
-0.038833,0.900244,1
1.605446,2.068017,1
0.634165,3.052637,1
1.548740,2.301358,1
1.517006,1.736277,1
0.241809,-0.515192,1
1.180728,1.546752,1
-1.139681,0.064933,1
-0.306423,2.860453,1
0.787024,2.014938,1
0.982916,0.866675,1
-1.077659,0.792681,1
0.755992,0.468432,1
0.684815,1.800874,1
1.659148,1.001908,1
0.577774,-1.639580,1
-0.616308,0.460393,1
1.782170,1.344403,1
1.844258,0.321774,1
0.046915,1.728111,1
1.282144,0.885259,1
1.266054,-1.093369,1
0.785116,0.557706,1
-0.629299,-0.886578,1
0.378391,0.241895,1
0.859997,1.450545,1
-0.096217,1.107304,1
0.442378,1.560699,1
-0.177656,0.984510,1
2.731985,0.358975,1
2.290814,1.618615,1
0.032384,1.413344,1
-1.011733,-0.595817,1
1.153861,0.541170,1
0.532252,0.973957,1
0.094660,-0.436592,1
2.043740,1.024222,1
1.129768,2.838010,1
0.626548,1.236455,1
1.210564,1.139840,1
2.490034,0.551809,1
2.273789,-0.575531,1
2.208594,0.823408,1
0.892302,1.410113,1
0.541300,1.116067,1
0.271977,0.063771,1
2.381937,2.313123,1
1.228998,1.719283,1
0.803514,2.146698,1
0.300640,1.608892,1
0.783154,0.375293,1
1.146403,0.934206,1
3.150883,1.922243,1
-0.066292,2.465628,1
1.699796,1.679272,1
1.632820,-0.563891,1
0.983094,1.502843,1
1.530772,0.506873,1
2.395859,-0.173889,1
-1.012688,-0.137938,1
1.619276,1.647946,1
1.356493,-0.838299,1
-0.406764,0.896507,1
-0.000028,-2.920381,1
0.296338,0.650425,1
1.384321,-0.445083,1
-0.353016,1.207338,1
0.408847,-0.093556,1
0.729558,2.757043,1
1.108739,-0.330748,1
0.290973,1.499894,1
-0.572705,-0.449843,1
2.566375,0.830714,1
1.107841,1.652626,1
0.790086,2.119767,1
2.227872,0.711532,1
-1.002400,2.485499,1
-0.394053,2.685664,1
-0.606613,-0.038143,1
1.085300,-0.173211,1
1.452483,0.511623,1
1.573273,0.251889,1
2.730478,0.887769,1
2.707713,0.035319,1
-0.219845,0.637362,1
1.181079,1.451588,1
0.838188,-0.104073,1
1.383238,1.064195,1
3.518176,-0.884167,1
0.302215,-0.825162,1
2.867424,0.125089,1
0.741092,-0.098156,1
1.283810,0.983897,1
0.445006,1.263403,1
0.250949,0.657515,1
2.099464,3.045587,1
1.908550,1.435113,1
0.827204,2.417378,1
0.530503,-0.712926,1
1.700192,-0.161180,1
1.430431,2.537149,1
2.970994,-0.089300,1
0.505998,-0.479583,1
0.479482,1.265918,1
3.298861,4.013868,1
2.600561,0.026815,1
0.944758,0.489959,1
1.467733,2.244384,1
2.397039,1.187663,1
0.325728,0.398254,1
1.095146,0.644882,1
0.794403,0.130419,1
-0.046728,2.748285,1
2.539972,0.921421,1
1.887739,1.562066,1
0.814703,0.537100,1
1.934870,0.522118,1
0.172121,0.784472,1
2.576620,-1.793525,1
0.296592,1.742971,1
0.335608,-0.701833,1
0.901149,0.192350,1
0.774206,0.807869,1
-2.206688,0.159551,1
0.522807,2.249206,1
-0.010390,2.500453,1
0.393534,0.479757,1
1.708337,0.322530,1
0.619706,-0.641132,1
0.066868,1.309996,1
2.322140,-0.903775,1
0.067804,1.624140,1
2.382881,0.696303,1
-1.990099,2.624780,1
1.132600,0.938472,1
0.304774,0.898566,1
0.923159,2.239308,1
0.469075,1.711387,1
-0.702648,1.059363,1
0.158779,1.874967,1
-0.873069,1.933733,1
0.600765,0.308410,1
2.143603,0.167565,1
4.271809,0.413812,1
1.400899,1.123607,1
1.717354,0.587292,1
1.262122,1.263751,1
1.624988,1.659581,1
0.169554,0.649272,1
1.049388,1.965124,1
-1.270545,-0.831281,1
1.064105,-0.355956,1
1.208460,2.119048,1
-0.214285,2.264028,1
0.576611,2.298292,1
1.816069,1.778468,1
1.701080,0.871083,1
1.781541,0.257556,1
2.351788,0.360077,1
0.532918,0.434117,1
0.486210,0.297552,1
0.154751,1.716832,1
-0.031879,1.400966,1
-0.364733,2.282135,1
0.715578,1.231573,1
-1.034913,1.781905,1
-0.189675,0.583719,1
1.721141,2.791807,1
0.397128,0.734144,1
0.628355,2.170458,1
-0.338191,-0.561143,1
-0.145684,0.365273,1
0.425481,2.137786,1
1.824523,2.803343,1
0.354472,-0.931642,1
0.703656,0.342579,1
1.964400,0.838285,1
1.575861,1.592988,1
1.839391,1.273334,1
1.231051,-0.056946,1
-0.200263,0.652282,1
1.182283,2.734752,1
0.366544,1.994898,1
2.271368,1.686174,1
1.833655,1.902379,1
2.054630,2.038705,1
2.445367,0.989356,1
1.895327,1.648017,1
1.566184,2.852031,1
1.115616,-1.174218,1
1.342224,-0.474299,1
-0.398671,0.516295,1
1.379615,3.535013,1
1.928575,1.406722,1
1.033018,0.667584,1
1.278295,1.089365,1
-0.144953,0.596420,1
0.099286,1.431239,1
2.036903,0.553989,1
0.498401,-0.426300,1
1.479047,0.781876,1
2.254308,0.592062,1
-0.711371,1.616559,1
1.092203,1.330731,1
0.139183,0.012762,1
1.447214,-0.229672,1
2.616452,1.603384,1
1.168187,2.261783,1
3.030719,-1.149847,1
0.262374,1.965687,1
4.571361,0.476040,1
-1.628045,1.926657,1
2.978167,0.134279,1
0.204079,1.456345,1
-1.370774,0.042598,1
-1.728437,2.312064,1
1.335434,1.674127,1
2.223309,1.398205,1
0.666442,0.940349,1
1.276217,-0.907154,1
0.794389,0.676938,1
0.510396,0.747288,1
0.977388,1.212027,1
0.630754,1.475727,1
1.493476,1.855738,1
0.273006,4.340865,1
1.773142,0.761967,1
2.591991,0.747905,1
1.119383,2.107238,1
0.649658,0.108090,1
1.728816,1.159960,1
-0.185332,0.552459,1
0.201796,1.873472,1
1.592787,0.919695,1
-0.194789,1.035874,1
1.258229,0.311937,1
0.839387,1.118915,1
1.515872,2.458683,1
0.099846,0.270577,1
3.826768,0.684082,1
0.311275,-0.309800,1
-0.892874,1.604685,1
0.280225,0.654537,1
2.488154,1.596382,1
1.545202,-0.532036,1
1.234347,3.885182,1
1.107204,-0.063629,1
0.839222,0.652718,1
0.795273,0.319128,1
-1.288686,0.778896,1
-1.870433,3.210561,1
-0.587625,0.873904,1
-0.795203,1.208104,1
0.068037,1.665522,1
2.845083,0.927516,1
-0.227554,0.284116,1
-0.389815,-0.768122,1
0.216872,2.014408,1
0.868116,1.740843,1
1.226366,-0.988087,1
-0.070137,-0.538539,1
0.766069,2.303980,1
1.036030,0.569264,1
-0.584713,-0.925306,1
0.422817,0.825049,1
1.544631,-0.268015,1
0.141865,0.031739,1
1.486974,2.597373,1
0.436382,1.713015,1
0.294770,2.355612,1
1.316452,0.580787,1
2.188148,2.587165,1
1.942534,2.501848,1
0.308791,2.250675,1
0.379678,-0.015797,1
1.820166,0.010118,1
1.811239,2.001318,1
1.556377,1.306559,1
2.190747,0.636918,1
0.662884,1.847413,1
1.467866,-0.303979,1
1.121932,1.094316,1
3.017108,0.196049,1
1.083228,-0.686054,1
1.342576,1.771286,1
0.016173,1.976510,1
3.152661,2.469141,1
-0.325644,1.316171,1
1.359379,1.605054,1
2.019704,1.281740,1
-0.303497,2.430378,1
1.285131,1.310813,1
-0.087137,0.956335,1
2.526212,0.681167,1
-0.074439,1.024407,1
2.178585,0.543685,1
2.382772,1.089699,1
0.165088,0.333147,1
2.991953,1.098672,1
2.471330,1.500552,1
1.387000,1.759234,1
0.581637,0.034747,1
1.531855,2.724406,1
0.304545,1.982550,1
2.011197,1.203092,1
0.680440,1.909744,1
2.217530,2.985875,1
1.799114,-0.487894,1
2.282825,2.240356,1
0.362597,-0.272859,1
3.704536,1.263978,1
0.682205,1.391344,1
1.470434,1.070342,1
0.774775,0.048960,1
1.228404,3.339273,1
2.121445,0.941759,1
1.041202,1.183944,1
0.095063,1.042387,1
0.953312,-0.921596,1
-1.940346,3.296776,1
0.157431,2.491730,1
1.805011,0.092354,1
-0.504471,0.662476,1
1.229974,1.748444,1
0.455648,1.092593,1
-0.440575,0.796966,1
0.486158,0.693516,1
1.921491,0.080156,1
-0.208852,1.044062,1
2.380342,-0.857364,1
-1.173796,0.377116,1
0.274114,1.157230,1
1.560622,2.970972,1
0.841455,0.501029,1
2.544516,0.818970,1
0.583934,2.300699,1
1.288870,1.052161,1
-0.432460,0.607727,1
-0.467619,-0.028678,1
2.308573,1.075924,1
0.260421,-0.157623,1
1.322536,0.152283,1
3.139193,0.598338,1
1.690048,0.405264,1
1.438567,0.920553,1
1.073378,1.103052,1
0.839764,1.504101,1
1.936372,1.371410,1
1.048399,0.516077,1
1.160888,3.133989,1
0.751946,0.283191,1
1.457051,0.262936,1
0.803517,0.357542,1
-0.395418,1.817152,1
2.127759,2.352992,1
0.235446,-0.342686,1
2.068266,0.367976,1
1.511604,2.236625,1
1.990682,2.058612,1
0.816826,0.562208,1
0.467607,1.775469,1
1.225960,0.222616,1
1.935703,0.898490,1
3.029788,1.306628,1
1.126967,1.168318,1
0.430533,2.001264,1
0.199986,2.705595,1
0.806914,1.582908,1
2.437234,1.817478,1
1.627705,1.956271,1
0.268131,2.371712,1
0.894381,1.621794,1
-0.406411,0.279123,1
2.062088,-2.326097,1
2.712653,1.129458,1
0.733141,1.765140,1
-0.142711,1.837393,1
-1.062363,0.963256,1
1.746561,-0.060439,1
0.301212,0.823141,1
1.701051,1.853330,1
1.505009,1.830654,1
1.284625,-0.183400,1
1.637483,-0.014448,1
0.727847,1.346141,1
1.844894,0.768668,1
1.906577,0.829373,1
0.162309,1.169897,1
0.773669,-0.815518,1
1.776302,2.186477,1
0.435011,-0.337071,1
0.554159,2.052369,1
2.833183,0.350425,1
1.413504,1.232463,1
3.720980,0.588872,1
0.749172,0.332667,1
3.730940,-0.133630,1
1.497229,1.735309,1
0.618470,0.645113,1
0.242610,0.005015,1
1.262654,1.772942,1
0.869278,-0.055038,1
1.907897,2.713292,1
0.343890,1.723885,1
0.344878,1.518798,1
1.703034,1.314994,1
0.188981,2.050439,1
-0.236333,1.745447,1
-1.437904,-0.366368,1
2.790647,2.317839,1
1.499086,0.492304,1
1.807075,1.706639,1
2.614418,0.501257,1
2.546722,1.403319,1
0.965581,1.693513,1
-1.534690,0.861519,1
3.060208,2.909671,1
-0.730454,1.067629,1
1.234046,0.578130,1
0.824726,-1.332334,1
-0.647383,-0.069291,1
0.831745,0.901932,1
1.393466,0.974758,1
1.602495,2.053904,1
-0.155443,0.832184,1
3.439413,1.229194,1
0.781723,-0.459930,1
1.620114,0.366958,1
1.985212,1.955668,1
0.213908,0.041951,1
0.677917,1.497686,1
1.201688,1.212618,1
-0.068644,-0.482265,1
-0.246402,2.321294,1
0.714498,1.309812,1
-0.197843,1.318885,1
0.441918,1.263750,1
0.372763,-0.456881,1
-0.765805,0.454661,1
2.508469,1.263204,1
0.212957,0.230820,1
-0.395824,0.220615,1
0.948319,-1.747602,1
-0.531548,2.067402,1
1.494129,2.682698,1
0.717806,2.045009,1
0.195019,0.607672,1
1.943143,0.437532,1
-1.233787,0.389508,1
2.263788,1.087540,1
1.039130,0.412134,1
0.685070,-0.529969,1
0.774517,0.547932,1
3.141380,2.507965,1
-0.709881,1.518238,1
1.085753,-1.629703,1
2.147639,2.240262,1
-1.118279,0.914587,1
1.214019,-0.256295,1
1.121266,2.233918,1
0.169921,-0.534153,1
0.609879,2.128176,1
3.245061,1.291200,1
-0.458605,2.251509,1
2.217096,3.092280,1
2.262612,3.740899,1
-1.333834,1.511631,1
-0.127770,0.029777,1
0.694272,0.255648,1
0.086724,-0.006099,1
0.585794,1.292800,1
2.262966,3.303118,1
2.147806,-2.051005,1
1.239974,2.592840,1
2.253419,2.141543,1
1.708806,1.742960,1
2.342863,0.639328,1
0.545609,-0.800819,1
0.187492,1.430597,1
0.845299,2.820995,1
0.666509,1.432941,1
0.637966,1.863977,1
0.886151,0.381942,1
1.279488,-0.288068,1
1.168183,1.340289,1
0.661190,0.398319,1
3.244723,1.027093,1
0.341509,0.735393,1
2.533181,2.248914,1
1.118959,2.068434,1
0.001468,2.365318,1
1.598728,0.585294,1
2.118867,0.068861,1
3.041078,0.462898,1
2.015370,-0.847417,1
0.534887,-0.195740,1
2.322690,-1.608883,1
0.223622,-0.782529,1
2.049429,3.312325,1
1.045843,-0.747743,1
1.525459,-0.074153,1
0.973451,2.179488,1
1.785415,-0.780119,1
0.456726,-0.384741,1
1.408724,1.296968,1
0.863893,0.910298,1
1.272777,0.319285,1
2.052019,1.518605,1
-0.391037,2.960543,1
3.048272,0.546261,1
1.771236,2.524822,1
0.261923,1.615551,1
2.767399,2.061735,1
2.786347,0.280592,1
2.047802,2.723914,1
2.014563,1.899969,1
2.301321,1.002446,1
2.542475,-0.092641,1
1.279472,0.870166,1
0.797935,1.056657,1
0.617060,0.461190,1
-0.743950,0.420950,1
0.655650,1.103772,1
-0.370875,0.751043,1
-0.057248,-0.428772,1
1.187251,0.669553,1
1.989326,-0.084680,1
1.013476,0.400266,1
1.882524,1.793623,1
1.246600,0.024516,1
0.700562,0.316426,1
2.053822,1.184337,1
0.996991,0.647773,1
1.552976,2.412568,1
-0.119644,1.004064,1
0.754647,-0.613743,1
2.100918,-0.600502,1
-0.681829,-1.395797,1
-1.718741,1.463670,1
1.805066,0.647889,1
1.079895,1.582975,1
-0.218331,-0.376456,1
1.469415,1.588656,1
0.877627,-0.082084,1
-0.048152,-0.900300,1
1.293028,-0.752289,1
0.509445,2.047702,1
-0.118084,0.960168,1
2.044152,1.298846,1
2.183096,-0.084158,1
2.112989,0.884781,1
0.079781,-0.009459,1
0.481155,-0.385497,1
1.330461,2.553448,1
2.285717,1.242476,1
-2.091380,0.585159,1
1.463851,0.551499,1
0.285206,1.354848,1
0.187249,2.790582,1
0.466632,1.449967,1
0.833795,2.262796,1
0.795372,2.551005,1
-0.081382,-1.450282,1
1.268598,2.622854,1
-0.019134,0.951550,1
-0.862290,0.197456,1
0.221409,1.273862,1
-0.173373,1.341694,1
0.320238,0.628450,1
1.949295,1.605822,1
-2.608440,1.437091,1
1.246417,2.153604,1
-0.808168,1.759987,1
-0.646143,0.412864,1
-0.024672,0.728072,1
2.261483,0.193442,1
2.024659,0.819067,1
2.127891,1.573103,1
0.832713,0.146989,1
2.203103,0.300316,1
1.273122,3.172515,1
1.460470,1.734533,1
1.613480,2.362447,1
2.012149,0.206105,1
1.642456,-0.138360,1
1.187822,0.285505,1
0.611199,-0.062612,1
0.949345,1.428620,1
0.844529,1.348197,1
-0.069081,2.305381,1
1.135734,1.754165,1
0.516557,1.101083,1
0.024221,1.236531,1
1.424469,2.574729,1
2.216862,-0.280634,1
-0.140771,1.969423,1
1.541296,0.590809,1
1.790028,-0.138998,1
0.983918,1.577089,1
1.048255,0.148798,1
0.077753,1.470485,1
1.196699,2.615861,1
0.578265,0.792152,1
-0.487095,1.660075,1
1.196358,2.591659,1
0.278545,-1.341400,1
0.820988,0.612159,1
1.123773,1.214970,1
1.256763,0.634696,1
0.180514,2.113770,1
0.198951,0.234126,1
0.095521,0.399237,1
-0.129159,-0.066597,1
-0.027734,1.193813,1
1.997151,2.522301,1
0.756804,1.133039,1
2.252749,0.566719,1
1.225340,-0.677532,1
-0.143948,1.110798,1
0.725036,1.300325,1
1.515195,2.058495,1
1.868091,0.920934,1
-0.218864,1.320318,1
-0.441827,0.665263,1
3.078995,3.651280,1
0.028147,1.255808,1
-1.873656,-1.410069,1
0.111421,1.023853,1
1.624512,2.336845,1
0.662228,0.258722,1
3.386184,-0.204523,1
4.000517,-0.364584,1
0.788655,0.839951,1
1.517826,1.534326,1
1.865536,-0.658373,1
1.190096,2.411112,1
0.302249,1.312686,1
1.060292,1.375963,1
1.471654,0.632605,1
2.314125,0.844778,1
2.450539,2.462226,1
1.328254,0.469942,1
-0.888858,0.705803,1
-1.218965,0.816192,1
1.690961,1.383261,1
1.609331,0.593903,1
1.303141,0.334421,1
0.891972,1.310857,1
0.137702,0.007296,1
2.568288,0.883584,1
1.255671,1.064982,1
0.641209,1.359082,1
1.573321,1.768634,1
0.332118,2.764564,1
0.153158,1.449401,1
0.986827,0.835793,1
0.132948,2.519389,1
0.877962,0.878936,1
1.015567,-0.113175,1
0.756718,0.536916,1
0.428594,-0.823166,1
1.513199,-0.297175,1
2.489423,0.247453,1
-0.389696,1.458453,1
-1.129697,-0.258785,1
3.981338,1.629993,1
1.192300,2.003395,1
-0.234694,2.504389,1
0.064926,0.338693,1
0.732468,0.334373,1
2.104565,1.690082,1
0.949161,1.932120,1
3.501273,1.428978,1
0.946988,0.970173,1
-0.781597,0.196598,1
0.109591,1.324968,1
3.199516,0.936368,1
1.280198,1.708499,1
0.690882,1.588649,1
2.852508,-0.420843,1
2.201478,0.778718,1
2.229211,2.703799,1
0.376076,0.891942,1
-0.417032,1.041530,1
-0.226144,-0.321568,1
2.532140,-1.936028,1
3.943743,0.157833,1
-0.774679,1.426249,1
0.148158,1.576326,1
1.248464,1.617692,1
-0.628093,-0.520091,1
2.173018,0.147374,1
1.202513,-0.083143,1
0.096412,-0.037308,1
1.549342,-0.230509,1
-0.626479,0.964988,1
1.301455,1.307102,1
0.224014,0.124596,1
1.174073,-0.103444,1
0.141561,1.112257,1
0.855709,2.446956,1
0.533624,1.161099,1
-0.400048,0.075989,1
2.103611,0.409631,1
0.211060,2.447148,1
1.656333,0.519582,1
0.852237,2.353131,1
1.643135,0.640932,1
0.917244,1.593571,1
0.863773,-0.762265,1
1.122299,0.191078,1
1.856121,1.221946,1
-0.183598,1.889202,1
3.064576,1.155194,1
0.993518,1.806268,1
2.704650,1.056475,1
0.604189,-0.174673,1
0.823207,0.503110,1
-0.121674,1.450323,1
2.234618,0.721323,1
2.740710,0.817315,1
0.063559,-0.290356,1
0.212941,0.647947,1
-0.841231,-0.823137,1
-0.512353,2.759687,1
0.207081,1.341264,1
0.080897,0.848694,1
3.008042,0.991511,1
0.267690,0.787974,1
-1.475379,0.793242,1
2.235474,0.116376,1
1.531968,1.446118,1
1.213989,0.717394,1
-0.424456,-1.351333,1
2.347671,0.507398,1
-0.203351,-0.848962,1
1.271923,-0.641508,1
-0.817425,1.065849,1
2.985312,1.889234,1
0.760631,2.397024,1
1.549040,2.730442,1
1.073832,1.693775,1
-1.448093,-0.024009,1
0.541840,2.195777,1
1.000057,3.411437,1
2.486574,1.809431,1
3.810340,0.828658,1
3.472251,1.007498,1
2.904733,-0.759017,1
1.834160,0.918012,1
0.916628,0.542108,1
2.477611,0.596329,1
-0.368634,2.248476,1
3.184689,1.533558,1
-0.342834,0.860088,1
2.627463,1.547287,1
1.536297,0.407363,1
0.441362,2.110988,1
2.473152,0.847660,1
-1.128819,0.116333,1
0.443150,1.271136,1
0.971624,1.436917,1
0.075138,0.354500,1
1.287049,1.267645,1
-1.915847,1.235587,1
0.085696,1.056348,1
-0.442536,-0.040908,1
0.590015,1.581374,1
2.905399,-0.210961,1
3.792876,0.765747,1
1.718281,1.656739,1
0.325636,1.329892,1
1.963751,0.973471,1
0.745772,4.556930,1
2.807240,0.082355,1
1.494631,1.534033,1
0.580095,0.822070,1
1.331177,1.462670,1
0.717615,0.278599,1
0.783163,0.935752,1
2.412654,0.170766,1
0.868668,2.234638,1
0.886011,2.650179,1
0.618869,0.972879,1
2.237802,2.849933,1
0.078031,1.577874,1
1.798894,2.094738,1
3.383547,0.348016,1
2.347001,1.636901,1
2.389114,1.078754,1
1.578606,1.615648,1
-0.260746,1.836306,1
2.984959,0.136856,1
1.389846,0.097446,1
2.563156,-0.062180,1
0.419386,0.142785,1
0.802052,2.065107,1
-1.685722,0.802898,1
-1.595597,0.037379,1
2.168307,2.278653,1
2.278858,-0.243783,1
-1.637259,2.016814,1
0.110592,2.166277,1
2.248379,2.710871,1
0.410703,-0.307798,1
1.081614,0.803019,1
1.375666,2.151251,1
1.279430,1.253366,1
-0.130889,-1.013553,1
0.311598,2.098744,1
1.173236,1.764020,1
0.116944,0.656164,1
2.247796,-0.498033,1
1.576442,0.003625,1
1.195331,1.095143,1
1.365967,0.072022,1
1.332091,0.450330,1
1.200368,1.357056,1
0.425197,1.797777,1
3.046166,4.379699,1
-1.332136,1.892033,1
2.041626,1.479159,1
1.551638,2.457384,1
2.903291,2.316005,1
1.839750,1.255118,1
1.428233,1.352675,1
3.794098,-0.823912,1
0.373228,-0.249816,1
0.287958,1.088318,1
0.855702,-1.225098,1
0.832208,0.658074,1
2.078536,0.084290,1
0.710604,0.611796,1
0.304925,-1.211850,1
0.096802,1.045121,1
-0.457099,0.149552,1
2.583326,1.393790,1
0.841689,2.008775,1
3.329977,0.169375,1
-0.402372,-0.918023,1
-0.780343,0.778232,1
-0.027952,2.821641,1
2.053243,0.284539,1
-0.104221,-0.146307,1
-1.025587,-0.674844,1
1.415341,0.981908,1
0.623474,0.349057,1
1.536286,-0.561568,1
1.107997,-0.298001,1
1.626280,1.000987,1
3.670593,1.828863,1
-0.499951,0.912295,1
0.642295,0.811669,1
0.048520,-1.896570,1
-0.568282,1.266738,1
1.368060,1.639978,1
1.200906,0.244991,1
-1.452103,1.116552,1
0.313551,1.847966,1
0.108815,1.345640,1
2.466922,0.733436,1
0.728431,-0.717465,1
0.947304,-0.135162,1
1.467728,-0.055243,1
0.976271,-0.702840,1
2.490173,2.249529,1
2.211836,-0.903309,1
2.747550,0.955605,1
1.028578,0.806571,1
0.426799,-0.658852,1
-0.094852,0.252464,1
0.579883,1.831515,1
1.178500,1.076209,1
-0.497048,1.518622,1
0.883100,0.840546,1
0.815214,1.908928,1
-0.008385,3.179715,1
-0.655625,1.551022,1
0.933426,0.594881,1
2.692288,0.519988,1
-0.263436,2.527775,1
2.267443,2.238206,1
1.659134,-1.721711,1
1.740195,1.782738,1
1.706743,1.593770,1
0.751100,1.589927,1
-0.449497,0.155849,1
0.118542,1.093276,1
1.192029,-0.909873,1
0.290524,1.082536,1
0.133144,0.419532,1
1.377366,2.103545,1
0.137455,1.549372,1
1.988593,0.495416,1
0.676108,0.381784,1
0.530936,0.580326,1
3.318097,1.632920,1
1.811801,0.435166,1
0.863648,0.868261,1
1.082854,1.833417,1
-0.186575,2.092633,1
2.185932,0.875374,1
1.064363,2.418465,1
1.146465,2.310491,1
1.534521,0.456492,1
-0.196466,-0.092664,1
0.638602,0.675213,1
2.200407,-0.417297,1
0.593920,1.359394,1
0.434741,0.862767,1
-0.063682,0.190288,1
2.159663,2.758147,1
0.913753,0.811260,1
0.425367,2.233817,1
1.398739,0.967162,1
1.538404,1.947901,1
0.623607,2.134343,1
-0.134250,1.531317,1
1.268405,3.873221,1
3.195691,1.190566,1
0.378179,-0.828035,1
2.468303,1.046040,1
-0.114901,-0.821698,1
1.034406,2.224892,1
0.402043,-0.475573,1
-0.471064,1.614363,1
3.093350,-0.966069,1
0.776640,0.683485,1
-0.464183,-1.061464,1
0.057797,1.632630,1
0.055016,3.410397,1
0.025924,1.873874,1
1.808013,-0.012225,1
1.719825,0.258915,1
1.195800,0.799233,1
2.257988,2.360959,1
0.789703,0.835417,1
-0.524863,-1.221252,1
1.421578,1.887850,1
0.349857,1.008521,1
1.641468,2.285500,1
-0.373864,1.782772,1
-1.027405,0.620137,1
2.265781,1.196570,1
0.788680,-0.089200,1
-0.402242,-1.348095,1
2.995122,1.373046,1
1.217606,-0.310024,1
0.493686,-0.094173,1
1.333002,1.725035,1
1.890184,1.582034,1
2.154669,1.179936,1
0.301110,1.553231,1
1.144748,2.282920,1
1.543617,-0.316841,1
2.039927,0.049079,1
0.890619,1.496746,1
0.916792,0.884825,1
-0.350657,0.012191,1
0.582132,1.590637,1
2.337669,2.480991,1
1.147112,1.255098,1
1.926044,1.565106,1
0.239718,0.517406,1
0.467159,0.957598,1
1.227993,1.193869,1
1.161256,0.407240,1
0.681547,2.012349,1
1.701425,2.894636,1
1.082071,2.564179,1
2.023971,1.586314,1
1.954434,1.288276,1
0.111370,0.734642,1
2.307884,1.281881,1
3.004020,-0.223173,1
1.055312,2.389103,1
0.340128,2.812537,1
0.942738,-0.117187,1
0.765805,0.439791,1
-0.451716,3.054759,1
0.312059,1.355734,1
1.882700,2.968883,1
0.484132,-0.184989,1
1.286941,-0.158203,1
0.217761,0.893536,1
1.006756,0.546434,1
1.673814,1.237471,1
0.484491,2.163617,1
-1.274344,-0.074664,1
3.007869,2.156757,1
2.067607,1.076833,1
0.148769,1.578425,1
1.255747,-0.227075,1
0.535721,0.126157,1
0.939923,-0.458138,1
0.036911,1.295534,1
1.260598,0.178470,1
1.221047,0.740903,1
1.318128,0.805437,1
0.394046,-0.192131,1
-1.384896,2.182299,1
1.281863,-0.305693,1
0.733028,2.168602,1
0.302422,2.301734,1
1.032676,2.116711,1
1.443511,0.043646,1
0.732149,0.547743,1
2.778895,0.225660,1
2.965159,0.823058,1
-0.045643,0.945600,1
1.928200,1.392049,1
1.872694,2.102039,1
0.313052,2.387847,1
0.046965,2.317987,1
0.848695,0.877259,1
1.525923,-0.909434,1
-1.035851,1.455879,1
2.886978,0.190273,1
0.464737,2.003665,1
-0.381458,0.904493,1
-0.131002,2.999063,1
0.094198,2.658433,1
1.327509,0.820116,1
3.199473,0.394074,1
1.730445,0.873448,1
1.644533,-1.575006,1
1.338505,1.512877,1
0.726898,1.204329,1
-0.391061,4.766526,1
-0.194718,0.546405,1
-0.778681,0.206206,1
0.957310,0.857329,1
0.848285,0.873955,1
1.002044,0.636944,1
0.527336,0.154226,1
-0.005273,1.894327,1
1.397210,0.162865,1
1.152863,-2.092316,1
1.443799,1.621759,1
2.642129,0.027332,1
-0.148219,-0.032898,1
1.130181,0.066091,1
2.221185,0.532536,1
0.572396,0.892276,1
0.334782,1.467024,1
-0.659393,1.039826,1
0.177029,2.422489,1
2.035461,-0.135901,1
0.681135,1.125416,1
-0.825703,1.137874,1
0.184861,0.604269,1
1.215640,-0.561562,1
0.097186,-0.203871,1
0.386392,2.161848,1
0.732245,1.219802,1
2.452160,1.205421,1
0.595882,0.064281,1
1.118547,2.021960,1
1.653576,0.808557,1
-0.080852,-0.301317,1
0.996529,-0.038045,1
1.496915,2.694406,1
2.671504,-0.263374,1
2.690857,2.488846,1
2.259305,2.197293,1
-0.856646,-1.762950,1
-0.086908,1.150444,1
2.730330,2.137070,1
1.113448,1.411891,1
-0.119729,4.017234,1
2.334064,1.556545,1
1.593960,0.004901,1
3.124281,3.400386,1
1.094221,1.156812,1
2.056986,0.419091,1
1.152591,0.548237,1
-1.658328,-0.478113,1
0.374578,0.204249,1
0.806835,-0.229845,1
0.412415,1.818575,1
1.229294,1.754284,1
2.049491,2.025372,1
2.105609,0.778084,1
2.888755,1.355978,1
3.291731,0.344155,1
0.929841,3.037719,1
2.396743,-0.568391,1
0.796875,0.195330,1
2.277444,1.772055,1
1.483792,0.282025,1
0.594012,1.197070,1
0.455876,1.875733,1
2.484464,2.649884,1
2.860274,1.464088,1
1.533585,-0.233158,1
1.477143,1.728865,1
1.095790,1.298201,1
1.057582,0.588900,1
1.979708,1.172582,1
2.110325,1.700222,1
2.060013,2.223591,1
-0.240170,2.069780,1
1.134334,1.318016,1
1.535687,1.128383,1
0.546948,-0.111788,1
1.372665,-0.376208,1
1.281278,2.015995,1
0.622301,0.068033,1
0.187106,1.563258,1
0.964203,1.911751,1
1.147602,1.020235,1
1.782638,-0.079707,1
1.266242,0.233238,1
0.046516,0.843420,1
1.342416,-1.560805,1
2.977727,-0.613579,1
-1.032357,-0.663579,1
0.264587,2.161475,1
0.456282,0.650783,1
1.659040,1.874680,1
-0.089002,-0.511386,1
0.312606,-1.476845,1
0.943685,0.718637,1
0.398885,-0.449846,1
0.554118,3.234506,1
0.875884,2.731357,1
1.091840,0.305504,1
0.725931,1.283355,1
2.421341,-0.267767,1
1.623237,2.190675,1
0.965676,2.544717,1
2.319532,0.087179,1
1.127546,1.185012,1
-1.217619,0.664509,1
1.938268,0.071340,1
-2.126893,0.750300,1
0.875539,1.165000,1
1.781661,2.717291,1
1.681024,1.147076,1
2.251183,2.498272,1
0.981079,3.171291,1
0.257773,1.634056,1
3.741067,0.564781,1
0.022110,-0.247355,1
1.646676,0.058955,1
0.423093,0.867190,1
0.085640,0.172599,1
0.055150,0.687080,1
-0.048443,1.191814,1
-0.267488,-0.509619,1
1.070589,1.134458,1
0.941730,-0.156327,1
0.442075,0.512655,1
-1.356203,0.964990,1
1.944920,-1.047812,1
2.391733,0.368417,1
1.805185,2.229946,1
-1.026155,-0.393467,1
-2.518010,3.935625,1
2.636124,2.600802,1
1.651523,0.128432,1
3.375142,0.852526,1
0.205692,1.501627,1
0.985757,2.174606,1
1.607181,-0.155947,1
-0.841159,0.555632,1
0.883584,3.479522,1
0.365152,2.340022,1
0.756362,1.516218,1
0.641347,3.943197,1
0.406114,-0.704488,1
-1.058727,-0.114024,1
0.818795,0.946489,1
1.559069,-1.376610,1
1.834448,0.489913,1
0.435354,-0.282054,1
0.409056,-0.124357,1
0.241087,0.363084,1
-0.470619,1.710216,1
0.797334,-0.121531,1
-0.262150,0.954602,1
1.922662,1.998595,1
1.995796,-1.776005,1
0.817055,1.532535,1
2.521212,0.967353,1
1.083845,2.047008,1
0.424015,-0.192774,1
0.115740,2.240785,1
0.953243,-1.253324,1
1.054641,2.218431,1
1.141813,1.454581,1
1.829043,1.378934,1
-0.628378,-0.789558,1
0.521882,-0.244018,1
-0.668346,1.906404,1
-0.926016,0.000436,1
1.415579,2.266010,1
0.238981,3.095619,1
1.585274,0.870457,1
1.801184,-0.641605,1
2.277920,1.869342,1
-1.425275,-0.112594,1
1.188854,-0.439961,1
1.040946,2.032484,1
-0.690898,-0.004715,1
-0.262958,0.188400,1
-0.292976,1.526778,1
0.272891,0.774770,1
0.679256,-0.639310,1
0.239451,2.842985,1
2.925389,2.062152,1
-0.347659,0.831110,1
2.098096,2.137790,1
0.705661,1.830850,1
1.105002,1.952592,1
0.637912,1.274400,1
-0.684151,-0.147969,1
0.151494,1.437522,1
1.033541,3.183892,1
-0.800720,0.428904,1
1.064901,0.811219,1
0.912748,2.149874,1
2.092602,1.674173,1
0.182420,0.666276,1
2.071893,1.352028,1
1.305614,1.174064,1
0.715857,1.640215,1
1.201298,0.092340,1
2.458001,1.404573,1
-0.659538,-0.884041,1
0.778401,-1.597752,1
1.582519,1.628418,1
-1.029036,-1.330677,1
2.331476,0.717637,1
2.103917,2.519143,1
1.611519,1.357131,1
0.514023,0.889386,1
0.406840,0.610406,1
-2.074472,-0.444855,1
-0.435546,2.219642,1
1.433476,2.442975,1
1.401344,1.423314,1
0.817523,-0.301925,1
1.685718,1.539024,1
2.225407,-0.518227,1
0.802647,1.915887,1
0.355688,1.749247,1
0.908208,1.389956,1
-0.935978,0.820502,1
0.663101,0.284674,1
-0.636846,2.313993,1
3.201753,-0.167393,1
0.016887,-0.859145,1
0.068403,0.507224,1
-0.926496,0.047054,1
1.297598,-0.320375,1
1.145546,0.147761,1
1.475429,2.478884,1
-0.220853,-0.221129,1
1.898548,-0.045273,1
-0.459069,0.238014,1
-0.150490,1.041597,1
1.146327,1.850366,1
-0.179789,2.335296,1
1.155364,2.584962,1
1.364939,0.267854,1
2.182885,0.757668,1
0.570741,1.368820,1
1.888766,1.301805,1
-0.784976,0.991066,1
2.400565,0.547473,1
2.622365,1.892009,1
1.323162,2.638408,1
0.211712,0.617104,1
2.840344,1.542670,1
0.344778,0.446100,1
-0.193215,1.418538,1
0.788451,1.032489,1
-0.953886,-0.508714,1
1.533369,0.227268,1
0.802354,1.687168,1
1.628033,1.586637,1
0.995939,1.066111,1
0.548941,2.471599,1
-0.301000,1.021270,1
4.015701,3.047839,1
1.921359,1.994344,1
0.741626,0.412066,1
0.711967,0.981601,1
0.291979,0.442557,1
-0.327010,0.881017,1
3.089038,0.720393,1
-0.900081,2.393007,1
-0.528810,2.203537,1
1.372851,1.665713,1
-1.249757,1.396576,1
0.475013,0.511824,1
2.198687,0.198191,1
0.587139,0.215970,1
1.781388,0.911809,1
0.794302,1.513976,1
-0.139163,0.727740,1
1.623877,-0.888178,1
1.208624,-0.312183,1
0.808637,0.918857,1
1.941930,-0.059712,1
0.392525,-0.464123,1
-1.199703,1.374263,1
1.102233,1.689523,1
0.791689,1.206319,1
0.956359,0.673954,1
0.332473,1.208280,1
0.180200,2.009129,1
-0.257385,0.751523,1
-0.759166,0.368276,1
0.241551,0.948441,1
3.931775,1.525103,1
1.809468,0.900767,1
1.891979,1.496209,1
0.665128,-0.254898,1
-0.060825,0.589138,1
1.877339,-1.429278,1
0.556355,2.351508,1
0.875413,2.453147,1
0.954729,0.797841,1
0.852566,1.413103,1
2.513216,-0.617695,1
0.424160,-0.756748,1
0.791774,0.291269,1
0.301885,0.541781,1
1.346832,0.831531,1
0.823616,1.185056,1
-0.613186,-0.064951,1
3.582206,1.702336,1
0.371588,0.343917,1
-0.218481,0.253948,1
0.719737,0.542409,1
-1.341891,2.409111,1
2.155659,1.968448,1
2.379278,2.959110,1
1.076214,1.195395,1
-0.339987,1.773530,1
1.844223,2.316539,1
-0.755151,1.133025,1
-0.155762,0.656461,1
0.607337,2.869738,1
0.488468,3.095102,1
0.913200,-0.912314,1
1.160961,1.721466,1
2.337859,0.110253,1
1.058341,1.957114,1
-0.712076,-0.709142,1
0.783433,-1.070755,1
0.471430,0.424810,1
0.684965,2.527808,1
0.439335,0.409122,1
-1.197783,1.243799,1
0.192667,1.819621,1
1.689830,1.653584,1
1.348969,1.444505,1
0.278691,1.855614,1
0.320349,3.708933,1
3.585449,0.255131,1
-0.390759,0.416835,1
0.832651,1.769791,1
0.305678,0.097993,1
-0.113828,2.410802,1
1.760585,3.151481,1
0.629304,-0.497433,1
2.715226,0.968525,1
0.520659,0.450251,1
2.200073,1.861678,1
2.283489,0.936143,1
-0.071831,-0.610897,1
-0.226681,-1.486244,1
0.651865,0.819345,1
0.815718,2.193054,1
0.922636,1.981345,1
1.930868,1.044754,1
3.064612,0.493328,1
1.532181,1.961470,1
1.653283,1.428003,1
-0.348023,-0.458527,1
-0.395034,-0.687341,1
0.720001,0.689915,1
2.030372,-0.308948,1
-1.894387,1.001009,1
0.905626,1.310216,1
3.140034,1.569332,1
-2.215131,0.015887,1
3.327114,-1.278452,1
0.604980,1.505613,1
2.151598,0.551738,1
2.849655,0.346480,1
1.271496,-0.420673,1
2.128923,3.236306,1
0.888728,0.851087,1
2.702222,1.676731,1
0.826419,0.077735,1
1.784023,-0.621668,1
0.326850,1.528610,1
2.798420,1.220304,1
1.089788,-0.528071,1
1.089929,0.827354,1
1.212112,-0.951748,1
1.150730,1.413863,1
1.009624,1.381831,1
0.586740,0.250237,1
0.944911,2.116589,1
2.963243,0.433341,1
2.829404,-2.528042,1
1.050963,1.673273,1
1.206048,1.024215,1
1.447256,2.094180,1
-0.890476,1.624373,1
0.738024,-1.299287,1
1.316260,-0.002214,1
1.281270,-1.307031,1
-0.092997,3.137938,1
2.249436,0.591048,1
-0.112023,0.623672,1
-1.373932,1.614673,1
-0.026995,1.271120,1
1.520618,1.102259,1
1.180408,2.290343,1
0.534656,1.366973,1
-1.120586,1.138213,1
0.870682,1.031716,1
0.746174,0.204557,1
2.188430,0.323907,1
0.279525,1.562632,1
1.216628,0.656760,1
1.331184,0.795822,1
0.972861,0.928737,1
0.403671,1.007789,1
1.105893,1.436820,1
1.021833,1.424879,1
1.771436,0.886602,1
0.216600,1.740281,1
1.073718,1.197517,1
1.995006,1.677749,1
1.144677,2.239435,1
1.149621,0.227410,1
-0.081894,1.683348,1
-0.405789,1.851100,1
0.921479,0.510674,1
-0.817803,-0.127375,1
1.658644,0.697755,1
0.878285,-0.605011,1
1.440279,0.658929,1
0.801722,3.450395,1
0.538265,0.384159,1
3.138713,0.488700,1
1.294591,1.889110,1
-0.943652,0.229889,1
2.004410,-0.848034,1
0.777313,0.818341,1
0.849702,2.269987,1
1.322919,1.552043,1
2.195299,1.168527,1
0.149277,1.938002,1
1.526408,-0.368952,1
2.078695,1.673606,1
-0.160778,3.276516,1
0.475068,-0.838530,1
1.664075,0.946994,1
1.520187,1.361445,1
1.621824,1.660953,1
1.348538,0.500559,1
0.218886,-0.432671,1
-2.086452,1.117371,1
0.943250,3.193018,1
-1.025339,1.772983,1
2.620014,1.090653,1
1.862402,0.529497,1
-0.862498,1.427531,1
-0.344579,-0.774913,1
1.060677,0.215682,1
0.670725,2.206319,1
-0.353024,4.068970,1
0.568640,1.686984,1
1.784454,0.646356,1
0.867423,0.568557,1
2.704641,-0.010756,1
1.421773,0.285837,1
1.999858,0.694234,1
1.981274,1.399571,1
0.433315,1.360625,1
0.680841,1.718078,1
0.123130,2.508564,1
-0.280825,-0.259147,1
1.820565,1.271153,1
0.323343,0.993351,1
1.454007,0.998980,1
2.900321,1.804909,1
0.850033,-0.781986,1
0.670293,-0.301360,1
1.599764,-0.224461,1
0.504787,2.050551,1
0.528469,0.711831,1
3.597420,2.664012,1
3.512697,-0.910778,1
0.051796,1.486877,1
0.732869,0.894332,1
3.006463,1.739357,1
0.051360,0.362989,1
0.989249,1.453451,1
0.813684,0.962948,1
-0.606123,2.040949,1
1.251171,1.807336,1
1.207971,0.969436,1
0.575036,0.940827,1
1.662286,2.015828,1
0.327195,1.880953,1
0.788725,1.681266,1
2.273145,0.538574,1
2.483123,1.127499,1
2.950781,0.270496,1
0.975590,1.091461,1
-0.966389,-1.602709,1
-0.169788,3.492280,1
2.841281,1.178372,1
1.400912,0.574992,1
1.695341,1.118648,1
2.155664,2.209805,1
2.001476,1.657815,1
0.606454,1.034612,1
2.980786,1.608154,1
1.252585,-0.098293,1
2.948804,0.612999,1
1.100361,1.772453,1
1.982813,1.474354,1
1.963715,1.554390,1
2.206779,2.632397,1
0.641928,1.833655,1
1.873602,0.850239,1
0.341322,1.718467,1
0.878874,1.134355,1
-0.393674,0.432393,1
1.733089,1.016266,1
0.840703,0.368610,1
2.407417,1.583476,1
-1.108824,0.574219,1
2.102259,2.579271,1
-0.954985,1.823382,1
1.704786,1.836690,1
3.705255,1.270300,1
2.042215,2.093318,1
2.584293,2.577451,1
0.407584,-1.337260,1
-0.421659,-0.059440,1
1.735592,0.528618,1
0.264580,1.365889,1
1.022399,-0.176745,1
1.888732,1.993613,1
1.369692,1.096041,1
-2.046628,1.038101,1
2.495272,1.558796,1
1.006781,0.880746,1
1.066173,0.782298,1
0.610809,2.297486,1
0.382546,0.841804,1
2.795248,2.983877,1
0.715925,1.262413,1
0.056102,-0.336598,1
1.624500,1.205936,1
0.835607,1.044661,1
0.222456,2.248989,1
0.928380,-0.280957,1
0.051307,1.342781,1
-0.624688,1.836032,1
0.456374,0.613819,1
0.864553,1.378549,1
-0.422831,1.446475,1
0.795705,0.583899,1
1.722887,0.171497,1
0.457576,2.217165,1
0.266407,1.011652,1
-0.193513,1.351201,1
2.276791,2.224677,1
1.893468,2.675423,1
0.468845,1.290309,1
0.242276,1.260079,1
0.733588,1.424082,1
3.462401,2.973657,1
-0.389356,-0.098512,1
0.357138,1.025671,1
1.598873,1.728965,1
1.633156,1.337043,1
2.655126,1.456939,1
1.283469,-0.171307,1
-0.151314,0.007594,1
0.831746,-0.042485,1
0.151691,1.817043,1
0.892664,1.779057,1
3.458749,1.826631,1
0.730403,0.931977,1
0.232521,1.000450,1
1.031674,0.808379,1
1.413597,-0.219598,1
0.210141,1.574539,1
2.075141,-2.341374,1
1.438988,1.656476,1
1.715140,0.456773,1
0.982050,-0.863125,1
1.070469,1.823531,1
0.234199,1.166520,1
-1.100957,0.515399,1
1.740386,1.034559,1
0.608337,-1.179689,1
-0.486952,1.213938,1
1.686887,0.319384,1
1.557005,0.045125,1
0.828292,2.631642,1
1.110545,0.516476,1
0.513707,2.659974,1
0.938347,1.574512,1
2.146681,0.336448,1
4.055005,2.465071,1
1.922719,-0.145960,1
1.227162,1.724296,1
-0.125430,2.388352,1
-0.030088,2.431317,1
0.612578,0.410977,1
0.152886,1.669398,1
1.443743,-0.964436,1
0.299833,-0.608644,1
-0.806562,4.424560,1
-0.716912,3.574399,1
1.338144,-0.460272,1
1.268215,0.126580,1
1.080861,1.926667,1
1.882696,-0.177648,1
0.138534,-0.122889,1
2.904401,0.487698,1
3.751845,1.566712,1
0.632391,0.859511,1
2.810504,1.187797,1
-1.369068,0.021354,1
-1.115785,0.547455,1
1.992555,-0.044438,1
0.732099,2.003978,1
-0.505677,1.931348,1
1.408947,1.653234,1
1.767137,1.410118,1
2.422748,0.516029,1
1.520374,4.075333,1
0.120201,1.663293,1
2.955392,0.922666,1
1.195232,0.959513,1
1.925573,0.188701,1
0.035603,0.564973,1
-0.027988,0.562149,1
1.682250,-0.970261,1
0.025222,1.130513,1
0.793924,0.286276,1
1.601991,-1.003256,1
0.010528,1.829222,1
-0.425909,1.380664,1
0.660153,1.057373,1
2.031811,0.586403,1
0.323051,-0.871154,1
2.645896,-0.446634,1
3.422676,1.613956,1
3.153765,0.587711,1
1.853286,2.294088,1
1.532211,0.196725,1
-0.072368,0.764739,1
1.045577,-0.264868,1
1.519436,2.563960,1
2.125411,-0.236275,1
0.600416,1.647852,1
2.014168,1.018570,1
2.769169,1.889231,1
2.676530,1.389107,1
1.517054,-0.004399,1
0.233690,0.441178,1
0.287077,0.319458,1
2.807346,-1.648559,1
2.453661,1.392931,1
0.870620,0.680605,1
-0.666714,0.513722,1
0.239256,1.207318,1
1.507830,0.174164,1
1.617352,2.814333,1
0.635850,0.557054,1
-0.220165,2.930978,1
2.821442,0.073384,1
1.204062,1.755273,1
2.173299,2.082867,1
2.098942,2.652092,1
0.523728,1.850784,1
2.217631,0.550950,1
1.629290,2.018440,1
-0.356269,0.110806,1
1.201381,0.365861,1
2.336386,1.596100,1
0.927165,2.139659,1
1.610895,1.312726,1
1.246348,-2.103942,1
-0.521052,0.771864,1
-1.146282,1.615186,1
0.954797,1.474028,1
1.552448,1.531121,1
1.084602,1.190513,1
-0.895741,0.301768,1
1.411658,0.670302,1
-0.824321,0.818723,1
0.751801,1.925974,1
2.412387,1.096670,1
2.473727,1.939560,1
1.399784,2.446155,1
0.566756,0.791232,1
0.502211,2.707170,1
1.046605,0.311843,1
0.949030,0.843842,1
1.106327,1.728314,1
-0.690551,0.629494,1
0.947754,1.011671,1
-1.028328,1.167953,1
-0.981013,1.270543,1
1.764014,0.771443,1
1.654837,2.133523,1
-0.712902,1.852145,1
0.840982,0.796049,1
2.875084,2.518173,1
-1.109553,0.681141,1
2.595850,-0.326160,1
1.953286,1.062997,1
0.391620,2.952785,1
0.218483,0.660645,1
1.342525,3.023365,1
0.973825,1.502885,1
2.785867,1.220690,1
0.542329,1.477820,1
0.602171,0.631350,1
0.350346,-1.737905,1
2.743769,-1.375717,1
0.824369,0.499689,1
0.812500,0.794883,1
2.139202,0.206244,1
0.754508,1.744247,1
1.004517,1.162235,1
2.095999,2.105587,1
0.959032,1.701011,1
0.728685,-0.484616,1
1.337367,3.277529,1
1.533522,0.935966,1
1.211057,0.896906,1
0.741607,0.026855,1
0.931064,1.575336,1
0.963656,0.748208,1
0.208478,1.048911,1
1.384435,2.885571,1
-0.111177,1.305722,1
1.883782,-0.048710,1
0.795678,0.725355,1
1.309817,1.505105,1
2.321724,1.430170,1
1.262413,2.001554,1
0.976647,1.483791,1
2.118047,1.116498,1
1.261772,1.034797,1
1.544783,1.015594,1
-1.212803,0.086861,1
-1.255243,2.324037,1
1.215619,0.931153,1
2.737062,1.720685,1
0.116766,0.682085,1
1.143894,0.757941,1
0.381815,1.748178,1
1.375301,-0.040489,1
0.232394,0.634171,1
0.675698,-0.618733,1
1.869253,1.764254,1
0.770978,2.352728,1
-0.630274,1.083669,1
-2.629851,2.097681,1
0.253161,1.704429,1
-1.123097,0.816845,1
1.880062,3.685735,1
1.760173,0.395855,1
3.027242,1.622322,1
2.090996,-0.013061,1
2.198714,1.517663,1
0.321729,1.068690,1
-1.565847,-0.566638,0
-0.813141,-1.323992,0
-1.029389,-2.022736,0
-3.010549,-2.079808,0
-0.392560,0.878373,0
-0.160350,-1.813613,0
-1.585069,-0.428233,0
-2.120230,-0.186336,0
-2.033925,-1.850631,0
-2.645642,0.060216,0
-1.156476,0.215618,0
-2.179980,-1.440023,0
-2.213462,0.413113,0
-3.285600,-0.199123,0
1.286187,-1.660628,0
-2.839379,-0.197947,0
-2.084160,0.115528,0
-0.826813,0.544153,0
-2.368502,-0.323284,0
0.886774,-2.511559,0
-1.068323,-1.553771,0
-1.401014,-1.264040,0
-1.639150,-2.155824,0
0.401217,0.519100,0
-0.443348,-1.197692,0
-1.254065,-3.945327,0
-0.324495,-0.025700,0
-2.018407,-0.938521,0
-1.931974,-0.696116,0
-1.390941,-1.137509,0
-0.073114,-3.281868,0
-0.851564,-0.976855,0
-1.574984,-0.083097,0
-1.238421,-3.760696,0
-0.269189,-1.097274,0
-2.373395,-1.179093,0
-0.234483,-2.101159,0
-1.254270,-0.838655,0
1.363173,0.011063,0
-0.346096,-2.258859,0
-0.628625,-0.615133,0
-0.658314,-1.508521,0
-0.480148,-1.244843,0
-0.571018,-3.634438,0
-2.543237,-0.173313,0
0.846724,1.608776,0
-0.494711,0.658912,0
-0.896443,-0.981147,0
-0.017906,-0.866829,0
-0.411890,-1.776174,0
-0.050229,-0.845757,0
0.513341,-1.598751,0
-1.243485,0.179918,0
-1.694965,0.127313,0
-0.764214,0.338076,0
1.072793,-1.334052,0
-0.324085,-0.416124,0
-1.625601,-0.490720,0
0.006643,0.883140,0
-1.722273,-0.334685,0
-0.809220,-0.174894,0
-0.453987,-1.935077,0
-3.548022,0.307020,0
-0.311902,-2.644461,0
-0.744503,-2.253961,0
-0.385052,0.639129,0
1.075583,-1.417636,0
-1.347255,0.077866,0
-0.383926,-1.014652,0
-1.331168,-0.210230,0
-0.054467,-0.771672,0
-1.268964,-1.541105,0
-0.846027,-1.463674,0
-0.101924,0.131728,0
-0.524042,-2.370118,0
-2.145638,-0.257863,0
-1.587136,-3.069778,0
-0.589429,-1.435947,0
-1.793166,-1.136920,0
-2.999591,0.634571,0
-2.159671,-1.768791,0
0.189261,0.200993,0
-2.946592,0.162529,0
-0.602441,-1.032730,0
-1.064572,-0.681957,0
-1.709656,-0.318317,0
-2.062351,-0.162106,0
-1.092653,-0.033309,0
-2.096430,-0.346257,0
-1.082890,-0.802840,0
-0.475588,-2.035970,0
-1.757380,-1.651688,0
-0.712835,-1.007319,0
-0.280266,-3.199148,0
-1.517191,-2.856868,0
-2.009979,-0.823170,0
-1.158128,-0.125793,0
-1.738380,-1.539560,0
-0.216842,-1.817351,0
-0.698420,-0.368448,0
-1.608219,-2.711566,0
0.641783,-0.314410,0
-1.890737,-2.231156,0
-0.183463,-1.088604,0
-0.323567,-3.120196,0
-2.365792,-0.166718,0
-1.890606,-2.230411,0
-0.264233,-2.501967,0
-1.319793,0.464714,0
-0.881732,-1.861141,0
0.235656,-1.399386,0
-1.444527,-1.514281,0
-0.840138,0.319824,0
-1.998292,-0.150330,0
0.507930,-1.590110,0
-2.663578,-1.540682,0
-0.141559,0.669509,0
-2.217184,0.184385,0
-3.060270,-2.246136,0
-1.894370,-0.216064,0
-1.482404,-1.423502,0
0.434348,-1.864350,0
-1.482974,-0.505820,0
-3.353353,-0.511699,0
-0.909167,-1.591351,0
-1.573566,0.886506,0
-1.619137,-0.121484,0
-0.750191,-2.641536,0
1.083235,-1.242893,0
-0.970599,0.178456,0
-1.080088,-0.545580,0
-1.514097,-1.959839,0
-2.250230,-0.304338,0
-2.775831,-3.647080,0
-2.594894,-0.195139,0
-1.042808,-0.707297,0
-0.740952,-0.347157,0
-0.664788,-1.114655,0
-1.949127,-0.521735,0
0.023021,-2.160745,0
0.487251,-3.092348,0
0.401153,-2.139433,0
0.014082,-2.611675,0
-2.753264,-0.682162,0
-0.359944,0.033703,0
-1.450919,-1.003448,0
-1.804551,-1.427116,0
-3.121349,0.398315,0
-2.696164,-0.955870,0
-3.201305,-0.987823,0
-1.444250,1.250945,0
-1.737170,-0.617049,0
0.082090,-1.343163,0
0.395574,-0.724376,0
-0.908405,0.501577,0
-1.866269,-1.962723,0
-0.978848,-1.184546,0
-2.071896,-0.959183,0
0.778443,-1.693385,0
-1.218525,-1.565860,0
-1.290476,-1.837840,0
-1.816962,-2.107234,0
-0.353332,-1.050712,0
-1.627608,-1.530999,0
0.003146,0.396968,0
-3.274804,-2.085966,0
-1.231460,-3.092542,0
-1.499740,-0.255758,0
-1.075023,-0.379184,0
-2.439415,-0.595353,0
-0.072052,-2.064565,0
-1.190300,-0.919090,0
-0.648665,0.700916,0
-0.543546,-2.976452,0
-1.044141,-1.761069,0
-2.132456,-0.569659,0
0.285494,-1.904354,0
-0.415262,-2.180035,0
-1.425525,-1.849428,0
-0.309132,-0.346416,0
-4.275853,-0.386501,0
-2.417378,-0.746852,0
-0.622711,-0.255922,0
-1.477564,-0.952736,0
-1.617135,0.115982,0
-0.008794,-0.211401,0
-0.660226,-0.970228,0
0.597285,-0.009443,0
-1.794928,-1.015994,0
-0.548577,-1.650272,0
-1.456215,-0.709555,0
-2.551099,-1.629422,0
-1.425701,-2.146766,0
-0.717715,-1.663549,0
-2.042965,-3.525732,0
-0.826856,-1.305504,0
-0.602049,1.214227,0
-2.638700,-2.006743,0
-2.684910,-3.728286,0
-0.273745,-0.559427,0
-0.760545,-2.862540,0
-0.610686,-3.242648,0
-2.718903,-1.658180,0
-1.984904,-0.735046,0
-1.171025,-3.647608,0
-0.664870,-1.334456,0
-1.250451,-1.646544,0
-1.110245,-0.791064,0
-0.906517,-0.711494,0
-1.041043,-0.216330,0
0.094328,-1.549602,0
-1.157787,0.608638,0
-0.974065,-0.691336,0
-1.524990,-0.929614,0
1.320966,-1.199617,0
-1.367781,0.596757,0
-3.164269,-2.573773,0
-0.339992,-1.667760,0
-0.710486,-2.733567,0
-1.661831,0.020962,0
-0.046793,-1.975195,0
-2.881311,-0.475028,0
0.682179,-1.932019,0
-2.339546,-1.500801,0
-1.320138,-0.055555,0
-2.309559,-1.955551,0
-1.871603,-0.541246,0
0.115848,-0.751542,0
-1.652359,0.310236,0
-2.386846,-2.120941,0
0.508614,-0.556814,0
-2.991089,-0.770780,0
-1.420446,-0.689541,0
-1.928524,0.343277,0
-0.628388,-0.430920,0
0.202624,-1.626982,0
-1.754288,-0.506987,0
-1.216297,1.597851,0
-0.310195,-0.906336,0
-2.006179,0.307369,0
1.246138,-1.308766,0
1.595195,-0.114865,0
-1.786455,-0.958640,0
-1.419430,-1.377016,0
-1.654275,-2.683786,0
-0.810909,-1.369671,0
0.804428,-0.961950,0
-2.562184,-0.396166,0
-0.647425,-2.147118,0
1.876851,-0.702961,0
0.248459,0.423763,0
0.718506,-1.582450,0
-0.666368,-1.512284,0
-0.037287,-2.147886,0
-2.005617,-1.169816,0
-1.427958,-2.433346,0
0.130605,-0.789823,0
-2.898531,-0.044122,0
-1.962115,0.099271,0
-2.712191,-0.812932,0
-1.983821,-0.872347,0
-1.061322,-1.836217,0
-2.610397,0.147811,0
-1.460050,-0.359770,0
-0.991147,0.253292,0
0.530068,-2.019278,0
-2.648910,-0.315787,0
-1.857162,0.029113,0
-0.660659,-0.523246,0
0.044870,0.715721,0
-3.360129,-0.789238,0
-0.889973,-0.861630,0
-0.272905,0.730104,0
-1.844143,-1.726376,0
-0.844760,-0.840084,0
-1.497058,-0.714156,0
-1.528330,0.268032,0
-1.241173,-0.380383,0
-1.605506,-0.737230,0
-1.026016,-2.737837,0
-2.700754,-1.494443,0
-0.253147,-1.213882,0
0.091846,-3.042600,0
-1.415316,-1.566701,0
-0.868819,-2.190662,0
-1.119501,-1.682663,0
0.732232,-1.006039,0
-1.379472,-2.247698,0
-1.828803,0.185399,0
-1.681520,-2.048150,0
-1.189593,-2.316802,0
-3.342523,-0.585188,0
-0.772278,-1.100021,0
-1.338583,-2.098148,0
-1.710498,-0.966449,0
-2.360193,-1.205562,0
-0.981031,-2.296093,0
-0.182201,0.564266,0
-2.564865,-2.668867,0
-0.896158,-0.201889,0
-2.967248,-0.137469,0
-0.369502,-0.442591,0
-1.546517,-0.361943,0
-1.195944,-1.987697,0
-2.612848,1.942215,0
-2.199387,-1.841242,0
-0.710550,-1.490728,0
0.820656,-1.350813,0
-1.028654,-0.904069,0
1.751694,-1.445845,0
-1.214652,-3.291894,0
-0.526431,-1.568254,0
-1.041724,-0.223048,0
-0.333767,-1.049652,0
-0.346993,-2.589889,0
-2.267652,-1.395824,0
-0.740972,-2.277075,0
-1.192141,2.854861,0
-1.007220,-1.611540,0
-1.880367,-0.895478,0
-1.562871,-0.604339,0
-0.652915,-1.537532,0
-0.253529,0.695483,0
-1.923965,-1.132780,0
-0.549072,0.366812,0
2.018471,1.942165,0
-0.226583,1.038603,0
-1.761393,-2.796955,0
-0.013847,-0.802779,0
-1.493758,-0.916765,0
-1.008977,0.744249,0
0.217024,-1.458766,0
-1.344026,-1.211189,0
-2.272664,-1.784387,0
-1.917019,-0.676936,0
-2.425305,0.448315,0
0.097309,1.012200,0
0.785436,-0.328106,0
-0.941924,-1.004759,0
-0.680517,-0.625074,0
0.010785,-0.786812,0
-1.609971,-0.440073,0
-0.462624,-0.940683,0
-0.723299,-1.091942,0
-2.948895,-1.912718,0
-0.264012,-1.422570,0
-0.491509,1.140005,0
-1.409556,0.307798,0
-0.308868,1.822078,0
-2.347225,-0.625608,0
-0.228990,-2.781845,0
-0.448986,-1.429627,0
-1.810395,-0.732566,0
-0.160178,-0.926590,0
-1.232161,-0.955710,0
-1.371837,-0.923012,0
0.686407,-1.237998,0
0.116670,-1.310902,0
-1.129062,-1.324674,0
-1.261864,-1.382862,0
-2.636161,-1.517071,0
-1.277849,-1.636788,0
0.343699,0.313373,0
-2.426288,-2.406543,0
0.236004,-2.053769,0
-2.109044,-0.406632,0
0.289643,-2.052245,0
0.132406,-1.979100,0
0.225676,0.555523,0
-1.026372,-0.735417,0
0.228765,0.211008,0
-0.470565,-1.407776,0
0.111955,1.470411,0
-2.069665,-2.224213,0
-0.488268,-0.598583,0
-1.643886,-0.829164,0
-0.646270,0.083881,0
-0.950351,-1.170172,0
-0.097790,0.800531,0
-2.054651,-1.591281,0
-1.186831,-2.073390,0
-1.412218,-1.861905,0
-2.747850,-0.659415,0
-0.769668,-1.902346,0
-0.130342,-1.090629,0
-0.633900,-1.995587,0
0.540771,-2.748773,0
-1.197205,-1.277346,0
0.058988,-1.439179,0
-0.761055,1.899973,0
-2.507137,-2.291804,0
-0.527509,-2.231691,0
-2.242583,-1.055810,0
0.332913,0.710618,0
-1.770495,-1.162107,0
-1.665235,-1.571648,0
-0.985067,-0.456937,0
-0.092432,0.790331,0
-1.409279,-2.286125,0
-0.310017,-3.716201,0
-1.456612,0.212220,0
-1.801898,-1.878579,0
1.356500,0.341045,0
-1.229884,-2.610086,0
-0.687458,-1.993142,0
-0.095733,0.828000,0
-0.349303,-1.859131,0
-2.370952,-1.393619,0
-1.211538,-1.585856,0
-1.553668,0.946903,0
-0.823347,0.158230,0
1.607382,-0.771783,0
0.452531,0.027822,0
0.321124,-0.659504,0
-2.553797,-2.551417,0
0.308612,0.121411,0
-1.362212,-0.817150,0
-1.988611,-0.618788,0
-0.399340,-1.831192,0
-0.615628,-1.510004,0
1.568635,-4.263409,0
-1.085763,-1.520338,0
-1.168669,1.679408,0
-1.620220,-0.387289,0
-0.119611,-2.229409,0
0.455966,-0.843281,0
-2.660122,-1.349582,0
1.835197,-1.631479,0
-2.946637,-1.658535,0
0.913195,-2.475574,0
-0.873187,0.107777,0
-0.564845,-0.292010,0
-0.817948,-1.781531,0
-1.499805,0.015897,0
-3.045145,-1.765081,0
-2.444711,0.686595,0
-0.942113,0.081825,0
-0.177878,1.907228,0
-1.078626,-2.339748,0
-0.698568,0.156338,0
-0.957702,-0.643432,0
-0.453555,-1.045005,0
0.255694,0.991860,0
-1.168333,0.193141,0
-0.550010,-3.463550,0
1.293968,0.947236,0
-0.871620,-2.797234,0
-2.098983,-0.843425,0
-1.102617,-0.048263,0
-0.421761,-1.488417,0
0.103706,-3.487614,0
-0.967883,-0.095084,0
-1.562521,-1.639084,0
1.227606,-2.382794,0
-3.012709,-1.055610,0
-0.331538,-1.222419,0
-0.804842,-2.699108,0
-2.480874,-0.401913,0
-1.587818,-2.538219,0
-0.501335,-0.603615,0
-1.916131,-1.355100,0
-1.351045,-1.446820,0
-1.707105,-1.206681,0
-1.600796,-1.086623,0
-0.922802,-1.954346,0
-1.419400,-0.444786,0
0.591051,-0.829708,0
0.308646,-1.287265,0
-1.610258,-2.813667,0
-0.316100,1.411784,0
-1.903139,-2.406752,0
0.721450,-1.747358,0
-1.053465,0.862566,0
0.160165,0.778902,0
1.332443,-1.694693,0
-2.501461,0.745179,0
-0.928722,-1.487112,0
-2.640173,-1.199946,0
-2.176579,-1.567473,0
-1.782781,-1.324665,0
0.465944,-0.596541,0
-0.784209,-2.354601,0
-1.875454,-1.291403,0
-3.595798,-2.558525,0
-1.965924,-0.769836,0
-2.142253,-0.408212,0
-0.397452,0.018620,0
-3.164934,-2.282362,0
0.831248,-2.927505,0
-2.388817,-1.482567,0
-0.975873,-2.266004,0
0.046986,-2.017801,0
-3.659286,-1.723631,0
-0.376626,-1.161210,0
-1.754959,1.000782,0
-1.826230,-2.374833,0
-0.874389,-0.625168,0
-1.380077,-1.653610,0
1.174033,-0.442751,0
0.960536,-1.765083,0
0.241198,-1.322791,0
-2.230727,-0.863859,0
-1.208601,-1.435560,0
-0.376399,-1.986136,0
-2.701472,-1.526913,0
-2.306665,-0.152911,0
-2.094802,-1.835319,0
-2.685470,-1.310296,0
0.107569,-2.310020,0
-0.129850,-0.890934,0
-1.593749,-0.801673,0
0.295753,2.093220,0
-0.333726,0.763722,0
-1.522985,-1.671054,0
0.623354,-0.050475,0
-2.574462,-3.205780,0
-0.490867,0.215613,0
0.562064,-1.105566,0
-2.249524,-1.465425,0
-1.070041,-1.725566,0
-0.731721,-1.068450,0
0.660007,-1.892754,0
-0.177621,-1.754780,0
-1.609173,0.515368,0
-0.908032,-1.270855,0
-2.647330,-0.944782,0
-2.087589,-1.084189,0
-0.859283,-0.150694,0
-0.005431,0.025016,0
-1.631977,-0.485322,0
0.420932,-0.539962,0
0.602762,0.145343,0
0.757671,-1.524786,0
-0.809350,-1.566823,0
-0.076280,-2.011330,0
-0.718070,-2.549979,0
-1.813316,-1.231935,0
-1.137327,-0.723205,0
-0.948675,-0.738017,0
-0.026324,0.882245,0
0.867449,-2.733576,0
-2.479837,0.267466,0
-0.571853,-2.684781,0
-0.105024,-0.060008,0
-1.091290,-2.063394,0
-2.096381,-0.833019,0
-2.242375,-0.321568,0
-0.362196,-0.775216,0
-1.532710,-3.090138,0
-1.942429,-0.450585,0
-1.147052,-1.220733,0
0.287361,-0.684687,0
-1.141415,-2.233972,0
0.876746,0.389300,0
1.257740,-1.822595,0
-1.133000,-1.017984,0
-0.594460,-1.788358,0
-1.237499,-1.332080,0
-0.482646,-1.616394,0
-0.231211,-1.667432,0
-0.701959,-2.872389,0
-1.438128,-0.481142,0
-0.035241,0.036902,0
-2.283492,-0.748875,0
-0.722983,-3.386052,0
1.043940,-1.270069,0
-0.903976,-0.069941,0
-1.744207,-1.028144,0
-2.808142,-3.070386,0
0.471319,-0.681370,0
-0.701445,1.263699,0
-2.623280,-0.870973,0
-1.619183,-0.264277,0
-1.394160,-0.147613,0
-2.126115,-2.795814,0
-0.433221,-0.265284,0
2.358478,-0.232881,0
0.004987,-1.608309,0
-0.205974,0.152429,0
-0.854543,-0.957276,0
0.714633,-1.516642,0
-0.958291,-1.561057,0
1.405379,-0.998300,0
2.608671,-0.650398,0
-1.083613,-0.952554,0
-1.480183,-0.817151,0
-0.121227,-1.631387,0
-1.611265,-2.307868,0
-0.838204,-0.665434,0
-2.436709,-3.095165,0
0.837223,-0.885365,0
-0.997091,0.113077,0
-0.225026,-0.325576,0
1.937433,-2.295580,0
-3.338325,-0.510742,0
-1.196454,-1.356389,0
-1.364916,0.187627,0
-0.166935,-1.067170,0
-0.907549,-0.139048,0
-2.353465,0.744859,0
-2.362436,-1.430964,0
-1.073316,-1.363085,0
-0.230568,-2.181989,0
-1.125885,-3.843614,0
-2.847737,-2.265932,0
-1.778868,-1.665174,0
0.832981,-1.247032,0
-2.433899,-1.743667,0
-1.233851,-2.278297,0
-1.585482,0.055797,0
-0.032370,-1.868478,0
0.643884,-0.138979,0
-1.498538,1.046565,0
-1.942507,-1.479207,0
-0.603800,-0.704577,0
-1.314307,-1.968287,0
-0.540672,0.561344,0
-1.642921,0.476272,0
-0.132182,-0.050118,0
0.370001,-1.052527,0
-0.997707,0.251526,0
-2.286588,-1.842544,0
-0.568784,0.254956,0
0.753304,-0.804877,0
-1.419318,-1.555204,0
-1.670541,-0.693748,0
-1.861215,0.110767,0
-1.364642,-4.258307,0
-1.378980,-1.548105,0
0.203707,-1.248647,0
-3.523553,-0.837674,0
-0.206471,0.944989,0
0.759569,-1.933869,0
2.218681,-2.064111,0
-2.207351,-1.375021,0
0.842523,0.601405,0
1.503392,0.314762,0
0.776356,-1.649963,0
0.337515,-1.376121,0
-2.266626,-1.969803,0
-1.289572,-2.733229,0
-0.477477,0.775927,0
-0.589598,-2.197095,0
-0.179122,-0.354351,0
-0.315165,-2.189151,0
-1.606856,-1.851974,0
-1.969275,0.267520,0
-2.074717,-2.551945,0
0.606077,-1.702579,0
-0.710333,-0.978574,0
-2.281513,-1.468191,0
-0.528737,-2.480571,0
-1.534299,-2.204046,0
0.674055,-2.193854,0
-1.778394,-0.439861,0
0.228812,-1.795888,0
-1.955305,-1.783100,0
-0.286209,-1.539667,0
-1.654816,0.953805,0
-0.367119,-0.143319,0
-0.358130,-1.344096,0
-0.186348,-0.925027,0
-1.475803,-0.578773,0
-2.415208,0.469420,0
-1.018197,-0.069327,0
-0.196566,-1.383604,0
-0.125404,-1.485664,0
-2.636886,0.119218,0
-0.917006,-0.284513,0
-0.170587,0.187835,0
-1.945629,0.454434,0
-1.625234,-1.356131,0
-1.479757,-2.798588,0
-1.007285,-1.228564,0
-0.037738,-0.480085,0
-4.134513,-0.741145,0
1.038712,-0.727699,0
-2.926980,-0.535625,0
-0.374603,-2.333657,0
1.078632,0.362994,0
-2.350382,-0.623275,0
-0.197214,-0.325989,0
-2.130363,-1.326514,0
-0.237061,-1.299959,0
-1.028684,-0.575550,0
-1.113138,-2.689416,0
-1.959931,-0.954464,0
-0.974386,0.395441,0
-0.680681,-2.062863,0
0.250856,-1.866785,0
-3.984055,-0.955514,0
-2.877596,-0.291701,0
-2.139120,-2.059377,0
-0.825733,-1.225816,0
-2.193416,-0.004506,0
-2.309680,-3.542669,0
-2.628007,-0.934695,0
-3.334928,-0.861474,0
-1.463105,-2.588429,0
-3.460380,-0.121699,0
-1.770362,-2.047564,0
-1.044290,1.554313,0
-1.172848,-1.713406,0
0.251893,-0.327677,0
-0.103646,0.032668,0
-2.402774,-0.824434,0
0.251734,-2.623017,0
-0.197511,-1.614371,0
0.372476,-1.093857,0
0.203741,1.086209,0
-1.957335,-1.708410,0
0.487366,-0.776810,0
0.514272,-0.504472,0
-0.652582,-0.752784,0
-1.959813,-0.750119,0
-0.128652,-0.069072,0
0.922570,-1.486985,0
-1.168000,-0.946281,0
-1.346314,-1.013453,0
0.173219,-0.150402,0
0.150219,-0.680224,0
-0.109575,-2.965872,0
-0.522310,-0.198788,0
-0.825390,-1.453049,0
-0.804469,-1.739244,0
-2.838273,0.808419,0
-1.010113,0.374876,0
-1.425640,-0.610341,0
-0.643448,1.158022,0
-2.164423,-1.038435,0
-0.240276,-1.914162,0
-0.896662,-2.355338,0
-2.497283,-1.709215,0
-2.001782,-1.552094,0
-2.542561,-1.190410,0
-1.193601,-1.151561,0
-0.476284,-1.898010,0
-0.495731,1.469158,0
0.809537,-1.064650,0
0.418028,-1.109554,0
-0.578397,-0.754711,0
-0.465859,-0.799215,0
-0.516096,-1.261551,0
-2.335856,-1.088071,0
-3.343860,-1.636799,0
-1.190859,-0.700502,0
-1.210173,0.133775,0
-0.492600,-0.925613,0
-0.537756,-0.302683,0
-1.728834,0.878830,0
-1.320783,-0.500528,0
-0.005188,-1.064372,0
-1.174213,-2.074080,0
-3.076195,-0.079937,0
0.845087,-2.117045,0
-0.031994,-1.679860,0
0.025153,1.835794,0
-2.312746,-1.976573,0
-2.573442,-2.067629,0
-2.092541,0.155529,0
0.563947,-1.075550,0
-2.683101,-3.008170,0
0.370656,-2.932113,0
-0.820401,-0.195092,0
0.656087,1.111965,0
1.383876,-1.395816,0
-2.211454,-0.878144,0
0.506063,-2.097156,0
-1.654165,-2.538596,0
-1.731691,-0.717453,0
-0.672981,-1.302801,0
-2.298889,0.176666,0
-1.348803,-1.675887,0
-0.399045,0.034874,0
-2.364482,-0.308367,0
-0.178938,-0.615601,0
-1.590506,-0.863360,0
-0.228657,-1.901224,0
-1.975820,-2.410913,0
1.098673,-0.048246,0
-0.664118,-1.541758,0
-0.420510,-3.865095,0
-2.145933,-2.091708,0
-0.608024,-1.667317,0
-0.198472,-0.448198,0
1.297507,-2.999300,0
-2.658003,1.771367,0
-2.637220,-0.497954,0
-1.337713,-2.645589,0
-1.782499,-1.398723,0
-0.526953,-0.710751,0
-0.667886,-1.963644,0
-0.856310,-2.637686,0
-0.813536,-2.231591,0
-0.878329,-0.526998,0
-1.247288,-1.297951,0
-0.908962,-0.880713,0
-0.900527,-0.344030,0
-0.139193,-0.962182,0
-0.451888,-1.088209,0
-0.922248,-2.436178,0
-2.145668,-0.540551,0
-3.188317,-1.025216,0
-1.902931,0.265697,0
-0.923272,-1.302974,0
-1.748241,-1.819290,0
-2.627324,-0.181291,0
-1.588466,-0.879745,0
-1.947749,0.585904,0
-2.428767,-1.916859,0
-1.541707,-2.073894,0
-0.281586,-0.517591,0
0.437504,-0.837672,0
-2.045047,-1.153384,0
-0.950515,-1.775140,0
1.132408,-1.171240,0
1.342567,-0.369378,0
-2.820533,-1.988787,0
-0.498003,0.540343,0
-0.907301,-0.675609,0
-1.732110,-2.335891,0
-0.858022,-0.165375,0
-1.263794,-1.299725,0
-2.173348,-0.416279,0
-2.696334,0.305807,0
-0.450677,-1.632926,0
0.274970,0.940488,0
-1.094773,0.180567,0
0.620467,1.069142,0
-1.385671,-0.637250,0
-0.467481,0.028242,0
0.199560,-1.970367,0
0.331197,-0.733792,0
0.261831,-1.760291,0
-2.420758,-0.654745,0
-2.597005,-0.286983,0
-1.397496,-1.198832,0
-2.421646,2.440975,0
-2.181912,-1.093501,0
-1.861697,-1.357784,0
-0.483538,-1.962477,0
-2.318606,-0.451409,0
1.057973,-2.086182,0
-0.791241,-3.131663,0
-1.056299,0.172713,0
-1.756249,-1.228420,0
-1.266938,-0.175812,0
0.029777,-0.221263,0
-0.374820,-0.429552,0
-0.994978,-2.163895,0
0.746317,-1.925728,0
-1.670722,-2.085661,0
-1.984270,1.494733,0
0.192693,0.064619,0
-0.542034,-1.001852,0
-1.167456,-0.533421,0
-1.926025,0.908530,0
-1.469280,0.438505,0
-1.450767,-0.339932,0
-3.305958,-0.534214,0
0.830869,0.048142,0
-1.997796,0.208535,0
-0.522811,1.268785,0
1.209899,-2.078732,0
-0.374650,-1.412136,0
-0.092751,-1.446107,0
-0.271807,0.624378,0
0.473658,0.221526,0
-0.367652,-1.965492,0
0.153740,-1.706419,0
-2.355839,-1.571979,0
-1.027401,-1.330439,0
-0.446056,-1.731367,0
-2.315898,-1.124059,0
-0.482910,-1.235938,0
-2.563301,0.625033,0
-1.016316,0.304148,0
-0.707041,-0.289647,0
1.078714,-0.755494,0
1.554256,0.818066,0
-0.686209,-1.719375,0
-0.181181,-1.046182,0
-0.509506,-1.728037,0
0.174148,0.003369,0
-0.124841,1.479091,0
-1.713187,0.397920,0
-0.337678,-1.241056,0
0.175418,0.129382,0
0.405366,-2.203260,0
0.377696,-1.147688,0
0.349352,-0.458004,0
-1.205349,-1.632748,0
-1.101960,-1.829770,0
-0.880051,-2.260141,0
-1.566026,-0.380952,0
-0.679760,-1.125866,0
-0.858097,-4.550658,0
-0.519875,-1.782732,0
-1.440191,-0.614805,0
-0.822508,-0.432104,0
-0.644867,-2.126367,0
0.566149,-1.238187,0
-0.530338,-1.271004,0
-0.733945,-1.455273,0
-0.789741,1.924673,0
-0.806363,-1.351243,0
-0.910243,0.012641,0
-0.432847,-0.540372,0
-0.309096,-0.991167,0
0.400182,-2.151024,0
-1.285245,-0.660250,0
-2.662519,-1.012868,0
2.013256,0.363405,0
-1.134024,-0.467883,0
-0.754006,-2.356037,0
-1.170955,-1.340577,0
0.131329,-0.843162,0
-0.658424,-0.406004,0
-1.470622,-0.162576,0
-1.003279,-2.193296,0
0.174104,-1.346563,0
-0.392127,-1.588182,0
-0.027141,-0.634971,0
-2.646104,0.031605,0
-1.570428,1.148922,0
0.922968,-0.565787,0
-0.377469,-2.321687,0
-1.464984,0.747093,0
-1.551589,-1.144853,0
-0.985249,-1.829255,0
-0.755037,-2.273036,0
-1.299946,-1.753558,0
-3.101805,-1.705746,0
-0.164854,-3.017781,0
-1.618005,-1.478544,0
-0.779290,-0.374464,0
-0.071421,-1.857850,0
-1.334779,-2.588106,0
-0.732072,0.334837,0
-2.185059,-1.596164,0
-0.244217,0.164097,0
0.678632,0.529887,0
-0.927882,-1.513016,0
-0.948861,1.359299,0
-1.653348,-1.608919,0
-1.653116,-1.900202,0
0.001065,-0.501400,0
-1.602762,-0.802170,0
-0.516212,0.960095,0
-1.400380,-1.785922,0
-1.560098,-0.856212,0
-1.292443,-1.883024,0
-0.800223,-0.001807,0
-0.019300,-2.483205,0
-2.890548,-1.567582,0
-1.391724,-1.806465,0
-2.826432,-0.771357,0
-1.563281,-2.168473,0
-3.580058,-0.404278,0
0.087579,-0.394978,0
-0.341341,-2.114992,0
-1.635457,-0.456380,0
-0.328177,-3.818786,0
-0.274100,-2.408089,0
0.289091,-2.430843,0
-2.727956,-2.760316,0
-0.738413,-1.716527,0
0.995536,-1.760522,0
-0.502042,1.687080,0
-3.003678,0.992365,0
-0.256968,-1.213797,0
-0.546119,-2.291334,0
-1.393558,0.008716,0
-1.030545,-1.169472,0
-2.418995,-1.455830,0
-0.099602,-2.178847,0
-1.733350,-1.024940,0
-1.290758,0.681968,0
1.487444,0.289065,0
-0.651069,0.453024,0
-2.744410,-0.773242,0
-0.788932,-1.348404,0
-0.691246,-3.245400,0
-1.273839,-0.700124,0
-0.379650,-1.339104,0
-3.067183,-0.103762,0
-1.135098,-2.439949,0
-1.964814,-1.107975,0
0.516385,-1.449044,0
-1.948084,-0.930065,0
-1.987768,-1.990634,0
0.455695,-0.258594,0
0.915159,0.048361,0
-2.101388,-3.115914,0
0.229705,-3.350849,0
-1.533066,-0.996090,0
1.732090,-0.396346,0
-2.261024,-1.641564,0
-0.215417,-1.504022,0
-0.657823,-1.141632,0
-0.883342,-1.863357,0
-0.713594,-1.194478,0
1.457060,-0.188913,0
-0.681888,-1.293608,0
-0.685522,-1.509696,0
-1.566950,-2.228600,0
-3.274363,-0.051474,0
-0.718997,-1.079889,0
-1.209779,-0.443360,0
-1.769937,-1.263140,0
-1.015780,-1.545919,0
-2.433327,-3.343463,0
-1.891468,-2.654446,0
-0.263769,-0.832514,0
-2.209605,-0.514817,0
-1.316326,-1.500456,0
-1.086640,-2.791465,0
-0.762177,-1.213840,0
-2.446692,-1.906831,0
0.237100,-2.118170,0
-0.033038,-1.672527,0
-0.203556,-0.452632,0
-0.438849,-0.333603,0
-0.368716,-0.137499,0
-0.080107,-2.018598,0
-2.542065,-0.427778,0
-0.679609,-3.264480,0
-2.866482,-0.126308,0
-0.586690,-0.047633,0
-0.264118,-0.322810,0
-1.954528,-1.314260,0
-0.369618,-3.340926,0
-1.156596,-3.395259,0
0.553764,-0.734138,0
-2.139053,-2.204778,0
-0.462087,-1.345355,0
0.482996,-1.751784,0
-1.381309,-2.215111,0
-0.969108,-1.017254,0
-0.017573,0.169680,0
-1.243075,-2.842775,0
-2.340215,-2.208661,0
-0.207916,-0.877936,0
-2.803371,0.093129,0
1.083899,-1.799868,0
-2.435394,-0.262251,0
-0.876257,-0.567161,0
-1.877083,-2.097966,0
-1.066301,0.027363,0
-1.002345,1.384356,0
1.101772,-0.919010,0
-1.887764,-0.961956,0
-0.435697,-1.549931,0
-0.012536,-1.299587,0
-0.590179,-0.088577,0
-1.628136,-0.943097,0
-2.025319,-1.019414,0
0.754784,-1.098199,0
-2.000544,-1.159025,0
-0.953417,-1.762711,0
-0.987195,-0.686787,0
1.034338,0.694456,0
-3.022235,-2.430751,0
-1.785454,-2.097341,0
-1.957737,-1.738053,0
-2.125382,-2.096972,0
-0.199143,0.113392,0
-2.136458,-0.704956,0
-0.792717,-3.292226,0
-1.407822,-1.697887,0
-2.505471,1.531902,0
-2.468969,-0.811058,0
-2.200524,-1.309713,0
-2.721763,-1.937345,0
-0.978639,-1.526270,0
-2.486550,-0.191060,0
-1.221999,-0.337297,0
-1.521415,-0.663225,0
-1.725189,-0.619493,0
0.165669,0.389434,0
2.932417,-2.320658,0
-1.091078,-1.385465,0
-2.192079,-1.960387,0
-0.923964,-0.046866,0
-0.467573,-2.549506,0
-0.423380,-1.353345,0
-0.060215,-0.332016,0
-0.677732,-0.531763,0
-2.814751,-0.649982,0
-1.348364,-1.240366,0
-0.948385,0.128422,0
-2.053727,-0.782187,0
-1.575591,-0.260121,0
-0.474054,-0.624300,0
-2.119748,-0.846970,0
-0.811078,-1.632905,0
0.835874,-1.297759,0
-0.585342,-0.437880,0
-1.353892,-1.163071,0
-2.530099,-0.661808,0
-4.314450,-1.362458,0
-2.079260,-0.630527,0
-1.567942,-2.795539,0
-0.317729,-3.371842,0
-1.439290,-0.494712,0
-2.128227,-1.595290,0
0.112099,0.366103,0
-1.895115,-1.354713,0
-0.475977,-0.512868,0
-2.116141,0.591796,0
-2.245178,-0.153760,0
-2.503926,-0.632473,0
1.491315,-1.524891,0
-2.569564,0.220245,0
-0.634919,-2.855721,0
-1.298878,-1.355530,0
1.235023,-0.843153,0
-2.778991,-1.963486,0
-0.232494,-0.787074,0
-3.214329,-0.432916,0
-3.837656,-0.490249,0
-0.947514,-0.292775,0
-0.839240,-1.087809,0
0.570278,-4.035424,0
-1.158420,-1.009181,0
-1.785128,-0.974278,0
-2.359508,-1.122855,0
-0.091455,-1.328870,0
0.183348,-2.017142,0
-1.296640,-1.529456,0
-0.979243,-1.428084,0
-1.136840,-1.295873,0
-0.576963,-0.722955,0
-1.376727,-2.286636,0
-2.285936,-1.083528,0
-3.348698,-1.702071,0
-2.812374,-0.766066,0
-2.065668,-0.894199,0
-2.894076,-0.941929,0
-0.213005,-1.632412,0
-1.035199,-1.333376,0
1.489480,-0.363610,0
0.250060,-2.519456,0
-1.314702,-2.737963,0
0.525266,1.760485,0
1.204877,-1.884139,0
-0.257893,-0.727996,0
-0.251347,-0.635136,0
-0.820916,-1.838284,0
-3.358322,-0.976403,0
-0.506670,1.535062,0
-0.400185,-2.207143,0
-0.993941,-1.286368,0
0.822960,0.563046,0
-0.826434,-2.727072,0
-1.524776,-0.558520,0
-1.726946,-1.238154,0
-1.642785,1.229262,0
-2.115851,-0.727691,0
-1.070145,-0.527914,0
-0.892041,-0.988151,0
-0.300574,-1.176513,0
-1.607790,-1.326654,0
-0.043019,-1.966975,0
-0.640954,-1.485937,0
-0.853991,-1.417290,0
-2.563510,-2.060737,0
-1.340542,-2.006222,0
-1.819287,-2.467165,0
-0.519835,0.078836,0
-0.582993,-0.782422,0
-0.785885,-1.889183,0
0.725258,-0.944453,0
-0.071766,0.531733,0
0.369663,-0.248571,0
-2.367413,0.111887,0
-1.936035,0.108777,0
-0.418778,0.363558,0
-0.384079,-2.078448,0
0.242064,0.844225,0
-0.473847,-2.268532,0
-2.170410,-0.698680,0
0.389295,-0.148529,0
-0.477720,-0.929673,0
-0.088246,0.692413,0
0.400017,-2.550223,0
-0.580766,-4.017269,0
-2.029425,0.282254,0
-1.729605,0.467457,0
0.722247,-1.743060,0
-1.351833,0.609120,0
-4.519369,-1.122735,0
-1.251877,-0.694584,0
-1.271415,-0.367123,0
-0.826345,0.319035,0
-0.771144,-1.289727,0
-1.090551,-1.486617,0
-2.172638,-2.220672,0
-1.499066,-1.236919,0
-2.820751,-1.424100,0
1.263464,-2.325732,0
0.296951,1.454409,0
-0.437933,-0.806526,0
-2.827597,-2.622235,0
-3.211452,-1.971376,0
-1.477470,-0.764202,0
-0.525414,-1.888944,0
1.451318,-1.785046,0
-0.092855,-1.575378,0
-1.302290,-2.289907,0
-0.888074,-1.176452,0
-1.113867,-2.183025,0
-1.423584,-1.213684,0
-0.138866,-1.780305,0
-1.225642,-0.865490,0
-1.745190,-0.107512,0
-0.840621,-0.760185,0
0.896251,-1.094123,0
1.046643,0.385333,0
-3.991903,-1.361443,0
-0.244973,0.230278,0
0.070448,-1.456070,0
-0.416305,-2.148243,0
0.678204,-0.108373,0
-1.495419,-1.873038,0
-1.236240,2.133442,0
-3.720164,-2.722431,0
-2.024955,1.128322,0
-1.546582,-0.761982,0
-3.386256,-2.267363,0
-0.383358,-2.498818,0
-1.300143,-0.224635,0
0.822419,-1.865593,0
0.021996,0.274196,0
0.648923,-0.528848,0
-0.555963,-1.431940,0
-1.408983,-1.678398,0
-0.221155,-1.234947,0
-2.290393,-0.723811,0
0.056433,-0.663917,0
-0.668570,-2.764145,0
-0.853066,-1.634426,0
-0.523077,-0.452652,0
-2.096312,0.157955,0
0.254278,-1.005386,0
-1.444207,-2.039807,0
0.792114,-1.061372,0
-1.764769,-2.194591,0
-0.296803,-1.692130,0
-2.814730,0.423398,0
-1.889536,-0.369152,0
0.230023,-1.558638,0
-0.438907,-1.433437,0
-0.710466,0.963010,0
-2.607467,-2.373328,0
-2.031515,-1.239619,0
-0.174172,0.351399,0
-1.039560,-0.175356,0
-1.774730,-1.776249,0
-0.118794,0.576892,0
-0.007187,-0.041523,0
0.765339,-1.220509,0
-2.077417,-2.320122,0
1.798668,-0.252404,0
-1.804832,-2.289466,0
-0.744344,-0.897664,0
-2.197463,0.268600,0
-0.639114,0.665428,0
-2.220363,-1.485649,0
-0.241210,-0.342546,0
-0.920734,-1.818742,0
-0.551021,-0.601248,0
-2.261348,-1.085386,0
0.418860,1.212288,0
-0.025863,-1.411359,0
-0.994805,-0.586735,0
-0.078497,-0.752344,0
-0.718559,0.931988,0
-3.703079,-1.345610,0
1.740841,-1.348824,0
-2.312262,-1.957182,0
-0.161827,0.330215,0
-2.117992,-3.476915,0
-1.824431,-2.248734,0
-2.235062,1.800322,0
1.584081,-2.229735,0
-2.001348,-2.390331,0
0.583775,-0.598682,0
-2.066240,-0.753829,0
-1.676796,-1.570561,0
-1.052697,-2.049839,0
0.507419,-1.010276,0
-1.813505,-1.193518,0
-0.705480,-1.422026,0
-1.547776,-0.029172,0
-0.300047,0.397047,0
0.013685,-1.484727,0
-1.190002,-1.800297,0
-0.827281,-1.511798,0
-2.404476,-1.705832,0
0.213430,-1.213642,0
-1.279447,-0.455218,0
-1.730447,-1.706849,0
0.418083,-1.599511,0
-1.306433,-1.346502,0
-1.686344,-1.108592,0
-0.547375,-0.993882,0
-1.701535,-0.924562,0
-3.036377,-0.553663,0
1.504134,0.259819,0
-1.572924,-2.400921,0
-0.814058,-0.480877,0
0.600703,-1.452725,0
-1.771251,-1.896494,0
-0.917869,-1.183846,0
-0.480384,-1.117939,0
-2.164817,-1.610023,0
-1.098972,0.531925,0
0.284895,-1.324327,0
-0.448302,-0.262713,0
-1.573338,-0.907722,0
-2.591377,0.479104,0
-0.521962,-1.194513,0
-1.747541,-0.867630,0
-0.519600,-2.466725,0
0.523138,-1.947417,0
0.080144,-1.371472,0
-2.022429,0.835754,0
-1.144746,-0.418815,0
-0.214946,-0.789134,0
0.207392,-1.750159,0
-1.926523,0.520916,0
0.386150,-0.866252,0
-1.745449,-1.537525,0
-2.428569,-0.541193,0
-1.404469,-2.196976,0
-0.705384,-1.838764,0
-0.577031,-0.641171,0
0.978206,-2.905736,0
-0.732634,-0.342279,0
-1.219504,-1.890953,0
-0.609535,-0.050774,0
-0.379059,-1.479340,0
-2.619665,-0.729948,0
-0.172828,-0.342547,0
-0.973483,-1.024565,0
0.423185,-2.116969,0
-2.457851,-0.444723,0
-0.848068,-0.901489,0
0.837125,0.161659,0
0.182101,-0.650294,0
-0.450780,-1.069799,0
-0.418819,-1.168761,0
-0.514198,0.605418,0
-0.202085,-0.343490,0
-1.917798,-1.053999,0
-1.576248,0.120411,0
-0.038929,0.048996,0
-0.706169,-1.252368,0
-1.854875,-1.353081,0
1.145225,-1.465242,0
-1.080920,0.689169,0
-1.406372,-1.176721,0
1.152826,-0.894258,0
-2.817367,0.883232,0
-0.958665,-2.370896,0
-0.777675,-0.679260,0
-1.144106,-0.978340,0
0.196133,-0.857775,0
-1.744401,-2.954537,0
-0.355293,-2.789521,0
-0.995941,0.106461,0
0.553357,1.321015,0
-0.779085,1.176216,0
-0.682403,1.468187,0
-3.201585,-0.959369,0
-2.443551,-0.611033,0
-0.275922,-1.247952,0
-1.420095,-0.005975,0
-0.942488,-0.385890,0
-0.398650,-2.155143,0
-2.201680,-0.696976,0
0.365396,-1.818618,0
-0.773003,-1.720256,0
-1.067701,-0.444510,0
-0.789965,-0.229714,0
-0.425363,0.190038,0
0.364378,-0.679931,0
-1.491781,0.364073,0
-1.786946,0.202229,0
-1.234622,-2.106948,0
-2.229726,-0.340045,0
-0.498469,-0.321258,0
-3.110817,-2.091574,0
0.594026,0.506126,0
-0.924713,0.199560,0
-0.245974,-0.033564,0
-3.342869,0.453390,0
-1.448898,-0.526993,0
-2.474815,0.619315,0
-2.630434,-0.618822,0
-2.069812,-1.192995,0
-1.185286,0.603036,0
-1.101858,-1.544146,0
-2.423078,-1.241102,0
-2.184935,-0.159029,0
-0.092191,-0.606261,0
-1.001559,-2.060498,0
0.517611,1.187545,0
-1.953169,-1.746180,0
-0.808048,-1.090162,0
-1.694875,-1.781574,0
-0.766879,-2.433850,0
-1.510744,-3.526243,0
0.801247,-2.045551,0
-1.110983,-2.658629,0
-3.288430,-2.152154,0
-0.064068,-1.228849,0
-0.164508,-2.441044,0
-2.467141,-0.545526,0
0.044748,-1.959003,0
-2.218613,-1.893247,0
-3.012678,-0.427245,0
-0.324328,-2.654230,0
0.062862,1.024502,0
-1.669337,-1.684490,0
-2.352068,0.893001,0
0.115046,0.059255,0
-0.599311,-3.179033,0
-0.489363,0.346889,0
-1.993481,-0.954835,0
-1.537763,-3.003682,0
-1.116448,-2.294182,0
-1.752847,-2.015671,0
-1.705442,-0.824804,0
1.134795,-3.402292,0
-1.408134,-0.625191,0
-1.618290,1.110054,0
-1.228216,-0.264643,0
0.445143,-1.578731,0
-1.070547,-0.897242,0
-2.501208,0.242639,0
-1.516638,-2.829642,0
-2.553974,-3.268855,0
-0.311730,-2.087154,0
-0.353659,-2.545270,0
-1.211325,0.476663,0
0.714811,-3.331904,0
-1.196244,-1.949269,0
-0.617089,-1.541748,0
-1.583451,-0.581507,0
-0.153866,-0.761409,0
-0.328481,-0.597645,0
0.077216,-1.952824,0
-1.017729,-2.243625,0
1.386999,2.041616,0
-0.713784,-1.406201,0
0.038250,-1.714683,0
-1.527304,-0.903763,0
-1.919910,-1.755693,0
-2.312163,-5.102089,0
-2.321119,0.357864,0
-2.037687,-0.673701,0
-2.189336,-0.512590,0
-1.218090,-1.130735,0
-0.003059,-2.570823,0
0.871801,-0.818579,0
-2.626842,-2.352751,0
-0.790966,-0.339569,0
0.050515,0.946291,0
-1.294575,-0.827756,0
-2.476091,-0.183687,0
-1.660503,-0.259291,0
-1.520022,-2.602260,0
-3.139269,-0.222016,0
1.184275,0.614746,0
-2.418420,-2.175772,0
-2.228741,-2.124660,0
0.321307,-1.553753,0
-2.160371,-2.089108,0
-0.544155,-1.212882,0
1.373161,0.349674,0
-1.398206,-0.316821,0
-0.099200,0.258520,0
-1.513086,0.282692,0
-0.168913,1.277800,0
-0.580122,-0.959728,0
-0.632125,-3.192871,0
-2.383901,0.097388,0
0.299850,-0.484684,0
-2.291615,-0.112637,0
-1.347978,-2.031613,0
0.009961,-3.124766,0
-2.422702,-1.138591,0
-2.876685,-1.375398,0
-2.198236,-1.340445,0
0.357110,1.211998,0
-0.508596,-2.941000,0
0.566047,0.117245,0
-1.072988,-0.562238,0
-1.525725,-3.358149,0
-0.253169,-1.404940,0
-0.549734,-0.226982,0
-1.827469,-0.580380,0
0.949432,-1.586991,0
-1.706211,-2.372536,0
-3.614087,-2.887811,0
-0.917211,2.781913,0
-0.996885,-0.499965,0
-2.733120,-3.000639,0
-1.755809,-0.345431,0
-1.273236,0.389587,0
-0.360342,0.416369,0
-0.890361,-1.365461,0
0.431248,-1.310671,0
-1.762604,-0.099140,0
0.424943,-1.612557,0
-2.019236,0.120844,0
-0.850474,-0.648788,0
-2.261310,-0.031334,0
-0.939039,-2.345819,0
-0.921347,-1.534607,0
-0.558905,-0.751191,0
-0.056051,-3.234180,0
1.429575,0.487234,0
-1.774989,-2.206067,0
-0.550581,-0.554306,0
-1.429524,-2.780711,0
0.801131,-1.104685,0
-1.818070,-1.872370,0
0.848030,-1.300981,0
0.050849,-1.418806,0
-1.893129,-0.455184,0
1.031866,-0.090680,0
-0.780485,-0.792142,0
-0.752242,-1.779191,0
-0.845484,-0.322650,0
-1.760882,0.897517,0
0.249143,-3.038600,0
-2.136744,-3.030398,0
0.015990,0.068670,0
-0.387121,-0.405395,0
-1.690861,-1.631740,0
-2.565598,0.269556,0
-3.205663,1.566292,0
-2.225408,-1.887618,0
-1.829335,-0.633454,0
-1.470777,-3.907196,0
-1.619710,-3.782141,0
-0.350261,-2.275900,0
0.298772,-1.051365,0
-1.976212,-0.569205,0
-1.559960,-0.638453,0
-0.380663,-1.247223,0
-0.215431,-0.302792,0
-1.251297,-0.338541,0
-2.456237,-2.280845,0
-0.520289,0.655270,0
-3.821574,-0.611321,0
-0.858070,-1.085609,0
-1.641600,0.419151,0
-2.464994,-2.399959,0
-2.967754,-1.600458,0
0.735478,0.876876,0
-0.820705,0.202687,0
-0.084601,-1.825740,0
-1.903415,-1.117985,0
0.351315,-1.499670,0
-2.708262,-1.039843,0
-1.996725,-2.305109,0
-0.398112,-2.160203,0
-1.261069,-1.159285,0
2.356201,-0.682110,0
-2.977604,0.719131,0
-1.436022,-0.181513,0
-2.280128,-1.014009,0
-1.681534,-0.600245,0
-4.971940,-2.269425,0
-1.803413,-3.327353,0
-0.746528,-1.318132,0
-2.776308,-0.755216,0
0.004710,-1.401512,0
-0.920156,-0.730805,0
0.341118,-1.911030,0
-2.834961,0.251075,0
-1.135181,-0.461455,0
-1.244358,-1.729272,0
-2.030006,-1.617343,0
0.054699,-1.115781,0
-2.030302,-2.567126,0
1.657292,-0.447188,0
-0.738870,-2.049488,0
-2.571047,-2.705932,0
-0.654260,-3.151288,0
-0.059469,-0.829473,0
-1.585382,-1.172815,0
-3.991857,-1.500572,0
-1.320410,-0.465410,0
0.527356,-0.986611,0
0.189520,-0.679218,0
-2.646814,0.316389,0
0.129700,-0.290483,0
-0.468943,-0.278037,0
-1.385015,-0.584899,0
-2.412628,-3.519995,0
-1.479477,-1.757209,0
-0.381668,0.107000,0
-1.332747,-1.462001,0
-1.307042,0.101027,0
-2.649789,-2.136991,0
0.402297,-1.458865,0
-2.032523,0.840522,0
0.265984,-0.680985,0
-0.375737,-0.568185,0
-2.211461,-1.244222,0
-0.272407,-1.011281,0
-1.939679,0.340506,0
-0.549534,-0.981217,0
-2.668274,-1.509455,0
-0.775379,-0.423021,0
0.669033,-0.648561,0
-0.779797,0.115465,0
-3.826900,-0.871957,0
-0.597447,-1.384194,0
0.037430,-0.740176,0
1.088605,-0.005087,0
-2.707135,-1.351683,0
-2.807353,-1.342763,0
-0.792198,-2.068365,0
-1.104824,-3.234401,0
-1.297094,-1.839226,0
-2.494553,0.067876,0
-0.543667,-2.661789,0
-1.428980,1.162936,0
-0.848350,-1.053819,0
-0.602504,-0.809858,0
-2.115912,-1.717590,0
0.305761,-3.874640,0
-2.412428,-1.235385,0
-1.638170,0.521248,0
-0.680114,-1.441244,0
0.403589,-0.677890,0
-1.635442,-0.989382,0
-0.587521,-1.603618,0
-1.982387,0.140982,0
1.041452,0.233447,0
-0.530241,-1.198882,0
1.138949,-2.301439,0
0.036384,0.778149,0
-1.597660,-0.853382,0
-1.553701,-1.946440,0
-1.560361,-1.062256,0
-1.752123,-1.661228,0
-1.389179,-1.364936,0
-0.755868,-3.387621,0
-1.384550,-0.391689,0
-1.082196,-0.089793,0
-1.391260,-0.634643,0
-1.615385,-1.666969,0
-1.708716,-0.979794,0
0.024435,-2.564611,0
-2.413337,-1.390458,0
0.087760,-0.471906,0
0.287707,0.139985,0
-1.732302,-2.094966,0
-2.236612,-2.288522,0
-3.043647,0.268776,0
-2.154832,-1.900433,0
-0.917720,0.094192,0
-0.399455,0.268611,0
-1.223708,-0.159116,0
-0.299123,-3.532341,0
-1.869496,-0.584159,0
-1.152019,-1.245540,0
-0.511837,-0.030702,0
-0.101013,-1.119905,0
-1.776359,0.158947,0
0.205983,0.239267,0
0.195924,-2.237940,0
-1.174045,0.029594,0
-1.609715,0.111492,0
-0.420742,-1.017429,0
-0.686860,-2.817435,0
0.201916,-0.542446,0
-0.331144,-1.033092,0
-1.556091,-2.255990,0
-0.866711,-0.042693,0
-0.992849,-0.824967,0
-2.204471,-0.573712,0
-4.466359,-0.255252,0
-2.135651,-2.854964,0
-0.846451,0.713013,0
-0.920219,-0.286743,0
-1.431596,-0.444560,0
-0.622422,-1.442019,0
-0.071556,-2.236979,0
0.048024,0.875861,0
-1.105098,-0.226721,0
-2.912563,0.467404,0
0.314964,0.330211,0
-0.957182,0.062449,0
-2.435063,0.655097,0
-0.498583,-0.119792,0
-1.103938,-1.254596,0
-2.947715,0.091649,0
-2.351574,-1.475474,0
-1.079276,-1.102150,0
-1.913438,-1.223418,0
-1.450342,0.079468,0
-0.649641,-1.795186,0
-1.029726,-1.873496,0
-1.548001,0.353527,0
-1.834506,-0.624946,0
-2.122430,-2.681978,0
-0.660197,-2.357928,0
0.038188,0.062319,0
-2.070249,-1.850641,0
-0.708867,-0.773010,0
0.692021,-2.358922,0
-0.776319,-0.492129,0
-1.209112,-1.987721,0
1.018626,-0.584530,0
-0.438538,-1.461280,0
-0.011013,-0.825263,0
-0.843608,-1.072060,0
-1.895979,-1.619573,0
-0.411747,-2.179920,0
-1.599302,-0.093822,0
-2.029294,-1.103527,0
-1.573463,-1.383454,0
0.665413,0.446730,0
-0.841420,-1.212565,0
-1.049512,-2.213952,0
0.845825,-1.862289,0
-1.993638,-0.015689,0
-1.282186,-1.278983,0
-1.485355,-2.284958,0
-3.760537,-1.984754,0
-0.553719,-1.095030,0
-1.024410,-0.761406,0
0.459195,0.167731,0
0.058521,0.323315,0
-0.838982,-0.238335,0
-0.392754,-1.950980,0
-2.005904,-0.251627,0
-0.624751,0.088680,0
-1.287984,-1.022431,0
-1.680803,-1.679685,0
0.351015,-2.820447,0
-3.187033,0.021275,0
-0.359642,-0.694298,0
-2.920877,-2.994766,0
-1.317963,-1.994221,0
-1.947012,-2.117824,0
-1.790587,-1.022765,0
-2.022798,-1.251521,0
0.206348,-0.520962,0
2.019185,-1.678653,0
-0.365650,-1.331854,0
-0.926264,-1.367298,0
-2.013663,-2.055216,0
1.001405,1.509393,0
-1.549126,-1.637134,0
0.363222,-2.947696,0
-0.491902,-2.272006,0
-0.076631,-0.109876,0
-2.049539,-2.162682,0
-2.627167,-3.826068,0
-1.337252,-0.787515,0
-1.816247,-3.948701,0
-1.635706,0.225234,0
-1.415753,-1.957782,0
-1.639029,-2.157637,0
-0.192708,0.029535,0
-2.940987,-0.365386,0
-1.389844,-2.708248,0
-0.883344,-0.731573,0
-1.628574,0.190963,0
-0.797891,-0.565366,0
-3.022315,-2.352313,0
-1.349350,-2.015870,0
-1.302285,-1.809888,0
-1.268005,-0.440120,0
-1.750626,-2.424864,0
-0.855463,-1.542287,0
-0.262165,-1.420378,0
-0.732534,-0.659327,0
-1.802824,-3.167494,0
-0.506583,-0.449599,0
-2.405651,-1.098877,0
-1.551407,-0.604917,0
-0.918413,-0.695651,0
-0.156323,0.418575,0
-1.227275,-0.367195,0
-2.943019,-1.789593,0
-1.317643,-3.530198,0
-1.074281,-1.566219,0
-0.898712,-0.700314,0
0.045534,-1.754718,0
-2.451991,-0.475697,0
0.324787,1.127923,0
-2.259359,-0.843005,0
-1.829052,-0.950970,0
-0.947803,0.136307,0
-1.084088,-2.633022,0
-0.354125,-2.222030,0
0.503873,-0.676690,0
-1.074785,-0.129305,0
-3.383403,-0.483931,0
1.059686,-1.709990,0
-1.867493,-0.654583,0
-0.137611,-2.326924,0
0.163882,0.065808,0
-0.160588,-0.529632,0
-0.627837,-0.404785,0
-0.070584,-0.928465,0
-1.872678,-2.589306,0
-0.164570,-0.390621,0
-0.411734,-0.987198,0
1.404437,-0.538408,0
0.458943,-2.759763,0
-2.105869,-2.299164,0
-1.475543,-1.826988,0
-1.560927,-1.642566,0
0.558194,-2.255090,0
0.313484,-1.137204,0
-0.772175,0.328684,0
-2.092914,0.281408,0
-1.567479,-1.628125,0
-0.051595,0.298167,0
-0.812833,-2.059860,0
-1.042379,-3.968152,0
-0.115515,-0.296200,0
-0.744157,-1.234752,0
-2.638908,0.046212,0
-0.147135,-1.482467,0
-1.144241,-2.417404,0
-1.159867,0.143310,0
-0.246809,-3.214417,0
-1.617019,-1.046748,0
-1.821149,-0.381772,0
-1.100042,-3.091235,0
-1.839792,-1.460143,0
-0.016214,-1.133183,0
-0.839546,-1.159372,0
-2.429153,-0.245011,0
-2.355011,0.063206,0
-0.831088,-0.529608,0
1.450481,-0.036432,0
-2.444075,-0.977497,0
-1.397409,-0.769428,0
-1.390588,-1.472608,0
-0.932924,-0.317054,0
-2.375234,-1.334602,0
-2.154149,0.618373,0
-2.689739,-0.356330,0
-3.175783,-0.754106,0
-0.566250,0.154987,0
-1.040420,-2.284853,0
-1.793533,-1.391452,0
-1.246209,0.098211,0
-1.810888,-0.067302,0
-0.214020,-1.142371,0
-1.723447,-1.388222,0
1.229599,-3.191097,0
-1.577767,-0.309582,0
-1.795662,0.889963,0
0.051275,-1.953886,0
-0.913462,-0.734358,0
-1.180372,-2.105919,0
-2.172297,-0.187908,0
-0.087350,-1.542358,0
0.182533,0.516421,0
1.096205,0.083093,0
0.246583,2.246867,0
0.304687,-2.375135,0
0.166840,-0.213980,0
-0.122728,-0.711629,0
-2.477159,-0.204298,0
-0.164787,-2.064405,0
-0.354474,-2.060316,0
-0.451570,1.396519,0
-1.521035,-1.819496,0
-3.382986,-1.644896,0
-0.603050,-1.157928,0
-0.923688,-1.447478,0
0.323770,-2.459713,0
-1.975487,-0.749223,0
-1.655337,-1.466574,0
-2.221415,-1.520910,0
-0.165787,-1.182137,0
0.380959,-0.392824,0
-1.706184,-1.685060,0
-1.365054,-1.121460,0
-1.241234,-0.717672,0
-0.118858,-0.270794,0
-0.830923,-0.402479,0
0.376726,0.931615,0
-0.800931,0.717327,0
-1.108407,-1.787940,0
-0.430949,-0.159565,0
-1.395585,-1.079463,0
-0.074855,0.489304,0
-1.425483,-0.265228,0
-0.735933,-0.222142,0
0.123142,-0.040720,0
-1.612103,-0.058708,0
-1.748407,-2.492402,0
-0.853744,-0.318177,0
-0.944416,-0.035101,0
-1.742937,1.127301,0
-2.126005,2.388899,0
-0.451166,-1.300685,0
-1.545247,1.138192,0
-1.821558,1.774666,0
-3.259580,-0.267959,0
1.092947,-3.861009,0
-2.268006,-0.712485,0
-0.137453,-1.382082,0
-2.211429,-1.416533,0
-0.342377,-1.800706,0
-0.928445,1.356458,0
-1.599618,-0.785320,0
-3.911912,-0.394455,0
0.091987,0.506557,0
-2.752563,-0.747505,0
-1.888032,0.447050,0
-1.938142,-1.929081,0
-3.827465,-0.917089,0
-0.444864,-2.247713,0
-1.439803,-2.734894,0
0.799899,-2.457445,0
0.074788,-1.054963,0
-0.053865,-2.150825,0
-1.003982,-2.452621,0
-0.714083,-2.690321,0
-0.868313,0.289448,0
-2.869857,-1.849167,0
-2.834273,-1.206549,0
-2.062028,-0.219381,0
0.259178,-1.185976,0
-0.662382,-2.131879,0
-1.280344,-0.410588,0
-1.996575,-0.157274,0
-1.913988,-0.794631,0
-0.767112,-2.682318,0
-1.657692,-0.859878,0
-1.487328,-1.079691,0
-3.477717,-0.694870,0
0.631086,-2.832819,0
0.136127,-2.711489,0
-1.963643,-1.063381,0
1.036900,0.693698,0
-0.423630,-1.941473,0
-0.053197,-1.246159,0
-1.470106,-0.814585,0
-1.897349,-0.571063,0
-0.744907,-1.281132,0
-2.923933,-0.771956,0
-0.218122,-0.698290,0
-0.516332,-1.344867,0
-1.569771,-0.891030,0
-1.481136,-1.031968,0
0.631119,-1.734499,0
-1.986624,-1.395479,0
-0.343557,-0.760082,0
0.294966,-3.279845,0
-1.684856,-0.448646,0
0.169861,0.499175,0
-0.898927,-2.201218,0
-3.363616,-1.657090,0
-1.119348,-1.399414,0
0.185537,-1.811385,0
-2.634462,-1.558145,0
-0.980907,-2.060080,0
-1.282794,-2.175944,0
-1.226495,-2.753145,0
0.494251,-1.987175,0
-1.439594,-0.945709,0
-0.207373,-1.317242,0
-2.465854,-2.003031,0
-1.766239,-1.904301,0
-2.068286,-0.536063,0
0.151073,-1.989045,0
-1.345777,-1.404162,0
-0.440553,-1.618679,0
1.786826,-0.975487,0
-1.613411,-2.756173,0
1.755150,-0.742052,0
-0.389350,-1.250333,0
-0.702760,-1.062485,0
0.009759,-0.882945,0
-1.622245,-3.337591,0
-1.835959,-1.388906,0
-1.199281,-0.732636,0
-1.322667,-1.847928,0
0.346709,0.791344,0
0.116957,1.361959,0
-2.193576,-2.160835,0
-1.637570,-0.412151,0
