2.737377,0.766537,1
0.722250,1.832319,1
-1.101855,1.189013,1
2.144994,1.928527,1
2.659547,0.025095,1
1.800164,2.357080,1
2.020115,2.187731,1
1.214627,2.750032,1
1.473248,1.328812,1
3.724925,0.841114,1
1.401268,-0.432291,1
0.946411,1.489125,1
1.126061,0.912224,1
1.314132,1.188773,1
1.048219,-0.221179,1
0.354239,1.014543,1
-0.107047,1.243787,1
0.419386,0.387668,1
-0.632934,2.178151,1
1.834765,1.615107,1
0.649700,-2.065535,1
2.618211,2.328559,1
2.317468,1.019880,1
1.597861,-0.214208,1
1.125928,0.042413,1
0.100160,1.523976,1
-0.170926,1.227330,1
-0.178563,1.629911,1
0.440254,1.032287,1
2.024114,1.587186,1
2.300332,1.946865,1
1.475669,2.147215,1
0.511862,0.313830,1
1.678641,0.383823,1
2.506473,1.592498,1
1.018556,1.324823,1
2.034126,-0.177501,1
-1.406634,1.939469,1
1.559159,0.980635,1
3.310607,3.202373,1
-0.837684,0.953202,1
-0.945123,1.013263,1
1.289447,1.144202,1
2.194637,0.496697,1
0.529317,1.242920,1
-0.086033,2.639500,1
1.340348,-0.128432,1
0.169035,0.444080,1
-0.742681,0.503048,1
1.731881,1.036810,1
1.195595,1.004386,1
2.799819,0.900285,1
0.987854,0.344196,1
0.608911,0.058701,1
2.021017,1.323694,1
1.403396,1.057145,1
1.158531,-2.099604,1
0.958165,1.535948,1
1.164014,1.154393,1
-0.615954,1.684773,1
1.422382,1.715863,1
-0.501579,1.685223,1
-1.109780,0.439672,1
-0.336974,-1.022212,1
2.074281,-0.556687,1
1.952609,0.708136,1
0.665601,2.803248,1
2.218153,2.196466,1
0.050259,0.453762,1
2.798065,1.110131,1
0.821887,2.270926,1
1.357218,0.905973,1
-0.098418,1.965170,1
1.991888,1.368540,1
3.092549,-1.414922,1
0.155329,0.055640,1
1.233572,-0.291480,1
0.770513,0.951537,1
0.656246,2.471560,1
3.666573,0.768224,1
1.676743,2.598175,1
0.035442,1.398454,1
-1.025841,1.234758,1
0.174052,-0.226820,1
-1.696779,2.024125,1
1.720901,-1.553828,1
1.744128,-1.049930,1
1.527111,0.464794,1
1.657212,1.130052,1
0.402548,1.818374,1
1.086113,3.887150,1
3.020076,1.761187,1
0.075635,2.226624,1
1.372235,1.275062,1
1.353028,1.733740,1
0.232345,1.978609,1
1.960966,-1.857406,1
0.849677,1.354480,1
0.849565,1.602644,1
1.246378,0.932930,1
-0.255115,1.418638,1
1.783809,2.053518,1
1.081710,0.932364,1
1.411863,2.123168,1
2.801980,1.251291,1
2.753399,2.726059,1
2.035366,-0.416414,1
0.235743,1.889696,1
2.042256,2.131468,1
3.246097,1.408728,1
1.286780,0.950750,1
-0.286155,1.710078,1
1.334821,2.942370,1
1.624183,1.604348,1
1.448731,1.578093,1
-0.579736,0.823720,1
1.959483,-0.681846,1
2.385459,1.476981,1
1.987486,1.040469,1
0.494303,0.262862,1
-0.219804,0.575794,1
2.545029,1.721602,1
1.735084,-0.025605,1
0.682567,0.933936,1
0.041749,0.271274,1
-0.309402,1.626104,1
2.569164,0.155619,1
0.589734,1.427898,1
3.269071,0.082674,1
2.038657,0.417863,1
0.896054,3.495836,1
1.448212,0.825877,1
1.670954,1.384871,1
0.115641,0.146283,1
-0.369971,1.530046,1
-0.228875,1.483961,1
2.648698,0.474408,1
0.711663,3.254513,1
1.144773,-0.724660,1
-0.114224,2.165802,1
1.626354,-1.502617,1
0.550188,0.710787,1
-0.409093,-0.527527,1
0.508692,-0.656757,1
1.734953,1.434613,1
1.811529,3.172478,1
1.462922,2.497668,1
-0.450162,-0.063125,1
1.803774,0.416633,1
-1.706748,0.359036,1
2.599351,0.818692,1
2.898330,-0.462044,1
-0.057565,1.288765,1
2.837557,2.299640,1
1.177927,0.169142,1
1.781206,1.030122,1
0.375770,-0.335153,1
1.173099,0.130891,1
0.948169,1.799676,1
0.032931,-0.281984,1
0.359816,0.622507,1
0.227220,0.258573,1
2.242747,2.580483,1
1.379824,0.963432,1
2.790631,0.137553,1
0.408903,0.377975,1
1.010027,-1.310592,1
-1.100183,1.565163,1
1.944635,0.549076,1
0.640766,0.011824,1
1.809366,-1.027537,1
-1.252435,1.530996,1
1.400159,0.002725,1
1.799372,1.341244,1
1.776339,1.079832,1
1.263890,-0.349630,1
1.675236,1.090645,1
-0.121549,1.001694,1
-0.883760,-0.218573,1
0.334282,-0.239764,1
1.444589,-0.795795,1
1.607626,0.997516,1
-1.206124,-0.355694,1
0.876121,-0.857509,1
0.497529,-0.608931,1
0.527278,1.130525,1
1.185542,0.227549,1
-0.634480,0.561662,1
1.430959,2.870680,1
1.918631,1.465782,1
-0.209068,0.362896,1
0.959126,-0.932426,1
-1.158063,1.339131,1
1.844046,5.287562,1
1.954052,0.627025,1
0.181697,1.259612,1
1.424403,0.849458,1
1.121431,1.004046,1
-0.206122,0.702634,1
2.470690,0.731156,1
-0.897939,3.156455,1
1.613366,1.388731,1
0.914563,1.768919,1
1.233587,1.417730,1
0.240932,-0.093360,1
1.719073,2.294342,1
0.205386,-0.258066,1
1.754358,0.126040,1
1.712109,0.385706,1
0.095246,1.216999,1
0.556686,0.356874,1
0.579339,1.761355,1
1.292119,3.641927,1
-1.222768,-0.610949,1
2.045731,1.302778,1
0.860563,2.541438,1
0.451036,-0.496199,1
1.711611,1.446082,1
-2.066414,0.680174,1
-0.691108,2.125842,1
1.046869,2.256928,1
-0.369747,0.821837,1
1.003870,-0.189679,1
2.926345,-0.428515,1
1.737010,0.968051,1
3.197943,-0.476309,1
-0.855302,1.517970,1
0.613446,1.057663,1
0.891037,2.260691,1
0.203539,0.974569,1
3.160264,1.193196,1
1.534877,0.695048,1
1.434382,1.257840,1
1.022741,-0.061022,1
1.456432,0.330776,1
1.785229,0.907652,1
3.333736,2.021737,1
-0.004290,2.443802,1
1.862732,1.147630,1
1.147237,-0.596660,1
0.128300,3.480742,1
2.122284,-0.994555,1
1.805457,2.437382,1
1.350900,1.239440,1
3.869313,0.649920,1
-0.310502,2.749084,1
0.570765,0.494752,1
0.780304,1.513745,1
0.783417,1.351496,1
-1.081627,2.896095,1
1.169653,0.860453,1
1.425376,0.360268,1
1.917521,0.266344,1
1.062730,1.811708,1
-0.569675,-0.785080,1
-0.827072,1.666138,1
2.966030,-0.069447,1
-0.253997,3.752993,1
1.411355,-0.011427,1
2.104955,1.468566,1
0.571157,1.738477,1
-0.569396,1.643210,1
-0.477019,0.388315,1
-0.619996,2.267837,1
2.343761,2.738340,1
-0.265800,0.296484,1
3.111254,1.162099,1
-0.046591,-0.109960,1
1.869766,-1.140730,1
0.602943,1.821580,1
1.278177,1.517572,1
-0.541230,-0.000572,1
1.201481,0.875202,1
2.832998,-0.060719,1
-0.403835,0.978663,1
2.598596,2.569652,1
1.398460,-0.918587,1
1.585321,0.283610,1
-1.252452,2.271920,1
0.714137,0.861201,1
2.337000,0.063130,1
0.547526,-0.221663,1
1.330646,-0.192408,1
-0.150599,-1.078961,1
-0.301287,-0.941946,1
0.085560,2.176147,1
1.779657,1.822534,1
-1.127480,0.876089,1
-2.490678,2.048602,1
0.800177,0.773384,1
0.217317,0.388556,1
-0.374617,-0.107163,1
1.972805,0.026688,1
3.063157,3.373237,1
-0.223550,0.883881,1
0.181922,1.594256,1
1.454641,1.219680,1
1.882664,2.951213,1
1.047001,-0.396738,1
1.287494,1.678534,1
0.740164,-0.127746,1
0.841575,2.239746,1
-0.534219,1.891890,1
0.871480,0.787516,1
-0.292021,1.068149,1
-0.298344,1.094238,1
2.707951,0.569612,1
1.832851,1.611146,1
0.373163,2.772959,1
1.791409,1.466822,1
-0.135530,2.072540,1
1.595568,2.664398,1
3.922220,0.199901,1
1.030791,1.891150,1
1.544053,-0.642425,1
1.578250,-0.920901,1
1.466864,0.502702,1
0.515153,0.933066,1
0.685288,0.728166,1
2.835457,0.486398,1
0.519686,1.264454,1
0.511499,0.343438,1
0.007012,1.857830,1
1.091609,2.434133,1
0.547473,-0.129169,1
-0.460188,-0.142008,1
1.848091,0.487959,1
0.876064,0.445424,1
0.073275,0.809227,1
2.513895,1.518368,1
-0.127824,1.365284,1
0.781957,-1.871468,1
2.875392,2.664145,1
0.533065,-0.171817,1
0.743131,1.859078,1
-0.151407,1.149734,1
1.763582,-0.149850,1
0.147205,2.706010,1
1.901416,0.780169,1
-0.372038,0.717837,1
2.562871,1.523282,1
-0.004617,0.412988,1
-0.768542,1.760506,1
-0.811051,-0.401065,1
1.945151,-0.364162,1
0.964604,1.617608,1
2.716794,0.245169,1
-0.468453,0.764796,1
-0.571731,0.668399,1
0.407672,0.019784,1
3.448395,0.650079,1
0.194631,-0.104466,1
2.536458,1.037263,1
1.339192,2.668700,1
2.626097,2.542624,1
0.384742,0.625190,1
-1.057009,2.700083,1
-0.419885,1.436805,1
1.617602,0.252710,1
1.041192,2.623541,1
-0.504028,0.716673,1
1.453955,1.912547,1
0.921371,1.901059,1
1.197564,-0.115094,1
2.060201,-0.654304,1
2.206750,0.237370,1
0.992439,1.285590,1
1.173403,1.628874,1
2.541938,1.158452,1
0.947280,-0.413604,1
-0.952109,2.729335,1
0.688194,0.223592,1
0.710562,1.246640,1
0.220284,2.590084,1
-0.327786,3.271954,1
0.625143,0.136164,1
1.479396,2.720692,1
2.421452,1.861788,1
1.008024,0.472072,1
1.080436,1.388875,1
3.128234,-0.920729,1
0.249744,0.393016,1
1.882781,0.616606,1
1.709611,0.817070,1
1.541052,1.363056,1
1.513225,2.212175,1
-0.306679,0.618743,1
1.552094,-0.107616,1
1.409986,1.270872,1
-1.130218,-1.023666,1
1.310069,1.117258,1
3.762514,-0.371304,1
3.181922,2.347598,1
0.707964,1.069719,1
-1.106789,2.959875,1
1.849157,-1.728235,1
0.939888,0.663063,1
0.196517,0.804977,1
1.423298,1.264893,1
0.410163,1.611454,1
1.357713,2.185044,1
1.283729,1.282639,1
0.304317,-0.149349,1
1.581135,1.545836,1
-0.178304,2.080474,1
0.442330,-0.052883,1
1.339037,0.897096,1
1.563212,2.576078,1
-0.183680,0.909857,1
1.411462,-1.091507,1
1.259383,0.738048,1
0.584079,0.141096,1
1.534866,0.555170,1
1.477102,-0.076590,1
1.225527,0.708611,1
0.734652,1.198083,1
1.380243,1.869339,1
0.219788,0.446238,1
1.329717,2.664269,1
1.445579,0.928398,1
0.964222,4.175109,1
1.743191,1.223122,1
2.148561,1.001503,1
0.764307,0.946607,1
1.008430,1.082400,1
-1.022116,-0.270946,1
0.590994,1.248653,1
2.806405,1.431080,1
0.125432,1.906976,1
1.342351,1.185265,1
0.787208,0.562324,1
0.838337,2.473695,1
2.197917,2.101761,1
1.815458,0.909572,1
0.033398,-1.494305,1
2.204088,2.055940,1
0.715269,2.186059,1
2.052527,1.550473,1
1.880159,1.992227,1
0.641401,-0.399350,1
2.736424,-0.500117,1
1.185888,0.512752,1
0.234906,1.040938,1
1.969544,2.234051,1
-0.161662,2.242733,1
0.007956,1.931060,1
2.430917,-0.393342,1
0.285055,-1.397919,1
0.950123,-0.396804,1
0.281919,0.370690,1
1.495315,0.839294,1
0.313802,0.347489,1
0.612744,2.362164,1
2.088604,1.202217,1
0.789967,0.313067,1
2.924224,0.591855,1
0.513206,2.102643,1
0.987671,1.751366,1
1.255555,2.219150,1
-0.713297,2.588025,1
0.969207,0.810611,1
-1.290142,-1.107592,1
2.154288,2.678668,1
-0.125478,1.045145,1
1.234946,1.137319,1
1.484169,2.433563,1
0.477327,0.541370,1
2.174871,-0.098722,1
0.778997,-0.063730,1
1.038014,-0.817636,1
2.924779,0.801096,1
2.352059,0.806054,1
1.034116,0.592972,1
1.538104,0.524486,1
1.833119,3.519096,1
2.143846,0.605703,1
-1.568344,2.145113,1
1.684072,1.639764,1
2.645139,2.241722,1
1.346021,1.641856,1
1.358240,0.029919,1
-0.459920,-0.727999,1
2.256190,2.456952,1
2.347571,2.873774,1
1.937785,-1.281502,1
-0.007802,1.188505,1
0.312559,0.144477,1
2.649055,1.058269,1
0.840516,-0.563800,1
1.444455,0.791552,1
1.951675,1.603585,1
2.101082,0.881764,1
-0.488157,1.887416,1
0.549024,1.495853,1
0.349333,0.706872,1
1.557027,0.302599,1
2.038053,0.604230,1
0.912201,1.560783,1
0.344139,1.095223,1
-0.617664,0.835549,1
3.124880,1.845571,1
0.548412,1.117305,1
0.990961,0.459951,1
1.411151,0.262515,1
1.419102,1.246945,1
2.885821,-0.218180,1
1.232360,0.600294,1
2.118687,3.086575,1
0.738992,-0.904698,1
1.477462,-0.781785,1
0.260284,0.919665,1
-0.045861,-1.063078,1
-0.152840,0.923441,1
1.678550,1.919171,1
-0.634521,1.376319,1
1.071468,-0.005473,1
2.197994,0.967715,1
0.015062,0.880003,1
-1.104991,1.567466,1
1.689676,-0.761310,1
0.755750,0.512800,1
1.132917,1.249025,1
1.124435,-0.812642,1
0.580718,-0.321973,1
1.779874,2.870490,1
1.160790,0.605075,1
0.574414,0.659783,1
2.063654,1.149811,1
2.157085,0.928646,1
1.471031,1.803866,1
2.913464,1.500458,1
1.711931,0.693055,1
0.289335,0.828069,1
2.047308,-0.089257,1
2.818452,2.084401,1
1.110784,0.872381,1
0.782029,2.815341,1
0.967960,2.581470,1
1.777610,1.436275,1
-0.028518,1.041608,1
1.419816,0.073973,1
2.366333,2.014137,1
0.586522,0.646413,1
0.066523,1.336655,1
0.999365,1.222544,1
1.876974,0.276621,1
0.945759,1.294368,1
0.580128,0.838186,1
0.494767,-1.425739,1
1.004628,2.459370,1
0.174131,-0.936035,1
0.427583,-1.506023,1
0.405075,1.506379,1
0.606003,1.789659,1
0.130138,0.449513,1
1.210905,0.333550,1
1.860479,2.340540,1
1.100521,2.570941,1
0.154131,-0.253843,1
1.880294,-0.345419,1
0.716056,2.073438,1
0.767867,1.761093,1
0.766898,1.229577,1
1.794455,-0.262695,1
-0.264609,0.165226,1
1.098694,0.988697,1
1.225279,1.470534,1
1.238040,0.298061,1
-0.093279,-0.227050,1
1.234511,2.813068,1
1.486648,0.606898,1
2.255568,0.180778,1
-0.126124,0.009214,1
2.142539,0.280768,1
0.349945,-0.670438,1
-0.937925,0.532386,1
2.499588,0.295697,1
0.429129,2.311628,1
2.701529,0.090137,1
-0.602095,0.320329,1
1.390152,-0.196613,1
1.007949,3.018104,1
0.938302,0.955341,1
-1.491755,-0.056821,1
2.638092,1.261680,1
1.902765,-1.052012,1
0.268880,0.571528,1
0.405027,-0.438757,1
1.541252,0.621117,1
0.734363,3.504736,1
-0.170808,1.481214,1
-1.102238,1.402216,1
0.000907,-0.947647,1
2.617624,3.144015,1
-1.314948,2.363520,1
-0.936564,-0.382658,1
2.940820,3.431274,1
-0.966255,0.552153,1
-0.258029,-0.365620,1
0.110306,1.990197,1
0.642148,-0.529742,1
2.828622,0.852622,1
-1.456552,0.355002,1
2.829640,-0.467927,1
-0.550510,1.208799,1
2.016253,2.032594,1
-0.898295,1.473162,1
0.431577,0.152874,1
1.689998,2.238826,1
1.409660,2.764686,1
-0.098465,-0.201867,1
1.233600,1.982063,1
0.352736,0.628426,1
0.360962,-0.133949,1
1.122581,-0.165347,1
0.106198,1.962734,1
4.220633,-0.781898,1
1.509903,-0.305877,1
2.298237,1.620232,1
3.200948,2.310403,1
1.697587,0.176998,1
2.923006,-0.705165,1
1.824382,2.711218,1
1.518245,2.211076,1
0.984493,0.394937,1
-1.444334,0.656216,1
0.732007,0.087444,1
0.729570,1.251760,1
2.007703,1.023625,1
1.463172,2.068535,1
3.695010,1.884423,1
0.973402,-1.376510,1
-1.478599,2.098531,1
2.791283,0.640074,1
1.063901,-0.518327,1
0.603106,1.879560,1
2.180228,-1.400601,1
1.926688,2.619020,1
1.190866,0.306445,1
0.035310,0.552657,1
-0.213116,1.699558,1
0.596777,1.722261,1
0.605267,0.680128,1
-0.276570,0.447529,1
1.744438,1.388437,1
1.160427,-0.019525,1
0.604229,-0.052844,1
1.203256,-0.509178,1
0.600196,-0.219814,1
0.312802,2.518536,1
0.849250,2.881014,1
1.749689,2.299127,1
0.464850,3.001220,1
0.695951,2.296998,1
0.943673,1.455695,1
1.033224,1.479723,1
0.283459,0.031624,1
0.587756,0.237713,1
0.391493,-1.720149,1
-0.494286,1.816340,1
2.689334,0.644974,1
2.188793,0.570296,1
1.088863,1.074108,1
-1.838527,1.525829,1
0.168868,1.178374,1
-0.162671,1.413702,1
0.887618,-1.174086,1
1.921343,0.323711,1
0.758238,3.157187,1
4.155145,-2.024265,1
0.024622,0.189064,1
1.367728,0.503496,1
-0.281403,0.934765,1
0.349573,1.249534,1
-1.085886,0.894789,1
1.996059,2.029636,1
1.089297,0.731927,1
1.657215,0.942105,1
-1.591674,-0.193425,1
1.766092,1.163044,1
-0.690191,2.844916,1
-0.591130,0.336976,1
1.504295,0.563543,1
3.105403,0.261084,1
2.618972,1.159763,1
2.039890,3.176018,1
1.580228,2.719297,1
0.452971,-0.054379,1
0.426735,2.176390,1
0.160015,0.266728,1
1.934748,2.744056,1
2.457092,-0.122160,1
2.635045,-0.325172,1
1.037930,1.211309,1
2.394854,-0.006182,1
0.068208,-0.664198,1
-0.608790,1.364071,1
0.512343,1.215172,1
-0.062550,-0.269159,1
1.059708,1.199226,1
1.830564,2.795190,1
0.654919,-0.691700,1
0.400000,-0.539243,1
-0.244968,1.680015,1
-0.484332,0.461212,1
1.276300,-0.338821,1
0.159866,0.454201,1
2.987319,2.700419,1
0.443114,1.166087,1
2.143692,-0.122733,1
1.408254,0.622154,1
-0.698782,1.499390,1
1.583196,1.152808,1
0.958300,1.128227,1
2.596842,-0.874257,1
-0.891340,0.622988,1
0.248310,2.865148,1
0.975988,-0.697246,1
1.262036,1.012178,1
1.211443,1.863531,1
-0.258277,2.087487,1
0.502654,1.296342,1
2.765751,1.243829,1
0.784004,-0.722952,1
1.042702,0.506051,1
0.395615,1.355230,1
2.546567,0.260648,1
2.587355,0.393296,1
0.790672,0.987370,1
1.628605,2.555211,1
0.508941,0.651571,1
0.868259,-0.368421,1
0.194450,0.364744,1
2.456674,2.490090,1
-0.482462,0.739419,1
0.553689,2.915717,1
0.788517,1.533152,1
0.449326,2.199468,1
0.423079,0.393233,1
1.979178,1.210441,1
1.245962,2.299307,1
2.783713,3.603413,1
-0.518788,2.750068,1
2.700705,2.228952,1
-0.302622,0.622665,1
2.599577,1.206748,1
2.075934,1.631473,1
1.019633,1.137196,1
1.024498,1.075598,1
2.323233,0.605817,1
1.200411,2.633486,1
0.357886,0.846109,1
-1.697635,1.026601,1
1.763881,1.745958,1
1.754005,1.199461,1
0.366941,0.106652,1
2.014201,1.387933,1
0.071596,0.980963,1
1.749453,2.098268,1
0.347485,1.344541,1
1.513423,0.482728,1
-0.438893,1.302150,1
2.184112,1.510319,1
1.018103,2.112633,1
0.264111,0.693429,1
2.378294,1.454320,1
1.716226,3.002334,1
-0.100024,3.452294,1
2.153557,1.238953,1
1.999260,2.423519,1
1.267031,1.161150,1
0.341637,2.261425,1
1.242406,1.878050,1
1.114456,2.399634,1
0.164602,-0.965138,1
1.025844,-0.099522,1
1.388523,-0.519725,1
0.363911,0.961318,1
0.056807,0.173150,1
-0.145805,1.301667,1
0.433075,1.731331,1
1.892653,1.482642,1
0.139612,0.192663,1
0.027337,2.969139,1
0.693390,0.278902,1
0.729465,0.794498,1
0.168422,0.569490,1
0.293164,0.579586,1
2.017822,1.839233,1
-0.196938,0.496337,1
0.848972,1.984549,1
1.440576,-0.847133,1
1.893530,2.709096,1
1.485727,1.295506,1
2.323772,0.409135,1
-0.229970,-0.100904,1
0.319448,0.699024,1
0.819256,1.848915,1
1.887207,-0.391108,1
1.644483,1.656345,1
1.518427,0.363821,1
-0.167119,0.758583,1
2.769902,1.224279,1
1.267796,1.471907,1
0.761153,0.873715,1
1.563070,0.653264,1
0.864471,0.767084,1
0.950577,0.027504,1
1.088211,3.022412,1
2.176741,2.748916,1
0.513545,1.075173,1
-0.264934,0.947849,1
0.849584,1.983007,1
-0.895438,-0.131477,1
0.607047,0.489637,1
1.119933,0.582399,1
-0.718799,-0.069842,1
0.472604,0.356446,1
-0.826405,1.479263,1
2.062532,0.875349,1
-1.422292,2.386573,1
0.187844,4.226425,1
-0.261775,1.081300,1
1.148126,1.297352,1
-0.435986,3.519288,1
0.780943,2.885664,1
-0.160407,1.050707,1
-0.227417,1.025414,1
0.360782,-0.276508,1
-0.742747,2.358136,1
1.948761,-0.000877,1
3.868901,-0.550819,1
0.269835,2.468948,1
1.772067,0.312791,1
0.925690,2.400506,1
0.694647,1.813363,1
0.555849,1.288482,1
0.373586,1.374696,1
-0.069720,0.523580,1
1.399708,-0.123917,1
0.388270,-0.156426,1
2.511987,1.217729,1
1.538106,2.008103,1
0.665415,1.315154,1
-1.134107,0.073318,1
2.936932,0.676922,1
-0.499418,1.986938,1
2.035048,-0.741708,1
1.651599,1.907162,1
1.196989,1.834581,1
0.871107,0.684622,1
2.324749,-0.370193,1
1.425509,2.108938,1
3.734589,-0.281861,1
0.554491,0.215177,1
2.034774,1.268480,1
1.434021,-1.744648,1
1.525478,0.761445,1
-1.729544,1.860688,1
1.787122,0.996616,1
1.961707,1.545059,1
0.815910,0.040416,1
0.128031,2.932013,1
0.477107,1.739030,1
-0.127067,1.661170,1
-0.198800,1.434776,1
2.378136,-0.922955,1
1.060863,0.204676,1
1.470243,1.394097,1
0.890912,-0.228550,1
1.044676,-0.841572,1
2.501808,1.254678,1
1.957193,2.603588,1
0.348134,2.238101,1
3.189277,1.772645,1
2.395922,0.718267,1
-0.853562,-0.021165,1
2.304276,2.345869,1
1.776562,2.679914,1
1.392866,2.252994,1
1.582068,-0.114735,1
2.858630,1.949100,1
0.331384,-0.485313,1
-1.179042,1.148279,1
-0.597831,-0.010160,1
2.101550,1.081639,1
2.470837,-0.069832,1
1.528801,1.172046,1
1.762088,1.401508,1
0.394213,-0.157817,1
1.373310,-0.292887,1
0.725965,-1.899010,1
0.777317,2.839595,1
0.203257,-0.112714,1
0.815138,0.969373,1
1.821427,-0.132132,1
0.710070,0.721284,1
2.015442,-0.367306,1
-1.128228,2.009246,1
1.694433,0.831057,1
2.474394,0.781200,1
2.059775,0.466463,1
1.114100,0.597758,1
0.849616,-0.856892,1
-1.249954,1.324668,1
2.542628,0.206334,1
1.633337,0.878254,1
2.054872,2.935138,1
0.049617,-0.066493,1
-0.163481,2.377931,1
1.384980,1.077201,1
1.823666,1.300702,1
1.987007,1.090792,1
1.276660,-0.053699,1
0.006633,1.023354,1
0.656578,0.065704,1
2.126205,0.851987,1
-0.435170,1.718390,1
1.041967,1.521784,1
-1.106785,-0.672080,1
1.832960,-0.121566,1
0.663388,0.022596,1
0.637025,-0.651400,1
0.883255,1.779823,1
0.363141,1.260703,1
0.872329,0.540371,1
0.230544,-2.572647,1
1.868034,1.481911,1
2.031213,1.136531,1
-0.145231,1.964141,1
1.998167,-0.366105,1
0.281483,0.932587,1
1.613796,0.398775,1
2.565642,1.703878,1
2.558920,2.507293,1
2.066515,-0.283458,1
2.282526,1.143293,1
2.299150,-0.725900,1
1.103401,0.294793,1
2.089379,1.564507,1
3.379306,0.175292,1
1.055853,0.590218,1
1.397168,1.553380,1
1.068512,3.673521,1
0.987652,-0.336973,1
0.830548,1.764021,1
0.951645,1.467960,1
0.625729,0.685130,1
0.277784,0.417927,1
3.092582,2.511935,1
0.289051,0.743977,1
1.675654,1.116661,1
0.131988,0.945893,1
2.179382,1.505253,1
1.922113,1.307690,1
0.064319,1.639096,1
-0.465209,0.752714,1
1.730397,0.170317,1
1.000459,-0.374292,1
2.212395,-0.238830,1
1.407381,0.811307,1
-0.970256,-1.032524,1
-1.040706,2.064894,1
-1.047232,0.015597,1
0.973161,0.604101,1
2.009494,3.137784,1
1.227505,1.406850,1
1.508570,0.201987,1
0.228908,0.260283,1
1.986636,1.307007,1
2.341620,-0.040006,1
-1.961712,1.002921,1
2.550328,0.053389,1
0.642641,-0.336248,1
0.949286,1.446679,1
2.309348,-0.615315,1
0.793716,-0.956817,1
0.647921,-0.018072,1
-1.563663,2.081586,1
2.156084,2.155514,1
1.029078,0.957169,1
1.372854,1.570101,1
1.822802,-0.451934,1
0.309886,2.242297,1
1.380703,0.612096,1
-0.629420,-0.764222,1
1.992247,3.339616,1
2.191933,1.548777,1
0.808553,0.527563,1
1.227876,1.006911,1
0.590202,0.950384,1
2.726855,-0.023259,1
0.414765,0.737332,1
0.846708,1.283935,1
1.886224,-0.050317,1
1.000384,-0.049972,1
2.038758,-0.808669,1
3.632267,0.766324,1
1.573945,2.488931,1
2.046407,0.996529,1
0.333859,0.084839,1
0.620684,1.252615,1
1.426354,0.899442,1
-0.406506,2.096220,1
0.671220,1.109820,1
2.962688,1.319320,1
0.456940,0.510998,1
-0.540688,0.804872,1
0.627373,4.035276,1
1.454041,-0.496284,1
2.377606,-0.031800,1
0.789989,1.046136,1
3.564633,1.166106,1
-1.050547,1.841470,1
-0.755128,0.242953,1
1.880522,0.446565,1
0.572310,0.364382,1
1.775441,1.672745,1
0.259988,-1.148541,1
0.746775,1.025712,1
1.272593,1.063942,1
-0.007952,1.978159,1
0.085188,-0.501355,1
1.454625,0.720688,1
-0.151750,1.207272,1
1.406587,1.143367,1
1.368844,1.247662,1
0.141911,1.007964,1
1.589220,0.592227,1
2.256816,0.119252,1
1.989886,2.605888,1
1.664339,0.883206,1
0.985446,1.101053,1
-1.069276,2.938331,1
1.557038,1.222436,1
-0.320772,1.945231,1
1.175693,0.066818,1
1.649371,0.654139,1
-0.427366,1.579087,1
0.156848,2.434671,1
0.942422,-0.184912,1
1.024463,1.023789,1
0.922064,2.161457,1
1.618788,0.781600,1
1.121304,0.038800,1
-0.780393,1.413636,1
0.983992,0.343453,1
0.443168,0.617665,1
1.658315,1.513803,1
0.268286,1.302380,1
1.235820,1.091282,1
1.679129,1.049384,1
1.079099,3.345270,1
0.675036,2.015771,1
-1.248403,1.601829,1
0.403463,0.756675,1
0.685227,-0.023343,1
1.603619,0.043812,1
0.881354,2.289551,1
1.745636,1.802008,1
0.741502,0.010257,1
1.704060,0.623072,1
-0.698306,-0.632633,1
1.923014,1.225994,1
2.843692,1.535562,1
1.207079,2.504080,1
0.653670,1.743143,1
2.198626,1.931727,1
1.066005,1.292951,1
2.609794,1.108236,1
-0.040425,1.724269,1
0.279487,0.656973,1
1.248278,-0.938561,1
2.044906,0.815426,1
2.862654,0.592542,1
-0.191430,1.355087,1
4.492483,1.437154,1
1.223496,0.206891,1
0.774859,0.966454,1
0.086962,1.891907,1
3.550700,3.343831,1
1.920996,1.753573,1
0.157564,0.233874,1
1.571280,0.457621,1
0.506894,-1.252698,1
-0.477057,0.487000,1
2.497891,1.933866,1
1.818681,1.513936,1
0.839927,0.939200,1
-1.029613,0.513083,1
3.024609,2.559181,1
0.279785,2.372318,1
1.042886,2.650048,1
2.594352,0.555224,1
1.598263,1.479413,1
0.691623,0.256689,1
0.376977,0.742932,1
1.356014,1.200169,1
2.739944,1.118381,1
1.596880,-0.035144,1
2.665153,2.471415,1
0.162560,3.198295,1
-1.309635,2.697236,1
3.208035,-0.279850,1
0.548355,0.368839,1
1.208638,1.019816,1
-0.289990,0.759760,1
2.126767,0.884389,1
2.559931,2.252131,1
1.040503,1.114358,1
0.498358,-0.110786,1
1.383557,0.907038,1
-0.262296,-0.719662,1
1.060821,2.463036,1
-0.055525,0.702107,1
-1.187640,-1.153594,1
-2.306279,0.380570,1
2.932855,1.320582,1
0.856990,0.038164,1
0.926568,0.210259,1
1.538908,2.483729,1
1.863125,1.598551,1
0.349488,3.228089,1
0.749708,2.395878,1
1.198872,-0.865965,1
-0.693583,1.282372,1
0.140769,-0.172113,1
-0.588455,-0.092122,1
0.281397,1.969572,1
1.810268,2.768983,1
3.278645,-0.196017,1
0.032337,1.808332,1
-1.466555,0.258839,1
-0.814788,2.704853,1
-0.247343,2.526766,1
1.784357,0.672565,1
0.441619,0.080805,1
0.890400,0.486210,1
0.308503,0.811354,1
0.794892,2.168147,1
1.188011,0.812156,1
1.531325,2.189646,1
-0.757309,0.964866,1
0.194949,0.596922,1
2.183655,1.702699,1
3.041506,0.529846,1
2.805175,1.094808,1
1.525685,0.482967,1
0.319873,1.308249,1
0.976412,0.663950,1
1.458419,2.240928,1
0.952353,0.068762,1
1.280419,0.206951,1
0.075386,-0.907431,1
2.680644,1.920624,1
0.900822,1.912832,1
0.009947,1.520475,1
1.181881,0.505418,1
2.968358,1.214088,1
-0.441370,0.347926,1
1.667309,1.756413,1
0.776225,-0.140521,1
2.611194,2.786929,1
1.023088,1.269616,1
3.046992,1.184240,1
0.593747,0.781109,1
-0.208899,2.493348,1
0.465235,2.153019,1
0.626221,-0.425702,1
-0.048788,0.817302,1
0.258755,1.766609,1
1.457052,1.622148,1
-0.213509,0.740754,1
-0.073720,0.994027,1
2.481715,1.849470,1
1.908210,0.920183,1
0.724097,0.235942,1
0.804382,1.970772,1
1.096940,3.408553,1
1.344153,1.393413,1
-0.040748,1.514335,1
1.033130,1.787399,1
0.558632,1.643655,1
-0.242207,1.946112,1
1.038581,1.657297,1
3.046813,0.779961,1
1.415253,0.628335,1
1.951419,1.327995,1
-0.915469,2.498280,1
1.016052,1.259976,1
1.007356,-0.172644,1
2.676605,2.784727,1
2.890275,1.600712,1
-0.123841,1.064540,1
-0.157457,0.369520,1
-0.488072,0.103683,1
-0.062651,0.847705,1
-0.385618,2.075896,1
1.354814,1.709729,1
0.274838,-1.069605,1
1.097983,-0.337914,1
-0.145734,-0.881420,1
1.114773,-0.227940,1
-0.541831,2.078471,1
2.143149,-0.119594,1
0.756112,1.274698,1
-0.840287,0.276069,1
1.546739,0.803811,1
0.861887,2.995176,1
0.630313,2.003674,1
0.033091,0.483076,1
-0.576230,0.891997,1
-0.666618,0.332264,1
2.420570,0.428198,1
1.562792,1.019266,1
0.615677,1.414537,1
1.655144,0.876711,1
0.829375,0.206026,1
1.662731,2.178539,1
1.515234,2.073020,1
0.550993,-0.725298,1
1.973068,-1.012207,1
0.293436,2.158028,1
0.940866,2.711472,1
0.440097,1.025232,1
1.917417,-0.191235,1
2.309467,1.549694,1
1.164203,1.132552,1
1.385122,-1.329342,1
1.100699,-0.291585,1
0.318604,1.849556,1
-0.182890,1.245493,1
2.240491,1.296143,1
1.077511,1.319918,1
0.882328,1.912055,1
0.249299,0.283412,1
0.842763,0.089530,1
-0.553254,-0.247688,1
1.433504,3.706259,1
1.750102,1.142205,1
0.949572,2.027794,1
2.578465,-0.074606,1
0.934023,1.561410,1
1.076934,2.992554,1
2.751696,-0.788563,1
-1.436464,1.265936,1
1.441734,1.155401,1
0.374761,1.102824,1
1.209506,2.125639,1
0.463182,1.922366,1
-0.193832,1.025546,1
2.341776,0.255683,1
-0.884888,0.528195,1
-0.593929,1.282318,1
2.383486,-0.144161,1
0.641859,-0.169238,1
2.564296,-0.399110,1
1.225576,2.049787,1
0.339107,1.942919,1
1.244710,1.496373,1
0.094860,-0.080085,1
0.213346,1.196859,1
1.106792,1.278087,1
0.242171,0.661296,1
3.006525,1.291602,1
0.656597,0.985557,1
1.376831,0.761149,1
0.808694,0.296185,1
1.656746,2.745453,1
1.064043,0.459430,1
1.767285,-0.148003,1
1.906271,3.399970,1
2.087945,-0.233348,1
-0.082957,1.438195,1
-0.039321,0.617410,1
-0.468627,0.496944,1
0.268875,1.993686,1
1.322416,2.742823,1
2.334170,0.130810,1
-0.081238,1.860969,1
-1.361442,2.210894,1
1.056218,0.072103,1
1.336241,2.766346,1
0.257114,1.438132,1
1.026363,0.561775,1
1.159824,0.855992,1
0.273626,0.203954,1
-0.034076,1.584523,1
1.901462,0.922208,1
1.641265,1.382149,1
2.977142,-0.291588,1
1.417536,1.584195,1
1.739904,1.698267,1
0.061940,0.539328,1
0.742132,0.862509,1
-0.187769,1.397552,1
0.402772,2.154588,1
-0.214785,2.131542,1
2.069159,0.471719,1
1.695681,3.344815,1
1.658570,0.795720,1
2.628665,0.431085,1
1.253116,0.579805,1
-0.623967,2.692059,1
0.571628,-0.806846,1
2.300313,0.686552,1
0.975335,0.206496,1
1.497234,2.450511,1
2.737094,2.666623,1
0.513274,1.250246,1
-0.234831,-0.206115,1
0.335484,0.582609,1
0.953319,1.496605,1
1.991448,0.950963,1
1.940610,-0.219046,1
1.478686,1.512047,1
0.227787,0.442262,1
0.696701,0.448884,1
3.597505,0.506265,1
-0.449228,1.915694,1
-1.988105,1.570664,1
2.283189,0.085136,1
-1.149726,0.543180,1
0.904261,-0.826824,1
2.229800,1.488590,1
0.183390,0.736308,1
1.195700,1.359253,1
1.242954,1.424863,1
1.416664,1.632164,1
2.805419,0.547071,1
2.712157,0.248066,1
-0.210432,1.341361,1
0.506182,1.519427,1
0.718714,2.093348,1
0.493604,0.123324,1
0.282298,-0.339235,1
-0.288595,4.225028,1
1.018558,0.568161,1
1.199622,0.169483,1
1.187195,0.939094,1
1.266219,1.525751,1
2.239065,2.600579,1
1.467760,1.198328,1
-0.243920,0.109914,1
1.103870,1.259866,1
0.762454,1.800367,1
1.197890,2.094637,1
-0.828354,1.115989,1
0.630716,1.415325,1
1.305301,-0.951990,1
0.294073,-0.139775,1
1.022671,1.405941,1
-0.374103,1.134729,1
-0.549483,1.432375,1
-0.863708,2.880300,1
0.486227,-0.589694,1
1.026164,0.426623,1
0.841316,-0.048067,1
1.631331,1.784715,1
0.330609,2.233111,1
3.357434,2.202285,1
0.265717,1.287632,1
1.994444,-0.318759,1
0.624636,1.529320,1
-0.043408,0.279943,1
1.701412,0.579733,1
1.255322,1.751199,1
1.968732,-0.392115,1
2.986254,0.311581,1
0.687485,0.630321,1
2.432465,0.343541,1
2.386165,-0.689512,1
1.709875,-0.434234,1
0.682126,0.974184,1
0.933656,0.542038,1
1.551273,2.020259,1
1.665717,0.422588,1
3.334975,2.923142,1
1.721746,0.698478,1
1.037296,1.986483,1
-1.330475,0.541147,1
-1.980636,2.184393,1
0.664651,-0.815192,1
1.592878,0.139958,1
0.968198,0.996050,1
1.739592,1.309156,1
1.657929,2.053391,1
1.444706,-0.171283,1
1.801616,0.460804,1
2.139638,0.057533,1
1.748791,0.982421,1
1.945492,-0.427647,1
0.348190,1.576709,1
1.469101,1.300811,1
2.323216,0.502259,1
1.677621,0.412971,1
1.941783,0.918643,1
0.304068,-1.172238,1
0.255474,-1.125068,1
1.714968,2.668511,1
1.438831,0.935869,1
1.353884,-1.921164,1
2.277618,-0.223503,1
-1.554955,-0.007845,1
2.277012,2.854365,1
2.586629,1.097996,1
2.310720,-0.728381,1
0.409722,1.196150,1
2.358111,1.333532,1
2.454034,-0.639729,1
-0.471001,1.563027,1
1.558849,0.344391,1
-0.962802,1.967245,1
-1.294484,1.014765,1
0.959608,1.937127,1
0.932200,0.696402,1
1.254145,1.935871,1
-0.001356,2.203506,1
2.158817,0.805469,1
-0.737071,2.233117,1
0.717429,1.083525,1
-1.086061,1.444531,1
1.950095,2.156370,1
1.439928,-0.375831,1
-0.314400,1.791895,1
2.423588,1.588029,1
1.316561,-0.857974,1
1.203793,1.138311,1
1.148831,1.797991,1
0.442888,0.191683,1
0.147144,0.380744,1
2.202999,1.182305,1
3.427276,0.974363,1
0.986338,0.595645,1
2.087839,2.139593,1
2.374914,0.609142,1
2.742401,2.512009,1
0.028581,0.928983,1
1.391004,0.170812,1
-0.139948,1.040296,1
0.763918,0.348176,1
0.160346,3.064494,1
1.734547,-0.064081,1
1.228261,2.433671,1
-1.359509,0.056194,1
0.735238,0.508246,1
2.515894,2.760132,1
0.120321,1.971069,1
1.941280,1.034907,1
0.479985,1.609642,1
1.141685,-0.774290,1
1.650580,0.846181,1
1.131050,2.644145,1
0.082293,1.139964,1
0.672685,0.616859,1
1.403090,1.410960,1
0.654679,0.313619,1
1.057450,1.588776,1
0.551125,1.226511,1
2.842210,1.737322,1
0.222996,2.238533,1
0.644207,2.296106,1
3.801049,1.265686,1
1.339106,-0.527691,1
2.536989,0.535461,1
1.168531,0.951568,1
-0.055878,0.725048,1
1.172692,2.086664,1
0.981096,-0.019495,1
1.680071,1.165872,1
2.372716,3.278727,1
1.392135,1.403301,1
-0.844003,3.147302,1
-1.298256,0.932304,1
2.366205,0.302077,1
1.985752,2.480722,1
2.977101,2.805031,1
1.155183,1.804115,1
0.261915,1.403300,1
0.122328,0.559493,1
1.781134,2.601745,1
0.079929,-0.518757,1
0.527025,0.944127,1
2.396233,0.762743,1
1.380141,1.375579,1
2.488102,1.471364,1
1.721227,-1.774343,1
-2.235956,1.985009,1
0.103627,1.804390,1
1.887379,1.946060,1
-1.962636,0.774239,1
0.224266,0.475151,1
1.543373,1.708692,1
1.119064,1.012655,1
1.913208,2.779442,1
2.614356,-0.367655,1
2.567078,0.822860,1
1.773027,0.112433,1
0.187959,0.156753,1
2.160055,3.311196,1
0.561545,1.177079,1
1.274166,0.562342,1
-0.341337,2.345428,1
-2.047904,2.026388,1
0.941127,2.698114,1
2.079860,-0.334372,1
1.600285,-0.207401,1
2.148433,1.540758,1
-0.403838,1.397420,1
0.598956,2.436765,1
-0.108675,2.081848,1
1.367160,-0.421196,1
0.747133,2.922628,1
0.876567,-0.178210,1
-0.767988,2.257146,1
1.254383,0.790956,1
3.476117,3.166229,1
1.565080,0.666124,1
0.876028,-1.132990,1
-0.010341,1.293198,1
2.097142,0.502656,1
1.965243,1.138180,1
0.065456,-1.156471,1
-0.750869,1.166644,1
1.223532,-0.983151,1
1.171925,-0.287001,1
1.659872,1.193746,1
0.535452,0.454444,1
-0.319540,1.964003,1
2.690686,0.568819,1
1.048976,0.823047,1
2.312637,0.421335,1
-0.146070,1.789734,1
0.065328,-0.207667,1
3.307295,0.536858,1
2.031290,1.296629,1
0.994373,2.095527,1
0.589843,0.752687,1
0.070610,1.373781,1
1.016812,-0.695800,1
1.540561,1.096651,1
2.515206,2.356228,1
0.845349,2.753487,1
1.388551,0.301710,1
0.049705,0.347398,1
1.774173,-0.270070,1
0.901602,1.065752,1
-0.299581,0.293273,1
1.229383,2.770342,1
0.755463,0.545735,1
1.822442,1.611808,1
1.767656,0.744818,1
1.486447,1.121308,1
3.049513,-0.131377,1
0.590571,1.289754,1
1.576161,0.874871,1
-1.290244,0.665024,1
0.582148,1.104425,1
0.702618,2.789364,1
-2.030598,0.903363,1
-0.734136,2.749913,1
0.630386,0.535855,1
0.400626,1.160827,1
2.232450,0.996433,1
1.444701,0.679709,1
0.887503,2.098268,1
-0.545074,-0.811198,1
1.286846,2.002273,1
1.232176,2.071960,1
0.453178,-0.202060,1
1.876493,-0.895549,1
1.248913,-1.363937,1
0.047906,-0.576298,1
-0.315976,2.914921,1
0.612482,1.175075,1
0.787733,0.099671,1
1.137522,-0.842392,1
0.535279,2.633909,1
1.112434,-0.503993,1
1.123108,0.276346,1
1.713693,2.214502,1
2.737156,-1.690854,1
0.035834,-0.675039,1
1.195813,0.848407,1
0.430739,-0.530396,1
0.812287,2.876807,1
0.879826,0.891268,1
2.258747,1.268113,1
2.707514,0.923403,1
-0.868428,1.466047,1
1.141834,1.798674,1
2.497741,0.389145,1
1.601112,1.230914,1
1.317856,1.481607,1
0.846597,0.231230,1
0.056972,1.693428,1
0.790783,1.862729,1
2.016994,1.855314,1
0.045913,1.830967,1
-1.134862,2.788153,1
-1.002430,2.498374,1
2.184597,-1.843634,1
0.725030,1.293542,1
0.917100,-0.507509,1
2.569182,0.232879,1
1.651544,1.117862,1
-0.116545,-0.088808,1
0.668151,3.417293,1
-0.209970,0.182660,1
-0.124967,1.913295,1
-0.298282,1.651092,1
1.471685,1.950517,1
-0.076015,2.419313,1
0.808519,1.388427,1
1.785579,1.209033,1
0.971139,0.838616,1
0.716904,1.766037,1
0.644281,0.291763,1
0.713932,1.233291,1
0.655855,-1.074580,1
0.898210,0.361322,1
1.422561,0.326639,1
0.253680,-0.763573,1
1.098380,0.629667,1
-1.345109,2.111365,1
1.850659,1.605425,1
-0.796700,-0.119837,1
1.427093,1.739626,1
1.390634,1.441203,1
1.205482,2.940244,1
1.300069,3.118568,1
-1.917689,1.575635,1
-0.045016,-0.947512,1
1.200219,2.369369,1
0.880064,0.463951,1
-1.430688,3.578452,1
2.224456,-0.670751,1
3.085697,0.867525,1
-0.364334,1.628950,1
2.404434,0.266824,1
1.095728,1.615345,1
0.681714,2.659535,1
-0.210226,1.618821,1
1.341583,2.028364,1
3.472442,1.188532,1
0.584823,0.096178,1
0.172796,0.555920,1
1.751296,0.146465,1
-0.263209,0.548071,1
2.006489,1.723915,1
0.989782,0.286902,1
1.934450,0.827603,1
0.123010,1.152190,1
0.235116,0.182282,1
1.168459,1.000385,1
0.962824,0.905828,1
1.041440,2.483746,1
-0.430104,1.277336,1
2.279613,1.377037,1
2.466645,1.395979,1
-0.083785,0.457078,1
1.164238,0.829451,1
3.330365,0.527775,1
0.001934,1.171046,1
0.828700,0.244722,1
1.733712,2.098798,1
0.798500,-0.071629,1
1.697393,0.946121,1
0.771808,2.148050,1
1.181064,0.666983,1
0.521422,0.769328,1
2.205000,-1.654105,1
2.741238,0.737067,1
2.113135,-0.773040,1
1.458033,0.761218,1
1.283038,2.672951,1
0.743907,0.303741,1
1.019373,0.032786,1
3.066803,0.381867,1
-0.104000,0.903620,1
0.792984,1.464255,1
0.400897,-0.332745,1
0.510845,0.023467,1
-0.464245,1.154546,1
2.666452,1.908368,1
2.186657,-1.027520,1
2.156793,1.058851,1
0.640176,0.367784,1
0.840781,1.221708,1
0.718041,0.359338,1
1.775348,1.686577,1
-0.796020,0.453927,1
2.320234,0.532479,1
0.829784,1.309773,1
1.336112,0.121508,1
2.657164,0.903900,1
0.777289,3.010330,1
0.601042,-0.816870,1
1.993156,1.176897,1
1.865867,0.664607,1
0.439943,0.041256,1
-0.676463,-0.076883,1
2.295356,0.430188,1
0.672594,1.454261,1
1.905864,1.949415,1
1.361112,1.391376,1
3.306154,-0.273156,1
0.982052,1.943780,1
2.184792,-0.648654,1
-0.041996,-0.135265,1
1.093550,-0.015057,1
-0.566259,-0.946176,1
3.033096,2.659504,1
0.432827,-0.059614,1
0.807247,2.084740,1
1.080345,0.256896,1
2.451203,0.536751,1
-0.290986,-0.180218,1
1.434559,0.128140,1
0.141619,0.448822,1
0.934219,2.070867,1
1.031631,1.899305,1
1.576926,2.776425,1
0.926908,1.805026,1
-0.121046,2.887497,1
-0.507741,1.548481,1
1.262643,1.529322,1
0.145459,1.373562,1
-0.622068,0.848150,1
2.063243,1.237935,1
0.419899,1.079474,1
1.094106,1.662162,1
2.290783,3.432683,1
2.295383,1.479403,1
0.706335,0.157653,1
1.961980,1.043529,1
0.001960,2.732203,1
1.256537,1.203687,1
1.422072,0.557154,1
0.764907,-0.534952,1
2.004534,0.638582,1
0.251655,0.717426,1
0.560012,1.157656,1
-1.015517,0.936979,1
-2.177444,0.546439,1
1.343120,-0.147688,1
2.695068,2.121977,1
0.281917,-0.212924,1
-0.089112,1.280485,1
1.345611,-1.216445,1
0.950195,0.067500,1
-0.297421,1.079647,1
1.044791,1.369059,1
0.954727,1.940331,1
1.109064,0.566023,1
1.583672,2.090984,1
3.140609,1.345848,1
-0.630544,0.575022,1
-0.099379,0.257754,1
0.019485,3.282463,1
1.122578,-0.487178,1
1.369900,1.282257,1
-1.258169,1.693157,1
0.366190,-1.127592,1
-0.679628,-0.620776,1
2.401828,0.487614,1
1.506419,1.210320,1
1.359850,-0.475894,1
-1.432737,0.250940,1
1.281252,-0.711710,1
1.490340,0.718236,1
2.194102,1.154281,1
0.626128,1.260100,1
1.899406,3.224727,1
1.521535,-0.134094,1
1.826595,-0.663468,1
1.079882,1.885693,1
2.268555,1.492970,1
2.117754,0.930268,1
-1.096831,1.404889,1
2.083501,1.534517,1
-0.534043,-0.128870,1
1.640353,-0.166610,1
0.861036,-0.774846,1
0.413704,2.592540,1
2.536848,0.210555,1
1.122513,1.441253,1
1.245715,1.811573,1
1.775536,0.014899,1
0.386783,1.559812,1
1.039304,-0.660687,1
1.941020,0.577834,1
0.526825,1.570540,1
-0.320516,0.265613,1
0.635236,-1.480942,1
0.437394,1.383755,1
0.089277,2.303493,1
1.397878,2.269004,1
3.187255,-0.261742,1
1.645086,-0.133585,1
-1.620317,2.127655,1
-1.148830,2.122197,1
0.860069,0.187929,1
2.284588,1.945145,1
1.418634,1.464181,1
1.083705,1.398157,1
1.596162,1.858617,1
1.686733,-0.009634,1
-0.218112,0.311822,1
0.143626,1.310315,1
0.580105,-0.837620,1
0.837899,1.487952,1
0.411419,0.750399,1
1.921977,1.451219,1
3.034406,1.531778,1
0.076475,0.461059,1
1.520833,4.007583,1
0.690882,-2.202658,1
0.598579,2.822885,1
-0.520673,1.152132,1
1.949731,0.897820,1
3.179396,1.101175,1
-1.485745,1.901575,1
1.142937,0.351676,1
2.214927,0.743744,1
0.660358,-0.286663,1
0.926125,1.895472,1
-0.297349,0.911870,1
-0.549576,1.647941,1
0.566734,3.258547,1
1.841559,0.374980,1
0.629036,2.387272,1
0.135866,-1.335452,1
1.684985,2.390230,1
2.088367,0.138148,1
1.820464,1.688436,1
3.624538,3.025413,1
1.782426,-0.211569,1
1.098878,1.365148,1
0.104179,1.823391,1
1.122989,2.458876,1
1.900801,1.497451,1
1.950371,-0.341823,1
0.716695,1.326265,1
0.666955,4.021948,1
-0.587546,0.271928,1
0.847477,2.361228,1
0.435476,1.066663,1
1.158000,0.445948,1
2.695529,1.036485,1
0.637572,2.353176,1
0.857574,-0.964884,1
1.153527,0.954729,1
1.377727,0.372691,1
0.768468,-0.014726,1
0.792225,0.440225,1
0.137772,-0.887338,1
1.855288,1.303548,1
-0.418336,2.482373,1
0.108725,-0.530313,1
1.270347,1.587747,1
0.875693,0.278628,1
2.984146,1.889479,1
0.686165,0.183101,1
-0.311872,0.187700,1
1.333419,1.495391,1
2.063648,1.288290,1
1.020671,1.917550,1
0.560600,1.210147,1
1.667907,2.246803,1
3.973580,2.223425,1
1.921946,0.604451,1
1.166552,2.483662,1
2.534380,-0.104661,1
0.690049,-0.090669,1
1.439857,1.659450,1
1.583486,0.998609,1
2.018248,1.985866,1
1.359649,1.438374,1
-1.365460,1.574818,1
1.498786,-0.038912,1
-1.199505,1.054049,1
1.807988,0.670469,1
1.763023,3.147429,1
0.593181,-0.222811,1
0.974205,0.904415,1
3.539214,0.917598,1
0.406604,-0.816850,1
1.494305,1.371797,1
0.956809,2.598839,1
2.439124,1.032812,1
-0.555527,0.575621,1
0.088435,1.484288,1
1.232914,1.541665,1
1.446370,0.640981,1
-0.280291,1.076187,1
-1.759263,1.865834,1
0.108137,2.017007,1
0.432753,1.333160,1
-0.003806,1.690528,1
1.865696,2.819311,1
-0.720172,2.700352,1
1.448320,-0.803543,1
1.348561,-0.747333,1
-0.465977,1.183387,1
-0.024517,1.832100,1
1.701822,2.062218,1
-0.039030,0.148708,1
0.452373,2.902310,1
1.717417,-0.751096,1
1.450417,1.821729,1
0.908197,2.930672,1
0.626364,1.693692,1
1.216075,-0.131817,1
0.704496,1.969529,1
1.835534,-0.247377,1
1.385490,-0.879990,1
1.135829,0.928045,1
2.121036,0.025104,1
0.010577,2.095845,1
1.824778,1.792530,1
1.826903,0.303576,1
1.431889,0.874595,1
0.408414,2.998425,1
3.556869,0.353487,1
-0.796527,0.810176,1
1.279078,1.616928,1
0.141099,0.889465,1
2.526626,0.379694,1
1.282688,1.782202,1
0.365061,1.474331,1
2.467652,1.244232,1
-0.896446,0.554528,1
0.362673,-0.048143,1
1.104210,1.417996,1
0.312249,1.936319,1
0.524231,0.208192,1
3.864199,0.989086,1
0.676974,1.889775,1
0.770580,1.157887,1
1.472971,0.752171,1
0.650830,1.031184,1
0.905735,0.642398,1
-0.670069,0.823881,1
1.863767,1.212402,1
1.224710,1.906007,1
0.625909,0.292280,1
2.395077,-1.061893,1
-0.148848,0.878903,1
0.565653,-0.533657,1
2.986422,0.988906,1
-0.542249,0.130890,1
1.249338,2.142195,1
0.754982,2.789146,1
-0.425469,1.797572,1
-0.730656,1.767286,1
0.428614,1.024465,1
-0.768151,4.012035,1
1.621753,1.377631,1
0.470901,-0.759520,1
1.318503,-0.213881,1
0.956412,-1.071422,1
2.274713,1.904025,1
-0.409814,0.533416,1
0.410329,0.961206,1
1.834020,0.688479,1
1.706261,-0.440148,1
1.746593,2.208112,1
1.849022,-0.722505,1
2.533915,-0.402332,1
0.220721,2.099894,1
0.193060,0.768873,1
0.637128,1.047392,1
1.887185,1.576554,1
0.475909,0.147578,1
0.095292,2.026487,1
1.005771,0.163467,1
2.191063,0.897415,1
0.573434,0.600110,1
-0.321163,1.372208,1
0.110529,0.289541,1
0.927425,-1.528268,1
0.681204,1.553495,1
0.030722,1.079129,1
1.831226,3.865891,1
0.742246,1.430585,1
1.133269,2.161726,1
2.673830,1.180445,1
1.380727,3.225663,1
1.024750,1.353101,1
-0.184009,1.135823,1
2.466394,0.201918,1
2.316233,0.593093,1
2.472739,0.896708,1
1.009975,1.810385,1
2.626333,0.817815,1
0.440435,1.579529,1
0.545761,0.238629,1
1.219152,-1.051448,1
-1.403402,2.241593,1
-2.028837,-1.534739,0
-0.910798,1.175765,0
-1.227696,-1.671352,0
-0.793520,-0.558140,0
-1.616396,-0.800553,0
-0.953928,-0.231907,0
-1.325391,-0.684198,0
-1.776190,-1.005315,0
0.137198,-1.249196,0
-3.078187,0.141370,0
-0.118195,-2.164656,0
-0.407786,0.643399,0
-0.244137,-1.605886,0
-0.813526,-0.382259,0
-1.545062,-1.564074,0
0.096860,-2.639009,0
0.058986,-1.260171,0
-1.484608,-0.488565,0
1.443693,-0.163912,0
-1.147393,-1.367421,0
-0.630426,0.176128,0
-0.704443,-1.961521,0
-0.486107,-2.097858,0
-1.983247,-0.206494,0
-0.761033,-1.913199,0
0.178035,-1.842004,0
-0.672032,1.233083,0
-1.481458,0.734993,0
-0.883204,-2.599394,0
-0.374266,-2.110279,0
-2.253919,-1.161389,0
-0.200669,-2.601766,0
-0.642175,0.732271,0
-1.541005,-1.559849,0
-1.482689,-1.339107,0
-0.913702,-3.754907,0
-2.151962,-1.956990,0
-0.797596,-2.212619,0
-1.446149,-1.023903,0
1.052859,-0.566145,0
-1.384799,-0.977741,0
0.950198,-0.760758,0
-1.689923,-1.487548,0
-0.806478,-1.366012,0
-2.669344,-1.106879,0
-2.973891,-0.145174,0
0.053535,-0.983384,0
-0.857294,-2.046247,0
0.006073,-0.594615,0
0.998208,-0.132615,0
-1.524295,0.781374,0
-0.336141,-1.246935,0
-0.538301,-2.535119,0
-0.970768,1.134194,0
0.377793,-1.391084,0
-1.910569,-3.271367,0
0.550189,-0.709152,0
-0.843972,0.240301,0
-1.247734,-1.711867,0
-0.025377,0.333582,0
-0.217465,0.275361,0
-1.259060,-2.934490,0
-0.242812,-1.795258,0
0.044374,-1.122535,0
-2.985517,-2.040812,0
-1.098547,-1.422235,0
-0.740165,-1.350619,0
-2.191552,-0.756603,0
-2.893163,-0.864748,0
-1.248218,-1.127067,0
-0.208827,-0.237190,0
-1.852054,-0.692441,0
-0.162794,-0.588720,0
-2.758053,-2.534203,0
0.201532,-0.565267,0
-0.908077,-1.230397,0
-1.327812,1.064215,0
0.107320,-2.387288,0
-0.149782,1.370829,0
1.079890,-1.869635,0
-0.915602,-1.558305,0
-1.530017,-0.933877,0
-0.121481,-1.328340,0
0.724368,-1.692107,0
-1.273675,-1.321205,0
-1.010913,-0.347593,0
-1.204737,-1.553621,0
1.204827,-2.011002,0
-1.992409,-2.028413,0
-1.583440,-2.478322,0
-1.582979,-1.101218,0
-0.364758,-0.737240,0
-2.236195,-3.029810,0
-0.512665,-1.536439,0
-1.965698,-1.731256,0
-0.875083,-0.482653,0
-1.637799,-2.970162,0
-2.406664,-0.631344,0
1.305805,1.439692,0
0.014819,-0.139315,0
-1.433022,-0.259605,0
1.116093,-0.464125,0
-1.121650,-0.848897,0
0.589397,-1.674886,0
-2.395682,-0.607085,0
-1.004635,-3.626901,0
0.354241,-0.046544,0
0.474507,-0.047487,0
-0.767117,-0.935580,0
-0.412874,-1.608531,0
0.404115,-1.846917,0
0.189947,-0.547183,0
0.307613,-2.662066,0
-1.389632,-2.074952,0
0.621869,1.683653,0
0.203174,-1.255962,0
-3.132560,-2.142708,0
0.591730,-2.925978,0
0.662557,0.360030,0
-1.258152,-1.602581,0
0.088604,0.132344,0
-0.521224,-2.323504,0
-0.722030,-0.132652,0
-0.308169,-1.148071,0
-0.118141,-1.467835,0
-1.024748,0.625421,0
-1.628363,-1.774849,0
-0.773747,-1.324129,0
-2.487050,-0.421718,0
-2.242325,-1.286290,0
-0.661246,-1.705674,0
-0.629524,-1.835444,0
-3.013922,-1.767411,0
-1.874254,-0.750923,0
-0.836003,-1.339196,0
0.402343,0.935252,0
-2.946805,-1.319881,0
-0.230484,-1.299097,0
-3.164821,0.406126,0
-0.111322,-1.867557,0
-3.092419,-3.158864,0
-1.435466,-0.269931,0
-0.340016,-0.509696,0
-1.721959,0.691817,0
-2.030930,-0.082180,0
-1.021444,-1.571808,0
0.689516,-0.554699,0
0.062357,-1.819992,0
-2.568047,-0.100523,0
-1.156713,-1.937489,0
-0.988904,-1.536141,0
-0.490671,-1.115692,0
-0.403872,-1.386445,0
0.013595,-2.378899,0
-1.164273,-1.085538,0
0.407879,-1.998041,0
-1.324865,-0.381756,0
-1.237213,-1.992842,0
-0.555361,-1.128246,0
-1.851238,-1.516714,0
-0.464130,-0.326342,0
0.327323,-0.749315,0
-0.539035,-1.894200,0
-2.735140,0.545066,0
-2.028935,1.598591,0
-0.586061,0.296847,0
1.419225,-1.740467,0
-0.655086,0.269823,0
-0.518091,-0.125856,0
1.239192,-2.513587,0
1.443446,-0.307663,0
-1.759756,-0.331949,0
-3.255450,-1.207484,0
-2.047976,1.464621,0
-0.505952,-0.948291,0
-2.043771,-1.577927,0
-1.100248,-0.884316,0
0.741492,-4.017818,0
-1.001293,-1.276694,0
-3.763391,-1.075007,0
-0.163823,-2.892235,0
0.596051,-2.071831,0
-1.872035,-3.703415,0
-0.683531,0.968931,0
-1.413159,0.678429,0
-3.566056,-1.962477,0
-0.916916,-1.204174,0
-0.932533,-1.635888,0
-0.730407,-2.169174,0
0.618929,-1.675603,0
0.966531,-0.108513,0
-0.214221,-1.138604,0
-3.510486,-1.406046,0
-0.966769,-0.612522,0
-2.028593,1.377456,0
-1.213783,-1.462952,0
-0.489715,-2.035699,0
-1.588487,0.624339,0
0.557563,-1.370024,0
0.073864,-2.372049,0
-1.956410,-3.314529,0
-0.111617,0.069624,0
-1.139404,-2.353155,0
-4.221381,-1.519367,0
-0.192490,-0.169481,0
-0.840620,-0.729396,0
-0.113038,-0.824054,0
-0.682712,-1.048584,0
-2.005391,-0.363103,0
-2.111125,0.288787,0
-2.050777,-1.805752,0
-1.267777,-1.136195,0
-1.036906,-0.410427,0
-0.751849,-0.077575,0
-1.009993,-0.946901,0
-0.043012,-1.207754,0
-1.613680,-0.393092,0
0.162893,0.247275,0
-1.462602,-1.425054,0
-2.878093,-1.888587,0
-2.775774,-1.846252,0
-3.581800,-1.354678,0
-1.383524,0.032209,0
0.378706,-2.217236,0
-0.034788,-0.440015,0
-0.533105,-1.411702,0
-2.463478,-1.208316,0
-1.358795,-0.712854,0
0.127924,-0.627547,0
-1.090494,-0.876342,0
-1.216247,-1.856792,0
-0.970126,-0.559994,0
-1.506958,-0.167284,0
-0.729795,-0.150483,0
-1.495793,-1.630485,0
-0.334678,-0.871632,0
-0.686693,0.837036,0
0.908410,-0.114519,0
-0.868216,1.042414,0
-1.342643,-1.449342,0
0.212483,-1.346436,0
-0.383357,0.617919,0
1.430336,-0.527745,0
-1.846305,-2.465677,0
-3.362763,-0.608072,0
-1.449868,0.177606,0
-0.394665,-0.975170,0
-0.292546,-2.488043,0
-1.084174,0.363150,0
-3.284357,-0.449108,0
-0.164864,-2.441677,0
-1.800118,-0.310597,0
-1.804856,0.025997,0
-2.510736,-0.666063,0
-1.755519,0.114246,0
-1.857776,0.471739,0
-3.770296,0.306629,0
-2.213011,-2.311733,0
-0.505843,-0.233319,0
-0.981475,-3.495711,0
-0.779304,-0.226199,0
-1.515204,-2.106262,0
-1.357360,-1.059540,0
-3.096791,-3.374488,0
-0.516146,-1.210474,0
-2.041523,-0.950758,0
-1.508454,-1.748755,0
-0.424398,-3.864176,0
-0.624236,-0.607248,0
0.242834,-2.630136,0
0.099507,-0.939545,0
-1.906204,-3.647737,0
-0.188906,-0.071165,0
-1.062846,-1.271770,0
-2.828205,-1.021719,0
-1.293644,-1.035533,0
-2.317520,1.846856,0
0.247119,-0.587096,0
0.361056,-1.492343,0
-0.461992,0.988324,0
-1.866663,-0.871764,0
-1.974078,-1.980845,0
-2.829784,0.124610,0
0.443166,-1.443178,0
-1.412379,-1.108203,0
-0.785005,-2.486735,0
2.167092,-0.328137,0
-1.087313,-1.135563,0
0.023218,-1.163137,0
-0.461645,-0.862556,0
-1.718656,-3.733127,0
-2.214322,-1.345739,0
-2.951410,-2.323999,0
-1.235152,-0.306914,0
-2.548123,0.362687,0
-1.100089,-2.125987,0
-1.907476,-2.427684,0
-0.101963,1.045153,0
-0.923249,-2.822418,0
-0.519617,-1.502425,0
-1.081966,-2.480975,0
-0.512023,-0.014661,0
-0.682111,-2.889010,0
-0.623016,-1.671418,0
-1.189398,-2.820170,0
-0.398541,-2.556428,0
-0.754838,0.419379,0
-0.351874,-1.863504,0
-2.556055,-2.050089,0
-2.554954,0.116648,0
1.850084,-0.099965,0
-0.076370,-3.459466,0
-0.933134,-2.839429,0
-0.694818,0.334332,0
-0.566440,-1.854034,0
0.825277,-1.130104,0
-3.194409,-1.990170,0
0.546128,-2.102081,0
-0.417203,-1.294568,0
-1.901464,0.070093,0
-0.291622,-2.551210,0
0.105835,-1.477335,0
0.206138,-1.912611,0
-1.982603,-1.515902,0
0.549715,-0.986065,0
-1.181280,-0.994737,0
-1.859685,-1.413771,0
-1.433900,-0.683593,0
0.094640,-0.654149,0
-1.339078,-1.566801,0
-1.887751,-2.181274,0
-0.965061,0.140118,0
-2.355738,-2.070140,0
-2.628159,-0.455101,0
-1.301040,-1.708396,0
0.321654,-0.018540,0
-1.339306,-1.441878,0
-0.914158,-0.043915,0
-1.427452,-1.407083,0
0.175912,-1.362229,0
-1.102064,-0.189765,0
-0.675041,-2.948650,0
-1.429727,-1.897611,0
-2.151158,-0.323553,0
-4.213711,-2.097598,0
0.443210,-1.947752,0
-0.449302,0.088254,0
-0.739384,-1.113238,0
-0.552005,-0.223598,0
0.609899,-0.507094,0
-3.574169,-1.932687,0
-0.917405,-0.706428,0
-0.408761,-0.537867,0
-0.183220,0.930794,0
-2.913399,-2.712232,0
-0.762080,-1.366464,0
-0.917863,-0.957657,0
-2.172534,-1.225074,0
-1.554147,0.793252,0
-2.744048,-0.987130,0
-1.217557,0.121437,0
-1.601574,0.815343,0
-0.464228,0.440120,0
-0.863198,-0.315167,0
-2.408284,-1.567373,0
-1.171798,-2.833694,0
-1.724246,-0.655725,0
-1.146642,-2.262744,0
-1.667125,-1.137411,0
-1.219143,-1.505471,0
-2.311572,-0.660801,0
-0.613190,-1.329684,0
-1.588639,-0.817327,0
-0.331339,-0.620516,0
0.500445,-2.322402,0
-0.308132,0.715932,0
-1.652742,-1.812105,0
-0.311130,-2.889073,0
1.276430,-1.674880,0
-1.120691,-1.561798,0
-1.496192,-3.197663,0
-0.633462,-2.280550,0
-0.647339,0.975487,0
-1.530287,-0.508826,0
-1.838557,1.049022,0
-3.210421,-0.159271,0
-0.504135,-0.590577,0
-2.117978,-0.935307,0
-1.887176,-0.244313,0
-2.657367,-0.591484,0
0.048436,-2.849087,0
-0.017554,-2.616399,0
-0.895749,-0.295466,0
-0.065933,-1.389641,0
-1.206563,1.038861,0
0.417756,-2.233252,0
-1.165567,-2.340132,0
-0.027979,-1.235019,0
-1.051487,-1.673244,0
-0.005734,-1.828337,0
-0.995857,-0.238711,0
0.210048,-0.444577,0
-2.424139,-0.947962,0
-0.244834,-3.883421,0
-1.200319,-0.223395,0
-1.982132,0.385007,0
-0.460041,0.600538,0
0.061594,0.322821,0
-2.131248,-2.018243,0
0.776025,-1.445670,0
-1.668952,-1.399308,0
-0.408973,-0.119821,0
-2.698473,-1.186431,0
-0.247640,0.097962,0
-1.890786,-0.282647,0
-2.465221,-2.057998,0
-2.579734,-1.674415,0
-0.335994,-2.400939,0
-0.954959,-1.149782,0
-1.310989,1.293121,0
-0.796084,-0.529854,0
-1.374544,-1.751466,0
-1.247756,-0.822393,0
-0.766852,-2.024570,0
0.219799,-0.449345,0
-0.786107,-0.225564,0
-1.565428,1.632585,0
-2.051537,-2.084163,0
-1.514280,-0.894242,0
-0.793074,-1.983245,0
-0.045805,-2.051159,0
-1.203782,-1.796840,0
-0.453239,-2.102761,0
-1.771870,-2.109082,0
-1.400529,-0.010481,0
-1.159967,1.099661,0
0.188676,-0.301615,0
-0.730605,-0.757815,0
-0.383291,-2.173248,0
-2.557683,-1.295682,0
-1.946092,-2.300187,0
0.408323,-0.336286,0
-1.103311,-1.695487,0
-1.519668,0.097430,0
-1.689124,-2.169790,0
-1.600370,-2.741127,0
-1.509020,-2.133673,0
-2.151628,1.017736,0
-2.298122,-0.664912,0
-1.183901,0.570101,0
-2.073539,-2.229267,0
-0.693868,-1.849739,0
-3.264540,-0.785784,0
-2.273933,-0.700374,0
0.478965,0.091615,0
-1.652376,-2.088052,0
-1.594780,-0.502443,0
-0.414799,-0.845736,0
-1.410955,-1.150799,0
-1.237759,-0.655694,0
-0.267518,-1.483605,0
-1.352554,-2.377152,0
-3.066703,-0.684246,0
0.887803,-0.194262,0
-3.451747,0.851264,0
-1.004574,-0.841606,0
-1.065159,-1.429626,0
-0.313337,-1.721832,0
0.296155,0.682325,0
0.125842,-0.039936,0
0.083213,-0.047356,0
-0.952047,-0.984039,0
-1.368646,-0.526427,0
-1.703885,-1.607596,0
-0.748801,-2.587541,0
0.363482,-0.882277,0
0.174686,-1.108568,0
-1.203024,-0.230797,0
-1.932805,0.306463,0
-2.049825,0.673604,0
-1.236404,1.080074,0
-1.022078,-4.139648,0
-2.534922,-0.334494,0
-3.231403,-1.616098,0
-1.628726,-0.997064,0
-1.378884,-1.492054,0
-0.435449,-1.018762,0
-1.772555,0.239355,0
-0.572208,-0.740276,0
-1.407186,-0.289862,0
0.083726,-0.825168,0
-0.548094,-0.879957,0
0.105336,-1.151366,0
-0.275065,-1.623491,0
-1.115983,-0.093549,0
-2.136965,-1.491310,0
0.347131,-0.509694,0
-0.668763,-1.829919,0
-1.629599,0.931079,0
-1.117704,-1.498747,0
-1.021111,1.450036,0
0.554285,-0.794342,0
-2.267205,-0.907627,0
-1.278390,-0.088979,0
-3.064415,0.751177,0
-2.211356,-0.845820,0
-0.824581,-1.903903,0
-0.734199,-1.693508,0
-1.019124,-3.179073,0
-0.186606,-1.521194,0
-1.674580,0.344346,0
-0.818568,-1.628888,0
0.800757,-0.059670,0
-0.080423,-2.204600,0
-1.655622,-0.758319,0
-1.215602,0.358362,0
0.727728,0.811807,0
-0.927526,-0.465149,0
0.106182,-0.536419,0
-0.522544,-0.212600,0
-2.363240,-1.542416,0
-2.042644,-3.005753,0
-1.289391,-1.806841,0
-1.131504,-0.904675,0
-1.727459,0.305423,0
-0.195449,-0.260488,0
-1.018151,-1.283852,0
-0.203482,-1.041047,0
0.034764,-1.478317,0
0.456848,-0.346227,0
-2.142271,-0.653602,0
-3.243013,-1.435420,0
-1.218469,-2.821949,0
-0.086079,-1.371807,0
-0.603491,-0.705061,0
-1.115292,0.153796,0
-1.309604,-0.004293,0
-0.323281,-1.535590,0
-0.316317,0.374860,0
-1.948787,-1.439052,0
0.383931,-2.136640,0
-1.242370,0.253941,0
-1.395428,-0.611894,0
-0.529035,-2.978610,0
-1.972703,-1.580806,0
-0.724383,-0.152181,0
-0.722049,-3.019910,0
-0.941924,-0.528898,0
-0.334974,-0.374930,0
0.661045,-0.578285,0
0.208173,-1.479086,0
-1.180549,-0.549943,0
-2.240773,-0.818824,0
-0.988515,-1.265983,0
-0.270653,-2.615890,0
-0.761405,-1.567511,0
-3.136987,-1.243521,0
-2.790484,-0.449071,0
-1.002678,0.388211,0
-1.249632,-3.023636,0
-1.834984,0.647794,0
-2.893722,-1.273414,0
-1.042613,-0.461940,0
-1.288316,-1.112502,0
-0.343072,-0.461017,0
-1.398846,-1.389430,0
-1.794306,-0.791178,0
-1.365655,0.480785,0
-2.265960,-0.922526,0
-1.637496,-0.395300,0
1.037214,-0.679293,0
-2.805721,-0.280434,0
-1.659367,0.518302,0
2.143003,-0.356105,0
-2.067606,-0.341024,0
-1.425591,0.122908,0
-2.359893,-3.077008,0
-0.603669,-0.596431,0
0.728680,-0.672521,0
-2.385381,-1.662573,0
-0.977373,-2.264181,0
0.441149,-1.881880,0
0.849847,0.049444,0
-0.176682,-0.167854,0
-0.692049,0.284254,0
-1.823271,-0.275618,0
-2.248729,-1.378476,0
-0.590206,-2.056690,0
1.546078,-2.046019,0
0.642110,-2.022598,0
-0.366977,-1.616527,0
-1.171396,-1.994374,0
-0.355965,-0.587778,0
-2.612646,-0.740300,0
-0.808281,-1.542430,0
-1.030359,-1.700696,0
-1.174882,-3.470592,0
-0.252703,-0.418481,0
0.698989,-0.770394,0
-0.851794,-0.741559,0
-1.471577,-1.511856,0
-2.202682,-0.936045,0
-0.428646,-0.260672,0
-0.413410,-1.998754,0
-0.024418,-1.595301,0
-1.015267,-1.278423,0
-2.481124,-0.959529,0
-0.846907,-1.318548,0
-2.009381,-2.396354,0
-2.316228,2.143831,0
-2.739901,0.197573,0
-0.884069,-0.801928,0
-0.601692,-1.065229,0
-2.133332,-0.964530,0
-1.132006,-0.758023,0
-2.954261,-2.745595,0
0.674438,-1.170806,0
0.697116,0.101569,0
-2.229188,-1.272412,0
-0.433571,-0.388031,0
0.091029,-2.880623,0
-0.105614,-0.630547,0
-0.749794,-1.011776,0
1.619329,-2.477019,0
-1.413620,-0.740861,0
-1.266889,0.024024,0
-0.419339,-2.498949,0
-1.454691,0.078554,0
0.133509,-1.056067,0
0.271019,-0.215464,0
-0.935991,0.077633,0
-0.450243,-1.749013,0
1.101390,-2.271312,0
-2.130792,0.731004,0
-3.123850,-0.196704,0
-2.469582,-1.525897,0
0.213738,-0.561458,0
0.388414,0.368846,0
-1.255220,-2.777470,0
2.137452,-0.642275,0
0.853111,-2.194254,0
-0.912784,1.217794,0
-0.623468,-1.812588,0
-2.404964,-1.317613,0
-1.713914,-0.406481,0
-1.704576,-1.239031,0
-1.389258,-2.369345,0
-2.740098,1.594602,0
-1.374763,-1.315555,0
-1.035297,-3.424985,0
-1.424389,0.069245,0
-0.837126,-1.680874,0
-0.660794,-2.883088,0
0.810574,-0.724676,0
-1.439403,1.676747,0
0.349374,-0.656730,0
-1.625395,-0.550065,0
-2.656104,-1.016261,0
-2.272928,-0.579366,0
-2.744782,-0.003054,0
-1.356964,-0.364290,0
0.573899,-0.882307,0
-0.779299,-1.414629,0
-0.950579,-1.209704,0
-0.001984,-1.944898,0
-1.581615,-2.028825,0
-2.462823,1.308296,0
-0.156058,-0.791150,0
-0.740501,-0.062954,0
0.497097,0.219019,0
-2.717583,-0.703726,0
0.007145,-0.575229,0
-0.604420,-1.795725,0
-0.232486,-0.105953,0
0.783331,-0.368239,0
-2.558914,-0.819309,0
0.201694,-1.261681,0
0.845827,-2.577608,0
-2.633342,-1.135632,0
-0.588648,-0.763632,0
-2.018342,-0.463177,0
-1.508175,-1.675343,0
-1.832477,-2.462179,0
-1.409598,-0.745650,0
0.302795,-2.566116,0
0.100350,0.423256,0
0.430187,0.402432,0
-1.964209,-1.433070,0
-2.535321,-2.629019,0
-0.638219,-0.045889,0
-0.508886,0.562063,0
-1.058915,-2.379468,0
0.722628,-1.753565,0
-1.877050,-1.650901,0
-1.342775,-0.398961,0
0.179372,-0.026951,0
0.120998,1.266314,0
-1.863705,-1.513419,0
-0.735084,-0.494251,0
-2.255029,-0.485196,0
-2.069958,-0.741153,0
2.200897,-0.501639,0
0.490659,0.781380,0
-1.796787,-0.115426,0
-1.347473,-1.569625,0
-0.723552,-1.268954,0
-1.821111,-1.911195,0
1.186978,-2.100025,0
-0.701720,0.383511,0
-2.459359,0.039748,0
-0.865827,-1.447721,0
-0.366146,-1.003929,0
-1.715259,-0.907580,0
-0.851603,-1.600948,0
0.784784,-0.774869,0
-2.316031,-1.630904,0
-0.845442,-0.360941,0
-0.127277,-1.757970,0
-1.393607,-1.359745,0
-0.936742,-1.803450,0
-1.948492,-1.553424,0
-0.595133,-0.490579,0
0.425194,-0.668068,0
-2.255674,0.430361,0
-0.082233,-0.076252,0
-0.471298,-0.853548,0
0.984441,-2.878743,0
-0.991579,-1.948437,0
-1.633694,-1.963003,0
-1.049524,-0.808384,0
-1.646170,-2.756878,0
-0.493306,-0.880589,0
-1.426768,-0.741971,0
-2.403712,-1.271017,0
-1.546275,-1.377710,0
0.042516,-0.240555,0
-1.469215,-0.802032,0
-1.490723,-0.117977,0
-1.644033,-0.298048,0
-0.809808,0.497484,0
-3.556087,0.225055,0
-1.017165,-3.057844,0
-0.628579,-1.609337,0
-2.664508,-1.996791,0
-1.680018,-1.873046,0
0.090160,-2.450211,0
-1.332612,-0.851724,0
-0.175573,-0.962530,0
-0.753298,0.710209,0
-1.216243,-2.395435,0
-0.264627,-0.259195,0
-1.926194,-1.241967,0
-1.315490,-0.570850,0
-0.009960,2.291593,0
-2.150214,-0.375678,0
1.267318,-1.160971,0
-0.100971,-1.511157,0
-1.281561,-2.430656,0
-0.508257,0.594572,0
-1.808071,-2.019675,0
-1.871571,0.016752,0
-1.177936,-1.246486,0
-3.083150,0.138754,0
0.820797,-1.775805,0
-2.151443,-0.805927,0
-0.733014,-2.562237,0
-0.004067,-1.329311,0
-0.848584,-2.891339,0
-1.498204,0.655565,0
-2.169535,-1.314868,0
-0.763930,-0.995870,0
-2.199798,-0.187859,0
-0.736438,0.168217,0
-2.148903,-2.343923,0
-3.155606,-0.496498,0
-0.426039,-1.909927,0
-2.172307,-0.714786,0
-0.581253,-0.729198,0
-0.992608,-3.921288,0
-0.469961,-1.243243,0
-0.817093,0.231302,0
-0.295636,-1.782708,0
1.251451,0.052652,0
0.728269,0.056284,0
1.046635,-0.416773,0
-0.914771,-1.407463,0
-0.328954,-2.083448,0
-2.056081,-0.323265,0
-2.574977,-2.105582,0
0.130635,-1.504339,0
1.056063,-2.080034,0
-1.024512,-1.129284,0
-1.400866,1.567944,0
-0.289021,-0.162070,0
-0.224330,-2.169845,0
-1.237763,-1.378536,0
-0.971178,-1.222150,0
-2.938670,-1.316371,0
-0.366435,-0.232930,0
-2.127543,-1.604532,0
-1.073922,1.603726,0
-2.357935,0.885710,0
-1.588528,-2.370640,0
-2.370305,1.469622,0
0.638180,-1.793927,0
-1.517951,0.048282,0
-1.186840,-1.303032,0
-0.500563,-3.392562,0
-0.944309,-0.961534,0
-0.591280,-0.320026,0
0.226702,-1.961728,0
-1.050069,-1.093640,0
-1.495873,-0.303717,0
-0.767268,0.154703,0
1.033193,-0.239787,0
-0.533871,-0.385442,0
-0.363073,-2.457169,0
-2.616263,-0.852187,0
1.206467,0.111460,0
-1.023296,-0.721986,0
-0.780735,-1.426259,0
-0.710727,-0.291769,0
0.141337,-0.659330,0
-1.910625,0.137383,0
-1.793002,-1.268341,0
-2.194684,-2.213190,0
-2.353930,-0.020821,0
-1.139239,-1.967641,0
0.362106,0.160102,0
-0.635276,1.142111,0
-0.123613,-0.810838,0
-1.527808,0.113328,0
-0.446996,-0.432507,0
-1.366403,-1.028545,0
-0.155341,-0.592203,0
-0.961720,0.567665,0
-1.649696,-1.469181,0
-1.517874,-1.278435,0
-1.169728,-0.552478,0
-1.221694,-1.064784,0
1.218885,1.128831,0
-2.377857,-0.596112,0
-0.199004,-2.840832,0
0.701613,-1.038660,0
-1.173453,2.077105,0
0.238773,-1.764101,0
-2.389157,-0.562364,0
-1.471415,-0.819095,0
-1.309679,-1.380011,0
-1.114774,-0.927009,0
-1.928055,-1.178712,0
-0.145627,-2.367919,0
0.152198,-3.248004,0
-2.354475,-1.898359,0
-0.954453,-0.914095,0
-2.247098,-0.648739,0
-1.742063,1.119174,0
-2.935221,-0.472407,0
-1.253349,-0.505296,0
-0.168824,1.434743,0
0.377352,-1.429276,0
0.650585,0.054645,0
-3.069271,-0.983561,0
-3.227805,-1.897173,0
-1.801807,-0.134250,0
-1.579529,-1.126036,0
-1.287690,-1.355286,0
0.146794,-0.372193,0
-1.485648,-2.217324,0
-2.338426,-1.051527,0
-0.532718,-0.268197,0
-1.679456,-1.919562,0
-0.906259,-1.692109,0
1.176839,1.022257,0
-1.319898,-0.167615,0
-1.535987,-1.261242,0
-1.451598,-0.763477,0
-1.617114,-2.586303,0
-1.966264,0.424222,0
-1.559728,-0.608105,0
0.551117,1.000422,0
0.237374,-1.140357,0
-0.357988,-1.072720,0
-1.518118,-1.124148,0
-0.166172,-3.916040,0
-0.113174,-1.588067,0
-1.569196,-1.507682,0
0.680018,-0.908821,0
-0.126896,-0.381563,0
-1.717799,-1.050908,0
-0.673771,-0.414621,0
-1.314024,-1.873515,0
0.569017,-2.147207,0
-0.277656,-1.203833,0
-0.359397,0.534461,0
-0.627886,-1.930328,0
-2.297228,-2.002619,0
-2.204692,-3.391466,0
-1.763314,-1.585589,0
-0.705309,-1.041095,0
-1.577825,-2.727662,0
-1.788731,-0.184690,0
-0.972594,-0.667594,0
-3.712855,0.257364,0
-0.534747,-1.185373,0
-0.136874,-0.159611,0
-0.506788,0.122828,0
-1.459730,-1.480078,0
-0.264154,-0.557422,0
-3.416096,-1.395192,0
-2.042706,-0.260896,0
-1.856003,-2.018777,0
0.152778,-0.578659,0
-1.060554,-0.674044,0
-2.445192,-2.835496,0
0.314181,-1.202278,0
-2.358253,0.790904,0
-1.225150,-1.358222,0
-0.003995,-1.510398,0
0.099477,0.278617,0
-0.487415,-0.419613,0
-1.009520,-1.187597,0
-1.660357,-2.993698,0
-2.289065,-1.683719,0
-2.331681,-2.822142,0
-0.887840,-0.518960,0
1.100934,-0.515816,0
0.273532,-0.063561,0
0.156782,-0.069821,0
-0.915098,-0.667203,0
-2.907979,-2.109196,0
-1.451595,-0.639092,0
-0.675363,-1.486294,0
-1.461124,-0.807890,0
0.001971,-0.130365,0
-1.403211,-0.074861,0
-1.443436,-2.041030,0
-1.306776,-1.234878,0
-0.580048,-3.183943,0
-3.460586,-0.912330,0
-1.770109,-0.772356,0
-1.513759,-0.491234,0
-1.857969,-0.172097,0
0.063176,0.783894,0
-3.315309,1.983896,0
0.159686,-0.360100,0
-0.336029,-1.121534,0
-1.244362,-0.887042,0
0.954103,-1.679859,0
-3.145761,0.094404,0
0.528062,0.688054,0
-1.475960,-1.965607,0
-0.572250,-1.473000,0
-1.166287,-1.136346,0
-0.637790,0.067374,0
-2.712100,-0.740817,0
2.074629,-1.555800,0
-1.829147,-1.350434,0
0.253084,-1.803275,0
-1.300399,-1.793779,0
-3.089185,-0.404604,0
-0.793125,-0.689645,0
-2.768040,-0.581887,0
-1.086546,-1.773251,0
-1.087401,-2.605645,0
-0.662636,0.290760,0
-2.635446,-2.012291,0
0.709926,0.892277,0
-1.244823,0.267818,0
-1.505889,-0.928314,0
-1.000235,-0.136037,0
-0.613593,-1.229926,0
-2.288558,-1.457368,0
-1.129135,-1.914773,0
-1.362720,-1.509402,0
-0.197014,-1.547005,0
-0.963166,-0.603993,0
-1.007278,-1.063679,0
-1.034383,-1.820074,0
-2.363630,0.100164,0
-0.865234,-0.435885,0
-2.082098,-1.816950,0
0.809516,-0.479318,0
-0.794783,-1.222777,0
0.067259,-0.224856,0
1.057085,-0.414678,0
0.260149,-0.331926,0
-1.334391,-1.098256,0
-0.305618,-1.587888,0
0.814989,-0.547829,0
-2.050384,-0.357700,0
0.140522,-1.744609,0
-1.223942,-0.774583,0
-0.747472,-2.333886,0
0.072225,-0.953953,0
-2.519049,-1.972800,0
-1.406944,-0.407667,0
-0.930525,-2.811880,0
-2.597368,-1.091925,0
-1.038881,0.696231,0
-1.134381,-2.505230,0
-0.703381,1.272861,0
-1.934202,-1.078969,0
-0.717455,-2.155942,0
-2.072260,-1.536523,0
-1.798900,-1.935597,0
0.883170,-1.838102,0
-1.286024,-2.092456,0
0.144290,0.105200,0
-0.248397,1.386092,0
-0.555917,0.103642,0
1.070635,-2.100033,0
-1.905885,-1.465590,0
0.384347,-0.137625,0
-1.792964,-0.512332,0
-1.613158,1.602802,0
-1.124054,-1.059189,0
-2.279339,-2.641363,0
-0.922785,0.161621,0
-0.294098,0.384696,0
-2.427860,-0.037620,0
-1.728739,-0.528261,0
-0.591770,-2.486203,0
-3.365604,0.377549,0
0.024287,0.479360,0
-0.729408,-0.387106,0
-2.375695,-0.958187,0
0.442549,-0.690781,0
-0.955972,0.128674,0
-2.155482,1.305430,0
-1.523242,-2.021374,0
0.470477,-0.425169,0
-0.802751,0.113202,0
0.499362,0.693317,0
-0.989758,-0.709769,0
-2.324322,-0.752910,0
-0.844331,1.227280,0
-3.875599,-1.495091,0
0.636156,-2.385827,0
-0.018854,-1.477109,0
0.694459,-1.973911,0
-0.789164,-0.808917,0
0.944223,-2.111744,0
-0.105318,-0.445446,0
-0.911461,-0.795100,0
-4.010034,-2.001179,0
-0.816957,-0.556164,0
0.498064,-1.213815,0
-0.223469,-0.235094,0
-0.270667,-1.194175,0
0.324257,-1.595139,0
-1.200574,1.020159,0
-1.903752,-1.693009,0
-1.676068,1.088127,0
-1.122744,-0.403932,0
-0.661049,-0.403937,0
-1.333587,-0.348513,0
-0.188624,-1.438867,0
-1.439753,-1.536219,0
-1.074554,-1.168495,0
-0.827930,1.003315,0
-1.386506,-0.266429,0
-1.696530,0.573932,0
-0.030381,0.235102,0
0.386731,0.865241,0
-1.752661,-1.412778,0
0.326183,1.900762,0
-1.260606,-2.750340,0
-2.548929,-0.628749,0
-0.922588,-1.607182,0
-0.749536,-0.645722,0
-1.848609,0.328643,0
-3.288553,-0.761087,0
-3.094407,-2.310205,0
-1.181603,-1.730152,0
-2.030514,-1.621490,0
-0.545825,-1.501928,0
0.353245,0.378283,0
-2.080152,-0.014386,0
1.588261,0.816091,0
0.667212,-0.171348,0
-1.846838,-1.040982,0
-1.657052,-0.067959,0
-1.780659,-0.812992,0
-1.138605,-2.376411,0
-0.945828,-1.779934,0
-0.589304,-1.057149,0
1.829917,0.032000,0
1.381579,-1.888572,0
-2.569062,1.425892,0
-0.336425,-3.249427,0
-0.032611,-2.289621,0
0.383478,-1.386667,0
-1.042152,-2.317382,0
-1.992342,-1.183560,0
-2.385621,-3.340729,0
0.726621,-1.069804,0
-1.169369,-2.589013,0
-1.082112,-2.560409,0
0.339412,-1.571930,0
-0.996509,-0.655258,0
-1.635285,0.164939,0
0.187869,-0.902390,0
0.325775,-2.836603,0
1.541967,-2.219898,0
-2.274990,-0.787669,0
-2.507708,-0.557010,0
-0.126209,-0.719351,0
-1.828852,-1.478153,0
-0.621041,-0.980769,0
-0.007702,-1.492505,0
-0.927390,-2.566450,0
-1.586701,-2.338813,0
-0.268248,0.239684,0
0.588366,-2.712612,0
-1.062892,-2.583932,0
0.460187,-1.469558,0
0.678854,0.172843,0
-0.643501,-0.752436,0
-0.174335,-0.698844,0
-1.402670,-2.031991,0
0.248809,0.057054,0
-1.584096,-0.835458,0
-1.110309,-1.591521,0
-0.432159,-1.948293,0
-0.395675,-2.580392,0
-1.724201,-0.584469,0
-1.087096,0.071525,0
-0.598317,-0.016091,0
1.308125,-0.345543,0
-1.777012,0.209929,0
-1.392427,-0.482861,0
1.373818,-3.154058,0
0.037821,-1.005370,0
0.058008,1.494560,0
-1.907527,-0.835452,0
-0.961604,-0.263290,0
-2.130853,-0.969527,0
-1.879132,-0.909907,0
-1.884534,-2.605958,0
-1.718072,-2.160069,0
-3.136202,-0.092017,0
-0.289117,-0.453646,0
-0.888847,-1.547515,0
-1.119013,-1.970214,0
-0.830937,-0.582266,0
0.238594,-0.782349,0
-0.756707,-1.981035,0
-1.526342,-0.484923,0
-2.402132,-2.004850,0
-0.111740,-0.325825,0
-0.659949,-0.193581,0
-2.129322,-0.153711,0
-0.930374,-1.625104,0
1.115198,-1.939381,0
-0.921360,0.657194,0
-3.864954,-1.457406,0
-1.679775,-1.760402,0
-0.951034,-0.542055,0
-1.211956,-4.036945,0
-1.350529,0.571788,0
-1.066041,0.272966,0
-1.151983,-1.395443,0
0.199752,0.128145,0
-1.361681,-1.128379,0
-3.148456,-0.030376,0
-1.040929,1.398820,0
-1.753049,-0.487426,0
0.151743,-0.926491,0
-2.006409,-0.944512,0
-0.229829,0.695757,0
-1.789249,-0.908863,0
-2.472304,-1.646911,0
-1.475194,-2.266621,0
0.368252,-2.811428,0
0.814082,-1.708967,0
-0.073774,-1.094064,0
-1.788283,0.698711,0
-2.562152,-1.740873,0
1.339556,-1.496903,0
-0.385733,-1.117387,0
-1.065127,-3.762117,0
-0.938772,-3.065494,0
-2.630729,-2.460558,0
-0.020838,0.935849,0
-0.613790,-3.430237,0
-2.193754,-1.950302,0
-0.609093,-2.629047,0
-1.689013,-1.426818,0
-0.707277,-0.641540,0
-1.986808,-0.457117,0
-2.917509,-1.244200,0
-2.282953,-1.471704,0
-1.703570,-1.288337,0
-2.006319,-0.874009,0
-0.828188,-1.004931,0
-2.771129,-3.671041,0
-1.576889,-2.057143,0
-0.238046,-0.210820,0
-1.357455,0.595164,0
-0.600955,0.142797,0
-2.396889,-0.681720,0
-1.220942,-2.245121,0
0.105636,-0.395841,0
1.059033,-2.186950,0
-1.817907,-1.612869,0
-1.780987,-1.008288,0
-1.246533,-1.903311,0
-0.858373,-0.499886,0
-0.815613,-0.512502,0
-2.961534,-0.917669,0
-0.735911,-2.684838,0
-1.867784,-2.087935,0
-0.525893,-0.042050,0
0.408778,0.139479,0
-1.896980,-2.815190,0
0.613805,-0.931001,0
-2.948888,-0.367513,0
-0.748386,-2.073423,0
-0.191801,-0.380336,0
-0.687172,-1.357880,0
-0.665144,-2.099848,0
-1.748929,-1.078284,0
-2.255271,-2.935825,0
0.224243,-1.992147,0
-1.418487,-2.093367,0
-0.640677,-1.439476,0
0.623750,-1.597631,0
-2.188289,1.103103,0
-0.746318,-0.173324,0
-1.522150,0.196857,0
-1.366209,-1.897406,0
-2.177557,-1.015433,0
-0.042846,0.350034,0
-1.581905,-0.167936,0
-1.090644,0.690264,0
-2.503985,-0.531475,0
-1.672800,-3.302179,0
-0.666197,-0.535366,0
-0.614914,-0.402390,0
-0.885581,-2.476380,0
-0.335214,-0.891546,0
-1.408702,-1.353286,0
-1.509069,-2.278033,0
-0.499290,-1.177841,0
-0.270375,-1.433298,0
-1.319882,-3.345789,0
-0.713476,-1.033676,0
-0.886990,-1.064136,0
-2.492598,0.273883,0
-0.976175,-0.558574,0
-1.670940,0.717628,0
-0.040722,-2.499019,0
-1.779998,-2.265317,0
-0.559478,-0.976808,0
0.145458,-0.222970,0
-0.961927,-0.454431,0
-0.154827,-1.467395,0
-1.417765,-3.072837,0
-0.606716,-0.324464,0
-1.148221,0.943803,0
-1.087168,-0.860822,0
-0.422555,-1.345569,0
-0.052903,-1.790865,0
-0.674608,-1.226896,0
-1.324855,-1.242892,0
-0.329809,-1.828318,0
-0.376822,-2.506221,0
-0.538238,0.242335,0
-3.145443,0.452112,0
-2.508168,-0.946000,0
-0.694903,-0.489506,0
-2.622310,-1.569152,0
1.159337,-1.555472,0
-0.964358,-1.704174,0
0.279940,0.518105,0
-1.802175,-2.450311,0
-0.344586,1.050694,0
0.703122,-2.227304,0
-1.252048,-2.527882,0
-0.351520,-2.296152,0
-0.102274,-1.251134,0
-0.426688,1.120592,0
0.582314,1.255117,0
-1.100098,-0.822404,0
-1.613119,-2.937154,0
-2.039808,-0.177061,0
-1.063489,-1.735114,0
-0.578365,-1.521291,0
-4.021267,-0.363276,0
-1.402817,-0.646041,0
-1.669459,-1.610207,0
-0.968942,-3.088653,0
0.381462,0.270230,0
-0.498713,-1.124113,0
-1.108581,0.478683,0
-0.890256,-1.686820,0
0.036010,-1.579258,0
-1.028822,-0.539403,0
-1.741971,-0.735403,0
-0.278981,1.262946,0
-1.598827,-1.057598,0
-1.299955,-1.449238,0
-0.007862,-0.660606,0
-0.965577,-1.250797,0
-0.711643,-0.836467,0
-1.040793,-2.162192,0
0.742804,1.125088,0
-0.814593,-0.522688,0
-0.506326,-1.627247,0
-0.334030,-1.906155,0
-1.516547,-1.275410,0
-0.927470,-0.124875,0
-0.367035,-0.057257,0
-0.888201,-1.323679,0
-0.948660,-0.735029,0
-2.202053,-1.072029,0
-1.298243,1.143146,0
-1.734648,-0.655342,0
1.061863,-0.634282,0
-0.565713,-2.349948,0
-1.013266,-1.766712,0
-2.321103,-1.662686,0
-0.784802,-0.258352,0
-0.273412,-1.654777,0
-2.762807,-1.200235,0
-0.350179,-0.445207,0
-1.188890,-1.712703,0
-4.347432,-1.770296,0
-2.054577,-0.351536,0
0.512819,-1.777982,0
-0.212229,-1.647251,0
-0.647346,1.409910,0
-0.732618,-1.914690,0
-0.748302,-2.372468,0
0.478769,-1.566185,0
-0.918384,-1.140497,0
2.145221,-1.866555,0
0.611326,1.093243,0
-0.370225,-1.677983,0
1.129232,0.188731,0
-0.521078,-1.278736,0
-1.117848,-1.233774,0
-0.277569,0.327161,0
-0.913925,-0.632782,0
0.522855,-1.771162,0
-0.521357,-1.708161,0
-0.311420,-1.725817,0
-0.820810,-0.482469,0
-0.962390,-2.067153,0
-1.849574,-1.194516,0
-0.402231,-0.520860,0
-1.341644,-0.987857,0
-2.691518,1.465343,0
0.757491,-0.055533,0
-0.483214,-0.275279,0
-0.557479,-0.624387,0
-1.321090,-2.822675,0
-2.742161,-0.229086,0
-1.983925,-0.256631,0
-1.173860,-0.336006,0
-2.633946,-1.330157,0
0.093652,-0.046798,0
-1.886568,0.013863,0
-2.330423,-0.887383,0
-1.161455,-0.251227,0
-0.523922,-1.837359,0
-1.761749,-1.778954,0
-2.927637,-0.133195,0
-0.516777,0.010284,0
-3.239576,-0.010561,0
-1.946593,-1.507144,0
-0.849894,-0.606203,0
-0.230249,1.037766,0
-1.009188,-1.622586,0
0.385488,-0.118180,0
-1.738869,-0.501091,0
-0.824854,-0.422117,0
0.315782,-1.066998,0
-1.159630,-1.488696,0
0.557110,-1.300799,0
-1.445679,-0.913561,0
-1.060765,-0.273897,0
-0.295822,-0.927433,0
-0.150553,-1.194642,0
0.584157,0.267990,0
-2.030600,0.166778,0
-2.078846,-1.938646,0
-0.882967,-3.480844,0
-1.280502,-0.857269,0
-1.668660,-1.065495,0
-3.061688,-2.234241,0
-3.268027,-0.370446,0
-0.387065,-0.970544,0
-1.221268,-1.868459,0
-1.039032,0.008450,0
-2.948474,-0.704743,0
-0.019225,-0.102909,0
0.357961,0.296195,0
-2.528044,-2.177771,0
-2.277522,0.765827,0
0.065217,-1.765594,0
0.146243,-1.034327,0
-1.273234,-0.690424,0
-2.647328,-0.237695,0
-3.397829,-1.165738,0
1.251809,-1.779428,0
-1.210243,-0.719292,0
-0.690694,-2.657631,0
-2.321596,-0.034405,0
-2.125749,-0.268454,0
-2.559501,-0.780198,0
-0.488920,-1.437202,0
-2.806953,0.111855,0
0.747038,0.221114,0
-0.206425,-2.814528,0
-1.825872,-0.914745,0
-0.810725,-1.339734,0
0.473801,-0.582573,0
1.849969,-1.053838,0
-1.188644,-0.403132,0
0.327177,-2.068721,0
-0.795124,-1.170394,0
-2.849944,0.243083,0
-1.213961,0.394117,0
-0.357753,0.511370,0
1.258555,-0.992345,0
-1.658292,-0.410732,0
-0.787706,-1.290616,0
-0.284335,-0.581212,0
-0.160208,-1.157136,0
-0.887053,-0.539377,0
-1.561216,-0.707834,0
1.393218,-1.589366,0
-0.217184,-2.305115,0
-0.797328,-2.477182,0
-0.734802,-1.520088,0
-1.131993,-0.896422,0
0.617678,-1.546559,0
-1.154906,-1.256950,0
-0.855696,-3.577401,0
-0.942808,0.403410,0
0.531692,-1.549181,0
-2.296777,-1.100852,0
0.274796,0.735321,0
-2.155450,-1.880922,0
-0.676438,0.174954,0
-0.407734,0.523612,0
-1.805502,-1.033391,0
-1.012896,-0.825129,0
2.315208,0.778000,0
-1.849122,0.232448,0
-0.325408,-1.796574,0
-1.167478,-1.828832,0
-1.008078,-1.886602,0
-1.136943,-0.397330,0
-2.114793,0.920092,0
-2.849616,-0.188381,0
-1.585534,-1.043801,0
-3.011215,-1.373817,0
-0.831362,-2.250931,0
-0.500207,1.312737,0
-1.089976,-0.356639,0
-0.586532,0.801386,0
1.219706,-0.495980,0
-0.115904,-1.344087,0
-1.177198,-0.184841,0
0.551152,-0.814243,0
-2.264801,-0.658770,0
-0.607283,-1.419388,0
-1.772714,-0.420739,0
-1.184273,-1.176342,0
-2.208958,-1.813758,0
-0.233805,-0.095462,0
-1.706452,0.316665,0
-1.539211,-1.921501,0
-2.233598,-0.976465,0
-2.263247,-2.284648,0
-0.853879,-1.233290,0
0.026029,-1.916890,0
0.569174,-1.660654,0
-0.611596,-0.636022,0
0.705022,-2.072737,0
-1.301692,0.189554,0
-1.378004,0.319216,0
-2.178139,0.695762,0
-1.886604,-0.555377,0
-0.381541,-2.951243,0
-2.907252,2.047893,0
-0.745253,-2.198242,0
0.980119,-1.476131,0
-0.257947,-1.273042,0
-1.517415,0.897559,0
-0.983464,0.017249,0
0.872891,0.336646,0
-1.451739,-1.143229,0
-1.689359,-1.730873,0
-0.430099,-2.335845,0
-0.449844,-2.822158,0
0.228142,-0.346457,0
-1.103595,-1.900911,0
-1.021842,-1.893871,0
1.008187,0.232776,0
0.109341,-0.485003,0
0.194738,-1.903110,0
-2.057559,-0.268460,0
-1.561967,-1.908945,0
-0.882545,-0.350310,0
0.422014,-1.845939,0
-2.115022,-0.674941,0
-0.588154,-0.554722,0
-0.629994,-1.698324,0
-0.922321,-2.078332,0
-1.319125,-0.738007,0
-0.041753,-0.686861,0
-1.571298,-0.556302,0
-1.915472,-0.985630,0
-1.212617,-1.262448,0
0.417236,-1.572417,0
0.074122,-0.295138,0
-1.140404,1.893525,0
-1.946897,-0.394526,0
-0.641609,1.690659,0
-0.406613,-0.212804,0
-0.095636,0.175453,0
0.053716,-1.273577,0
-0.611003,-0.927751,0
0.165874,0.095098,0
-0.921813,-2.350668,0
0.172875,-1.441820,0
-0.204206,-1.969297,0
-2.357010,-1.461313,0
-0.396244,1.092854,0
0.845091,0.585248,0
-1.466827,0.760505,0
-0.379820,-1.887856,0
-1.323041,-3.524612,0
0.015875,-1.581022,0
0.516816,-2.397021,0
-0.693749,-1.237486,0
-1.712469,-2.431666,0
0.231996,-0.564701,0
-3.075370,-1.491530,0
1.290620,-3.689825,0
-1.694837,-0.818580,0
1.530148,0.187660,0
-2.930144,-1.707893,0
-0.499920,-0.507587,0
-1.743180,-1.463644,0
-1.179818,-0.373405,0
-0.512587,-1.225774,0
-1.277773,-1.161842,0
-1.302049,-0.672482,0
-0.325701,-2.360510,0
-0.705143,-1.517713,0
0.044766,-0.776261,0
-0.291742,1.652742,0
0.368116,-0.257429,0
0.183673,-0.079302,0
-1.730949,-0.827175,0
-1.439615,-0.042249,0
-0.594919,-0.812687,0
1.210294,-1.674212,0
-0.192259,-1.552341,0
-0.209462,-1.744880,0
-1.152764,-2.104953,0
0.911065,-2.459724,0
-0.929705,-0.553812,0
-0.808603,-0.552085,0
-0.021474,-1.732919,0
-1.227818,-0.091768,0
-2.415468,-1.723933,0
-0.908522,-1.351905,0
-0.383281,-3.182812,0
-2.314873,-1.293692,0
-1.636044,-0.617081,0
-1.530663,-0.634715,0
-1.673548,-0.825881,0
-0.289536,-1.923291,0
-0.795562,0.792840,0
-0.094236,-2.004305,0
-4.998908,-1.368582,0
0.410005,-0.847976,0
-1.654161,-2.203608,0
-0.991212,-1.910319,0
-0.732968,-3.373217,0
2.783136,-1.372253,0
0.630201,0.007047,0
-0.072445,1.296246,0
-1.526909,-3.060414,0
1.284222,-1.958305,0
-0.259171,-0.598576,0
0.201855,-1.492909,0
-2.019021,-1.217283,0
-1.867147,-3.284366,0
-1.076504,0.186548,0
-1.068256,-0.741300,0
0.659531,0.071485,0
-1.109716,-0.719196,0
-1.172858,-0.477828,0
-0.104198,-1.420874,0
-1.297365,-0.246538,0
-1.492449,1.307108,0
-0.672545,-0.968833,0
-1.403354,-0.800248,0
-0.745949,-1.413571,0
1.794388,0.045056,0
0.623585,-2.167929,0
-1.328384,-0.902126,0
-0.606071,-2.187871,0
-0.649232,-1.218736,0
-1.074200,0.593520,0
-0.547754,0.167541,0
-0.813353,1.049037,0
-0.738217,-0.359566,0
0.664902,-0.353352,0
0.159417,-0.522559,0
-0.317536,-1.779789,0
-0.214376,-0.968139,0
-0.422591,0.605210,0
0.028037,-0.619920,0
-1.961981,-0.664251,0
-2.526764,-1.572795,0
0.066420,1.818308,0
-0.772399,-0.433613,0
-1.229695,1.275132,0
-2.226676,0.650488,0
-0.685315,-1.537465,0
-0.152362,-1.902418,0
-1.317194,-0.481863,0
0.335206,-0.719520,0
-1.751392,0.283281,0
0.245267,-0.654754,0
-0.362798,-1.677436,0
-2.732646,-2.295077,0
-4.531635,-0.642444,0
-1.088188,-1.959589,0
-2.946765,-1.727400,0
-1.573199,0.773137,0
-1.222289,1.098461,0
-1.642551,-1.507210,0
-1.620517,-0.751125,0
-1.970357,-1.316722,0
-3.063039,-3.234835,0
-0.612410,-0.316119,0
-3.228886,1.394995,0
-0.165711,0.728951,0
-0.079075,-1.759765,0
-1.856071,0.854176,0
-1.215177,-0.482937,0
0.357531,0.527435,0
-0.623939,-3.026690,0
-1.594552,-1.605811,0
-0.528781,-0.113747,0
0.135388,-1.897192,0
0.229735,-0.394635,0
-0.663709,-0.426628,0
-1.946268,-1.717431,0
-2.589603,0.982209,0
-1.750840,0.050100,0
-1.548567,-0.816388,0
-2.515894,-0.631017,0
-0.318202,-1.678619,0
-0.522983,0.883686,0
-3.055368,-1.540098,0
-0.838983,-0.855630,0
-1.278189,-0.904250,0
-0.841951,-0.164268,0
1.355458,-2.200492,0
-2.023603,-2.827190,0
-0.791754,-1.999740,0
-0.645931,-1.605118,0
0.601318,-0.611683,0
-1.727479,-1.080232,0
-0.691960,-1.045931,0
-0.916598,-0.899766,0
-3.414521,-1.306160,0
-1.434462,-0.646247,0
0.757498,-0.847645,0
-1.762892,-1.789231,0
-0.097984,-0.128948,0
-0.503511,-1.906901,0
-0.943176,-0.413348,0
-1.002720,-1.656866,0
-1.232311,-2.062825,0
-0.806270,-1.508386,0
0.022309,-0.539162,0
-1.631942,-1.175951,0
0.230282,-1.191414,0
-0.519758,-0.269359,0
-0.974440,-0.242213,0
-2.863454,-2.903713,0
-0.189519,0.687626,0
-1.504992,-2.101389,0
-0.262365,-0.675523,0
-3.595562,-3.573347,0
1.932029,-1.665887,0
-0.101239,0.184673,0
-1.311549,-1.411726,0
0.561159,-0.700672,0
1.274116,-2.164275,0
-0.603903,-1.363289,0
-2.378364,-1.981478,0
-2.224758,-2.431930,0
-2.286266,-2.885243,0
-1.676144,-0.250702,0
0.348535,-2.441083,0
-1.662945,0.121758,0
-1.231790,-0.990768,0
0.352390,0.263980,0
-1.879497,-1.871321,0
-1.209288,0.061878,0
1.363719,-1.946392,0
-1.451590,-3.120419,0
-1.422770,1.141670,0
-1.308799,-0.675707,0
-1.766065,0.593422,0
-0.875152,-1.741666,0
-0.786750,-1.053376,0
-1.266543,-2.258058,0
-0.296083,-2.314872,0
-0.580422,-0.574234,0
-1.069175,0.131731,0
-1.219680,-0.708731,0
-2.864054,-1.197176,0
-0.249219,-0.179590,0
0.712742,-1.134945,0
-0.751924,-0.145435,0
-0.182111,-3.653581,0
-0.190485,-0.674021,0
0.191224,-1.804786,0
0.184581,-0.911533,0
-0.101390,0.165402,0
0.517443,-0.416162,0
-0.193493,-2.645247,0
-1.630459,-0.720638,0
-1.140350,-0.812239,0
-0.521996,-0.483018,0
0.242167,0.810783,0
-0.042049,-2.440680,0
-1.064569,-1.111447,0
-2.288684,-1.201889,0
-1.437850,-0.718026,0
-0.193495,-1.174941,0
-0.926449,1.898576,0
0.952829,0.834895,0
-1.503978,-0.805041,0
-0.182504,0.736213,0
-2.107428,-1.448584,0
-0.945706,-2.588727,0
-1.234730,1.255948,0
-0.105959,-0.554332,0
1.109354,-0.098295,0
-1.444215,-0.668523,0
-1.769656,0.871112,0
-2.092656,0.070375,0
-2.855742,-1.857403,0
-1.585198,-0.013635,0
-1.701299,-3.278590,0
-0.252332,0.009170,0
-0.419179,-1.468523,0
0.270739,-1.372772,0
0.939189,0.016239,0
0.391722,-0.505629,0
0.936377,-2.136307,0
-0.641770,-2.345964,0
-0.638607,-0.764404,0
0.271906,-3.146392,0
-1.303590,-0.605840,0
-1.674285,-1.708256,0
-0.705626,-2.205231,0
-0.788806,-0.429826,0
0.287082,-0.213356,0
-0.826908,-0.765603,0
-0.986436,-2.217199,0
-1.078888,0.588817,0
-0.879939,-0.782977,0
-1.002716,-0.361608,0
-0.419910,-1.937586,0
-0.116897,1.276706,0
0.198336,0.460362,0
0.084104,-2.091134,0
1.414554,0.575512,0
-0.010706,0.165151,0
1.084029,-0.727220,0
-1.592586,0.408387,0
-0.345523,-0.645618,0
-1.566271,-0.111693,0
-0.335439,-1.175691,0
-1.083021,0.017747,0
-1.899685,-0.356245,0
-1.600938,-1.281488,0
-0.550833,-0.190443,0
-1.190863,-1.773320,0
-1.049807,-0.703242,0
-1.035579,-0.633084,0
-0.775975,-0.289639,0
-1.580553,-0.929710,0
-1.295173,-2.240526,0
-3.307570,-1.913140,0
-1.649240,-0.163291,0
0.117782,-0.046989,0
-3.739202,1.348880,0
-1.017357,-1.045594,0
-1.608097,-0.863974,0
1.229504,-1.000969,0
0.548979,-0.247033,0
-0.417045,1.041423,0
0.767260,-1.796934,0
-1.527251,-1.586569,0
-3.511968,1.534659,0
-1.533036,-1.046818,0
-0.937200,-1.112253,0
-2.303920,0.083214,0
-1.182691,-1.028918,0
-3.147095,0.044312,0
-0.630333,0.267830,0
-1.163459,-1.197350,0
0.049545,0.196042,0
-0.531555,0.844049,0
0.049872,-2.457877,0
-1.442694,-1.042223,0
0.568646,-1.072625,0
-0.233611,-1.475248,0
0.085725,-0.819063,0
-2.504070,-1.777658,0
-2.478009,-0.282288,0
-1.628022,-2.457914,0
-0.362668,-0.545366,0
-1.443419,-0.364244,0
0.074231,-1.639496,0
0.138362,-1.161066,0
-1.890810,-1.134870,0
0.057713,-1.834810,0
-0.672840,-2.399734,0
-0.828839,0.085877,0
-0.037187,-1.065817,0
0.247339,-2.279957,0
-0.326252,-2.853186,0
-1.491896,-1.898960,0
-2.406103,-0.273349,0
-0.881148,-0.106158,0
-1.415495,0.428871,0
-1.434852,-2.516980,0
0.406617,0.421233,0
-0.765505,-0.706376,0
-0.608331,-0.271805,0
-1.167932,0.187706,0
-1.754526,-1.196932,0
-2.658708,-0.355474,0
-2.434818,-0.966081,0
-2.255832,-0.033859,0
-1.195470,-0.444342,0
-0.539099,-0.982435,0
0.631620,-0.789736,0
-0.012263,-0.731317,0
-0.990026,0.749558,0
-0.171800,-0.384834,0
-0.457279,-0.698699,0
-0.535505,-1.905117,0
-0.510280,-0.124496,0
-0.994675,-2.656409,0
-2.108252,-1.215588,0
-0.792350,0.158932,0
-0.539424,-0.976193,0
-2.845719,-1.005727,0
-1.131045,-1.513633,0
-0.025797,-0.629667,0
-1.758575,0.125907,0
-2.199764,-0.367510,0
1.402848,-0.337789,0
0.269555,-1.285851,0
-0.617590,-1.472609,0
-0.069744,-1.193426,0
-1.819721,-0.418171,0
-1.987499,-1.836694,0
-1.682617,-0.046191,0
-0.867027,-0.940101,0
-0.892616,-1.576773,0
-2.230048,-1.485536,0
-2.143452,-1.007989,0
0.199904,-2.129302,0
-3.120372,-2.278774,0
-1.390705,-2.356045,0
0.062027,1.220499,0
-1.985632,-2.802181,0
-0.418735,-0.605774,0
-1.731403,-1.399428,0
-2.466583,0.079850,0
-1.218624,-2.572670,0
-0.038838,-1.639028,0
-0.261475,-0.412863,0
-1.226872,-0.606103,0
-0.822904,-0.309731,0
-1.041682,-0.113360,0
0.058189,-2.036261,0
-2.052747,-0.829377,0
-1.145895,-1.716893,0
-0.451193,-0.617119,0
-2.327019,-0.679491,0
-0.181910,-0.565799,0
-1.969575,-3.160270,0
-2.356483,0.972749,0
-3.869040,-2.661042,0
-1.564685,-0.844305,0
-0.580034,-1.098793,0
-0.054152,-1.831357,0
-0.224954,-0.102266,0
-1.078080,-0.721621,0
-2.624807,-0.877520,0
-2.207542,0.284852,0
-1.358821,-1.141763,0
-1.627035,0.205572,0
-1.331684,0.078687,0
-2.677658,-0.196090,0
-1.946469,-0.948049,0
-2.150883,-0.020902,0
-1.786701,-0.545992,0
-1.257254,-0.991014,0
-3.017426,0.459775,0
-2.690132,-3.574416,0
-2.562232,-1.283068,0
-2.320851,-2.323002,0
-0.852327,-0.401588,0
-0.250067,-0.578168,0
-0.301711,-2.629047,0
-1.139072,-1.450772,0
-1.209560,-1.496068,0
-2.448995,-0.122641,0
0.768689,-1.503649,0
-2.959967,-2.706356,0
-1.114340,-0.274989,0
-1.490796,-1.378458,0
-1.957396,-0.722529,0
-0.281649,-1.422711,0
0.109058,-1.662332,0
-1.630101,0.687915,0
0.053497,-0.739061,0
-1.500660,-1.756538,0
-0.871349,0.578769,0
-2.655267,-0.495053,0
0.018566,-2.109161,0
-0.916103,-0.657330,0
-0.672361,-1.155279,0
1.759077,-0.944128,0
-3.286809,-1.603697,0
1.128359,-0.701136,0
0.843135,1.013521,0
-1.374137,-0.393662,0
0.064620,-0.616936,0
-0.046120,-1.244826,0
-0.337159,-2.701206,0
-2.020581,-1.460209,0
-0.218466,-0.460090,0
-1.238541,-1.353696,0
-0.547984,-1.002423,0
0.538652,-1.454035,0
-2.023478,-0.023679,0
0.216551,-1.694161,0
0.356830,-1.795243,0
-0.561733,-1.940868,0
-1.139498,-1.975725,0
-0.299222,-2.794917,0
-0.626517,-1.396613,0
-0.185020,-1.103021,0
-0.511609,-0.456771,0
-0.892507,-1.143675,0
-2.107238,0.793096,0
-0.261850,-3.957818,0
-0.366995,0.535166,0
-0.843125,-1.832426,0
-0.116770,-2.821023,0
-1.413083,-1.046829,0
-1.934401,0.086257,0
-1.119249,-0.176370,0
-2.729140,-0.608524,0
-0.295206,-1.302670,0
-1.028325,-0.015390,0
-1.661578,-0.897184,0
-0.700946,-0.181464,0
-0.443602,0.265921,0
-0.844900,-1.768379,0
-1.739949,-0.710406,0
-0.060974,-0.917107,0
0.020657,0.076254,0
-0.533987,-1.289324,0
-1.334919,-0.517526,0
-3.963287,-1.813904,0
-1.502179,-2.352678,0
-1.497367,-1.024213,0
-0.158538,-1.320987,0
-0.365617,0.084933,0
-0.855305,-1.181371,0
-0.278577,-1.674016,0
-1.779322,0.264797,0
0.226254,-2.326297,0
3.100918,-0.909255,0
-0.124267,-2.867522,0
-2.307964,-0.539787,0
-1.098250,-0.791256,0
