1.280130,0.459454,1
-0.428914,1.700236,1
0.920197,0.935067,1
0.392969,1.396994,1
0.527855,0.102515,1
1.201708,0.664921,1
1.378919,1.284014,1
3.180151,-0.983872,1
0.602721,2.062147,1
1.536456,2.276465,1
1.633460,-0.209277,1
1.057606,0.512013,1
2.901457,0.530451,1
1.050239,2.462020,1
2.199995,-0.309568,1
0.515062,1.673177,1
-0.725515,2.660285,1
1.154026,1.316870,1
-0.005577,0.420329,1
-2.136423,0.134456,1
0.075515,0.047137,1
2.201060,1.890536,1
0.827145,1.150896,1
0.432581,-0.195096,1
-0.261748,0.606399,1
1.713401,0.616508,1
-0.325889,0.328699,1
-0.154859,2.068784,1
1.337244,2.142660,1
2.293952,2.479295,1
0.454704,1.598665,1
1.418637,0.401936,1
2.633237,2.357249,1
0.693832,-0.240146,1
-1.095988,-0.532294,1
-1.502715,0.769053,1
1.494697,0.367531,1
2.882772,-0.016019,1
1.624884,3.117877,1
0.794511,1.010431,1
1.341315,2.413417,1
1.232223,2.150777,1
0.287050,0.136109,1
0.305526,1.146981,1
1.018767,0.225785,1
2.745318,2.027637,1
0.892088,0.552545,1
2.421104,-0.602106,1
1.306979,2.918970,1
1.124359,0.766943,1
0.374493,-0.541191,1
-0.087989,1.563523,1
2.427208,2.472480,1
1.569826,2.122347,1
-0.438372,0.280481,1
1.009674,0.974773,1
1.361749,1.930829,1
1.233785,2.040170,1
2.090571,2.108312,1
0.090462,2.194717,1
2.384334,1.375582,1
0.088029,-0.240186,1
1.832495,0.456316,1
0.162434,0.762205,1
0.928276,1.187558,1
0.927127,1.238593,1
0.098855,0.883198,1
1.356909,-0.744701,1
2.082072,-0.440178,1
0.053439,0.542943,1
2.734906,0.349616,1
-1.248094,2.175237,1
0.792924,2.167580,1
2.712221,1.076110,1
0.452186,1.294677,1
0.128711,0.035182,1
-0.550521,2.061696,1
0.372255,-0.987465,1
-0.749521,0.174439,1
1.064913,1.208467,1
1.280693,-0.451366,1
-0.427238,0.701073,1
1.350255,1.351467,1
1.909098,1.328340,1
1.074943,2.034549,1
-0.426026,-0.419500,1
-1.042638,-1.272780,1
0.704783,1.891199,1
1.151073,-1.465862,1
1.217125,0.280141,1
0.865503,1.511658,1
-0.000719,1.693726,1
-0.709768,0.103360,1
-0.013575,0.118864,1
1.085967,3.184925,1
0.174365,1.428327,1
1.479402,1.081586,1
2.589658,-0.105528,1
-0.669928,0.363687,1
2.358849,0.264306,1
2.000271,0.919830,1
1.813928,3.137537,1
1.859224,-1.395037,1
0.331917,2.177778,1
-0.100492,2.773122,1
-1.278195,1.996729,1
1.033596,-0.443236,1
3.740841,1.645663,1
-0.868091,1.930058,1
1.347569,1.458498,1
1.435023,0.018392,1
1.292510,0.564998,1
2.468580,-1.655710,1
0.649840,0.440369,1
0.915703,0.752727,1
1.903662,0.278209,1
3.118362,0.256329,1
2.591028,0.852732,1
-0.170561,1.860600,1
2.235837,0.570194,1
1.758656,2.020992,1
-1.141687,1.560290,1
0.941439,-0.434554,1
2.139678,0.745258,1
2.680869,1.984248,1
-0.252503,0.604612,1
3.620403,1.797311,1
0.544880,-0.797390,1
1.611869,0.467684,1
2.763407,3.659764,1
0.861211,1.446695,1
1.896955,1.351520,1
1.818779,3.410117,1
1.435145,1.469648,1
0.872297,1.103991,1
0.451349,1.835482,1
1.168770,1.102011,1
1.081697,1.689122,1
0.859289,-0.045094,1
-0.026189,1.258643,1
-0.692553,1.293419,1
1.702438,0.993621,1
-0.400214,0.798410,1
0.133481,2.123483,1
1.310214,0.056504,1
2.922759,2.471357,1
-0.728096,1.345963,1
0.546173,0.943831,1
0.300845,0.586310,1
1.037312,0.899028,1
-0.742171,-0.733077,1
-0.472020,0.828283,1
2.748956,0.484529,1
0.303066,0.892307,1
1.176793,0.155975,1
-0.001791,0.121980,1
0.867794,2.358123,1
1.347594,0.147592,1
1.638717,1.281251,1
0.316163,0.377016,1
2.613038,2.673917,1
0.878144,0.104574,1
-0.341986,0.341828,1
-0.089744,1.553101,1
1.215308,-0.527027,1
0.687978,-0.411476,1
0.964127,0.317677,1
1.310120,2.624161,1
1.212701,-0.093916,1
-0.193249,-0.125019,1
1.718873,0.671508,1
0.654441,0.000902,1
1.181450,2.426049,1
-1.305818,2.400811,1
-0.301437,2.427695,1
0.323352,0.635958,1
0.422952,2.536019,1
0.219741,-1.285296,1
-0.157241,-0.914051,1
1.116349,-0.120955,1
1.618878,1.201565,1
1.461117,0.738584,1
2.502984,2.427199,1
-0.487835,-0.801723,1
2.397700,1.248524,1
0.186694,1.134931,1
-0.038674,0.560091,1
1.159401,3.897720,1
2.291170,1.132786,1
2.520617,1.582738,1
-0.275875,0.858879,1
0.826678,0.804304,1
0.078932,2.480106,1
0.236179,-0.288540,1
-0.956684,2.070344,1
1.817667,1.438035,1
1.886065,1.189133,1
1.164404,1.493796,1
1.387071,-0.301582,1
0.578918,0.545567,1
1.200356,1.328283,1
0.458259,0.194531,1
1.945173,2.150846,1
0.345178,1.147464,1
3.192524,1.198970,1
2.431334,1.776591,1
0.390245,1.071853,1
3.033106,1.311240,1
-0.377496,0.526242,1
1.953475,0.805488,1
-0.009128,-0.217392,1
2.765830,1.253569,1
-1.506805,2.237431,1
1.421086,0.528083,1
1.732694,-0.559821,1
0.299803,1.751252,1
3.413784,2.219292,1
-0.638814,-0.106344,1
1.203424,0.389123,1
1.938464,-0.466056,1
-0.336495,2.061539,1
1.745152,0.908951,1
2.145897,0.936535,1
-1.016996,1.961337,1
-0.722481,1.489319,1
0.395041,0.911948,1
0.502927,0.318853,1
-0.059197,1.410828,1
2.212494,0.612790,1
0.479671,1.177336,1
1.083479,0.650345,1
0.777873,1.612105,1
1.792700,0.866064,1
0.597412,1.936082,1
1.808142,-0.275515,1
1.206660,2.340890,1
3.340772,-1.508720,1
1.110306,1.908623,1
0.419316,2.673544,1
2.066886,0.249324,1
1.228973,0.536818,1
2.055807,0.407337,1
1.081160,-0.031179,1
0.263181,0.280749,1
2.582148,1.894358,1
0.607611,1.808577,1
0.332856,-0.627708,1
2.024922,1.032550,1
0.123369,0.766657,1
2.295791,-0.498201,1
1.894521,-1.800493,1
1.114135,2.788430,1
0.790480,1.096979,1
1.868933,-0.723958,1
1.886806,1.193792,1
-0.075143,0.124544,1
-0.367076,0.055275,1
2.051243,1.935766,1
0.884412,-0.284419,1
0.912695,1.335050,1
0.417020,1.006481,1
0.403893,0.154718,1
-0.371300,-0.134365,1
2.289508,1.495719,1
-1.245531,0.889291,1
0.802003,2.267619,1
1.019407,0.939173,1
2.216960,1.103107,1
1.488222,1.610714,1
-0.820764,1.475925,1
0.571782,1.808491,1
1.123916,-1.045575,1
1.200666,0.784170,1
-2.028786,2.658435,1
1.137752,0.070325,1
-0.173381,-0.762075,1
0.693036,1.199683,1
-0.267623,0.183667,1
0.270736,-1.068706,1
1.460338,1.459559,1
0.786301,-0.543989,1
2.171943,1.469190,1
3.774716,0.105553,1
0.452562,1.309144,1
1.865815,-0.347986,1
0.423472,0.066059,1
1.429423,1.682785,1
1.764719,1.940250,1
1.420558,-0.147108,1
2.358355,1.772338,1
2.087469,0.796755,1
2.346690,2.641176,1
1.548120,1.178216,1
2.203648,-0.201750,1
0.277021,-0.082398,1
2.658911,2.872533,1
2.233356,0.960799,1
1.253859,-0.007013,1
1.375574,1.266579,1
1.489748,0.104726,1
0.052725,-0.099385,1
0.570379,2.690780,1
1.179277,0.286183,1
0.367093,0.096838,1
-1.647442,-0.429832,1
1.955398,-0.621289,1
0.060276,0.502519,1
0.047857,1.570489,1
1.346681,0.709433,1
2.039582,1.543535,1
1.261316,3.008628,1
0.936196,2.547427,1
1.546927,-2.298703,1
0.823192,0.695532,1
1.092197,-0.347898,1
2.699006,1.302588,1
1.898155,1.272021,1
-0.943909,0.725162,1
-0.246997,0.333908,1
0.982669,-0.948426,1
2.118578,2.822756,1
0.406768,0.079140,1
3.321666,0.455401,1
0.670921,1.617728,1
0.958356,-0.395142,1
0.627226,1.777894,1
2.264868,1.876057,1
0.267172,0.517310,1
2.493123,0.517562,1
2.366441,1.255936,1
-0.650750,0.712257,1
1.820101,2.119721,1
0.171715,2.332246,1
1.429993,2.733081,1
0.874588,1.346343,1
-1.842471,2.611121,1
-1.431924,0.990737,1
2.456559,0.014464,1
1.479070,1.137221,1
0.747966,2.042118,1
0.689744,1.730042,1
-0.065256,1.111386,1
0.185141,0.617600,1
-0.350849,2.292396,1
0.488835,0.989932,1
1.406263,2.771218,1
-0.940870,0.224292,1
-0.099077,0.236958,1
0.022207,0.025984,1
1.147620,0.327050,1
0.697285,0.147653,1
0.255966,-0.810528,1
0.203913,0.554706,1
0.501867,2.146855,1
1.391886,1.627621,1
0.849253,0.520103,1
-1.199631,1.087641,1
-0.291607,1.555137,1
2.550571,1.167814,1
-0.485060,1.500603,1
2.040716,-0.176562,1
1.019823,0.217561,1
0.341665,0.592446,1
0.508012,2.284359,1
2.666896,0.742715,1
2.355442,1.127761,1
2.331938,0.331779,1
3.006020,0.559720,1
0.189094,1.517440,1
1.769732,1.616352,1
1.050488,0.688141,1
0.728272,0.404271,1
1.064267,1.469738,1
1.628259,0.186958,1
2.585247,0.404375,1
1.544831,0.761022,1
0.365974,0.783378,1
1.022818,2.004906,1
2.870119,1.675495,1
0.865164,-1.186279,1
1.339731,1.102794,1
3.139696,2.241085,1
3.061472,0.348057,1
2.113231,1.128074,1
2.151839,1.971181,1
1.661300,0.998492,1
1.496715,4.053299,1
0.962891,3.733539,1
0.572443,0.465914,1
2.707736,0.582283,1
-0.014824,0.821912,1
1.413078,-0.353780,1
-1.059363,1.339382,1
0.606063,1.459378,1
0.925432,4.453114,1
1.275492,1.503987,1
1.232218,0.807589,1
2.534517,-0.720590,1
3.156730,1.172468,1
1.352923,2.234332,1
0.622937,0.577877,1
1.580198,1.070982,1
0.458995,2.424775,1
1.506897,0.719748,1
-1.348437,-0.942998,1
0.405856,2.236855,1
0.052329,1.985178,1
0.471079,0.568680,1
0.943938,0.122307,1
1.045858,2.278798,1
2.036445,-0.087219,1
0.092188,1.082665,1
1.278375,0.454490,1
2.469663,0.772198,1
1.304792,0.611182,1
2.653387,1.733012,1
2.472912,0.047864,1
0.423629,0.624101,1
0.994459,0.022449,1
0.568845,0.565594,1
-0.710674,1.099036,1
0.015379,1.766398,1
1.116129,0.648311,1
-1.183254,2.383498,1
1.143426,0.861261,1
0.671584,2.508155,1
1.164947,1.610396,1
0.363508,-0.420021,1
-0.711045,1.757490,1
1.706150,1.135218,1
-0.764864,1.107492,1
0.721032,2.522679,1
2.037221,1.181442,1
-0.671579,0.800301,1
0.556969,1.428908,1
2.107544,-1.083089,1
-0.781846,1.340056,1
1.201967,2.061011,1
1.083556,-1.406237,1
-0.328060,0.623651,1
1.624292,-0.051062,1
3.059844,1.741213,1
2.242004,1.696419,1
3.299369,3.297863,1
0.817342,-0.341652,1
-0.025642,1.890535,1
2.736410,1.537143,1
2.149047,0.592478,1
2.706380,1.121353,1
0.428911,-0.280419,1
2.032413,0.013163,1
1.740257,1.211185,1
2.227824,1.910542,1
0.169010,-0.523319,1
-0.002984,0.272801,1
-0.176955,2.260409,1
2.482349,1.095965,1
0.700407,1.633875,1
-0.196459,2.764193,1
1.619751,0.804160,1
0.539411,0.776887,1
1.897874,0.687483,1
1.577713,1.675186,1
0.336865,2.213559,1
3.735696,1.554571,1
1.264366,-0.213828,1
1.733522,1.751949,1
1.951894,-1.088509,1
1.224368,1.050260,1
1.109614,-1.240273,1
0.544211,0.275836,1
0.302609,-0.630121,1
2.333383,0.898748,1
1.132692,0.967255,1
0.821537,1.945776,1
0.455711,-0.254132,1
-0.555837,0.752844,1
-0.032068,2.068890,1
2.388348,0.942503,1
-0.907251,-1.253438,1
1.800066,3.562458,1
0.363391,-0.383661,1
0.549389,2.645195,1
0.667031,1.889361,1
-0.640180,-0.085072,1
-0.197494,0.314345,1
1.862410,2.302434,1
1.284363,0.490120,1
0.248397,1.390768,1
1.956817,0.055441,1
2.059605,0.347605,1
0.499530,-0.677322,1
1.611414,-0.191085,1
2.620267,0.103998,1
0.120242,1.632082,1
1.468176,1.718639,1
2.705249,0.298479,1
0.596461,2.740521,1
0.708747,1.100764,1
1.331281,2.443953,1
-0.643834,1.479388,1
-0.878599,0.286747,1
-0.033708,1.063076,1
0.298390,2.982274,1
3.747879,2.949086,1
1.766598,1.000701,1
2.889479,1.441381,1
0.183567,0.333137,1
1.232621,4.141331,1
1.543410,2.290517,1
1.158199,0.009629,1
0.575788,3.071523,1
2.923920,1.234219,1
0.630387,0.082828,1
1.012094,1.590427,1
1.190001,-0.731765,1
0.976851,2.359159,1
1.563711,-2.463236,1
1.192477,1.738269,1
1.448840,0.894267,1
2.425652,3.212358,1
3.415818,1.237377,1
2.484972,0.661314,1
2.048210,0.261226,1
1.937353,0.711994,1
0.141201,0.527938,1
-0.431811,2.260440,1
1.628823,0.676720,1
-0.197842,1.829151,1
2.086101,1.661161,1
-0.460609,0.203650,1
2.914266,1.534570,1
-0.946995,-0.959689,1
1.986539,2.076115,1
-0.146537,-0.363873,1
-0.223834,0.083462,1
0.759694,1.915316,1
5.330282,1.392782,1
0.067225,2.068813,1
-0.788672,-1.300085,1
-0.102999,1.110257,1
3.042264,0.830394,1
-1.864613,0.410995,1
1.660381,-1.103151,1
0.444510,3.638247,1
0.209079,-1.038685,1
1.062151,0.308225,1
1.880327,1.961060,1
-1.508440,0.953223,1
1.283066,1.190405,1
0.175965,2.251880,1
0.980020,1.450784,1
1.068034,-0.553486,1
-0.856975,0.179128,1
-1.562399,-0.779604,1
0.450658,2.223796,1
-0.730047,0.941285,1
1.038708,1.614762,1
0.731212,0.825773,1
1.473974,1.010902,1
1.552953,2.544905,1
0.579109,1.529042,1
0.185036,0.651417,1
0.668609,1.291072,1
0.750333,-0.927799,1
0.637501,-1.481680,1
0.739506,2.815427,1
1.360672,1.689412,1
1.061011,2.725288,1
0.999091,-0.050229,1
2.084866,-1.558501,1
-0.654663,-0.696744,1
0.570571,0.100095,1
0.686177,0.665724,1
1.002737,-0.738495,1
1.785406,-0.959718,1
1.460210,0.881822,1
2.065138,0.312783,1
-0.559112,-0.511817,1
1.074470,1.677237,1
1.918833,2.311407,1
0.653817,-1.157454,1
2.678926,-0.553505,1
1.345233,0.621668,1
1.121755,-0.047288,1
1.149575,2.099940,1
1.209444,1.069594,1
2.603850,-0.457952,1
1.303448,2.241573,1
-0.174446,1.159757,1
2.178158,1.791476,1
-1.360699,2.036922,1
-0.292101,0.854476,1
0.391569,1.494941,1
2.220453,1.360303,1
-1.066159,0.697320,1
0.883817,2.042814,1
0.534004,2.863006,1
0.977724,2.108972,1
1.376190,1.374332,1
1.725538,0.817584,1
0.588616,0.669855,1
1.213347,-0.890326,1
-0.659220,0.509467,1
1.250043,-2.441259,1
3.333422,1.330598,1
-0.951217,-0.273209,1
0.509452,1.140316,1
2.492914,0.629520,1
-0.024313,-1.838467,1
2.295702,1.373807,1
1.249430,2.198119,1
1.221611,0.458189,1
2.239106,0.650835,1
2.129217,1.619494,1
-0.023522,0.564387,1
2.755384,0.044578,1
1.462101,-1.383963,1
1.339422,1.548367,1
1.727285,-0.319536,1
-0.172190,-0.109484,1
0.824951,-0.338022,1
2.663228,1.381651,1
0.812277,1.590077,1
0.402468,1.120766,1
3.310811,2.601708,1
0.199861,1.622882,1
0.097353,2.529375,1
1.178973,0.983408,1
-0.074804,0.583704,1
1.461260,0.869743,1
1.862608,2.213167,1
3.203945,0.949878,1
1.178011,0.566818,1
1.802656,1.485114,1
0.511391,0.632419,1
0.433472,0.050681,1
0.607166,1.475448,1
1.373306,-0.143977,1
2.730550,2.247829,1
0.028818,2.156212,1
0.461825,1.507867,1
2.996030,0.313542,1
1.593650,1.736369,1
-0.398103,0.345949,1
1.405100,1.253774,1
0.206091,1.255424,1
1.810854,-0.098301,1
1.709624,-0.515976,1
0.935199,0.721605,1
1.052334,1.430324,1
-0.042937,0.267880,1
0.315607,0.558083,1
0.896893,1.507839,1
0.708970,0.131132,1
0.818486,0.697359,1
0.603606,0.767550,1
2.137892,1.477775,1
-1.652503,-0.183791,1
0.909182,0.503714,1
-1.407739,0.104530,1
-0.114052,1.373883,1
2.015839,1.862282,1
2.008753,1.742557,1
0.660423,0.414706,1
-0.210296,0.365321,1
2.005625,0.270487,1
1.267760,-1.070634,1
2.663505,1.607418,1
-0.007354,-0.109608,1
0.239853,0.727483,1
1.311882,0.257927,1
2.121908,-0.956768,1
4.113295,-0.374300,1
1.718792,-0.045816,1
1.719168,1.775978,1
0.566611,2.087696,1
-0.015891,-0.707500,1
2.336113,1.505813,1
1.242103,-1.290624,1
0.598351,-0.232218,1
1.371923,-1.136170,1
1.831172,0.726121,1
2.139801,-0.792406,1
0.961536,0.216759,1
2.765073,0.528020,1
0.993319,0.192026,1
1.551937,0.070369,1
0.273075,1.436391,1
0.621477,-1.313064,1
0.152101,-0.013163,1
2.408147,0.833242,1
1.884459,1.844953,1
0.674514,3.693727,1
0.153849,1.152513,1
1.625164,0.521018,1
1.295914,1.313387,1
1.186864,0.994418,1
2.014055,-0.852805,1
2.076664,-1.061744,1
-0.291903,0.610062,1
2.579263,1.759109,1
1.125499,2.507986,1
-0.194951,0.931469,1
2.334175,2.447923,1
1.824624,0.949197,1
0.039760,0.104202,1
-0.064503,0.584940,1
1.559820,1.226623,1
-0.157600,2.657451,1
1.521722,0.034519,1
-1.001858,1.880280,1
0.982390,0.521746,1
1.729741,0.550051,1
1.428910,0.229760,1
4.015295,2.304875,1
1.006952,0.054156,1
1.286407,-0.445041,1
2.465608,1.655888,1
1.520224,0.516785,1
1.273513,-0.124512,1
1.032331,0.173372,1
1.047121,2.572313,1
-0.255194,2.882199,1
1.908645,1.387550,1
3.123573,2.151465,1
0.111215,1.122185,1
2.132822,2.910354,1
0.033234,0.617608,1
0.654036,-0.592228,1
1.660356,1.249523,1
0.673425,0.707463,1
1.256989,-1.691643,1
0.811166,1.785820,1
1.121734,2.337542,1
2.435402,0.756363,1
2.533308,0.472040,1
1.113022,1.056258,1
0.285305,2.498040,1
3.642756,1.192062,1
1.276304,1.162140,1
0.906252,1.734146,1
-0.087501,1.040033,1
0.236069,-1.027227,1
-0.139999,0.780361,1
-1.013021,1.554445,1
1.335908,0.584840,1
1.236938,1.128324,1
1.430005,0.649965,1
0.999365,-0.000207,1
1.589958,0.651488,1
2.773009,3.254324,1
1.962723,1.333603,1
1.336980,-0.585665,1
1.697855,2.905133,1
0.487708,-0.707019,1
2.004952,1.423234,1
-0.363953,1.137733,1
2.851327,1.517931,1
0.153478,3.270560,1
-0.254536,2.312946,1
0.827948,0.152689,1
0.743743,3.368318,1
2.670735,3.440091,1
0.027687,-0.145856,1
0.747970,0.203469,1
0.730566,2.557555,1
2.049424,0.725066,1
-0.215633,2.071006,1
1.242391,2.421300,1
1.290842,1.130814,1
1.792866,1.539815,1
0.875381,0.988150,1
-1.195545,1.529883,1
-1.094485,1.017910,1
-0.177790,0.886177,1
1.630581,1.570787,1
0.452552,2.417693,1
2.461362,1.108633,1
0.973550,-0.472743,1
-0.015505,2.737081,1
0.903702,-0.317827,1
2.184861,0.510950,1
1.615672,1.845300,1
0.132464,1.805674,1
-0.489635,0.957697,1
1.332296,1.951046,1
0.229513,1.861678,1
1.061976,0.222060,1
-0.980947,-0.996452,1
1.323979,0.451821,1
2.519432,4.154569,1
-0.987724,2.203395,1
0.187869,2.633485,1
0.497472,1.615807,1
0.050600,1.571776,1
1.707456,1.018655,1
2.649492,2.159975,1
0.858204,0.425103,1
-0.181428,-0.662673,1
1.097362,0.157834,1
0.369223,0.366313,1
1.436103,2.343414,1
0.803246,2.337888,1
0.489586,-0.343031,1
2.704063,1.731416,1
1.027491,1.206546,1
0.172813,2.684817,1
0.153614,2.077777,1
2.056499,1.987333,1
-0.628924,1.391339,1
-0.179120,0.994307,1
2.617460,0.060811,1
-0.642501,1.762494,1
-1.431409,-0.741429,1
1.580116,0.876327,1
1.157391,2.374132,1
0.883338,0.936772,1
1.424022,1.663773,1
1.270619,1.078984,1
1.850545,-0.351336,1
0.653887,0.682101,1
1.591068,0.210770,1
1.358874,-1.240751,1
1.433206,1.222694,1
-0.152528,0.859312,1
1.051779,0.338679,1
1.060546,0.449145,1
0.177130,0.671618,1
3.284817,0.765896,1
1.327158,1.210679,1
2.063699,1.264197,1
-0.403251,1.602836,1
-0.294857,3.277502,1
1.196765,1.866547,1
1.086969,-0.057554,1
1.208408,0.537063,1
0.937426,0.879238,1
-0.164333,-0.333659,1
1.124778,2.591483,1
1.434173,3.576914,1
0.863489,1.163312,1
-1.310943,-1.166789,1
-0.284207,2.481314,1
2.261311,1.896884,1
0.219541,-0.297096,1
-0.785727,0.217919,1
-0.283787,0.703243,1
2.671508,2.757912,1
1.227073,0.552323,1
1.480428,2.213177,1
1.962854,3.165941,1
2.928324,1.577184,1
2.126350,0.249434,1
1.708127,1.601821,1
-0.541143,0.541621,1
0.773862,-1.581083,1
2.810471,0.798321,1
1.883522,0.969036,1
1.502937,1.071278,1
2.041704,-0.027200,1
0.381141,-0.939530,1
0.564982,0.830042,1
0.148642,1.999339,1
0.706844,0.846910,1
2.895148,1.289218,1
0.875283,0.996046,1
0.192834,2.499587,1
0.092352,0.872949,1
1.525495,1.934982,1
0.872811,0.925012,1
-2.003776,-0.685786,1
0.015976,0.218060,1
0.639287,2.070359,1
1.495188,0.883821,1
0.353182,1.310612,1
1.551276,1.147440,1
2.073931,1.386678,1
-0.279718,1.102874,1
0.101138,0.405860,1
-0.156032,0.872008,1
1.002298,1.143159,1
1.815750,1.487920,1
0.592779,-0.394090,1
3.938371,-1.831247,1
-1.300213,0.788555,1
1.928066,1.354877,1
1.162294,1.642903,1
0.973174,1.540513,1
-0.136032,-0.069499,1
2.743675,0.763057,1
3.098557,1.100683,1
-1.915464,1.765223,1
0.317988,2.448610,1
-0.828250,0.770029,1
1.397307,-1.010915,1
2.229025,1.231032,1
2.397924,1.287179,1
2.993274,3.154216,1
-0.241022,1.290970,1
1.271892,-0.204151,1
1.089604,2.732598,1
0.279062,1.485962,1
4.752664,0.087994,1
1.972404,0.256249,1
0.762104,2.083612,1
0.393103,2.572417,1
1.834044,0.596338,1
-0.957514,0.393716,1
-0.548091,1.103760,1
3.448206,0.245681,1
0.038087,-0.086075,1
-0.051059,0.507542,1
2.078446,0.732900,1
1.819338,1.916928,1
0.674853,1.025172,1
0.895464,1.680094,1
1.227755,-0.026407,1
0.434619,2.052036,1
-1.174522,0.607271,1
1.804429,0.664612,1
-0.620812,-0.672215,1
1.565475,0.488108,1
0.725113,-1.670844,1
0.128552,2.654509,1
2.748352,0.549631,1
2.170796,1.324847,1
2.252461,0.816151,1
1.609119,1.297410,1
1.984559,1.805751,1
2.745825,0.667086,1
1.374151,-0.448682,1
2.149455,2.075252,1
-0.251861,0.274939,1
2.558499,1.375502,1
1.747712,1.203766,1
-1.207384,0.880131,1
2.069670,1.255432,1
2.229822,2.037992,1
0.071951,1.143437,1
1.007442,-1.224500,1
-0.772672,3.414246,1
2.666695,-0.147532,1
0.402525,-0.616259,1
1.142098,1.467509,1
1.087183,0.381043,1
0.336844,-0.837802,1
1.911444,0.456387,1
-0.314241,0.404171,1
0.276649,0.833278,1
0.863010,2.563133,1
-1.117096,0.348620,1
-0.576066,1.916868,1
0.938232,0.974802,1
0.271004,0.471647,1
0.577382,0.489384,1
0.912128,0.675488,1
2.669036,1.775027,1
1.356705,0.486168,1
0.830114,1.081200,1
0.959959,2.311284,1
-0.614141,2.517910,1
-0.352013,1.056331,1
0.039033,1.014800,1
-0.229494,2.020965,1
1.172331,2.064681,1
1.210777,1.218990,1
-0.364283,-0.309243,1
2.056475,2.189707,1
2.105432,2.183074,1
2.228796,1.067022,1
-0.836627,0.951411,1
2.217458,1.741386,1
2.019861,2.426596,1
0.416358,-0.221623,1
-0.978024,1.525842,1
2.135718,1.044451,1
1.013512,1.517897,1
2.284140,3.084123,1
1.654706,1.922474,1
-0.545666,1.631626,1
-0.815051,1.630480,1
0.463007,0.277126,1
-0.250781,0.756653,1
1.300638,0.909886,1
0.143241,1.024018,1
1.982232,-0.043099,1
1.472763,-0.328415,1
1.482759,1.821912,1
0.178848,1.212446,1
1.179376,-0.352758,1
0.800920,-1.489505,1
2.257132,0.913043,1
0.898765,0.324184,1
0.242389,-0.894150,1
1.081011,0.196924,1
2.663927,1.170244,1
1.655299,-0.626216,1
-0.165085,1.694220,1
3.432813,-0.323024,1
-0.728241,0.942444,1
1.585358,1.196287,1
-0.295442,-0.806491,1
1.434146,1.318115,1
1.894627,2.590789,1
1.920166,0.511690,1
0.940627,0.180513,1
0.370528,0.829321,1
0.812829,0.942035,1
-0.192331,1.195747,1
-0.339939,0.620712,1
1.270063,-1.941239,1
2.232447,0.245919,1
-0.271291,0.197041,1
-0.196388,0.359196,1
0.542397,2.402435,1
-0.304933,0.486207,1
1.825299,0.772704,1
0.173362,1.022858,1
0.543841,1.924515,1
-0.371822,0.816247,1
0.712436,-0.976917,1
3.054749,2.005515,1
2.070576,0.941620,1
0.742598,0.277634,1
1.011240,3.053591,1
1.443469,0.805571,1
2.171606,1.905148,1
0.497204,2.614820,1
4.084615,1.669719,1
0.482225,2.886403,1
0.170649,-0.821450,1
2.207403,2.174171,1
0.181350,1.947440,1
1.230401,2.354121,1
1.648990,1.416890,1
-1.695779,1.650739,1
-0.150631,-1.445162,1
1.850102,1.328761,1
0.042396,2.018681,1
2.831691,2.486379,1
1.373356,0.395673,1
0.934664,1.019163,1
0.592321,2.061480,1
0.211040,0.425945,1
0.691970,0.112339,1
-0.336102,2.705754,1
0.451322,2.724556,1
-0.960421,1.202118,1
1.162442,2.051516,1
-0.085065,-1.044030,1
-0.433358,0.970234,1
1.766511,1.053464,1
0.882848,1.009154,1
1.554151,1.316272,1
0.372535,1.137641,1
2.517866,0.516817,1
2.798413,1.592397,1
0.541970,1.457764,1
-1.103229,2.922993,1
1.792596,0.008298,1
-0.014781,1.479768,1
1.087568,1.329250,1
2.411737,1.651932,1
1.831479,2.790900,1
1.008058,0.210400,1
1.181370,0.853330,1
1.677047,1.450372,1
0.900778,1.306427,1
1.333446,1.170797,1
1.509266,-0.172391,1
-1.059236,1.923262,1
0.384624,2.938925,1
0.595773,-0.063719,1
-0.486779,0.696999,1
0.155861,-0.189094,1
-2.073541,-0.223723,1
0.709297,1.160739,1
2.012591,0.708824,1
0.390820,0.473054,1
-0.685358,-0.630875,1
-0.292841,2.453335,1
-0.838382,0.826958,1
0.509629,2.098841,1
2.328608,2.313298,1
0.757850,0.292365,1
0.766669,0.697220,1
1.786011,0.265244,1
1.489288,-1.169835,1
-0.783558,0.057370,1
3.271025,-0.289429,1
1.972935,-1.076940,1
2.000385,0.868109,1
1.752860,-1.001806,1
0.652268,2.673835,1
1.972997,1.443295,1
0.778311,-0.106234,1
1.633908,0.541069,1
0.326145,-0.655900,1
-0.600336,0.602924,1
2.100512,1.049630,1
0.953650,2.586163,1
1.235028,-0.145575,1
0.839879,0.980097,1
0.827527,0.999744,1
0.612596,-1.068573,1
-0.124478,1.857111,1
0.820587,0.046771,1
1.447879,2.666852,1
1.471271,-0.096804,1
0.416542,0.915711,1
2.472167,2.131943,1
1.281994,1.929982,1
-0.311550,1.827904,1
0.478618,1.188764,1
0.223642,1.192319,1
0.555801,0.860059,1
1.597978,0.263080,1
1.485122,0.140312,1
-0.806710,1.392760,1
-0.178658,3.849859,1
1.967295,0.898087,1
0.002574,1.784927,1
1.002471,0.651210,1
1.070139,1.888180,1
-0.804185,0.775206,1
1.849318,-0.150397,1
1.193239,2.100437,1
-0.116728,1.052172,1
-1.386313,0.257079,1
0.167683,-0.608159,1
1.134404,1.389690,1
3.052763,1.023658,1
-0.612300,0.337608,1
1.606376,-0.284718,1
0.684933,1.188430,1
-0.233122,0.664301,1
0.573967,1.804136,1
0.230555,3.605501,1
2.009918,0.590032,1
-0.661827,-0.313248,1
0.903511,3.573991,1
1.103490,2.582252,1
0.847151,1.322411,1
-0.715165,0.162890,1
1.090453,0.522410,1
2.123584,1.584966,1
-0.291538,1.203309,1
1.385365,1.286740,1
1.433917,0.375076,1
0.560659,0.218396,1
1.262686,1.802407,1
1.329275,-2.219668,1
1.327153,2.505478,1
2.291492,1.827464,1
2.369089,0.527960,1
1.495810,1.013405,1
1.033500,0.322506,1
1.721381,2.103038,1
0.872966,0.203779,1
1.499837,2.024133,1
1.142015,0.493390,1
0.376047,0.361680,1
0.413518,3.024086,1
2.421978,0.906463,1
1.802768,0.280715,1
0.679767,3.017338,1
0.717662,2.283586,1
-1.568632,0.798422,1
0.387096,1.911957,1
0.078110,1.294886,1
0.649090,-0.229527,1
1.877972,0.510104,1
2.248601,-0.632414,1
0.975006,3.741284,1
4.164212,-0.895204,1
1.203068,1.972010,1
0.800865,0.832352,1
3.043914,1.036662,1
3.478555,0.589911,1
3.211049,2.000725,1
0.507068,0.168571,1
2.300483,-1.029529,1
2.870806,0.867593,1
-0.413374,2.668950,1
0.404573,0.873559,1
1.233735,0.923989,1
1.710584,0.178278,1
0.490645,1.778642,1
-1.096341,2.023113,1
1.989658,-0.045247,1
0.955877,1.927158,1
2.057289,0.097604,1
2.104859,0.940464,1
-0.440554,1.251399,1
-0.205344,-0.535172,1
0.073920,1.381112,1
-0.212159,-0.734932,1
0.218158,0.327341,1
2.749457,0.089494,1
0.650706,0.389582,1
-0.141536,1.541052,1
2.223548,1.267345,1
0.027932,2.574091,1
0.922656,-0.203470,1
-0.014954,0.594417,1
0.933189,2.496025,1
0.085366,0.706260,1
0.929489,2.139871,1
0.005778,2.415149,1
0.626265,1.417860,1
3.247762,1.788717,1
0.710754,1.882226,1
0.863833,-0.102686,1
-0.438328,1.324284,1
2.410720,0.113654,1
-0.448526,-0.417420,1
-0.063189,0.432413,1
2.568750,0.823756,1
1.494872,0.367903,1
3.782799,2.476787,1
0.089203,-0.287976,1
-0.644917,1.687696,1
1.058114,0.255741,1
1.639739,2.077910,1
-0.474215,0.924384,1
1.010037,0.739895,1
0.603888,-0.035703,1
0.959832,0.708447,1
0.453303,-0.044679,1
-0.483116,1.459380,1
0.493543,-0.783133,1
0.962462,1.208718,1
1.046724,2.514759,1
3.240985,0.338227,1
-0.572647,2.834534,1
0.223494,2.479622,1
0.294487,2.829504,1
1.968516,0.694678,1
1.705460,1.010793,1
2.049509,0.903819,1
1.216388,-0.098314,1
2.241008,2.489602,1
1.314949,0.670022,1
-0.570522,0.929985,1
0.227241,2.953566,1
1.363410,1.785563,1
1.978057,1.262763,1
0.132251,2.899827,1
0.987135,2.736836,1
-1.045339,0.577498,1
-0.400830,0.227020,1
0.545079,0.551616,1
1.555010,-0.909407,1
2.053641,2.117999,1
-0.257886,0.953637,1
1.796464,1.881403,1
1.232731,1.047098,1
2.372736,1.005503,1
2.199996,-0.387943,1
0.063876,-0.235584,1
1.131808,-0.061304,1
1.178034,0.936622,1
-0.310817,1.121852,1
2.753575,1.671828,1
1.566187,1.234456,1
-0.461173,0.414406,1
3.017982,1.893005,1
0.667761,2.286416,1
0.503735,0.504580,1
2.382024,1.861173,1
2.501107,1.486892,1
0.815067,2.906971,1
1.506717,0.140723,1
-0.069579,1.640850,1
1.143768,1.154983,1
2.086433,-1.521239,1
0.668600,1.116348,1
2.014420,1.820983,1
0.900624,-1.220733,1
-0.117368,0.346596,1
1.143899,0.939174,1
0.048517,0.105708,1
1.341726,0.573011,1
2.329275,-0.393916,1
0.145250,0.236039,1
1.116947,1.638691,1
1.231138,2.181372,1
-0.603115,3.060734,1
1.150651,2.829258,1
1.109140,0.580803,1
1.133564,0.710924,1
0.778168,1.942032,1
0.310466,0.563173,1
1.982226,1.639528,1
0.275134,2.900518,1
0.746003,0.919022,1
3.335577,0.195840,1
-0.104888,1.770577,1
2.216479,1.080620,1
2.574366,0.605577,1
-0.651398,0.587079,1
0.426827,4.352564,1
2.762605,-0.808709,1
0.284195,0.494745,1
2.654132,-0.220543,1
1.311412,1.885935,1
1.708231,-0.673550,1
1.107491,2.004954,1
1.970961,-0.574483,1
1.719117,0.327094,1
1.396520,0.291990,1
-0.779993,2.841697,1
1.935854,1.998186,1
1.375459,2.105942,1
-0.023684,1.163112,1
-0.313576,0.483208,1
0.839568,2.948363,1
3.274159,0.867927,1
1.604257,2.067795,1
4.324922,1.130133,1
2.940506,1.449907,1
0.709286,1.774005,1
-0.071629,0.445747,1
1.056668,0.131972,1
-0.296430,-0.949336,1
2.245499,0.950352,1
5.082377,-0.414579,1
1.391485,1.434372,1
0.922687,0.104734,1
3.222151,0.708070,1
-0.272671,3.375086,1
0.674052,-0.092249,1
1.055061,1.350895,1
-0.661998,1.468478,1
2.068367,3.311573,1
1.442177,1.154830,1
1.761649,0.290839,1
0.524616,0.318207,1
1.828290,2.031128,1
-1.600052,-0.278743,1
1.343018,0.184072,1
-0.158608,-0.281267,1
1.431191,-0.740368,1
0.491853,0.398689,1
1.863398,2.313036,1
3.190469,0.855138,1
0.700769,1.767736,1
0.453865,1.293276,1
0.277512,-0.310223,1
0.643530,1.276810,1
2.801945,-1.407374,1
0.184866,1.085256,1
1.292940,0.608986,1
1.070056,1.087325,1
0.938058,0.198775,1
0.829202,1.091044,1
-0.062448,1.508902,1
1.287167,0.804716,1
0.990574,-0.262777,1
1.714526,1.988812,1
0.709051,1.567028,1
0.903315,1.086873,1
-0.176891,1.613952,1
1.577428,0.953108,1
1.005154,0.887787,1
0.247748,1.224893,1
0.736210,1.392668,1
3.235823,-0.208175,1
1.862543,1.353678,1
0.499812,-0.981451,1
2.162862,1.776711,1
-0.491238,-0.264433,1
1.309467,0.063486,1
-1.049543,1.039559,1
0.553253,1.450974,1
1.729988,-0.872251,1
1.095549,0.496071,1
-0.315041,1.311061,1
0.299524,1.696051,1
0.596694,1.914105,1
1.964328,3.430333,1
-0.106947,3.049059,1
2.041674,0.145510,1
0.246094,0.122567,1
3.843815,1.139334,1
1.393360,2.632798,1
0.710631,0.117027,1
0.829616,2.387205,1
1.770008,0.693134,1
0.776302,-0.072528,1
3.480830,0.462959,1
1.923988,1.572272,1
1.631497,0.958828,1
-1.395543,0.724273,1
2.950945,1.481484,1
2.590600,0.531456,1
0.435861,-0.526610,1
2.150660,2.017525,1
1.803758,2.059508,1
-0.146235,1.410245,1
0.014201,2.296551,1
0.800027,0.572734,1
1.240144,0.636405,1
1.357520,1.137875,1
2.034247,-0.334985,1
0.075670,1.395318,1
-1.491396,1.029231,1
2.463234,2.235693,1
-0.348746,1.687848,1
1.504988,0.728362,1
1.882722,-0.435001,1
-0.540538,0.947401,1
-0.315359,1.224263,1
2.127635,0.059708,1
-0.937980,1.501195,1
2.621258,1.809684,1
1.540196,0.297177,1
0.867084,2.016659,1
2.556020,2.219018,1
2.023044,0.702624,1
1.310816,1.326529,1
2.940683,0.747703,1
-0.759338,-1.031576,1
0.025848,2.573390,1
1.594155,0.222996,1
1.785747,1.216006,1
1.327745,-0.599800,1
3.442849,0.846151,1
1.059632,-0.592489,1
0.930799,0.984936,1
1.911440,1.721267,1
1.257357,-0.114506,1
1.602815,-0.487684,1
1.701007,-0.349641,1
0.930840,0.144154,1
0.003746,2.264518,1
0.049408,-0.492320,1
0.756934,2.495476,1
0.965401,2.009226,1
2.671632,0.253431,1
1.202124,2.291547,1
0.644882,-0.320195,1
1.757512,0.276399,1
0.475498,1.636847,1
-0.660727,0.562875,1
0.079812,1.036775,1
0.884644,-0.659082,1
1.315983,1.469144,1
1.325654,2.944831,1
2.057553,1.623320,1
1.926619,0.898031,1
-0.595182,3.424881,1
2.458256,-2.028747,1
-0.364632,0.979975,1
0.900815,2.453129,1
1.479405,1.878655,1
0.292226,0.433915,1
1.289236,-1.085697,1
0.976985,3.386645,1
1.816474,1.675794,1
1.748137,-1.811601,1
1.775103,0.671391,1
-1.403322,0.353116,1
1.442361,1.448244,1
0.338473,3.382969,1
1.339502,1.183561,1
1.238383,1.368268,1
0.570548,2.043183,1
-0.334310,1.664529,1
1.506977,-0.011500,1
1.517244,1.546423,1
-0.423603,1.912048,1
2.505263,1.608875,1
-0.118644,1.685572,1
2.601434,0.859305,1
0.746922,2.507155,1
0.133008,0.246586,1
-0.445828,-0.683331,1
0.329387,0.012254,1
0.198830,1.220766,1
1.558431,0.408775,1
0.571445,0.048419,1
1.806634,-0.341404,1
0.869441,-0.375941,1
1.283098,0.442726,1
0.520213,3.267627,1
-1.368627,0.867205,1
1.452687,1.677259,1
0.624028,1.961909,1
2.119393,3.538855,1
1.242050,3.234235,1
3.162951,2.928964,1
1.359921,2.511543,1
1.510741,0.016789,1
-0.379457,1.954301,1
0.141795,1.625441,1
-1.290141,0.608530,1
2.476592,0.961974,1
0.659208,0.780970,1
1.717190,0.934570,1
1.812473,2.182265,1
0.393325,2.289299,1
0.366197,0.942919,1
-0.451363,1.820277,1
-0.281662,1.385146,1
1.686265,0.290748,1
2.775747,0.878684,1
0.427953,-1.055124,1
-0.163609,1.718261,1
1.594878,0.019379,1
1.795906,1.112994,1
-0.155733,1.405903,1
1.774801,1.523280,1
1.164535,1.124145,1
1.498673,1.877040,1
-0.394698,0.218673,1
0.638044,-1.359643,1
0.936215,0.138146,1
2.102083,1.634797,1
1.852668,-0.164988,1
-0.353534,2.675226,1
1.309299,0.665684,1
1.518549,0.911820,1
1.218673,2.729270,1
1.670072,1.042188,1
1.636992,0.397071,1
0.868489,0.886974,1
2.166655,0.529459,1
1.410842,-0.532748,1
0.933136,0.483847,1
0.852956,0.239043,1
0.476826,1.607588,1
1.336237,0.891435,1
1.671610,-0.079278,1
-0.886237,1.290155,1
0.666163,-0.346718,1
0.107022,2.751644,1
3.121002,-1.455818,1
0.411503,-0.359557,1
0.038595,0.758919,1
0.984423,0.055435,1
0.794222,1.856979,1
1.263062,1.408442,1
0.866710,-0.901432,1
-0.091011,0.221444,1
-0.279898,-0.954986,1
0.267012,0.860372,1
1.796630,1.194960,1
1.909998,1.344525,1
0.052261,0.154224,1
0.101336,1.436017,1
4.079055,1.377333,1
0.029123,3.191568,1
2.303331,0.996286,1
2.047269,1.176524,1
1.523674,0.450609,1
1.647582,2.343797,1
1.368901,0.725030,1
0.530144,0.303834,1
2.638349,1.531993,1
-0.033848,0.936340,1
-0.570722,-0.161753,1
0.999104,0.865798,1
0.328432,0.627535,1
2.579269,1.465635,1
2.390608,0.079958,1
-0.409323,2.467302,1
-1.196939,0.342290,1
1.264610,1.557679,1
3.357587,2.969384,1
0.868545,0.674300,1
1.965887,-0.243600,1
0.446332,1.805276,1
1.439430,0.967300,1
-0.413465,0.509287,1
3.804631,0.333381,1
0.945803,2.753257,1
0.616232,1.195725,1
0.586892,-0.729025,1
0.853402,2.226012,1
0.088509,1.250126,1
1.096752,0.524650,1
2.928355,-0.156978,1
1.399821,0.693731,1
3.250309,1.185104,1
1.264457,0.699325,1
0.193044,1.544341,1
-0.819769,1.287490,1
1.213490,0.761231,1
-0.176286,1.652335,1
0.253435,0.614066,1
1.316666,0.781737,1
0.480055,-0.791840,1
0.303282,1.192465,1
1.500422,1.696683,1
2.875162,0.962614,1
-0.470647,2.132969,1
0.433584,1.450229,1
2.029162,1.227265,1
0.316025,0.175868,1
0.645978,1.384045,1
0.564349,2.178775,1
-0.155110,0.770781,1
-0.554451,1.479649,1
0.522896,1.460635,1
-1.461123,1.563802,1
1.723505,0.527913,1
0.740437,0.036473,1
-1.509852,-0.157481,1
0.985738,2.663108,1
2.057965,0.581246,1
-0.520911,0.004449,1
0.307785,0.140955,1
1.391677,2.027533,1
0.534459,2.260689,1
1.587088,0.634031,1
2.199103,-0.063550,1
1.639403,2.346056,1
3.590866,0.928334,1
3.639107,1.359495,1
0.311168,2.446865,1
0.645336,1.628062,1
1.241378,0.356830,1
0.681705,0.845380,1
2.340822,0.320957,1
-0.584540,1.879318,1
1.198544,3.656912,1
0.600146,1.342288,1
-0.258252,0.768714,1
1.719021,0.664996,1
0.202398,1.270657,1
2.511969,0.289583,1
0.956343,0.544096,1
1.505657,0.620634,1
0.300606,1.375985,1
2.516288,3.304576,1
0.843294,2.114522,1
1.380638,0.630770,1
1.180383,2.726097,1
0.959072,1.158316,1
1.773779,-0.347480,1
0.566385,2.615009,1
3.523803,0.774615,1
0.149007,1.838873,1
-0.242740,-0.464761,1
0.627976,0.009563,1
-0.740973,0.360261,1
1.644026,1.082377,1
0.525993,3.328184,1
-1.513421,1.191815,1
1.659183,0.425117,1
3.294575,0.022550,1
0.088473,-2.339734,1
-0.469945,-0.436290,1
2.740640,0.739880,1
0.599541,2.430383,1
1.477724,0.647514,1
-1.272900,1.702853,1
1.297821,-0.112292,1
0.320509,-0.288542,1
0.772695,1.503081,1
-0.643202,-1.086634,1
2.092072,0.860823,1
1.217997,1.039177,1
2.286363,-0.145526,1
-1.100802,1.274422,1
0.894448,0.082522,1
-0.634641,1.808490,1
0.130901,0.889185,1
0.241170,-0.225189,1
0.907298,2.154180,1
1.257412,-0.076684,1
1.608048,-0.569068,1
2.262275,1.002800,1
2.489388,1.130899,1
-0.780199,1.994977,1
-0.933411,1.962375,1
2.120176,1.231807,1
-1.432979,-0.986513,1
1.577300,0.673186,1
0.882597,2.435448,1
0.249801,1.493803,1
0.745712,1.704826,1
1.697369,0.087474,1
1.351703,3.128877,1
1.814202,-0.261524,1
0.121275,3.756896,1
2.096094,0.269101,1
3.156746,0.287735,1
3.088188,0.676356,1
0.868953,0.001720,1
2.682920,1.469445,1
0.727301,2.619495,1
1.157369,3.427711,1
0.151762,1.467964,1
1.397664,0.331884,1
2.430499,1.446094,1
-0.696590,0.345092,1
2.520647,1.329029,1
-0.539668,2.379397,1
1.673663,1.298719,1
-0.171044,2.935054,1
1.936995,0.850325,1
0.920646,2.863702,1
0.972082,0.512832,1
1.634260,2.535353,1
-0.331120,0.065863,1
1.870878,2.173824,1
0.024899,0.213814,1
-0.727628,1.086255,1
1.772155,-0.713457,1
1.465384,-0.120967,1
2.576840,0.958403,1
2.276305,2.533148,1
0.980928,-0.052714,1
0.539083,0.647833,1
1.768769,0.594161,1
2.401732,0.276277,1
-0.084700,0.358359,1
-0.169770,-0.796337,1
-1.141173,1.370596,1
2.786902,1.575484,1
0.070897,0.013837,1
0.849761,-0.197514,1
1.226241,-1.013012,1
0.356665,0.206661,1
-1.318905,0.265828,1
0.343422,1.802491,1
-0.471725,0.910162,1
1.579239,1.179194,1
2.447842,0.341814,1
2.177599,1.230191,1
1.336352,0.265509,1
2.599615,1.191027,1
0.542167,2.646031,1
2.513072,0.000393,1
0.993177,0.443291,1
1.034093,2.213299,1
1.567066,0.784092,1
1.323478,0.486582,1
0.303891,0.676687,1
0.058681,1.288332,1
1.264381,0.345469,1
1.538330,0.307704,1
-0.177150,1.290288,1
-0.236007,3.067806,1
2.186760,0.059763,1
-0.865086,2.132371,1
1.051025,2.585457,1
2.466431,3.444197,1
0.606902,0.269839,1
1.961959,-0.831313,1
1.010568,0.791433,1
2.053663,1.390138,1
0.043591,0.614486,1
2.674295,1.415286,1
2.385111,-0.374853,1
0.868394,-0.880460,1
0.443768,1.665328,1
-0.755669,-0.171937,1
0.123743,1.226358,1
0.867191,-0.906206,1
1.063389,1.206505,1
0.492838,3.069416,1
2.025173,0.054896,1
1.464589,0.542862,1
1.184406,1.485102,1
1.907087,1.392337,1
0.410618,0.112686,1
2.551947,0.942861,1
1.983048,2.737641,1
2.292003,3.212278,1
2.217288,-0.839046,1
2.002640,1.199773,1
1.957924,0.968354,1
-0.739538,0.167048,1
0.408758,2.386304,1
-0.359448,0.713210,1
0.992929,0.015207,1
0.272487,1.825529,1
2.349405,-0.019990,1
1.114750,2.571494,1
1.924490,0.059108,1
2.712450,1.163376,1
1.559514,-0.645838,1
1.402801,1.806252,1
1.205005,0.930466,1
0.343076,1.490861,1
0.528425,-0.892170,1
1.001285,1.312582,1
2.813788,1.292942,1
1.346211,-0.019344,1
3.345057,0.700145,1
2.498689,1.444566,1
0.647355,0.582216,1
2.268161,1.325127,1
0.362262,1.113353,1
0.337218,1.522332,1
0.208044,1.196507,1
0.185484,1.324305,1
0.789110,1.721211,1
0.845604,-1.112382,1
0.797192,0.388004,1
1.805855,0.235763,1
0.892376,2.746627,1
1.748154,1.990555,1
-1.961318,0.459738,1
1.250519,-0.217418,1
0.511133,0.112860,1
1.192799,1.580097,1
-0.226750,-0.081914,1
0.462100,2.081064,1
0.362782,2.429406,1
-2.628977,0.614866,1
1.397303,0.440151,1
3.030342,1.717593,1
0.747294,1.582859,1
1.498875,0.321155,1
-0.251464,0.574976,1
1.831948,-1.035503,1
-0.166591,-0.132691,1
2.108005,0.174017,1
2.760738,2.275553,1
1.228394,2.188615,1
1.820340,2.861319,1
1.984553,0.537771,1
-0.262399,1.687898,1
0.469945,0.050681,1
-1.021792,1.769381,1
0.562527,0.319984,1
2.994417,2.188955,1
2.374895,0.689965,1
0.882151,2.664945,1
1.540490,2.223753,1
2.555418,-1.560585,1
-0.412031,1.609391,1
2.565365,2.039754,1
1.820397,1.308441,1
1.763851,1.291351,1
1.878267,0.312727,1
0.653093,1.471224,1
1.477201,2.571435,1
0.359945,0.937031,1
2.590181,0.635182,1
3.430440,-0.503119,1
0.806595,0.979939,1
1.676402,2.851725,1
1.712348,0.037916,1
1.495539,0.138505,1
1.559190,-0.695973,1
-0.210455,1.742399,1
1.285235,0.832285,1
1.212287,0.491482,1
2.170702,0.500822,1
1.954747,-0.837223,1
1.148285,-0.666107,1
0.627751,2.929627,1
-1.052703,0.797434,1
2.919849,2.013942,1
0.596672,2.083786,1
2.107435,1.053877,1
0.638555,4.433935,1
1.703893,4.695343,1
-0.041126,1.169032,1
0.521428,0.741260,1
1.357447,0.127572,1
0.506091,0.305260,1
0.580842,2.101942,1
0.154298,1.603318,1
-0.382930,-0.018352,1
2.812212,2.970391,1
2.035104,0.062841,1
1.574555,2.955984,1
1.701301,2.688490,1
2.496517,2.065540,1
1.353151,0.274006,1
0.146750,1.150789,1
0.497715,1.731969,1
0.596144,0.988399,1
-0.085112,0.438787,1
1.283039,0.606785,1
2.205386,1.966326,1
2.124354,0.172798,1
-0.589546,-0.095160,1
1.156430,-0.395101,1
1.933607,0.438908,1
0.738252,2.316194,1
-0.239550,0.007320,1
0.931459,0.600336,1
0.389364,1.493091,1
0.905859,-2.249871,1
3.565423,2.883778,1
-0.155798,1.310243,1
1.758458,1.150985,1
0.995703,3.425867,1
-0.234811,2.050149,1
0.108902,-0.876455,1
0.155165,0.335804,1
1.520423,2.434999,1
0.407419,1.006819,1
2.277591,-0.414696,1
0.177464,2.665100,1
0.028757,1.547779,1
1.540364,-0.966669,1
2.405072,-0.246491,1
0.413837,0.048538,1
0.929851,1.412565,1
2.029536,1.884210,1
-0.226726,1.043839,1
2.273250,1.905937,1
1.751903,1.623399,1
1.576614,1.806279,1
0.027226,2.667271,1
2.893373,1.404837,1
1.768542,-0.472246,1
2.361532,1.853116,1
1.314318,1.949650,1
0.323855,1.742249,1
2.325343,2.820462,1
-0.023104,1.111512,1
-0.508978,1.367153,1
2.629880,1.454259,1
0.751777,0.436005,1
1.743192,2.928814,1
1.656069,-1.481112,1
1.577011,1.392532,1
0.739989,1.636360,1
0.844953,0.647904,1
0.590268,1.116759,1
1.379228,1.566026,1
-0.973637,0.738211,1
1.617931,-0.859977,1
1.012869,3.106161,1
1.013859,1.801356,1
1.359229,0.370798,1
2.355230,-0.448555,1
0.547223,-0.100570,1
0.866515,1.361905,1
1.957808,3.605236,1
0.162676,3.054790,1
1.262415,1.728784,1
-0.896941,0.717378,1
-0.040371,-0.809925,1
0.843972,0.950093,1
1.075210,2.410630,1
0.601014,0.637896,1
1.228589,1.679937,1
0.793434,-1.680745,1
4.415808,2.144742,1
1.234579,-0.083122,1
0.985757,1.278146,1
1.568473,-0.508696,1
1.180883,-0.658447,1
2.236200,1.442330,1
-0.597898,-0.278371,1
-0.587208,1.848605,1
0.901168,1.418679,1
-0.259752,2.406774,1
0.593785,1.510841,1
1.258167,0.524302,1
2.195488,0.077052,1
0.635218,1.695465,1
1.523935,1.060636,1
0.823733,1.076330,1
0.381174,1.192268,1
-0.832895,0.719004,1
2.708151,-0.535548,1
0.606437,2.600236,1
-0.089206,0.809465,1
0.147411,1.240895,1
0.012915,1.097980,1
1.530270,1.345918,1
1.112220,2.010244,1
2.188762,3.110792,1
0.655970,2.613002,1
1.168085,0.169647,1
0.953894,1.686230,1
2.135918,2.010491,1
1.490383,0.212652,1
0.979485,1.583530,1
2.511345,-0.187878,1
0.537756,1.777196,1
-0.555568,2.358472,1
-0.291616,0.502562,1
-0.688995,-0.298341,1
3.458024,-1.105820,1
0.608471,1.166804,1
-0.091252,-0.476070,1
0.933133,1.965064,1
1.714738,-1.244504,1
0.149084,0.279592,1
-0.551143,1.581845,1
0.233401,2.304087,1
-0.592796,1.445649,1
0.084039,0.396934,1
0.958181,2.212273,1
0.749381,1.859115,1
2.042745,1.780932,1
-0.888310,-1.199804,1
0.465769,-0.577035,0
0.158928,-2.674394,0
-0.327963,-1.043212,0
0.373831,-2.943758,0
-2.919009,-0.902162,0
-1.051154,0.071274,0
-0.144926,-1.779632,0
-1.967995,-1.697837,0
-0.705513,-2.500139,0
0.137591,-2.053863,0
-0.814051,-1.461236,0
-0.698552,-0.390105,0
-2.301286,0.451108,0
-0.241599,0.034933,0
0.535935,-0.095083,0
-1.690319,-0.219814,0
-1.894837,-1.830405,0
-1.784372,-0.220328,0
-0.614524,-0.904034,0
-0.975754,0.506781,0
-2.108066,0.621893,0
-3.263603,-1.822457,0
-0.495964,-1.843153,0
0.661274,0.701416,0
-1.135298,-4.273617,0
-2.209632,-0.421564,0
-0.209464,-2.309326,0
-1.029897,-2.495580,0
-1.454922,-0.378980,0
0.650598,-1.271024,0
-1.076727,-1.345849,0
-0.856365,-2.201870,0
-0.705225,-1.033808,0
-1.722580,-1.226117,0
-0.618151,-1.743349,0
-0.323981,-0.719205,0
0.338269,-0.661448,0
-0.887169,-0.087222,0
0.507317,-0.493676,0
-0.100708,-1.354779,0
-2.026945,-3.551297,0
-0.147489,0.887406,0
-3.079063,-0.977976,0
-1.107550,0.312575,0
-2.738819,-1.061246,0
-1.020502,-0.723322,0
-2.666435,-0.103410,0
0.424102,-2.169382,0
-0.052236,-0.218335,0
-0.448739,-1.356609,0
-0.884785,-0.076616,0
-2.022050,-1.021127,0
-1.316130,0.486288,0
-0.449393,-1.457050,0
-1.311611,-0.795557,0
-3.808229,-1.624347,0
-2.044302,-0.163555,0
-2.873790,-0.138730,0
-1.116896,-1.829568,0
0.091633,-1.489388,0
-2.906468,-1.554558,0
-1.799903,1.291537,0
0.835748,1.163637,0
-1.315359,-1.645138,0
-0.716686,-1.123971,0
-0.210212,-3.560495,0
-1.194223,0.106752,0
-2.113746,-0.930223,0
-2.847402,-1.256330,0
-1.579591,-1.401801,0
-1.708283,-3.242423,0
-0.679292,-0.665649,0
-0.371458,-2.173750,0
0.041135,-3.307241,0
-0.864588,-2.223760,0
-2.772924,0.872787,0
-2.737539,-2.232161,0
-1.636841,-2.010951,0
-1.212434,0.581969,0
-1.180655,-2.160474,0
-0.844413,-1.873290,0
-0.951962,-0.617205,0
-0.142076,-0.196570,0
-0.833866,-1.615694,0
-0.811030,-0.091846,0
-0.551783,-0.965292,0
-1.894122,-1.065804,0
-0.875254,0.216332,0
-4.109558,-1.257621,0
0.353444,-0.486612,0
-1.169559,-1.618765,0
0.378697,-1.381779,0
-0.403259,-1.362707,0
-1.680769,0.092583,0
-1.652570,-1.454875,0
-3.101172,-2.476523,0
-0.955409,-0.246277,0
-1.785465,-1.281126,0
-1.653597,-1.127426,0
0.304346,-1.680160,0
-2.679699,-3.313615,0
-0.161702,-1.976202,0
0.330129,-1.286537,0
-0.729385,-1.657450,0
-0.494200,-1.871343,0
-1.194267,-0.685500,0
0.601658,-0.369782,0
-0.831118,-1.103620,0
-0.230105,-1.740777,0
-1.568335,-3.759008,0
-2.833144,-0.065250,0
-1.735816,0.149769,0
-2.497656,-0.268068,0
-1.308549,-0.685524,0
-0.580754,-0.230582,0
-0.011996,0.014670,0
-1.555293,-1.931746,0
-0.081368,-1.334924,0
-2.833682,-1.841924,0
-0.272107,-0.215397,0
-2.037779,-0.351540,0
-0.826747,-1.056730,0
-1.021899,-1.695673,0
-0.148774,-0.965461,0
-0.110136,-1.916219,0
-0.514059,-1.366727,0
0.084760,0.508733,0
-0.514991,-1.338904,0
-3.133653,-1.827681,0
-1.262476,-0.271798,0
-1.521079,-1.204006,0
0.283391,-1.593555,0
-2.157313,1.413239,0
-2.690778,-1.310285,0
-1.054028,0.658876,0
-1.680572,-0.514806,0
-0.344989,0.743878,0
0.192443,0.062957,0
-1.733890,-1.667044,0
-2.513083,0.885221,0
-0.107615,1.594399,0
2.087016,-0.888022,0
-0.889439,-1.747361,0
-1.518651,-2.144080,0
-2.951672,-0.570455,0
-1.563148,-1.138898,0
-1.270438,-2.071140,0
-0.411666,1.075524,0
-1.439254,-2.463621,0
0.268101,0.015723,0
-3.207209,-0.068138,0
-0.734866,1.290696,0
-2.159577,1.812737,0
0.206967,-1.430733,0
-0.171903,-1.888563,0
-0.435571,0.388618,0
-2.189551,0.128342,0
0.617572,-1.641789,0
-1.728540,-1.304299,0
-0.822869,-1.167005,0
0.596969,-2.696892,0
-1.542422,1.487892,0
-1.347833,-1.544018,0
-1.291214,-0.675359,0
-1.364199,-0.272761,0
1.661387,-1.489638,0
0.385975,0.305608,0
-2.119395,-0.826835,0
-0.981830,-0.055540,0
-1.023811,0.344140,0
-1.384072,-2.780541,0
-1.963850,-1.558322,0
0.518205,0.509471,0
-0.914794,-0.421949,0
-1.039946,-2.215232,0
-0.269250,-0.021503,0
-1.341258,0.511503,0
-0.434025,-0.904631,0
-2.651908,-1.074381,0
-3.287353,1.510842,0
-1.463504,0.199848,0
-1.511327,-0.623165,0
-1.420330,-2.218887,0
-3.101992,-1.423772,0
-2.453098,-1.444557,0
-1.080483,-0.935758,0
-0.402635,0.270571,0
-2.201529,-0.137204,0
-0.616021,-0.572638,0
1.127598,-2.589916,0
-1.698800,-2.121559,0
-1.946343,-1.965384,0
0.563224,-0.075036,0
-0.034610,-1.225393,0
-0.495573,0.677093,0
-0.160045,-0.958068,0
-2.043489,0.339338,0
-0.763510,-1.146048,0
-0.312121,1.069963,0
-0.697184,-0.148243,0
-1.694216,-1.855827,0
-1.058694,-0.675102,0
-1.066655,-0.607230,0
-0.513970,-1.246740,0
-2.460653,-2.670627,0
-0.977911,-0.428942,0
-0.184534,-0.466034,0
-1.069523,-3.153350,0
-3.022088,-2.768850,0
-3.146480,-1.145382,0
-1.043227,0.090111,0
-0.753052,-0.512792,0
-2.363397,0.026113,0
-0.552039,-1.555299,0
-1.614368,0.572253,0
-1.936117,-3.129372,0
-2.925682,-0.473427,0
-1.708920,-2.276885,0
-1.648743,-1.187428,0
0.138818,0.937810,0
-1.721977,-1.005964,0
-2.209269,0.406825,0
-2.117818,-0.265200,0
-1.337587,1.086320,0
0.192648,-1.555163,0
-1.437583,-0.205542,0
-1.486022,-0.431885,0
-2.271750,0.605279,0
-1.928465,-0.215994,0
-1.410452,0.354757,0
-2.539027,0.311088,0
-0.872105,-1.652962,0
-0.929460,-3.026472,0
-1.445162,1.676604,0
-1.166613,-2.041503,0
-1.633912,-0.281618,0
0.274774,-0.680861,0
-0.367459,-1.291847,0
-1.130827,2.411207,0
-0.979396,-2.566032,0
-1.112390,-1.620611,0
-1.629619,-2.965924,0
-0.433567,-0.443205,0
-1.437338,-3.625267,0
0.500387,-1.739846,0
-2.042656,0.841558,0
-0.163976,-0.236948,0
-2.016599,-0.357688,0
-2.822101,-0.749954,0
-1.785196,-0.220840,0
-0.070645,-0.557967,0
-0.763361,-0.358632,0
-1.080689,0.645296,0
-0.409697,0.112686,0
0.250302,-2.453506,0
-4.098724,-0.704991,0
-0.960874,-1.091550,0
-0.420551,-1.193957,0
-1.952345,-1.092910,0
-1.933047,-1.568745,0
0.356883,-0.501625,0
-0.126510,0.138333,0
0.342384,0.222239,0
-0.127158,-1.231492,0
0.111051,0.634452,0
0.912218,-2.303761,0
0.528051,0.663370,0
-0.602625,0.391319,0
-1.548684,-0.509820,0
-2.744436,-2.779125,0
0.027431,0.876957,0
-2.032429,-0.927139,0
-0.575184,-0.274941,0
0.006177,-1.569619,0
-1.304276,-1.243948,0
0.594054,-0.086469,0
1.450540,-1.514244,0
-0.334114,-1.983119,0
-0.729235,0.499202,0
-1.604156,-0.638014,0
-2.499913,0.750772,0
0.246102,0.717582,0
-1.074737,-2.029002,0
-2.140123,-1.292024,0
-0.794027,0.769559,0
1.034208,-0.719691,0
0.008447,0.293676,0
-0.009173,-1.767275,0
0.917708,-1.727099,0
-1.647498,-1.539772,0
0.736039,-0.239559,0
-1.101998,-1.351794,0
-1.103290,-0.134081,0
-1.262012,-1.606563,0
-2.302030,-1.499200,0
-1.359586,-3.910746,0
0.622082,-1.041729,0
0.455783,-1.515217,0
-0.938268,-1.135693,0
-0.190500,-1.613568,0
0.490729,-1.947278,0
-1.915525,-0.631249,0
-0.948569,-0.822020,0
-0.513076,-0.559794,0
-0.533454,-3.197268,0
-0.951786,0.786041,0
-0.360224,-0.900093,0
-1.488744,-1.873576,0
-0.828358,0.159291,0
-2.342861,-0.954922,0
-0.661982,-3.238246,0
-0.227385,-1.658937,0
-2.836123,-3.659643,0
0.219873,-1.484543,0
-1.265873,-3.677315,0
-1.557239,0.615155,0
-2.905140,-0.402057,0
-1.258599,0.325373,0
-1.155053,-0.641423,0
1.156289,-1.967293,0
-1.321278,1.590953,0
-0.875718,-1.064212,0
1.225075,-0.619933,0
-0.831380,-1.722604,0
-1.222007,-2.811959,0
-0.789372,0.029159,0
-1.564630,0.202116,0
-0.476992,-0.677611,0
-1.017278,1.603528,0
-2.408414,-0.694017,0
0.959606,-0.642397,0
-1.307848,-0.620065,0
-2.241232,-0.377859,0
-0.648263,-1.718970,0
0.204240,-0.315402,0
-1.557078,-0.473494,0
-0.819434,-1.470847,0
-1.112351,0.742731,0
-1.321171,-0.396476,0
-0.303120,-2.628171,0
-0.539546,-0.524793,0
0.578501,0.160840,0
-0.681672,-1.216827,0
-1.957539,-2.038138,0
-1.499950,-1.282542,0
-0.652131,-2.153236,0
1.167077,-0.967861,0
-3.026492,-2.288185,0
-3.054132,0.151252,0
-0.360134,-0.032875,0
-1.139403,-0.947015,0
-1.558868,-0.492465,0
-1.259000,1.274590,0
0.373210,-2.425898,0
-0.861834,-0.710337,0
-1.571289,-2.938450,0
-0.435613,-0.472722,0
0.168271,-1.900657,0
-1.589439,0.388259,0
-2.383008,-1.973345,0
-1.509695,0.303271,0
-1.150910,-2.208404,0
-1.974602,-1.889457,0
0.414115,-1.631714,0
-0.032901,-3.258968,0
-1.281997,-0.496343,0
2.215494,-0.780218,0
-2.404475,-1.038913,0
0.196809,-0.565929,0
-0.066756,-1.364481,0
-1.120084,-0.354541,0
-2.024677,-1.214443,0
-0.162623,-2.664039,0
-3.106439,0.326806,0
-2.148043,0.920825,0
-1.515501,-1.034781,0
-0.136640,-2.893476,0
-1.310949,-0.377965,0
-3.044794,-2.687057,0
-0.972961,-0.993124,0
-1.805260,-1.084225,0
-1.827712,-0.925903,0
-2.964687,-2.440849,0
-0.780920,0.183187,0
0.082990,-1.498995,0
-1.674712,-1.855621,0
0.019162,-1.020151,0
-0.539420,0.131550,0
-1.809047,-2.327218,0
-0.400234,-3.256766,0
-4.151282,-1.439336,0
-0.094462,-1.654011,0
-1.002740,0.679290,0
-0.548989,-0.044222,0
0.416644,-1.684309,0
-1.209301,-0.686912,0
-0.515812,-0.629419,0
-1.047391,-0.371309,0
-1.665841,-2.081843,0
-1.707987,-1.911138,0
0.034060,-0.391766,0
0.905698,-1.559910,0
-2.794464,-0.986353,0
-0.591784,-0.603379,0
-1.313119,0.434411,0
-0.277006,-1.993928,0
-1.792043,-1.017521,0
-2.385939,-0.311174,0
-0.425995,-0.967965,0
-0.550590,-0.602762,0
-1.792655,-0.866406,0
-1.941126,-2.066477,0
0.026264,-1.481727,0
0.943281,-2.633452,0
-1.398753,0.111172,0
-2.178502,-2.804285,0
-0.773839,-1.038655,0
-1.865179,-0.046760,0
-1.838012,-0.467417,0
-1.989738,-0.382951,0
-1.559675,-1.619621,0
-0.666645,-1.088480,0
-0.452895,-0.752679,0
0.445582,0.467125,0
-1.651810,-1.150568,0
-1.627187,-0.993034,0
-1.356132,0.079085,0
-2.034224,-0.227117,0
-0.906581,-1.647978,0
0.847066,-0.024737,0
-1.469205,-0.737584,0
-2.284760,-1.809915,0
-0.367097,-1.537067,0
-1.349264,-1.715644,0
-0.722029,-1.461556,0
-0.936939,-0.613161,0
0.308659,-1.152454,0
-1.885175,-2.394801,0
0.175544,0.123222,0
-1.739568,-0.333621,0
-1.209530,-0.722277,0
-0.639911,-2.722049,0
-0.945721,-0.384280,0
-0.598726,-0.963365,0
-0.179981,-0.544110,0
-2.214944,-2.632236,0
-1.779945,-0.911266,0
-2.535839,-1.343772,0
-0.868118,-1.115440,0
0.951958,-1.933499,0
-0.895367,-0.405328,0
-0.454275,-2.316719,0
-0.574859,-1.474797,0
0.504409,0.266661,0
-0.998723,-0.986951,0
0.423566,0.121975,0
-1.742468,-2.011879,0
-2.570986,-0.525217,0
-1.269772,-0.171321,0
0.082641,-2.267681,0
-2.196770,0.092541,0
-0.776357,0.423721,0
-1.979132,-0.597843,0
-1.114345,-1.581699,0
-0.931823,-0.089947,0
-2.604809,-0.973640,0
-1.323467,-0.923502,0
-0.254291,0.720077,0
-0.129784,-1.526801,0
-1.935221,-2.141797,0
-0.178591,-0.931088,0
-0.409991,-0.624303,0
-1.872829,0.317787,0
-1.741923,-3.224313,0
-1.632601,-1.398146,0
-1.327748,0.280522,0
-0.380332,-2.109751,0
-1.295566,-0.659457,0
-2.826889,-0.399793,0
-2.866565,0.557624,0
0.896663,-0.734986,0
-0.955090,-1.224408,0
-1.693069,-1.604126,0
-1.162373,2.146525,0
-2.658610,1.343004,0
-1.272466,1.765993,0
0.236994,-1.172354,0
-0.237118,-0.216572,0
-0.129732,-2.878531,0
-1.175897,-1.710684,0
-2.163680,-1.992958,0
-1.901359,-1.135021,0
-0.394019,-0.153756,0
-1.094108,-1.974500,0
-2.447182,-0.125893,0
-0.247140,0.014003,0
-0.770205,-2.866957,0
-2.404380,-2.488730,0
-1.807183,-0.123418,0
0.990064,-1.819791,0
0.431694,-1.311125,0
-0.422530,-1.344073,0
-0.117558,0.951700,0
-1.235553,0.625868,0
0.247484,-1.003217,0
-1.919467,-1.607593,0
-1.198471,-1.755815,0
-0.669740,-1.399238,0
-3.442040,-0.741575,0
0.045364,-1.480971,0
-2.898355,-2.693186,0
-1.693661,-0.235322,0
-1.297029,0.666252,0
-2.070680,-0.249502,0
-1.338478,-0.638133,0
-2.953619,-0.540480,0
-0.308364,-1.149010,0
-0.313272,0.460189,0
-0.196944,-1.298713,0
-2.695132,-0.649673,0
-1.293395,-1.071997,0
-2.802163,0.596653,0
0.684457,-0.962747,0
-1.242883,-0.574594,0
0.344758,-1.829694,0
-3.144588,-0.323920,0
-2.064392,-0.004487,0
-0.683852,1.314638,0
-1.454277,-1.855014,0
0.611326,-1.439154,0
-0.736875,-2.132588,0
-1.732269,-1.697843,0
0.359294,-1.239864,0
-1.188625,0.742586,0
-0.321938,0.161172,0
-1.878883,-1.946650,0
-0.475095,-0.832952,0
-2.406218,-1.465486,0
-0.506101,-1.445025,0
-1.162969,0.092412,0
-1.667329,-0.876574,0
-2.520461,0.433958,0
-1.448320,-0.499742,0
-1.050096,0.899086,0
-1.912925,0.560913,0
0.542769,-1.959926,0
-1.795625,-1.275574,0
0.329204,-0.114570,0
-1.636452,-0.207384,0
-0.632687,-1.769845,0
0.008666,0.036870,0
-0.726027,-3.844920,0
-1.487519,-0.805555,0
0.300827,-2.384375,0
-1.608321,0.786036,0
-0.125658,-1.344261,0
-2.247978,-0.458455,0
1.665497,-3.108375,0
-2.158588,-2.096457,0
-0.589502,-0.173907,0
0.748456,1.697303,0
-0.722431,-2.517431,0
0.771597,-0.708166,0
-0.754083,-0.794997,0
-0.182140,0.613136,0
-2.933462,-3.016677,0
-1.531033,-1.484644,0
0.674828,-1.093098,0
-1.419358,-2.823209,0
-1.484584,-0.374729,0
-2.167760,-2.134686,0
-1.363289,-1.236676,0
-0.484374,1.010510,0
-1.501440,-0.355821,0
-1.029898,-0.687780,0
-0.177347,-1.221436,0
0.108409,-0.486479,0
-4.377889,-0.951479,0
-1.827267,-0.699374,0
-1.982961,-1.488716,0
0.632594,-0.776631,0
-2.732787,-0.024212,0
-1.326587,-0.593304,0
-1.639320,-1.378662,0
0.241364,-1.927225,0
-2.769467,-2.049957,0
-2.588878,-1.298013,0
-1.602640,-2.233669,0
-1.276286,-1.881619,0
-0.615204,-0.398652,0
-1.833173,0.883497,0
-0.994387,0.607214,0
-1.013934,-2.083061,0
-0.305571,-0.222807,0
-1.727250,-1.100088,0
-0.945345,-3.906340,0
-1.909644,0.462730,0
-1.128384,-1.232904,0
-1.764691,-1.642731,0
-1.143543,-1.000801,0
-0.018295,-1.368895,0
-1.390382,-2.799779,0
-0.746731,-2.419264,0
0.763009,-0.302470,0
-0.213489,-4.053067,0
-1.185549,-0.761628,0
-3.207144,0.307620,0
-0.866100,-4.404408,0
-1.876933,-0.231113,0
0.386845,-1.282226,0
0.099883,-2.944470,0
-1.654547,-2.308872,0
-0.867545,-1.409403,0
-2.766658,-2.251204,0
-1.945788,-1.946008,0
-2.032734,-1.793480,0
1.066528,-0.547732,0
-1.773597,0.026229,0
-2.251973,-0.598047,0
-1.014389,-1.703899,0
-0.121760,-0.651913,0
0.286909,0.961304,0
-2.067311,0.631053,0
-1.382404,-1.767058,0
-1.239108,-1.037551,0
-1.853921,-1.304061,0
0.075932,-1.140654,0
2.123145,-1.691399,0
0.863955,-0.691578,0
-1.026365,-1.279382,0
0.262378,-1.608339,0
-1.432377,-0.312470,0
0.266095,-0.747002,0
-1.258446,-3.535455,0
-0.264658,-2.515250,0
-1.772009,-1.438295,0
-4.348913,-3.759315,0
-2.743142,-0.929852,0
0.588201,1.307416,0
1.357410,0.296409,0
-2.925243,-0.969755,0
-1.793996,-0.947434,0
-0.956932,-1.198879,0
-1.367047,-0.203583,0
-1.980462,-1.515728,0
-1.468991,-1.212046,0
-1.171768,-0.415825,0
-0.724395,-2.944554,0
-0.882951,-0.647806,0
-0.824894,-1.274889,0
-3.101701,0.607605,0
-2.636779,1.528227,0
-0.215199,-0.546894,0
-2.602974,-0.857192,0
-2.227421,-1.584131,0
-0.262356,-1.393459,0
-1.489250,0.338255,0
-3.877910,-1.004609,0
1.023573,-1.153137,0
-0.744977,-1.954848,0
-1.629804,-2.536985,0
-0.108459,-0.179841,0
-0.957641,-0.364607,0
1.209105,-1.128868,0
-0.900324,-1.030429,0
1.815224,1.471035,0
-0.249213,-1.176367,0
-1.729729,-1.056238,0
-1.391487,-0.544225,0
-0.224937,-2.666956,0
-1.459931,-2.610472,0
-1.997046,-1.745682,0
-0.050499,0.805645,0
-1.201698,-0.592154,0
-1.744337,0.033515,0
-1.695549,-2.124303,0
-2.676010,-1.810349,0
-3.327410,-0.333245,0
-0.614739,-0.729689,0
0.241062,-0.807935,0
0.309053,1.870866,0
-1.293720,-3.108020,0
-0.397563,-1.260631,0
-0.691719,-1.731732,0
-0.137592,-1.390245,0
-0.201147,-0.442569,0
-1.403650,-0.257454,0
-2.551906,-1.116602,0
-0.412180,-1.417427,0
-1.190591,-1.310050,0
-0.243684,-1.911670,0
-0.305341,-1.419341,0
-0.611812,-0.423153,0
-2.743023,-0.294779,0
-1.702977,-2.356621,0
-1.695936,-1.267517,0
-2.016292,-1.795163,0
-0.855992,0.319906,0
-1.087923,-1.644884,0
-0.021029,-2.350665,0
-2.600469,-1.386314,0
-2.594872,-1.304522,0
-0.842586,-2.517796,0
-1.846245,0.363481,0
-0.258499,-1.197704,0
0.325850,0.370288,0
-1.735190,-0.844816,0
-0.811897,-1.102055,0
-0.679008,-0.518404,0
-0.972939,-1.868807,0
-1.646865,0.115487,0
0.941469,1.239174,0
0.321546,0.256635,0
-2.522483,-1.400122,0
-0.923867,-0.430043,0
-1.700842,-2.143508,0
0.058169,1.545952,0
-2.781059,0.183991,0
-1.221465,-0.570890,0
-1.274668,-2.128318,0
-1.168218,0.156130,0
0.015462,-1.330386,0
-0.893931,0.264493,0
-1.077019,-0.721372,0
0.747335,0.931329,0
-0.601653,0.834737,0
-0.956518,-2.300236,0
-0.365680,-1.660782,0
-1.015402,-1.545324,0
-0.752558,-0.752454,0
0.111718,-0.392957,0
-1.409196,-1.069140,0
-2.051403,-0.133985,0
0.588631,-1.424311,0
-0.789379,-1.272337,0
0.075556,-0.619696,0
0.088745,0.485773,0
-0.399131,-0.662194,0
-0.190108,-1.192266,0
-0.749653,-1.495234,0
-1.064653,-1.294672,0
-0.533501,-0.443161,0
-1.745478,-1.667194,0
-1.848318,-1.971745,0
0.704229,-1.023522,0
-3.895087,0.364931,0
-0.314344,-1.468455,0
-1.049026,-2.002704,0
-0.654857,1.483430,0
-0.390444,-1.138861,0
-1.992851,-2.274702,0
-2.960968,-2.598023,0
-1.292739,-1.768484,0
-1.638133,0.050893,0
0.329995,-0.853628,0
0.348215,-0.282490,0
-0.147199,-3.323833,0
0.334802,-0.448616,0
-1.536951,0.914397,0
-1.283579,-1.714121,0
1.757960,-0.025980,0
-3.123566,-1.078511,0
1.142992,0.751685,0
0.289340,0.653593,0
-2.034617,0.766909,0
0.472222,-2.009457,0
-0.789065,-0.130688,0
-0.717822,-0.893247,0
-0.403366,-2.262018,0
-0.614530,-1.349163,0
-2.203986,-1.870715,0
-1.609808,1.288619,0
-1.030077,-2.421016,0
-1.640342,-0.309989,0
-0.877945,-2.661059,0
-1.062347,-1.392166,0
-0.587663,-2.277458,0
-1.100033,-1.501170,0
-0.860092,0.055034,0
0.348193,-3.789438,0
-0.475375,-0.536634,0
-1.277926,-1.079081,0
-1.129848,0.222990,0
-0.038503,-0.845383,0
-0.598905,0.858438,0
-1.270473,-1.263645,0
0.240206,0.415757,0
-2.131700,-1.555470,0
-1.587318,0.249923,0
1.055278,-1.494217,0
-0.864399,-0.007176,0
-1.496681,-1.245701,0
0.030203,-1.539245,0
-0.196910,-1.561384,0
-1.361029,-1.605350,0
1.121621,0.049481,0
-1.401726,-0.476699,0
0.581935,-0.699939,0
-2.982880,-2.072789,0
-1.544650,-1.012602,0
-2.233392,0.146042,0
-0.196072,-2.709167,0
1.012763,0.710943,0
-1.151687,-2.571639,0
-0.817820,-0.688886,0
-0.647595,-0.847271,0
-0.385120,-2.307268,0
-1.350187,-1.272218,0
-2.782567,-1.876890,0
0.007918,-2.456297,0
0.966478,-1.932310,0
-1.626139,-1.302214,0
-0.503011,0.379801,0
0.390209,-0.365920,0
-2.041099,-1.430757,0
-0.151472,-0.859217,0
-2.697779,1.140412,0
-2.555735,-0.388468,0
-2.727027,-2.134605,0
-2.137404,-0.618247,0
-0.848854,0.993388,0
-1.313671,-2.179576,0
-0.761522,-1.284877,0
-2.499684,-0.759319,0
-2.062555,-0.837365,0
-2.434396,0.071353,0
-1.333675,-1.172037,0
-1.653782,-0.688528,0
-0.507523,0.439631,0
-2.916877,-1.409447,0
-1.801333,-0.831346,0
-0.485559,-2.214278,0
-0.469955,-1.008848,0
0.104328,-1.044766,0
-0.662965,-1.075784,0
0.114751,-1.183217,0
-1.503691,-1.765507,0
-1.720585,-2.366648,0
-0.457314,-1.682942,0
0.260064,-3.186875,0
-0.259298,-2.493807,0
-1.525122,-1.632561,0
1.449549,-0.942008,0
-3.200320,-2.523424,0
-1.392705,0.385011,0
-0.626473,-0.319280,0
-0.691060,0.843746,0
-1.575981,-2.369428,0
-0.399951,-1.949979,0
-1.302036,-0.859443,0
-1.389540,-1.108651,0
-2.699455,-0.893315,0
-2.319062,-1.902392,0
0.192604,-0.851763,0
-0.878609,-0.138945,0
-1.556784,1.587852,0
-2.563218,-1.948937,0
-0.252191,-0.237385,0
-2.015460,-2.663458,0
-1.744579,-2.249116,0
-1.667010,0.740941,0
-0.062029,-1.088893,0
-1.920345,-1.759485,0
-2.110706,1.327916,0
-0.769253,0.154065,0
-1.672066,0.740889,0
-1.361483,-0.107246,0
-1.058461,-1.812784,0
-1.414451,-2.498258,0
-1.968998,-1.938228,0
-3.076328,0.626070,0
-1.912659,0.992983,0
0.461747,-1.850908,0
-0.931153,-0.052009,0
0.605719,-1.359670,0
-1.351678,-3.728195,0
0.959135,-0.559781,0
-2.094565,-0.673436,0
-1.242910,-2.236070,0
0.043040,-1.090563,0
0.129626,-3.504622,0
-0.502143,-2.848715,0
-3.244210,-1.966577,0
-0.534347,-0.290280,0
-2.776363,-3.236238,0
-1.395858,0.103205,0
-2.413481,-2.607132,0
-0.138017,-3.412782,0
-1.204521,-0.505892,0
-2.395314,0.373224,0
-2.910489,-0.318238,0
-1.776766,-1.092362,0
0.086074,0.475285,0
-2.254699,-3.104402,0
-1.707438,-1.472992,0
-1.411784,-1.799163,0
-2.609390,-0.562302,0
0.618166,1.441360,0
-0.235667,-0.153783,0
-1.766527,-0.289735,0
0.153987,-1.131814,0
-1.321245,-1.320962,0
0.105771,-1.230644,0
-2.062043,-1.241869,0
-1.718114,-3.811128,0
0.297512,0.298928,0
-0.848754,-1.480660,0
-1.096363,0.299732,0
-1.808841,-2.030565,0
-2.178501,-0.095985,0
-2.560869,-1.929669,0
-1.006424,-0.395916,0
-2.452695,-0.758952,0
-1.947286,-1.062394,0
-1.943666,-2.431357,0
-1.104009,0.217156,0
0.165769,-1.059927,0
-0.242812,-1.116896,0
-2.964155,1.181566,0
-0.517542,-1.657232,0
-1.294369,-0.204859,0
-1.491731,-2.151677,0
-1.234030,-1.671954,0
-1.883822,-1.114999,0
-0.606011,-0.588442,0
0.327173,0.049840,0
0.116246,-0.823334,0
1.382330,-1.083175,0
-1.708758,-0.866335,0
-2.100650,-1.707968,0
0.094115,0.198119,0
-0.155251,-1.745524,0
-2.138564,-1.876296,0
-3.367470,0.719296,0
-1.296229,0.189054,0
0.541395,-1.104353,0
-0.393752,1.739691,0
0.354691,-0.368058,0
0.218703,-0.733151,0
-0.721176,-0.150070,0
-2.493594,-1.242904,0
0.385281,-0.642669,0
-1.847430,0.131890,0
-1.271700,-0.148394,0
1.102756,-0.908922,0
-1.226428,0.745589,0
-0.512874,-0.672575,0
-0.116773,-2.317802,0
-2.135634,-1.578946,0
2.114536,0.100436,0
-0.363998,-0.451543,0
-0.993543,-1.108321,0
-0.050515,0.656451,0
-0.070465,0.809452,0
1.012067,-2.518712,0
-0.948648,-1.137444,0
-2.218972,-0.629967,0
-0.787503,-4.033197,0
-1.492869,0.488962,0
-0.271193,-0.612027,0
0.733370,0.649863,0
-1.934678,-2.640540,0
0.213302,-2.555311,0
-0.048295,-1.098182,0
-3.777081,-0.384599,0
0.039599,-0.267930,0
-0.618577,0.962581,0
-2.066113,0.337087,0
-1.230998,-1.139783,0
-1.187062,-1.399916,0
-1.330985,-1.207808,0
0.261878,-1.921996,0
-1.175838,-0.714790,0
-1.273309,-0.309123,0
-0.862147,-0.301474,0
-1.837832,-0.779779,0
-1.314115,-1.770337,0
-1.372918,-0.046117,0
-0.237276,-0.015037,0
0.758537,-0.874845,0
0.343375,0.231517,0
-1.897188,-0.435879,0
-0.620835,-1.473562,0
-2.509515,-3.315349,0
-0.832601,0.157860,0
-0.901285,-1.437885,0
0.729309,-2.910348,0
-0.574940,0.563221,0
-0.389878,-5.004627,0
-0.735302,-1.827334,0
-0.886569,-0.503621,0
-1.138103,-1.897894,0
0.083251,-1.021703,0
0.989005,-0.877102,0
-2.340117,0.801157,0
-2.413104,-1.186871,0
-2.196800,-2.480144,0
-2.376088,-1.123951,0
0.810559,-0.550065,0
1.158208,0.075200,0
0.801131,1.553528,0
-1.877190,-0.604453,0
0.289509,0.657965,0
-0.869489,-0.951632,0
-1.608297,-0.832802,0
-2.304559,-3.020424,0
0.214973,-1.444498,0
-1.443599,-0.852417,0
-2.857851,-1.489065,0
-0.992864,-1.139927,0
-2.334992,-2.513823,0
-2.339844,-0.942866,0
-0.386091,-1.950536,0
-2.024892,-1.025906,0
-0.038399,-0.406661,0
-1.081820,-0.838055,0
-2.617419,0.900660,0
-1.597052,-0.389513,0
-1.599151,-1.819281,0
-1.500500,-1.163020,0
-0.878365,-1.163464,0
-0.250460,-0.094278,0
-2.606698,0.885141,0
0.102485,-1.034077,0
-0.715592,-0.024926,0
-0.236541,0.297164,0
0.057761,-1.794950,0
-0.878474,-0.825835,0
-1.660433,-1.623370,0
-0.538716,-0.457318,0
-0.279830,-1.923146,0
-0.532818,-0.209302,0
-0.939976,-1.946815,0
-0.678926,-1.533374,0
-0.088217,-1.705899,0
-1.628914,-0.392056,0
-0.260391,-2.772923,0
-2.035992,-2.052501,0
0.233798,-0.244529,0
-2.289956,-2.019396,0
0.167408,-1.297203,0
-2.553458,-1.079599,0
-0.899291,-0.447971,0
-1.604387,-0.261293,0
0.779508,0.024735,0
0.318436,-1.331609,0
-1.347213,-0.945087,0
-0.654714,-1.684226,0
-2.131719,-1.969881,0
-0.224197,0.038917,0
-2.438389,-1.459322,0
-0.334038,-2.130664,0
-3.482045,-0.840581,0
0.929818,-3.400374,0
0.046110,-0.637588,0
0.126146,-0.710801,0
-0.468160,-4.097417,0
-1.118164,-0.020248,0
-2.745648,-0.408323,0
0.086370,-0.673623,0
1.213499,-0.976891,0
0.437982,-0.398865,0
0.580934,-0.105606,0
-1.730344,-1.726859,0
-1.795977,-1.046900,0
-0.140770,-3.305583,0
-1.346357,-2.671252,0
0.215586,-1.681089,0
-0.306365,-2.054797,0
-0.473720,-0.663935,0
-1.554749,0.800151,0
0.219524,-1.702518,0
0.335796,-0.273565,0
-0.794227,-0.486218,0
-0.088598,-1.630650,0
-0.358394,-2.888908,0
-1.163642,-1.268027,0
0.828915,-2.061437,0
-2.063190,-2.907448,0
-0.317351,-1.342175,0
-0.993300,-1.154873,0
3.583694,-1.057583,0
-1.218442,0.618402,0
0.421919,-0.837860,0
0.084987,-0.546401,0
-2.821318,-0.120459,0
-0.324597,-1.486750,0
-1.937124,-1.962996,0
0.635921,-1.085475,0
2.245289,0.771399,0
-0.772165,-2.574854,0
0.202190,-0.715482,0
-0.902065,-1.175071,0
0.316658,-1.641340,0
-2.733772,-1.396980,0
0.232290,-2.705250,0
-0.671181,-1.581006,0
1.470959,-1.131114,0
-0.475694,-2.891493,0
-2.475053,-2.170654,0
1.115400,-2.020557,0
-2.183592,-2.701031,0
-1.183372,-2.615603,0
-0.222987,-1.281616,0
-2.609478,-2.315878,0
0.137921,-0.490881,0
-2.716650,-1.502098,0
-2.401336,0.419165,0
-1.233413,0.906425,0
1.761256,-0.423971,0
-1.850377,-0.536751,0
-1.560669,0.151381,0
-1.146357,-0.939746,0
-1.192433,-2.100272,0
0.813079,-0.393993,0
-1.892734,-2.149355,0
-0.571505,-1.914983,0
-2.950450,-1.669359,0
-0.978157,0.339449,0
-2.004444,-0.828699,0
-0.188453,-1.053089,0
-1.167066,0.218069,0
-2.462220,-0.718245,0
0.674908,-0.323717,0
0.423423,-1.626042,0
-2.103503,-0.809858,0
0.148455,-2.421978,0
-0.579797,0.616293,0
0.094896,-1.694307,0
-2.084710,-0.417411,0
0.119174,-0.169501,0
-1.521208,0.089481,0
0.929718,0.862425,0
-1.846194,-1.573028,0
-1.778275,-1.903684,0
0.122001,-0.968606,0
-2.829662,-1.133858,0
1.705977,0.257831,0
0.509365,0.175514,0
-1.038149,0.469852,0
-2.865032,1.428646,0
-3.646578,1.782746,0
-0.787007,-3.247386,0
-1.772334,0.222759,0
-1.016566,-2.256023,0
-0.816938,0.381526,0
-1.752468,-0.031020,0
0.470405,-0.516810,0
-1.197242,-1.553145,0
0.476203,-0.560085,0
-1.008752,-0.373466,0
-0.527877,-0.679524,0
-1.264777,-0.452419,0
-0.614037,-1.918698,0
-0.967860,-2.828826,0
-1.099063,-2.503808,0
-0.584415,-0.553556,0
0.378158,-1.782622,0
-0.234479,-0.993546,0
-1.576772,-1.663892,0
-0.126484,0.563445,0
-1.288969,-0.633980,0
-0.288580,-2.197358,0
0.680991,-2.421007,0
-0.171180,-1.159068,0
-0.108651,0.182842,0
-1.335465,0.262442,0
-2.585555,0.173741,0
0.489808,-1.506458,0
0.209410,-1.551054,0
1.443471,1.677232,0
-2.137683,0.404874,0
-1.642138,0.613525,0
-1.746961,-3.080528,0
-1.830166,-1.948233,0
-1.395203,-0.914508,0
-0.742446,-0.597760,0
-0.211534,-2.289875,0
-0.161291,-0.593358,0
-1.375537,-0.688870,0
-0.768999,0.296926,0
-2.704939,-0.559217,0
-2.865140,-0.862681,0
-1.348788,1.412920,0
-1.328942,-0.484096,0
-1.521492,-0.676666,0
0.892319,0.188222,0
-1.762396,-1.765492,0
0.420089,-3.013313,0
-1.013109,-0.805748,0
-1.202200,0.179872,0
0.059803,-0.242503,0
-1.143719,0.272767,0
-2.023443,-1.590706,0
-1.989823,-0.962667,0
-1.421913,-0.624912,0
-3.065116,1.856915,0
-0.910704,-2.356825,0
-2.463134,-2.103242,0
-1.161654,-1.617260,0
-0.957843,-2.449445,0
-1.642942,0.789022,0
-1.143509,-2.015785,0
-1.500026,-3.055467,0
-1.401388,-3.031926,0
-2.462850,-0.473662,0
-2.508453,-1.197400,0
-1.556752,1.457929,0
-0.177347,-0.879196,0
-1.632073,0.644821,0
0.451695,-1.370149,0
-1.687798,-0.079592,0
0.386514,-0.459010,0
0.265482,-0.903305,0
-1.635344,-0.210650,0
-0.605065,0.787527,0
1.437046,-0.160754,0
-0.421811,-0.918200,0
-0.611747,0.573567,0
-0.626500,-0.602255,0
-1.753758,-1.012672,0
-1.502996,0.306885,0
-0.566401,-0.631703,0
1.531738,-1.465073,0
-1.736448,-0.821197,0
-1.601990,-0.732350,0
-0.201413,-0.579324,0
0.401794,-2.198568,0
-1.195579,-1.921066,0
-2.509990,-2.341526,0
-0.391358,-1.752086,0
-2.124649,0.372319,0
-2.212513,-0.801963,0
-2.297643,-0.764454,0
-0.394451,-1.386321,0
1.207216,-0.734184,0
-1.445812,-1.253181,0
-1.134718,0.893955,0
-0.463008,-1.212243,0
-0.772089,-1.991275,0
-0.577194,-0.741718,0
-1.349389,0.407150,0
-0.832646,-0.561954,0
-1.123397,-1.603911,0
-0.644894,-0.191543,0
-0.922474,-1.651727,0
-1.548074,0.051631,0
-0.785774,-0.596815,0
-1.141042,-2.434303,0
-1.064399,-0.200470,0
-0.274808,-0.493241,0
-0.662348,-1.135114,0
-0.067476,-0.574909,0
-1.657849,-1.553448,0
0.693201,-1.324846,0
-0.502305,-0.944054,0
-1.259926,-0.378874,0
-0.739215,-0.762759,0
-0.525122,-0.845454,0
-2.117950,-0.427680,0
-0.908090,-0.370165,0
-2.310854,0.664226,0
-0.290680,-1.673253,0
0.190537,-0.849761,0
-1.068552,-0.718013,0
0.193497,-2.081805,0
-1.003406,-1.426970,0
-1.409944,-2.638095,0
-0.762116,-2.302985,0
-1.675562,-2.674772,0
-0.201997,-1.391959,0
-2.587860,-0.122457,0
-2.175908,-0.385274,0
-0.300617,-1.905097,0
-0.257282,-0.213542,0
-1.739379,-0.734831,0
1.257596,-0.012295,0
-0.069533,-2.521612,0
-0.712568,-0.915181,0
-1.889439,-1.184495,0
-0.817040,-1.589319,0
-1.807567,0.318442,0
1.071729,0.704212,0
-1.903180,0.353885,0
-2.013549,-1.151303,0
-4.154022,1.129774,0
-2.334509,-1.839490,0
-0.862285,-2.776558,0
-1.779279,-0.581953,0
0.350458,-0.404674,0
-0.651533,-0.855297,0
1.516803,-2.125087,0
-1.754059,1.351233,0
-3.051443,-1.357172,0
0.310253,-1.342124,0
-0.984918,-1.476283,0
-1.955271,-1.715240,0
-0.649980,0.390129,0
-1.305814,-0.270856,0
0.039055,-1.277489,0
0.084417,-3.698668,0
-2.842327,-1.213061,0
1.398014,0.657663,0
-0.180729,-0.568080,0
-1.289553,-1.026004,0
-1.641883,-2.772016,0
-3.114501,-2.262821,0
-2.406790,-2.729033,0
-2.631210,-1.914793,0
-1.186664,-2.265191,0
-1.584857,-1.464235,0
-0.993055,-3.003271,0
-1.042681,-3.143561,0
-1.230773,-1.237999,0
-1.232836,-1.631660,0
-0.136572,-0.742254,0
-0.904763,-1.253824,0
-2.594533,-0.942781,0
-1.220780,1.310807,0
-1.966718,1.043089,0
-0.551673,-1.416368,0
-0.277639,-1.128223,0
-1.165686,-2.953873,0
-1.213795,1.076974,0
-0.163668,2.946103,0
0.593482,-1.595323,0
-2.130430,0.739947,0
-1.650740,0.454431,0
-1.284688,1.005214,0
-1.306436,0.486028,0
0.571728,-1.541036,0
-1.837936,0.928432,0
-0.906851,-1.325340,0
-0.774500,-0.646926,0
-2.501068,-0.627216,0
-2.035443,-0.607004,0
-0.056405,-1.377037,0
-1.023487,-2.185249,0
-1.731426,-0.856720,0
-0.114434,-0.808098,0
-0.554947,-1.994123,0
-1.565199,0.055136,0
-1.028046,1.457635,0
-0.853915,-2.674995,0
-1.374958,-1.246366,0
0.949601,-0.725743,0
-2.165043,-2.625368,0
0.233317,-2.968644,0
1.715692,-2.077176,0
-1.205293,-2.821875,0
0.177801,-2.953836,0
-1.171702,-1.910561,0
-0.702164,0.258855,0
-2.543118,-2.236728,0
-0.847723,-0.457682,0
-0.935125,-1.182133,0
-0.104581,-2.031509,0
-0.345090,-1.995055,0
-1.806029,-2.903658,0
-3.330880,-1.446539,0
-0.558518,-0.022511,0
-2.357064,-2.916490,0
-1.493576,-2.260272,0
-1.838194,-0.026003,0
0.486196,-1.993429,0
1.279840,-1.300830,0
-1.697317,0.378182,0
-0.527375,-1.231364,0
0.763931,-0.607049,0
0.369076,-2.767932,0
0.542253,-2.120333,0
0.922857,0.995370,0
-0.213183,-3.020741,0
-3.314835,-1.726924,0
-3.485749,-1.675265,0
-2.604869,0.375520,0
0.686881,-1.523262,0
-2.920228,-0.599618,0
-2.152366,-0.347715,0
-1.162799,-0.703993,0
-1.438846,-1.121735,0
-3.081592,0.679388,0
-1.237007,-0.805077,0
2.426487,-0.114304,0
-0.415614,0.441417,0
-1.359540,-2.259192,0
-0.511818,-1.180336,0
-2.156196,1.655390,0
-0.408682,-1.247188,0
0.302448,-0.439103,0
1.372762,-1.797584,0
-1.242214,-1.894610,0
0.481325,-0.244338,0
-0.231283,-1.964649,0
-0.500635,-0.771488,0
-1.171325,-0.083538,0
0.225509,1.107193,0
-2.184163,-1.850324,0
0.189203,-0.849323,0
-0.846505,-1.379246,0
0.168220,-2.607311,0
-1.771738,-1.354056,0
-0.489152,-1.660270,0
-1.793542,-0.911480,0
-0.423822,-2.103436,0
-1.026798,-0.177135,0
-1.407788,-1.075857,0
-0.581828,-2.090462,0
-2.258246,-0.773651,0
-0.261092,-0.992375,0
-1.390286,0.723470,0
0.305219,-2.476788,0
-0.491919,-1.585087,0
-2.660129,-2.886477,0
-1.458008,0.177742,0
0.456205,-1.445816,0
-0.455314,-0.146831,0
-1.098113,0.371722,0
-1.050443,0.563207,0
-0.500528,-0.379729,0
-2.577388,-0.072211,0
-0.910342,-0.824972,0
-2.807809,-1.510931,0
-1.346289,-0.937285,0
-1.387481,-2.183937,0
-1.644340,-1.516238,0
-0.059917,-1.193788,0
-1.621036,0.613342,0
-0.503026,-2.066799,0
-2.218803,-1.217708,0
-3.227805,-1.509708,0
0.175576,-2.209028,0
1.639919,-0.075458,0
-0.480394,-1.305709,0
0.285521,0.508413,0
1.018470,-1.851649,0
-1.719783,-1.250149,0
-1.109065,-2.125252,0
-2.014446,-2.291145,0
-1.968125,-2.001787,0
-2.812443,-1.102020,0
-2.731052,-1.956734,0
-2.015693,-0.586556,0
-1.614236,-0.387131,0
-1.489612,-0.311516,0
-0.778305,-2.013139,0
-4.153282,0.030866,0
-1.303224,0.573020,0
0.538136,-1.044643,0
-2.057570,-0.094295,0
-2.132762,-0.599154,0
-1.396191,-0.235063,0
-0.560454,-1.218036,0
0.270646,-2.065121,0
-1.128851,-2.239327,0
-1.816146,-0.540666,0
-2.484143,0.075561,0
0.921854,-0.098089,0
-1.420351,-0.703349,0
-0.455954,-0.419189,0
-0.861754,-0.646091,0
-2.269763,-1.490829,0
-0.270836,-1.171987,0
-1.160455,0.001542,0
-1.680350,-0.529037,0
1.362558,-0.957050,0
-1.020087,-0.768601,0
-0.603673,-1.713509,0
0.726837,-0.887392,0
2.042231,-0.942017,0
-1.932777,-1.442634,0
-0.804238,-2.391769,0
-0.469206,-0.264065,0
-0.642542,-1.854836,0
0.993806,-0.028585,0
0.190855,-1.868206,0
-2.553935,0.579657,0
-1.027784,-2.508118,0
-1.681088,-1.030292,0
-1.032792,-0.797490,0
-0.617001,-0.397441,0
-3.603523,1.453670,0
-0.301735,-2.040105,0
0.261213,-2.454971,0
0.884243,-1.205813,0
-2.094621,1.324842,0
-1.760021,-1.277576,0
-0.297046,-0.570763,0
-0.197561,-0.569220,0
-1.002451,0.233187,0
0.588729,-1.479045,0
1.295753,-1.180045,0
-0.833983,-1.695463,0
-0.496145,-1.039686,0
-2.819297,-0.032184,0
0.265254,-1.604545,0
0.724428,-0.583616,0
-1.576441,-1.664525,0
-1.328324,0.836204,0
-1.106382,-2.524819,0
-1.143750,-0.816077,0
-0.315368,0.734396,0
0.874228,-0.184690,0
-1.101028,-1.199687,0
0.493735,-0.727078,0
-1.277956,-0.758262,0
-1.546769,-1.155729,0
1.158102,-0.436935,0
-2.057354,-3.403263,0
-1.533170,-0.756994,0
-2.558868,-0.659908,0
-2.488176,0.632457,0
-2.397309,-0.910697,0
-2.152729,-1.006494,0
-3.493484,-0.962592,0
-1.357277,0.576562,0
-1.365822,0.518655,0
-3.713361,0.530585,0
0.004806,-1.762208,0
-1.144584,0.175861,0
-1.293194,0.625003,0
-0.468288,-0.105613,0
-0.976670,-1.882252,0
0.430767,-0.287304,0
-1.645123,-0.893754,0
-1.315278,-0.713346,0
-0.280131,-1.100604,0
-1.045157,-2.450709,0
-1.973733,0.335142,0
-1.157375,-0.085208,0
-0.207970,-0.053563,0
-2.808178,-0.253192,0
-2.756990,-0.101330,0
-1.152110,0.118541,0
-0.738246,-3.037379,0
0.162322,-2.014860,0
-1.633527,-0.174860,0
-1.499672,-1.736332,0
-1.767575,-2.578050,0
-1.037526,0.424437,0
-0.994859,-0.438159,0
1.304389,-1.051580,0
-0.083633,-1.848877,0
-0.700896,-1.769721,0
-0.503639,-0.972263,0
0.399912,-1.484347,0
-2.369168,-1.154841,0
0.283950,-0.253430,0
-2.770743,-0.561215,0
-1.533831,-0.468142,0
0.295159,-2.478986,0
-1.655684,0.147450,0
0.998631,-0.004552,0
-0.181177,-0.903412,0
-3.280224,-1.193704,0
-1.556708,-0.720320,0
-1.126651,-1.091304,0
-0.161208,-1.033728,0
-0.444423,0.325498,0
0.794906,-1.849986,0
0.923472,-1.988266,0
-0.821052,-1.449903,0
-2.608573,-3.317713,0
-3.101582,-0.690270,0
-3.087945,-1.568606,0
-0.226832,-0.650085,0
-2.159488,-0.712985,0
-0.738115,-0.450020,0
-3.143005,-0.449938,0
-0.849826,-0.127550,0
0.055428,0.054594,0
-2.577671,-1.414523,0
-1.262907,-2.002370,0
-0.732277,-1.574386,0
-3.110794,-0.797276,0
-0.125018,-0.694391,0
-2.077693,-0.104673,0
-0.351563,-0.646444,0
-1.242937,0.012483,0
-0.168541,-1.062745,0
0.242685,-0.248983,0
0.498346,-1.927129,0
-2.236092,-1.510194,0
-1.139550,-2.128710,0
-1.152999,-0.838024,0
1.621890,-1.457105,0
-0.330942,-1.297743,0
0.177060,-2.222569,0
0.000034,-2.215807,0
-0.625714,0.417398,0
-1.811768,-0.692093,0
-0.774010,0.349718,0
-0.628447,-1.451638,0
-0.518447,0.146371,0
-1.533924,-1.562242,0
-1.287196,-0.723563,0
-0.874266,-1.297458,0
-2.242853,-2.015735,0
-2.454579,-1.539737,0
-0.600599,-0.932466,0
-0.657485,-0.604637,0
-0.601558,1.052931,0
-1.854812,-0.931085,0
-2.445343,-0.569577,0
-0.210567,-0.497407,0
-3.274635,-1.950867,0
0.617094,-3.627875,0
-1.351483,0.259561,0
-2.235540,-1.685963,0
0.942977,-1.983082,0
-2.575437,0.204497,0
-1.070963,-1.869908,0
-1.155088,1.407669,0
-1.168154,0.368115,0
-0.351388,-0.804775,0
-2.393771,-0.986356,0
-0.696381,0.448724,0
-2.415663,-1.778210,0
-0.602780,0.025072,0
-0.247939,-1.366234,0
-1.608774,-0.247086,0
-3.436163,-2.266876,0
-0.591459,-0.974860,0
-1.766493,0.278367,0
-2.186553,0.625455,0
-1.333416,-0.753468,0
-2.568490,-2.016166,0
0.539947,-1.313792,0
-0.280457,0.026743,0
-1.586124,-1.128373,0
-3.119770,-1.682285,0
-1.147613,-2.541825,0
0.000377,-3.251286,0
-1.087524,0.089836,0
-1.645814,-0.893748,0
0.337362,-2.526374,0
-1.998842,0.140488,0
-0.555731,-1.609056,0
-2.056003,-1.954589,0
-1.571994,0.169789,0
-2.953401,-0.868745,0
-2.007248,-0.155640,0
0.092837,0.171278,0
-0.325423,-1.010441,0
-1.269154,-1.492646,0
-0.838364,-0.693405,0
-0.215688,-1.581386,0
-1.442327,-0.508458,0
-1.522362,-2.590152,0
-0.895274,-0.881834,0
-1.830629,-0.641643,0
-0.222832,0.796939,0
-2.778527,1.127088,0
0.187334,0.066682,0
0.389642,-1.285928,0
-1.141292,0.414198,0
-0.689349,-1.412009,0
-0.392403,-0.113758,0
0.080593,-2.034896,0
-0.382895,-0.561385,0
-2.032176,-2.023635,0
0.017266,-0.131549,0
-1.707812,-0.058238,0
-2.056708,-0.362808,0
-3.899393,-0.746016,0
-0.635772,-1.718312,0
-2.003586,-2.097027,0
-4.352209,-2.358334,0
-1.395312,-0.597841,0
-1.842359,0.574081,0
-1.469382,-3.134135,0
-0.871660,-2.659722,0
-1.034214,1.201520,0
-0.459417,-0.355663,0
0.077209,-1.313413,0
-2.757093,-2.424881,0
-1.024969,-0.027720,0
0.693863,-0.812163,0
-1.019437,-1.587484,0
-0.270334,-0.992492,0
-0.005316,-0.072371,0
-3.038893,-0.901405,0
0.132985,-2.187277,0
1.159861,-1.723207,0
-1.654979,-2.420685,0
-1.111123,-1.543404,0
-0.958297,-1.888761,0
-0.273211,-0.631078,0
-0.888614,-2.080968,0
-1.960613,-0.511030,0
-1.877280,-1.021320,0
-1.527518,-0.667594,0
-1.175265,-0.675253,0
-0.544404,-1.608348,0
-2.229415,-0.965779,0
-0.903496,-3.128624,0
-1.928029,-0.850358,0
-2.275301,-0.564758,0
0.732504,-1.010726,0
-2.042749,-4.580959,0
-0.270871,-1.759582,0
-0.961869,-1.941685,0
-1.671121,-1.128787,0
-1.922031,-0.100834,0
0.103453,-1.024810,0
-0.929096,-1.141914,0
-2.863333,-0.641613,0
-1.296386,-2.004710,0
-0.871404,-0.629571,0
-0.560327,-2.669014,0
-2.056364,-2.304568,0
-0.372982,-2.398615,0
-1.273446,-0.413879,0
0.610515,-1.710420,0
-1.290548,-2.672454,0
-4.396322,-0.233214,0
-2.346803,-0.649409,0
1.015844,-1.582086,0
-0.781270,-0.981010,0
-2.160914,-1.207389,0
-1.167201,-2.632635,0
-2.957348,-0.369497,0
-2.355930,-0.662677,0
-1.862413,-1.283743,0
-0.484852,-0.556326,0
-2.467758,0.775526,0
-2.234196,-0.883916,0
-0.340601,-1.439544,0
-2.061896,-0.764198,0
-0.887558,-1.386087,0
-0.688503,-1.606772,0
-0.488482,-1.942814,0
-0.868715,-1.491806,0
-0.924540,-1.369349,0
-1.701496,-2.052473,0
0.369406,0.440191,0
0.489942,0.181268,0
-0.890273,-1.197561,0
-0.238048,-0.819101,0
-0.729709,-0.658422,0
-0.883866,-1.320693,0
-2.097900,-3.254935,0
-3.102203,-2.684143,0
-0.939074,-1.287239,0
-1.620117,-1.174421,0
-0.526399,-0.688388,0
-1.883303,-0.876968,0
-2.822899,-1.354589,0
1.190660,0.706154,0
0.573419,-3.015869,0
0.191441,-0.815183,0
-3.515316,-0.906157,0
0.193991,0.097909,0
-2.418920,-1.383770,0
-2.330536,0.139796,0
-0.207546,-1.259776,0
1.419665,-1.168492,0
-1.600659,-0.344294,0
0.103906,-1.414281,0
-1.101461,-1.083070,0
0.041309,-2.555200,0
-1.024341,-2.067272,0
0.151297,0.456224,0
-1.779993,-1.753852,0
-0.232505,-1.049069,0
-1.249162,-2.002632,0
-1.158341,-1.346630,0
-0.349912,0.350856,0
-2.221615,-3.449898,0
-0.911162,-1.805109,0
-0.014587,0.095898,0
-1.094900,-1.130020,0
-0.764891,-3.566119,0
-0.921165,-1.702535,0
-0.603746,-0.013927,0
0.939779,-1.200654,0
-1.524774,-0.875453,0
-1.603303,-0.947803,0
-1.335558,-0.640170,0
-1.551514,0.170336,0
-1.309488,-0.567183,0
0.944982,-1.287538,0
-2.336735,-0.164961,0
0.862431,-0.693317,0
-0.507995,-0.840438,0
-2.274368,-0.548284,0
-0.308767,-0.975518,0
-1.712419,-2.910277,0
-0.097787,0.845755,0
-1.765951,-0.777432,0
-2.200346,-1.051057,0
-1.894143,0.074449,0
0.114008,-3.238783,0
-0.307747,-1.636651,0
0.594853,-2.283169,0
-3.295091,-2.249292,0
0.863111,-0.684135,0
-0.876417,-1.700816,0
-1.945482,0.034675,0
0.184941,-2.141529,0
0.264438,-1.092642,0
0.981505,0.414182,0
-0.917619,-2.085637,0
-1.182428,0.682165,0
0.563964,-2.414694,0
-2.753036,-0.267277,0
0.590617,-0.446352,0
-0.493166,-2.719836,0
-0.246983,-1.750377,0
-0.778984,-0.078933,0
0.478124,-0.910508,0
-0.357563,-1.327668,0
0.233194,-0.448907,0
0.580759,-1.636536,0
0.979570,-1.391227,0
-2.026228,-1.605070,0
0.284438,0.157019,0
-0.204106,-0.517587,0
-0.518356,-0.499922,0
-0.218417,-2.688182,0
-0.525603,-0.362783,0
-0.053919,-1.618625,0
-3.798801,0.521774,0
-0.482321,-0.173949,0
-0.574238,-1.612755,0
-0.183906,-1.718527,0
0.413911,-0.941475,0
-2.232193,-1.248929,0
-1.157821,0.006809,0
-0.663769,0.127241,0
-3.432683,-0.744984,0
0.717966,-0.455020,0
-0.245510,-2.716494,0
-1.333078,-2.432802,0
-0.798658,-0.491072,0
-0.786435,-1.801938,0
0.475799,-1.431806,0
0.380597,-0.390680,0
-2.391842,-1.843340,0
-1.759583,-1.853520,0
-2.724121,0.890897,0
-0.818241,-0.865941,0
-1.306934,-0.736938,0
-0.602649,-0.674465,0
-0.491127,-1.771861,0
0.126500,-0.166245,0
-0.844112,-2.115456,0
-1.803615,-0.135298,0
-1.304593,0.056684,0
-1.518670,-0.018252,0
-1.984359,-0.085998,0
-0.213718,-1.452287,0
-0.047683,2.048032,0
-1.932641,-1.272390,0
-3.091059,-1.268592,0
-1.969778,-2.383209,0
-0.475485,-2.011566,0
-0.688106,-1.300705,0
-1.213569,-2.044071,0
-1.511173,-2.101352,0
-0.700744,1.913183,0
-2.556039,-1.346139,0
-3.006941,-1.812220,0
0.698300,-1.020103,0
1.320694,-2.482584,0
0.491030,0.153795,0
-2.031680,-0.590482,0
-0.468577,1.285712,0
-2.812054,-1.076361,0
-0.075915,-1.383138,0
0.389701,-2.861033,0
-1.877772,-1.161833,0
-2.160562,-1.197008,0
-1.335367,-2.712300,0
-0.858513,-0.724815,0
-1.612636,-1.372329,0
-2.123671,-2.390264,0
0.260823,-0.977568,0
-0.160500,-0.773063,0
-0.943510,1.559318,0
-1.850587,0.247094,0
0.211868,-0.840575,0
-1.661106,-1.169152,0
-1.096324,-2.662647,0
0.125299,-0.070994,0
-4.116620,-0.741256,0
-1.148258,0.276222,0
-0.521797,-0.981491,0
-0.223257,0.926428,0
-1.472246,0.647411,0
-2.650650,-0.960015,0
0.389135,-0.237240,0
-2.126005,-1.044339,0
-0.950896,0.250063,0
-0.104578,-0.565611,0
-0.878467,-1.709966,0
-0.922242,-0.619243,0
-0.331211,-1.366329,0
-1.371448,0.305315,0
1.045006,-0.707982,0
0.995561,-0.350880,0
-0.665241,-2.602554,0
-1.500620,-0.227102,0
-0.704647,-3.687888,0
-1.446414,-0.519584,0
-3.562514,-1.257104,0
-1.397227,-1.086814,0
0.112885,-3.120968,0
-2.506022,-0.489626,0
-2.652431,-2.872586,0
-1.577566,-0.338004,0
-1.219104,-0.374669,0
-0.012448,0.491051,0
-1.683770,-0.613308,0
-1.083180,-0.945950,0
-0.531860,0.572635,0
-2.260041,-2.163903,0
0.242909,1.781303,0
-0.489666,-1.741514,0
-1.199883,0.548181,0
-1.082024,-1.683566,0
-2.033296,-1.487285,0
1.621161,-2.624526,0
0.008736,-0.923308,0
-1.339648,0.762987,0
0.281735,0.062859,0
-1.795236,-2.202580,0
-2.329740,1.124330,0
-0.008378,-1.636529,0
-1.390785,1.159518,0
-1.619233,-2.999835,0
0.198243,0.224240,0
1.221710,0.709917,0
-1.578502,-0.978930,0
0.333761,-1.094414,0
0.751204,-1.838598,0
-0.453181,-0.750910,0
-0.256708,0.928280,0
1.556953,0.207934,0
-2.767696,-1.989090,0
1.798473,-0.479342,0
-0.660170,-1.620255,0
-1.112771,-0.607599,0
-0.921750,-0.002173,0
-0.640186,-1.557235,0
-0.460664,-0.696041,0
-0.289595,-2.557175,0
-0.017109,-1.904822,0
-0.621708,-1.120651,0
0.390384,-1.555184,0
-2.562194,-0.592373,0
-0.031112,-2.521127,0
-0.838563,-0.462950,0
-0.892742,1.051663,0
-1.652983,-2.409715,0
-0.504025,-2.073743,0
-0.453176,0.588396,0
-1.658983,-0.530056,0
-1.735844,-0.308550,0
-0.843920,-0.014818,0
-2.530964,-2.446814,0
0.466964,-1.284368,0
-1.155062,-2.922044,0
-1.907404,-2.845486,0
-2.424388,2.006714,0
-1.953513,-1.665007,0
-0.375895,2.189856,0
-1.108204,-2.774303,0
-2.262621,-1.328469,0
-0.627583,-1.764578,0
-1.280602,-2.407018,0
-0.707357,-0.860292,0
-1.367687,-0.425144,0
-1.462721,-1.496414,0
-1.606724,-0.865850,0
1.109845,-1.465580,0
-1.346944,-1.099079,0
-1.925164,-1.826293,0
-0.837857,-1.433759,0
-1.856896,-0.593999,0
-0.434982,-0.572023,0
-2.428213,-3.757506,0
-1.503730,-1.595497,0
-1.186523,-2.653075,0
0.340440,0.115169,0
-2.286736,0.178747,0
-1.765503,-0.892127,0
-2.532278,-1.856559,0
-1.258495,-0.405668,0
-1.512950,-2.122199,0
-3.109324,-1.259206,0
-0.911476,-2.152787,0
-1.423907,-1.649889,0
-1.022206,-1.242787,0
0.115630,-2.753674,0
-0.893519,-1.597447,0
-0.450810,-0.531227,0
0.357396,-0.608442,0
-0.276258,-1.122352,0
-2.620037,-0.177326,0
