2.677015,1.657256,1
0.247884,0.334435,1
2.148066,0.539797,1
0.744279,1.465967,1
1.172417,2.266541,1
0.191473,0.813359,1
-1.303175,1.336671,1
1.549895,1.406771,1
-1.518073,1.345266,1
1.933768,1.255327,1
0.948240,0.596527,1
-0.324412,0.447762,1
1.239123,1.642575,1
1.066253,1.840797,1
0.845239,2.196073,1
1.709862,1.622439,1
-0.375584,-0.461470,1
-0.483153,3.187411,1
0.777828,-0.170867,1
0.150250,1.000303,1
0.914027,0.625526,1
1.572047,0.766502,1
1.513742,3.365773,1
0.734236,0.078556,1
-0.489741,-0.682787,1
1.601950,2.148169,1
-0.024820,-0.518635,1
1.972712,0.699619,1
1.019388,2.749197,1
0.783395,1.258228,1
0.385764,0.837699,1
-0.657224,2.056098,1
1.550269,0.354077,1
0.746820,0.793028,1
1.336501,2.158371,1
0.239695,1.534594,1
-0.664791,0.813075,1
1.020247,1.643400,1
0.447615,0.295362,1
2.098973,0.818380,1
0.757573,-0.759356,1
1.568088,2.086510,1
0.785746,2.991765,1
1.631136,3.087221,1
0.978433,1.604268,1
0.684516,0.110943,1
2.018849,1.433463,1
0.919749,1.317633,1
-0.666822,1.097007,1
1.851526,-1.486168,1
0.249602,2.645652,1
2.504876,-0.293518,1
0.944597,0.655004,1
1.220378,-0.190742,1
1.154093,1.586504,1
0.138058,1.427741,1
0.312134,-1.348921,1
-1.092386,0.001407,1
0.307838,2.350072,1
1.865754,2.220809,1
1.246192,-1.375204,1
0.164991,1.095367,1
1.782694,0.588740,1
0.481036,0.923638,1
1.192199,0.214651,1
1.144855,2.393119,1
1.708530,1.998013,1
1.722807,1.129266,1
0.323344,2.838527,1
1.238106,-0.934502,1
3.576289,-0.207226,1
0.034881,-1.189383,1
0.449581,0.939009,1
2.254636,-0.714155,1
2.264840,2.400685,1
1.761626,1.289496,1
0.867021,2.877650,1
-0.048244,0.567302,1
0.155912,0.200248,1
1.921986,-1.049249,1
0.057172,0.567936,1
0.914298,0.063371,1
2.195624,0.653867,1
1.630455,0.222058,1
1.145898,0.466496,1
3.261962,1.391414,1
-0.013662,0.973971,1
1.481470,0.740351,1
-0.500776,1.809754,1
1.955204,2.897018,1
0.476285,-0.568976,1
1.477993,1.641906,1
-0.181390,2.033070,1
0.709487,2.932478,1
1.682400,-0.778615,1
0.280086,0.776150,1
-0.354613,-0.430498,1
0.918427,-0.054596,1
-1.321313,1.640592,1
-0.111417,0.130329,1
0.530312,0.127614,1
2.430118,0.664859,1
0.175811,0.722454,1
0.247316,2.152483,1
1.770643,0.490023,1
0.881120,0.761301,1
0.278383,1.201819,1
1.552269,0.353476,1
0.890168,1.054918,1
1.906091,2.423727,1
2.834032,-1.460532,1
3.689771,2.666793,1
-0.003445,-0.653100,1
0.983285,0.417690,1
0.611801,0.318055,1
-0.174926,0.032114,1
0.218259,0.283669,1
2.639828,1.928007,1
2.304179,1.552948,1
0.768589,-1.272274,1
0.014537,1.399732,1
-0.292381,0.990504,1
2.742208,1.011041,1
0.722739,1.127912,1
-0.236834,0.634324,1
1.407332,-0.017608,1
1.059150,2.577787,1
3.474657,-0.226674,1
1.526126,1.025044,1
1.464873,2.267751,1
1.970503,1.107087,1
0.892456,3.235396,1
2.014478,0.766097,1
0.922304,0.330360,1
0.427499,1.133148,1
2.163073,1.056383,1
0.898033,-0.344219,1
0.052653,1.528789,1
0.683491,0.678112,1
0.973164,-1.088857,1
-0.819366,-1.524563,1
-0.150284,1.098466,1
0.666932,0.645142,1
-0.097528,0.211899,1
-0.400357,-0.673231,1
2.476859,2.477695,1
-0.383993,1.556610,1
1.559726,0.370873,1
-0.217284,0.943890,1
-0.689143,1.580955,1
0.400435,0.760179,1
2.286035,0.555064,1
1.157364,-0.104113,1
1.644124,1.464352,1
-0.892990,0.460241,1
1.452674,1.071002,1
2.503995,0.877485,1
0.260894,1.833095,1
1.048237,2.004446,1
1.597973,0.906537,1
0.331023,0.314738,1
3.532847,-1.569253,1
2.359531,2.399446,1
0.805074,2.564911,1
0.974168,1.568494,1
2.463440,1.026818,1
1.438452,1.238339,1
2.339795,1.256710,1
0.502029,0.440129,1
1.771361,-0.096584,1
1.454132,-0.170921,1
2.482928,-1.494478,1
-0.117734,1.974045,1
0.796192,1.083941,1
1.090924,1.713333,1
1.270311,-0.088575,1
-0.353429,2.894123,1
0.250831,-0.770357,1
0.483395,0.359749,1
2.213688,1.249932,1
3.464651,-0.043239,1
3.926939,0.701340,1
1.676802,-0.213605,1
0.574323,0.091986,1
-0.655758,2.115704,1
2.128410,1.150937,1
1.343663,1.539523,1
0.477915,0.641900,1
-1.448648,-0.423088,1
0.787593,1.689570,1
-1.977655,0.656061,1
2.383646,1.004745,1
1.331279,1.955548,1
1.106608,0.196250,1
0.457860,1.267882,1
-0.200362,1.072038,1
0.869834,0.639568,1
0.746313,2.233251,1
1.357879,0.844714,1
1.574840,-0.597610,1
1.381868,2.063398,1
0.928838,-0.471320,1
0.520769,0.876238,1
1.882211,-0.952228,1
1.952693,0.946967,1
1.775082,-0.151155,1
2.231508,1.015617,1
1.670029,1.613471,1
1.967571,0.281404,1
4.635685,0.925737,1
2.754177,1.633132,1
0.217287,0.170330,1
-0.638273,2.725711,1
2.041081,0.780412,1
0.776369,1.354049,1
0.940981,1.154705,1
-0.398784,0.472497,1
0.597347,2.773046,1
-1.269547,0.646769,1
0.330197,2.480719,1
1.234709,0.122081,1
2.243899,2.142873,1
-0.250056,1.231189,1
1.324678,3.053534,1
1.595524,1.955997,1
1.637806,0.484468,1
0.522285,1.387411,1
1.564170,1.521018,1
-0.353451,1.720402,1
1.077257,1.374270,1
0.912124,-0.555964,1
3.762400,0.455276,1
0.512377,1.897399,1
0.878758,1.141339,1
2.219628,0.510279,1
1.540562,1.717892,1
2.021800,0.346963,1
-0.655410,-0.134007,1
0.891847,0.099525,1
2.117679,0.405070,1
0.602053,1.014750,1
0.235281,-0.456820,1
-0.207917,2.397968,1
1.865817,-0.153119,1
1.870277,-0.249268,1
-0.177493,2.753486,1
1.918293,1.604805,1
1.723110,0.798785,1
3.113680,1.303128,1
1.930652,1.099542,1
1.305136,1.396984,1
1.819120,-0.447535,1
0.847048,1.769371,1
1.892468,3.197771,1
3.184685,1.270739,1
0.207504,0.122188,1
0.721520,2.331641,1
2.138497,0.163941,1
1.043956,1.413941,1
1.791033,0.872755,1
-0.921265,0.442320,1
2.142442,0.645732,1
0.459358,1.982371,1
0.508743,2.666038,1
1.811226,2.625895,1
1.489837,0.882409,1
1.198354,1.312547,1
1.026565,0.807614,1
1.111455,0.783461,1
2.763021,1.805433,1
1.493392,2.737228,1
2.145086,3.141797,1
0.955701,0.859661,1
0.576598,1.301802,1
1.664283,0.161113,1
1.702472,-0.146352,1
0.722914,2.187620,1
1.065274,1.011305,1
1.191781,1.556646,1
1.847073,0.842305,1
1.815267,-1.415144,1
1.643260,1.172149,1
1.099043,2.391323,1
0.798167,1.358901,1
2.454526,0.707784,1
1.203560,0.595255,1
1.025022,0.491462,1
0.016826,1.663727,1
1.051882,0.239365,1
1.672616,-2.917006,1
1.845269,0.798513,1
-0.569754,0.424998,1
0.696130,0.951705,1
0.708767,2.876146,1
0.569499,1.071708,1
1.641373,0.435425,1
0.455258,0.521204,1
1.763534,0.615856,1
0.605947,1.366228,1
0.373096,0.298866,1
0.294315,1.027337,1
-1.418500,-0.624445,1
2.263625,0.819486,1
0.595236,-1.884609,1
1.393665,2.370057,1
-0.681057,2.016536,1
1.765241,-0.144296,1
1.492989,1.934760,1
0.949622,0.366134,1
2.281722,-0.050865,1
2.312758,0.780971,1
0.490780,-0.249498,1
2.422447,0.957591,1
0.076280,3.070663,1
1.521725,0.951186,1
2.659189,1.396239,1
0.802237,3.130417,1
2.856605,0.446506,1
3.012372,1.167401,1
1.466578,0.955994,1
1.785653,2.132423,1
2.664590,0.441383,1
2.366562,0.962870,1
-1.124372,0.761643,1
2.763604,3.381650,1
1.643457,1.643844,1
3.490848,0.428834,1
0.334418,1.487808,1
1.051189,0.631648,1
0.501000,0.197316,1
1.883816,1.985031,1
1.211832,3.178472,1
-0.528607,1.863464,1
0.518883,0.078778,1
3.534643,0.461722,1
2.303239,0.503718,1
-1.040214,0.175368,1
2.406823,2.270641,1
0.399291,2.230279,1
2.344217,2.343616,1
-0.488960,1.950712,1
-0.410848,-0.148802,1
1.920136,2.157107,1
0.639025,2.018081,1
2.183361,2.172517,1
-0.220287,-1.218714,1
1.697311,1.696567,1
0.819924,0.746535,1
1.093634,2.056398,1
0.317425,-0.513577,1
1.587703,0.210981,1
0.709364,1.355390,1
0.960871,0.003057,1
2.063692,-0.231468,1
0.606476,1.723617,1
1.850935,1.002034,1
1.592051,0.422285,1
1.271045,0.954418,1
1.338836,2.560544,1
2.889694,-0.357343,1
1.711374,0.425884,1
-0.144246,0.447777,1
1.451493,1.773223,1
-1.120780,0.576112,1
-0.574502,0.515392,1
-0.805886,-0.821771,1
0.132010,2.492480,1
0.763000,0.712912,1
1.616854,2.015574,1
0.918321,-1.207634,1
-0.906747,-0.603530,1
0.179729,4.073187,1
-0.745098,-0.257811,1
2.466872,0.570872,1
0.669416,0.348731,1
0.211736,-0.997526,1
1.464136,1.176678,1
2.118718,0.466219,1
0.679804,1.235318,1
-0.608140,-0.163501,1
2.845947,-0.624307,1
0.843205,1.509971,1
1.558229,1.919973,1
2.819178,0.821964,1
-0.238024,-0.034202,1
1.571011,-0.312156,1
0.467730,0.776509,1
0.291902,1.604028,1
0.535130,3.449736,1
1.769360,1.496565,1
0.882266,1.327000,1
1.469840,1.992736,1
0.824686,-0.145250,1
1.452865,1.256791,1
1.585715,1.129139,1
-0.022223,3.370199,1
2.572306,0.001732,1
0.915562,1.016505,1
0.230130,1.025863,1
0.756999,-0.455007,1
1.652197,2.559992,1
1.826200,1.682027,1
1.839608,0.103735,1
1.116327,1.296084,1
-0.035778,-0.102000,1
0.766058,-0.382118,1
-0.565889,1.482910,1
1.063202,1.272163,1
0.842087,-0.040716,1
0.354626,0.081053,1
0.225954,-1.885243,1
2.594040,4.066946,1
-1.359465,2.245165,1
1.667761,1.625264,1
0.839840,0.847609,1
0.893405,-0.795720,1
-0.572173,1.309806,1
2.007967,0.879581,1
1.486607,0.612117,1
0.903760,2.572037,1
1.748958,0.676909,1
1.943759,1.051153,1
0.270902,-0.027321,1
0.834282,2.152326,1
0.369368,0.400084,1
1.803388,1.768551,1
-0.761844,1.488910,1
0.799465,2.241294,1
0.996317,-0.205137,1
0.927658,1.479181,1
1.105448,0.035423,1
0.604247,2.544030,1
2.197276,3.314133,1
1.637763,-1.327126,1
0.580783,2.908829,1
1.161717,2.250930,1
-0.655379,1.038286,1
-0.237028,1.824312,1
0.072656,1.551805,1
2.117138,1.135622,1
-0.332162,1.273377,1
0.237461,1.615758,1
0.503899,0.788615,1
0.807375,2.132409,1
1.307967,1.123528,1
0.728446,1.238279,1
0.679268,-0.519146,1
0.943437,1.741191,1
2.234690,-0.901183,1
0.701266,3.350160,1
-0.031950,-0.519271,1
0.566624,2.349819,1
-1.127147,3.437381,1
0.632724,-1.508607,1
1.175711,0.715734,1
0.355314,1.386238,1
0.873797,3.250369,1
-0.705864,-0.675602,1
0.344337,0.126357,1
0.608384,0.549860,1
-0.705994,1.222188,1
1.291496,1.052371,1
2.173598,0.109408,1
0.912243,0.982967,1
0.610204,1.562376,1
1.822628,1.016036,1
1.627455,2.598184,1
2.198385,-0.686081,1
-0.294817,0.290471,1
0.724146,1.138363,1
1.822041,2.204192,1
0.896541,3.087950,1
-0.355937,0.503049,1
2.995545,0.702981,1
-1.349262,0.216084,1
0.248295,1.226897,1
0.659916,0.805532,1
0.169551,-1.095771,1
2.740887,2.764682,1
-1.359546,2.935969,1
0.376211,0.121914,1
1.899303,0.177881,1
2.027012,2.402250,1
2.098298,1.371565,1
0.463662,1.920036,1
-0.443051,0.271916,1
0.205381,1.735904,1
0.983341,-0.102027,1
1.876874,-0.120489,1
0.506129,0.444943,1
1.375337,1.205969,1
1.402063,0.905589,1
2.727919,1.749287,1
1.184962,1.242240,1
0.402702,1.164451,1
1.271899,2.318783,1
-0.891164,0.541988,1
1.034018,1.320343,1
0.379334,1.947717,1
1.455145,2.853516,1
0.597501,0.624317,1
0.622176,1.060694,1
0.556105,2.606484,1
0.492370,0.851840,1
0.282074,0.733402,1
-1.285658,2.434637,1
-0.806579,0.654541,1
1.811267,0.150756,1
0.776201,0.366842,1
0.006674,-0.407767,1
-0.636255,1.891704,1
0.389354,-1.820503,1
0.806561,1.230410,1
0.702732,2.585237,1
0.202917,0.761277,1
1.361237,2.637262,1
4.739860,1.851311,1
0.634111,2.506881,1
1.944661,1.796959,1
1.521797,2.940347,1
-0.324100,1.100527,1
3.134810,0.418306,1
0.907864,0.437602,1
0.868111,1.729999,1
2.095640,0.570771,1
2.705834,2.189036,1
0.556560,0.256739,1
3.279883,-0.862823,1
1.361260,3.345834,1
0.232911,2.936080,1
1.629890,1.872715,1
-0.827408,1.059798,1
-0.241598,2.025382,1
0.357445,1.460759,1
0.727585,2.237090,1
-0.444118,0.478644,1
-1.236927,0.464333,1
1.586284,-0.787996,1
1.774777,1.194028,1
-0.231150,0.947607,1
2.455179,1.919015,1
1.269216,0.775635,1
0.988713,1.288455,1
-0.516689,1.662028,1
0.714678,1.318042,1
2.261720,0.550054,1
0.170107,1.801073,1
-0.259382,-0.008915,1
1.944563,2.122526,1
2.765500,2.565481,1
0.166735,1.765180,1
0.686863,1.514911,1
0.201382,0.875613,1
1.621135,1.242665,1
1.116040,-0.371984,1
0.602262,0.587201,1
-0.297515,2.773182,1
1.787966,-0.612683,1
2.029202,0.321813,1
1.087190,1.745441,1
-0.383995,0.723124,1
0.741263,1.575915,1
-0.079302,0.226099,1
2.441099,1.833486,1
0.174270,0.841701,1
1.548159,2.926892,1
1.991747,1.449047,1
1.955624,0.589226,1
-0.506878,3.555726,1
2.071137,-0.360231,1
0.445126,1.296576,1
-0.263272,1.754162,1
2.626517,1.435960,1
1.595912,1.581849,1
-0.329837,-1.807869,1
0.735410,1.216255,1
0.080853,-0.183411,1
0.633178,1.073185,1
3.113576,2.227156,1
-0.837031,0.640347,1
-0.561653,2.151415,1
0.265397,3.273747,1
1.654590,1.538947,1
1.720735,1.486292,1
0.435688,3.193577,1
0.405652,1.402298,1
2.072341,-0.896454,1
1.570075,-0.541643,1
0.464564,1.287603,1
0.501609,1.124955,1
0.769816,-0.348485,1
2.902125,-0.460265,1
1.325865,2.603229,1
2.393355,1.516726,1
1.556993,2.586381,1
0.172318,1.454989,1
-0.528105,0.746217,1
1.477313,2.216360,1
0.751285,0.329683,1
-0.199741,0.304321,1
1.763733,2.070787,1
-2.306159,1.852098,1
0.445825,-0.431622,1
2.391956,-0.316887,1
0.952095,1.927547,1
2.302170,0.298239,1
0.553046,0.856430,1
-0.136138,1.311065,1
-0.119827,0.642719,1
-0.414387,0.807668,1
1.468421,0.920486,1
-0.560427,0.642455,1
0.467511,2.382470,1
0.453649,1.109350,1
-0.630592,0.586479,1
1.221368,0.222977,1
0.363178,1.593162,1
0.248947,1.276534,1
2.045255,-1.077342,1
-0.046926,0.445778,1
3.209118,0.462722,1
1.014764,1.453516,1
1.452504,2.631779,1
1.189604,0.262827,1
-0.035881,0.781431,1
-0.739096,0.282088,1
0.480884,-1.747550,1
-1.259623,-1.568734,1
1.980409,0.630785,1
0.156876,3.611034,1
-1.726608,2.722745,1
1.973932,0.564400,1
1.453176,-0.661310,1
-0.523538,0.149405,1
1.460631,1.151128,1
1.602071,-0.764180,1
-0.065894,-2.111182,1
2.744776,1.645588,1
1.101691,1.265998,1
1.914068,0.700103,1
-0.740270,1.791433,1
0.371903,-1.450751,1
-0.574410,1.373090,1
0.750164,1.569987,1
1.903604,2.041847,1
2.024702,-0.143050,1
-0.327885,-1.291837,1
1.017939,1.051858,1
0.313469,0.920869,1
1.891219,1.397021,1
2.942943,1.931888,1
2.097840,0.790873,1
0.384691,0.896694,1
0.455609,1.843648,1
0.834091,-0.280332,1
-0.298181,0.385155,1
1.221758,0.963415,1
0.115626,-0.030764,1
1.306930,2.023100,1
3.083349,0.701912,1
0.252021,0.160840,1
2.413701,2.056008,1
1.203859,1.826002,1
2.874085,1.531406,1
0.478736,2.972974,1
1.815902,1.799079,1
2.082117,1.015498,1
3.048539,2.931576,1
-0.052786,0.127633,1
0.798453,1.074162,1
0.238580,1.639801,1
0.389691,0.882907,1
0.377325,1.803213,1
1.056311,0.317048,1
-0.007608,-0.419611,1
-0.046124,1.495351,1
2.147917,-0.116270,1
2.637433,0.988522,1
0.378535,-0.515578,1
0.387534,0.812203,1
0.050947,-0.557317,1
1.356034,2.208294,1
3.525232,-0.231627,1
3.701711,-1.148165,1
0.641770,0.976002,1
1.006803,2.315032,1
0.493161,-0.844604,1
2.410627,2.182983,1
0.796951,0.570812,1
2.552078,0.126858,1
4.233403,1.778658,1
1.076476,2.069372,1
-0.016128,0.690637,1
1.783089,1.696562,1
0.589876,2.549599,1
0.105597,0.374340,1
1.154729,1.147782,1
2.181288,0.198111,1
0.031542,1.553069,1
-1.126710,-1.551867,1
3.000560,1.072809,1
-0.423827,1.900010,1
0.860770,0.760981,1
-0.522697,0.692115,1
-0.291083,-0.058541,1
-1.304968,0.575805,1
0.605020,0.150598,1
-0.807570,-0.761646,1
1.008751,1.501938,1
0.779806,1.914362,1
1.773592,-0.758207,1
-0.156859,0.905001,1
-0.053029,2.560118,1
2.168062,1.685247,1
1.305877,1.258162,1
0.632578,1.525962,1
-0.629766,0.785075,1
2.848218,0.227029,1
1.288281,-0.061468,1
0.527352,0.560223,1
1.026316,0.649984,1
0.052280,2.153255,1
1.852342,-0.201195,1
-0.003960,0.838234,1
0.516453,1.495352,1
2.147388,-0.128402,1
1.853437,1.858681,1
2.159051,1.376448,1
0.856677,-0.055350,1
2.942187,2.961812,1
0.911195,2.421868,1
0.576022,1.186907,1
1.892148,1.018475,1
1.440571,1.728751,1
1.184316,-0.488912,1
0.830196,1.332912,1
1.769572,2.274069,1
-0.460027,1.324285,1
-0.370426,1.580949,1
0.496805,0.704927,1
2.323686,1.775353,1
0.376103,-0.024435,1
1.409364,0.965083,1
2.426018,2.383432,1
-0.147292,3.248494,1
1.890150,1.576629,1
2.013391,2.796654,1
0.195757,0.424552,1
0.738085,0.684355,1
0.658840,0.378908,1
1.089356,0.231348,1
0.963228,-0.787860,1
0.766276,-1.186048,1
1.415330,0.681969,1
1.135752,1.665352,1
-0.976107,1.635876,1
0.784504,0.114193,1
0.454649,-0.207379,1
1.912652,0.877136,1
0.195345,1.030215,1
0.589427,1.197946,1
1.578336,-0.648921,1
0.636483,-0.834652,1
0.677225,0.098572,1
-0.328924,-0.668790,1
2.797482,0.394672,1
0.430549,1.394424,1
-0.598518,1.578663,1
-0.301308,1.662168,1
1.261204,0.867652,1
1.097687,1.213691,1
0.263005,2.601497,1
0.946918,0.507271,1
2.660715,0.414124,1
1.364833,-0.336942,1
2.094869,1.591873,1
-0.609188,2.383602,1
2.708886,-0.187012,1
0.835654,2.844762,1
1.564644,1.457767,1
0.402514,1.895253,1
0.524526,1.347916,1
0.511737,1.130534,1
0.396434,1.655835,1
0.977732,1.728096,1
-1.576019,0.883824,1
1.541427,0.195547,1
-1.004967,0.760677,1
1.476343,1.003153,1
0.487441,0.862370,1
-0.673202,2.900080,1
-0.958505,0.668985,1
2.203525,-1.566840,1
2.225003,1.929783,1
1.037351,-1.760117,1
-1.433055,-0.163796,1
2.226711,-0.143361,1
0.543234,3.333101,1
0.329951,1.765811,1
2.506888,0.514837,1
-0.063666,1.216592,1
1.079214,1.892733,1
3.257023,-1.418724,1
0.547623,1.690319,1
0.466143,2.138319,1
0.395479,0.831916,1
0.706878,-0.093293,1
0.083024,0.714754,1
1.560853,1.873207,1
0.315247,2.010379,1
-0.411771,2.141868,1
2.301809,1.430030,1
0.021306,1.783922,1
0.593309,1.362999,1
-0.120254,1.616612,1
1.021928,0.335853,1
0.771937,1.714793,1
2.533875,0.147950,1
1.447120,0.575879,1
-0.034826,3.250762,1
2.015229,1.575813,1
0.372185,-0.288233,1
1.526053,0.143281,1
0.855813,2.933192,1
2.024713,1.489957,1
0.178386,0.323744,1
-0.138512,1.784106,1
1.877021,1.817896,1
2.292248,3.074055,1
0.955643,2.327842,1
0.419732,0.961682,1
2.325509,0.852818,1
-0.609150,2.328807,1
1.231193,0.922741,1
3.151015,0.850656,1
0.547009,-0.978694,1
1.605237,0.492210,1
2.479642,1.100738,1
-0.122122,0.364354,1
3.372467,1.489021,1
2.686225,1.426885,1
2.938352,1.810161,1
0.070371,-1.531677,1
1.742052,0.852376,1
0.389866,2.811205,1
2.046008,2.638539,1
1.641392,-0.568620,1
0.848675,0.536540,1
-0.251278,-0.266510,1
1.167073,1.475568,1
1.256828,1.069671,1
-0.417230,0.105919,1
2.111143,-0.359203,1
1.305265,0.440192,1
2.482103,2.059321,1
-0.576263,1.910586,1
2.216121,1.917858,1
1.261263,0.258165,1
0.615798,0.005872,1
1.310403,0.445670,1
0.387084,-0.114568,1
2.071974,1.033477,1
1.426557,0.567074,1
0.783793,-0.286812,1
-0.827184,1.828400,1
1.717534,0.238942,1
1.881276,2.439392,1
-2.496996,0.416134,1
1.145587,1.841008,1
1.268158,2.168381,1
0.302530,3.450340,1
2.540596,-0.231761,1
0.938095,1.265390,1
1.604456,-0.087204,1
2.166412,-0.300368,1
1.991105,1.092698,1
3.364744,1.618807,1
1.677150,1.875726,1
1.817272,2.575602,1
0.332774,2.623569,1
1.120361,0.309409,1
1.757989,3.850606,1
1.738564,0.883411,1
0.057377,1.447120,1
1.570925,0.191061,1
0.941177,1.552028,1
2.264777,1.589684,1
0.175614,0.906704,1
0.852164,1.212915,1
1.766350,0.252521,1
1.502492,1.233741,1
1.117669,0.920094,1
-0.085534,0.338681,1
0.477934,0.926286,1
-1.020642,0.559820,1
0.771844,2.265625,1
1.361900,0.293426,1
1.863158,1.805524,1
1.140528,-0.432037,1
4.273175,1.595489,1
0.931720,-0.089258,1
0.567105,0.052412,1
0.108006,1.828917,1
2.594485,-0.909153,1
-0.144692,1.729006,1
2.275106,2.029074,1
1.414206,1.694146,1
1.547759,0.504819,1
0.990777,1.527304,1
0.954556,0.360312,1
-0.851130,0.352108,1
-1.465689,2.063883,1
1.125194,1.172941,1
0.965752,1.096825,1
2.341545,0.321394,1
2.819969,2.326221,1
1.418744,2.835461,1
1.635899,0.456064,1
0.681038,1.045601,1
0.884598,0.514119,1
0.334548,-0.432618,1
1.601586,-0.852762,1
0.228453,3.267180,1
-0.507269,0.310060,1
0.661312,2.449380,1
0.782899,1.192022,1
0.799252,0.665539,1
3.450047,0.533634,1
0.864679,0.762932,1
0.605190,1.861855,1
3.134436,0.226297,1
1.097404,0.505035,1
1.666846,-0.069353,1
0.305305,0.179624,1
0.545467,-0.643192,1
-0.874928,0.874397,1
0.908598,0.626966,1
-1.074007,1.457566,1
0.384797,0.385796,1
0.374777,1.650505,1
1.922136,2.128179,1
2.189657,1.141446,1
1.383632,0.228031,1
1.317553,-0.206232,1
0.930078,0.448662,1
2.055225,1.023520,1
2.788940,0.696326,1
-0.291213,2.336497,1
1.833669,-0.008060,1
-0.231359,-0.000285,1
0.932815,-0.968905,1
-0.323058,0.125970,1
2.219488,1.296448,1
2.459627,-0.090154,1
1.242430,3.777754,1
1.940834,0.093522,1
1.755903,1.997053,1
1.214427,2.609418,1
2.070344,0.438478,1
2.449752,-0.402339,1
1.292234,-0.154562,1
0.180254,0.344176,1
1.313913,-0.379246,1
1.240821,0.270399,1
0.555222,0.604210,1
1.585732,2.243671,1
-1.010046,0.751422,1
-0.379175,1.527070,1
1.107118,2.289149,1
-0.006894,1.906191,1
0.466388,1.463984,1
1.370705,0.303029,1
-0.718925,2.293507,1
-1.282649,0.997250,1
1.917611,2.415613,1
1.515142,-0.361354,1
-0.425557,1.500802,1
0.727111,2.329573,1
1.900646,3.365608,1
0.593101,0.090574,1
2.549811,1.270393,1
1.791119,-1.066545,1
-0.816312,0.725253,1
-0.594679,0.232231,1
0.462769,1.069726,1
-0.461089,-0.225202,1
0.118346,1.682699,1
0.884907,4.256960,1
0.699885,1.365160,1
0.803215,-0.860701,1
-0.241684,2.915983,1
0.256606,2.461063,1
1.304787,1.534411,1
1.770590,2.189964,1
-0.954071,2.565196,1
-0.178622,1.663290,1
-0.356487,2.621058,1
0.676922,2.006590,1
0.085651,-0.063491,1
0.278606,0.963019,1
1.837768,0.400481,1
1.886365,1.586509,1
2.408419,3.636424,1
1.084909,0.855033,1
0.504206,0.174472,1
1.547904,1.392012,1
0.476962,-0.643131,1
0.080417,-0.099152,1
0.087307,1.630093,1
2.322444,1.961409,1
-0.028022,-0.194409,1
-0.506113,3.327751,1
1.467332,0.518699,1
2.307573,1.183913,1
-0.122292,1.140135,1
0.477492,1.717376,1
0.109276,-0.088792,1
0.701368,0.196567,1
0.593434,0.035460,1
1.074213,-0.276290,1
0.924402,2.551985,1
1.125198,1.859385,1
1.639036,2.643754,1
2.415513,-0.254673,1
-0.331428,1.370060,1
0.686542,1.874345,1
3.238824,0.885465,1
0.050368,-0.114087,1
0.192859,1.253033,1
1.674977,0.788288,1
0.775128,2.011852,1
0.075553,2.669936,1
1.076363,-0.071580,1
-0.751538,0.308103,1
0.042538,0.405612,1
1.610936,2.073770,1
0.611280,1.259654,1
2.152208,1.022405,1
1.733301,-1.405031,1
2.611889,1.719287,1
1.226429,1.405377,1
1.790130,0.250656,1
2.230611,1.096476,1
1.310607,0.862700,1
2.025677,-0.299251,1
1.439028,2.264683,1
1.949644,1.330907,1
0.700624,0.260302,1
2.953527,-0.189706,1
-1.214500,2.369842,1
0.783025,0.046549,1
0.758086,1.828608,1
1.075538,1.505501,1
0.412908,-0.628891,1
-0.188668,2.254985,1
0.908070,-1.524050,1
2.346544,0.933466,1
1.180400,-0.225116,1
-0.117445,1.037647,1
1.247804,-0.126055,1
0.550830,-0.414392,1
0.170877,1.586438,1
-0.942468,2.013802,1
0.785322,0.835792,1
1.296310,2.373742,1
1.844972,1.481221,1
-0.901062,0.875854,1
2.351478,0.530847,1
1.898651,0.914572,1
1.840358,1.386125,1
1.105574,2.000719,1
1.645921,2.061916,1
0.705169,0.402206,1
2.783369,1.969041,1
0.876943,0.535873,1
-0.247161,1.551906,1
0.523203,2.694002,1
1.111974,0.483577,1
2.673920,-0.193592,1
2.463984,1.461277,1
0.770709,1.226624,1
2.542923,0.551671,1
2.244442,2.275184,1
2.359852,0.834594,1
2.262387,1.302256,1
-0.155410,0.738072,1
1.952004,-0.518523,1
0.959645,0.158187,1
3.419209,0.615906,1
2.297756,0.794407,1
-0.032033,2.822346,1
0.707008,1.697399,1
1.556321,1.725128,1
1.553062,0.399913,1
1.854984,1.279311,1
0.350032,1.456010,1
1.118682,1.398537,1
1.423181,1.259292,1
0.747747,0.690458,1
1.026239,-0.131673,1
0.943411,1.251311,1
0.170769,1.866596,1
-0.538608,2.518575,1
-0.376736,0.892834,1
1.944950,2.631326,1
2.249033,1.759431,1
0.538681,0.574382,1
0.226159,-0.280756,1
0.218806,1.007273,1
2.699251,1.976526,1
0.904760,1.114169,1
-1.249202,-0.513303,1
1.301254,1.298233,1
0.476019,3.633094,1
1.102003,-0.069678,1
-0.932315,-0.082281,1
2.667843,1.190233,1
-0.082124,3.560779,1
-0.182837,1.654841,1
1.137753,1.798250,1
0.832146,1.775723,1
-0.634302,1.057823,1
0.959966,2.182522,1
1.676486,-0.873966,1
3.862825,0.478960,1
1.281232,-0.625568,1
0.144699,0.600883,1
0.656047,-0.673394,1
1.316280,2.207946,1
0.717780,-0.236008,1
1.426203,1.257526,1
1.411596,0.366983,1
1.791471,-0.215739,1
1.978946,0.008324,1
0.607221,0.322487,1
1.809270,0.725404,1
1.406142,2.428515,1
0.856840,2.416039,1
-0.330426,2.644926,1
-0.100790,2.736604,1
1.059402,1.002584,1
2.258834,-0.415629,1
1.618970,1.355476,1
2.325891,-0.017045,1
1.390175,0.192598,1
1.789988,1.539388,1
3.112154,-0.062580,1
1.263536,2.722282,1
-0.703021,0.651991,1
-1.345152,-0.037959,1
0.799962,1.660818,1
-0.410937,1.933017,1
-1.134809,-0.466152,1
-1.725314,0.320658,1
1.957934,1.054031,1
1.872197,1.089209,1
3.849554,0.623184,1
1.615048,1.762955,1
2.265400,1.377011,1
-0.587394,1.178810,1
0.261596,1.220641,1
1.927268,0.035104,1
0.626987,-0.263036,1
1.535184,-0.531041,1
1.069901,0.368476,1
1.809267,-0.050324,1
2.184445,1.845572,1
0.257647,1.689298,1
2.332350,-1.005441,1
1.290540,1.338457,1
3.394988,-0.198532,1
1.361585,0.848165,1
2.256850,1.460873,1
2.660224,1.954523,1
2.500521,0.543252,1
-0.994375,0.526816,1
1.045853,0.697975,1
0.033159,0.421716,1
0.482659,1.586531,1
1.634237,-0.638314,1
0.951944,1.149694,1
0.219697,-0.398085,1
1.692804,0.115896,1
0.187590,1.869403,1
3.950909,-0.690807,1
0.683304,0.973868,1
1.990787,3.018152,1
-0.582201,0.783208,1
0.355339,1.827089,1
0.857691,1.546301,1
2.889511,0.854465,1
-0.603983,0.606023,1
1.517391,0.777538,1
1.903234,0.999911,1
-1.662847,3.322912,1
0.996387,1.481160,1
1.290172,1.705252,1
-0.450311,0.974698,1
-0.040435,-0.053957,1
-1.185259,1.279009,1
1.476209,2.791402,1
-0.209256,1.488083,1
1.562270,-0.818696,1
0.774808,2.224618,1
1.742705,1.749938,1
-0.002938,1.179286,1
1.363712,0.846822,1
0.530259,1.236147,1
0.355383,1.236399,1
2.810941,1.096481,1
1.106522,2.602603,1
1.886330,3.136415,1
-0.732185,2.697885,1
-1.997504,1.036690,1
0.889947,2.393305,1
-0.184155,2.100394,1
2.072544,2.809445,1
0.775157,2.001419,1
0.012861,1.450826,1
1.709650,2.013115,1
0.356460,1.829475,1
0.892672,-0.143896,1
2.810247,0.396396,1
0.898965,0.539474,1
0.900071,-0.158164,1
1.004200,0.064677,1
0.574962,1.640664,1
-0.687352,-0.097201,1
1.113661,2.082020,1
2.610433,2.076786,1
1.702825,-0.389030,1
2.621215,2.024279,1
1.904980,1.474143,1
1.318454,0.894310,1
0.684563,1.803062,1
1.631811,0.101971,1
-0.581413,1.103051,1
1.799083,1.834617,1
1.297076,0.729396,1
1.369454,-0.252645,1
1.933188,-0.792960,1
0.712453,1.122238,1
2.118988,0.784066,1
0.860514,2.476293,1
1.161560,1.544487,1
1.770375,1.013576,1
1.669475,-0.309313,1
1.094525,0.081408,1
0.392061,1.755120,1
3.130011,1.706394,1
2.499194,2.834997,1
2.542636,0.801126,1
-1.648956,1.249940,1
1.503642,0.240302,1
1.322010,0.948167,1
2.808822,0.570271,1
-0.601836,0.995828,1
-0.108860,0.510449,1
0.106293,1.049529,1
3.470314,3.506173,1
1.176202,-0.013235,1
1.410333,1.770920,1
2.467078,0.553307,1
0.851015,1.870423,1
1.702695,0.691320,1
0.316287,2.835112,1
0.191432,1.052467,1
0.235547,0.213499,1
-0.118870,0.945490,1
0.962468,2.893332,1
-0.140068,1.556676,1
0.180308,2.188068,1
1.222048,1.656816,1
0.170036,2.139343,1
1.592228,0.873335,1
0.836339,0.901271,1
-0.856111,-2.501145,1
2.593488,-0.459938,1
-1.285742,1.842131,1
-1.104680,2.300299,1
0.988286,2.025811,1
0.487840,1.096616,1
-0.709536,2.513040,1
1.304145,1.133931,1
-0.413493,1.375440,1
0.104967,0.544962,1
2.061614,0.343499,1
1.448758,2.050115,1
1.148215,1.160257,1
0.774556,-0.868065,1
-0.782627,1.538359,1
0.008700,0.737930,1
0.723435,0.984022,1
0.475887,1.157153,1
-1.369995,2.689113,1
0.630145,1.655757,1
1.308587,-0.401144,1
1.240162,2.229842,1
1.149482,0.618461,1
0.662093,-0.979981,1
0.027521,1.426299,1
1.734567,1.095294,1
1.232170,1.575221,1
2.616749,2.899822,1
-0.077443,-0.559014,1
1.797213,0.240590,1
0.254731,1.708110,1
-0.298599,0.610443,1
-0.245493,1.015201,1
-1.385015,-1.681512,1
0.585673,1.934583,1
1.907562,-1.563365,1
2.671599,1.326536,1
0.835152,1.590196,1
2.086877,1.863787,1
0.646234,-1.036855,1
-0.550258,2.290386,1
-0.975240,0.197783,1
1.108237,-0.319708,1
2.483642,2.377781,1
0.518216,1.892298,1
0.088121,0.087598,1
1.811110,-0.412704,1
0.453800,-0.021812,1
-0.912447,0.272869,1
1.432881,2.091708,1
2.583767,0.177038,1
1.558678,0.284443,1
2.195974,1.374599,1
1.191070,1.151119,1
1.030979,2.502539,1
0.940176,1.516487,1
1.810198,2.825515,1
0.679927,2.875665,1
0.175267,1.879190,1
1.701376,2.073162,1
-1.019070,2.242956,1
0.262550,2.014448,1
2.235623,2.396640,1
1.836183,1.004461,1
0.653738,3.034207,1
-0.165566,2.466388,1
2.806306,1.139549,1
2.044563,0.888871,1
1.961497,2.768116,1
1.183836,1.610957,1
0.449053,0.971435,1
1.288826,0.131270,1
-1.116712,1.550621,1
1.069197,0.043815,1
0.214277,0.716407,1
0.175042,0.653039,1
1.122657,0.193877,1
-0.128804,-0.173154,1
-0.799257,1.504215,1
0.486049,1.746973,1
1.244802,1.440877,1
0.653009,2.629779,1
0.760814,-1.150404,1
0.864745,1.018323,1
0.096627,1.397222,1
1.006019,0.820792,1
1.010614,2.218793,1
2.210347,1.689387,1
-0.470663,1.886132,1
1.125511,1.371776,1
2.104803,0.933491,1
3.192001,0.974209,1
1.198804,-0.234986,1
2.596564,-0.456303,1
-0.021554,-0.251397,1
1.175330,1.082689,1
1.577620,-0.365968,1
0.917770,0.262949,1
1.869686,2.498991,1
1.447608,-1.094841,1
0.534004,0.098138,1
0.373614,2.073000,1
2.477818,0.352229,1
1.001116,-0.036779,1
0.571719,1.273005,1
1.117491,2.124477,1
-0.074136,-0.129105,1
2.261383,1.125525,1
1.530204,-0.228842,1
0.227982,0.989675,1
1.762301,0.500307,1
-0.046479,2.108290,1
1.427793,0.572302,1
1.066360,1.535476,1
0.303198,2.444423,1
1.437769,0.181314,1
1.946545,2.292331,1
0.673063,1.174204,1
1.379077,-0.428905,1
2.018962,1.621512,1
1.557876,3.800489,1
0.103842,-2.240675,1
0.137573,-0.412609,1
0.775038,3.137975,1
1.045501,0.479303,1
1.596772,0.117257,1
2.576601,2.773382,1
1.966440,0.531079,1
0.024868,0.979531,1
1.238412,1.101820,1
-0.210123,-0.619841,1
0.062545,0.128296,1
1.506325,-0.075408,1
1.150070,0.577701,1
0.585854,-0.235900,1
0.161875,0.204966,1
-0.623928,-0.036190,1
-1.232263,0.484566,1
0.989065,0.881742,1
0.481242,1.309718,1
-0.344057,0.220754,1
2.351460,1.465241,1
0.710755,0.697814,1
0.320716,0.355323,1
0.529475,1.120566,1
1.076004,-1.362501,1
1.844433,0.653826,1
1.406909,1.637244,1
1.125784,2.422658,1
1.310048,2.363164,1
1.348412,1.101784,1
0.451552,2.045507,1
0.723313,0.961750,1
1.114810,1.104034,1
0.124234,0.863861,1
2.084600,0.342438,1
0.995425,1.355974,1
2.610886,0.171664,1
2.680204,0.667221,1
0.861711,1.306734,1
1.115086,0.291191,1
0.308078,-0.130027,1
-1.385047,-1.268218,1
0.677685,3.035424,1
1.971343,1.566136,1
1.352512,1.502219,1
2.247765,-0.044629,1
1.048111,-0.359014,1
2.417263,0.791390,1
-0.531537,1.483947,1
0.088557,-1.098515,1
1.246457,0.853146,1
-0.690818,1.487777,1
1.942415,3.293229,1
0.888420,0.553334,1
-0.964482,-0.816992,1
1.007637,0.804236,1
1.868771,2.256307,1
-0.017296,0.223182,1
0.370987,-0.398543,1
1.186411,2.574842,1
-0.071635,0.241016,1
1.548224,0.025158,1
1.033961,-0.422024,1
1.372708,2.397592,1
1.274561,2.230036,1
2.277859,-0.410526,1
0.810336,-0.962597,1
-1.057492,2.376446,1
0.273308,0.948409,1
-1.432906,1.123898,1
0.601539,1.939873,1
3.409265,-0.192258,1
3.333279,-0.004820,1
1.649245,-0.781957,1
-0.969522,1.757966,1
-0.046866,0.973998,1
0.150735,0.811521,1
3.142068,0.991595,1
1.472404,2.308685,1
0.096515,0.881227,1
2.306352,-0.142007,1
1.528334,-0.017008,1
2.749558,1.246540,1
0.961953,-0.043301,1
0.723994,1.224830,1
0.325174,3.834819,1
2.393436,-0.857794,1
0.736115,0.313520,1
0.618739,2.891386,1
-0.000505,-1.447386,1
2.241068,0.063129,1
3.183464,2.359099,1
1.116785,0.833649,1
1.814503,0.584554,1
2.841771,0.476710,1
2.255754,0.055530,1
-2.250847,0.142136,1
2.794479,0.943883,1
2.052241,1.327601,1
2.263014,2.991483,1
2.042647,1.455508,1
1.893674,1.741380,1
-0.307259,1.507201,1
2.188429,1.931903,1
1.974944,-0.145733,1
1.151856,2.208080,1
-1.650256,1.219053,1
0.184237,0.066157,1
0.471929,1.263916,1
-0.659885,-0.456581,1
0.986549,1.899111,1
2.032160,1.802891,1
0.126188,-1.044785,1
1.631506,2.103367,1
1.611465,1.296070,1
1.101240,1.355007,1
3.281302,0.607654,1
0.627239,1.425001,1
1.559739,0.763951,1
1.396261,2.719527,1
1.702396,0.188223,1
-0.702063,2.802583,1
-1.161093,-0.615378,1
1.409843,0.407261,1
0.968921,1.507912,1
0.963217,-0.067793,1
4.013784,0.705671,1
3.022933,1.923777,1
1.038488,0.326040,1
2.070695,0.527636,1
-0.825616,1.600275,1
0.996040,1.282455,1
0.699232,2.811086,1
1.903946,0.570207,1
2.513781,-0.289367,1
1.239923,0.170405,1
1.304777,1.704303,1
0.596648,0.128022,1
1.940009,0.598750,1
0.165833,-0.536419,1
2.329863,2.713616,1
1.715016,3.117361,1
1.442777,1.172492,1
0.521883,2.002029,1
1.241658,0.004967,1
1.294344,1.714279,1
0.535175,1.298107,1
0.293555,-0.724760,1
0.448054,1.212828,1
2.858215,1.575161,1
0.381673,1.679156,1
1.988349,-0.101597,1
1.061933,-1.251298,1
1.702838,3.383186,1
1.513548,1.353992,1
1.530872,2.902703,1
-0.120199,0.636117,1
0.525098,-0.055755,1
0.412253,-0.254745,1
-0.471669,-0.495668,1
2.254837,2.629118,1
-0.213298,0.971625,1
0.315156,1.427677,1
0.715269,-0.126312,1
0.374909,1.231918,1
0.875530,-0.712198,1
0.326696,0.855414,1
0.461608,3.084619,1
1.858033,1.340247,1
0.277858,1.983926,1
1.114505,0.748685,1
2.970259,0.847671,1
0.110458,0.979394,1
0.778588,1.252353,1
-1.469053,1.336222,1
0.435385,1.910227,1
0.388455,-1.173929,1
3.323562,-0.949704,1
-0.606106,-1.001081,1
1.772619,1.995280,1
-0.747892,1.205148,1
0.394417,0.330614,1
1.689808,1.587826,1
0.469976,1.887562,1
1.045549,0.877164,1
2.145658,0.449655,1
0.966780,-0.412978,1
1.257062,-0.433314,1
2.342376,1.038943,1
1.111014,0.592681,1
-0.343168,4.311719,1
1.636621,-0.056471,1
1.075916,1.184949,1
1.362858,2.088451,1
4.004093,-0.260689,1
1.704872,0.060949,1
1.567307,1.352896,1
0.116158,-1.543578,1
0.244045,-0.085625,1
-0.994019,-0.039238,1
-0.280465,1.330827,1
0.903290,2.478579,1
0.277474,2.510509,1
1.244838,2.482434,1
1.233829,1.857323,1
0.756229,0.106619,1
-2.140966,2.594136,1
0.001000,0.567646,1
-0.059971,0.661766,1
0.900066,1.525043,1
0.842086,1.523168,1
1.257844,2.068235,1
0.381594,0.570265,1
0.437515,0.665172,1
2.848549,1.310375,1
2.927700,2.501799,1
2.624316,0.994840,1
0.715782,1.773277,1
0.312761,-0.256258,1
0.661153,0.978485,1
3.222277,2.845162,1
1.216365,0.153793,1
1.589823,0.442682,1
-0.169879,0.587167,1
0.851538,2.794957,1
0.869103,2.412963,1
1.673405,-0.941402,1
0.751009,1.261867,1
0.166288,0.996440,1
3.053527,1.050911,1
3.006788,1.674911,1
0.031314,1.182138,1
0.718716,0.328494,1
1.183011,0.357252,1
-0.268443,0.462783,1
0.903594,1.649086,1
2.980804,1.866791,1
0.683635,-1.297279,1
0.438686,-0.622484,1
3.337291,1.173023,1
0.717827,0.217063,1
0.369088,1.583857,1
-0.878961,-0.478112,1
-0.175808,0.360214,1
0.066848,1.552510,1
1.024485,1.117929,1
-0.850807,2.007411,1
-0.133392,0.253345,1
1.454121,0.965396,1
-0.650159,0.508723,1
1.469360,3.033925,1
2.281647,1.622703,1
-0.668400,-0.166737,1
1.251089,3.087878,1
-0.806923,0.834992,1
3.122846,-0.135313,1
1.688948,0.412694,1
-1.541991,0.158471,1
-0.207861,2.478891,1
2.015650,1.398678,1
1.745003,0.800144,1
1.138227,0.011520,1
0.976651,2.922192,1
0.854464,0.160809,1
2.109837,0.645602,1
2.867836,-1.344984,1
-0.157827,1.826261,1
1.318157,-0.048690,1
0.973505,0.527179,1
-1.090645,1.443591,1
0.059222,1.464773,1
1.658511,-0.435888,1
-0.829277,0.056173,1
0.166609,0.518195,1
0.540614,-2.253082,1
-0.713515,0.588250,1
1.044095,1.177475,1
-0.407611,1.942492,1
0.079932,2.021366,1
2.037962,1.616498,1
0.978972,-0.015288,1
2.924056,2.211988,1
0.940717,3.559331,1
-0.329563,1.911546,1
-0.815654,2.434370,1
2.840040,0.973284,1
0.643815,1.280331,1
1.004974,1.283820,1
3.334133,0.652970,1
-0.063991,2.815771,1
-0.028608,3.567705,1
1.167774,3.315278,1
1.276813,2.535631,1
0.183838,1.752188,1
-0.138002,1.309991,1
1.966146,1.860283,1
1.200207,0.556054,1
2.053554,-0.901020,1
0.243996,1.485045,1
2.622091,1.239467,1
-1.227989,-0.172832,1
1.437543,2.488726,1
1.361230,1.666203,1
0.107040,-0.518525,1
1.172522,-0.744966,1
-0.921922,0.610462,1
1.045486,-0.173473,1
1.469079,0.756750,1
3.583788,0.413708,1
0.322931,2.016306,1
2.530023,0.450964,1
1.456646,1.014113,1
2.620942,1.735999,1
0.860671,0.613482,1
2.448903,1.288101,1
1.304085,1.894828,1
1.254588,1.335272,1
2.438259,-0.324958,1
0.349001,2.346856,1
-0.815097,0.569817,1
1.347653,2.392644,1
0.105377,1.366975,1
0.908436,3.294190,1
2.126008,1.632068,1
0.922663,0.189859,1
0.311049,-0.615820,1
1.570762,1.512640,1
-1.036121,1.111555,1
2.155536,0.176859,1
0.894098,-1.352625,1
1.112391,1.631339,1
1.421600,1.863511,1
1.986371,-0.372458,1
3.495813,-0.153432,1
0.088687,1.773546,1
1.069688,-0.278656,1
1.749931,-1.231617,1
0.951289,2.449768,1
0.326586,1.326007,1
0.142495,1.150818,1
0.447651,1.275684,1
0.108938,-0.505691,1
0.580093,1.722898,1
0.594142,0.784147,1
2.231089,0.249903,1
0.372204,0.245631,1
-0.265007,0.876209,1
1.457516,2.185704,1
2.867392,0.719542,1
0.450871,1.411122,1
1.340952,-0.114543,1
3.221426,-0.152685,1
1.791356,0.211722,1
0.604073,1.458279,1
1.552981,1.025663,1
-0.010978,0.357948,1
0.912603,1.258663,1
0.910944,1.564821,1
2.266475,-0.110502,1
0.567618,0.048145,1
0.747066,1.932652,1
-0.219992,-0.312728,1
0.400566,0.515815,1
1.511228,0.638492,1
1.584638,0.852434,1
1.545377,1.848237,1
0.260302,2.547435,1
1.736941,0.963427,1
-0.628462,0.217123,1
3.083245,1.214475,1
0.767698,1.920469,1
0.762850,0.498528,1
1.533500,-0.519559,1
-0.861446,0.874431,1
1.733178,0.657101,1
0.161731,1.571493,1
0.295060,1.584095,1
1.369122,2.133562,1
1.914686,0.204678,1
-1.481420,0.867916,1
4.248481,-0.327560,1
0.221429,0.654795,1
-0.486318,0.647512,1
0.267388,0.359183,1
0.597427,2.956917,1
1.472526,-0.213122,1
-0.002178,0.166360,1
0.350716,-0.675051,1
0.334753,-0.789544,1
1.832374,1.660825,1
1.042885,-0.577975,1
1.647369,0.660011,1
0.860109,0.541170,1
1.004629,-0.663567,1
2.385479,0.178718,1
1.316760,2.628950,1
1.583256,-0.083228,1
1.852210,-0.334131,1
0.248912,1.910263,1
1.359351,-1.545380,1
2.924248,0.793030,1
2.832474,1.298519,1
1.296157,-0.015531,1
-0.116625,1.107300,1
0.408025,0.900050,1
0.200677,0.022921,1
-0.383972,0.799369,1
1.065841,-0.272746,1
0.053337,-0.275757,1
1.041799,1.203800,1
1.328437,-0.271835,1
1.181023,0.557290,1
-0.356017,0.549287,1
-1.600794,1.152478,1
1.276967,2.609317,1
1.257429,-1.371060,1
2.273531,1.095223,1
1.692695,-0.056963,1
4.092202,1.597164,1
0.044108,0.390499,1
-0.078726,0.496958,1
-0.341293,0.944952,1
1.894917,1.522051,1
2.731984,1.761793,1
2.326970,2.633593,1
1.162062,-0.228779,1
1.290989,-0.429847,1
3.452228,2.388213,1
-1.193318,0.839058,1
1.704906,2.940190,1
2.021969,0.344895,1
1.359765,2.222951,1
0.089322,1.473061,1
2.199327,2.032683,1
0.757733,1.752268,1
0.933422,1.150602,1
0.707378,1.238120,1
1.003236,0.630406,1
0.677246,1.929615,1
4.030784,1.095429,1
2.366366,1.365367,1
0.751387,-0.965450,1
0.637879,1.239187,1
3.738438,0.225213,1
2.339518,2.093569,1
0.222536,1.026509,1
1.008124,3.774010,1
1.329038,3.143637,1
-0.166718,0.715202,1
3.233162,-0.958153,1
1.402705,1.055591,1
-0.086675,1.216325,1
2.558372,1.707604,1
0.448924,1.002783,1
0.189687,1.416167,1
2.314800,2.101091,1
-0.660619,0.849322,1
1.720021,-0.169663,1
1.957838,0.436185,1
1.363249,0.559647,1
2.688167,2.948153,1
1.715112,2.150003,1
2.735547,1.357846,1
2.012195,2.502515,1
3.495053,1.235307,1
0.778923,-0.538733,1
0.931420,-1.865975,1
1.624050,0.779173,1
1.233877,0.756652,1
-0.031511,1.043405,1
-0.138692,1.084353,1
1.993408,-0.497019,1
-0.205637,0.276467,1
-0.759054,0.876282,1
0.882856,0.821348,1
0.749301,0.860030,1
2.231295,1.015351,1
0.745573,1.855826,1
0.508782,1.982595,1
1.644827,1.707789,1
1.636366,-2.171402,1
1.564071,1.458881,1
1.935329,-0.079323,1
0.703796,0.223897,1
1.280235,0.520347,1
2.944644,0.953695,1
0.696065,1.689953,1
-0.667509,1.532254,1
-0.465163,1.394157,1
0.048392,0.102929,1
0.474728,1.592243,1
0.972303,0.077283,1
2.129187,0.225606,1
1.660048,1.181977,1
0.676847,3.511345,1
-0.398792,1.265473,1
-0.715029,0.359979,1
1.177709,1.688472,1
0.744290,-0.308926,1
1.508120,1.846450,1
2.136774,0.856368,1
0.265212,0.701425,1
1.508131,2.415165,1
0.588774,0.304015,1
0.924490,0.261433,1
2.119743,0.672796,1
0.390587,1.668490,1
0.279905,-0.289530,1
1.730365,0.414012,1
1.506761,0.245204,1
1.275948,1.091134,1
1.272386,1.494010,1
1.812843,2.310947,1
0.818368,0.953990,1
0.638987,1.082693,1
1.711187,-0.983335,1
1.515783,1.306358,1
0.947471,0.618936,1
0.173813,-0.227240,1
0.387361,1.885857,1
1.165741,0.738464,1
0.878693,2.272922,1
1.209020,0.052869,1
1.083116,0.888843,1
0.844099,1.611797,1
2.000163,1.367414,1
-0.247192,1.971690,1
1.081608,1.789436,1
0.756604,-0.952817,1
2.183962,1.029699,1
0.700866,-0.394337,1
0.303526,1.746305,1
3.189159,1.974762,1
1.569770,0.940973,1
2.722701,2.844535,1
1.963350,1.205167,1
1.209349,1.846661,1
-0.240429,0.680936,1
-0.000005,0.581045,1
2.825343,2.451793,1
0.040794,0.007420,1
0.218372,2.269145,1
2.171678,1.167380,1
1.009253,1.456621,1
0.334303,0.479895,1
1.576206,2.345599,1
0.896397,0.858850,1
0.751002,0.789491,1
0.923547,2.059525,1
0.963003,1.113589,1
2.157321,1.037683,1
2.721106,1.458000,1
1.821622,-0.166343,1
0.494880,0.749753,1
-0.321402,3.486476,1
2.385316,1.293152,1
1.256334,0.460072,1
0.128333,1.499743,1
1.872159,-0.684710,1
1.242340,0.574659,1
0.223354,1.099526,1
1.513922,4.011367,1
1.461798,1.251584,1
-0.289694,-0.184050,1
0.611092,0.771377,1
-0.057869,-0.122228,1
0.991488,0.716776,1
0.924379,-1.620326,1
2.935047,1.141221,1
3.362796,1.373479,1
0.504923,-0.444418,1
-0.215018,1.334321,1
0.747220,2.182967,1
-0.478589,0.009296,1
2.136512,0.161498,1
-0.704671,3.108299,1
0.397127,0.729514,1
1.212531,1.558697,1
0.603740,2.451832,1
-0.651106,-1.453891,1
0.295530,0.599920,1
0.099693,2.911136,1
1.171028,0.751670,1
3.451840,1.569248,1
0.560691,2.490800,1
2.736372,0.256299,1
-2.004571,0.611321,1
1.610017,2.339922,1
1.777786,0.068417,1
2.174270,2.968259,1
1.194951,0.158573,1
0.061835,0.322289,1
0.655056,2.356915,1
0.963274,1.369184,1
-0.187587,2.981784,1
-0.269184,2.211411,1
-0.034715,0.062001,1
1.828116,1.743957,1
0.560003,3.686640,1
-0.965800,1.358575,1
2.455303,2.433550,1
1.729312,0.488250,1
1.538727,-0.368169,1
-0.551804,0.045455,0
-1.400904,0.161806,0
-2.093850,0.368765,0
-1.265477,-1.458918,0
-0.862349,0.423765,0
-1.313897,1.618628,0
-0.807901,-1.206752,0
-1.031796,-0.147744,0
-1.115292,-2.158024,0
-1.132021,-1.658439,0
-1.695567,-1.047849,0
-0.156587,-0.256518,0
-1.325997,-0.831579,0
-1.416351,-1.544489,0
-0.107560,-0.087261,0
-1.130043,-1.447005,0
-0.346189,0.208538,0
-1.941949,-1.975920,0
1.109610,-2.449813,0
0.199468,-1.334819,0
0.098105,-1.464740,0
-0.389001,1.263263,0
-0.451884,-1.172969,0
0.036973,-3.284104,0
-0.597913,0.089340,0
0.363091,-2.130018,0
-1.294831,-1.175852,0
-1.122533,-0.071557,0
-4.115614,-0.330846,0
0.510394,-1.869858,0
-0.993776,-1.275615,0
-2.243671,-0.413395,0
-0.937380,-1.565946,0
0.074046,-2.110893,0
0.048718,-0.612001,0
-0.273493,-0.305034,0
-1.963836,-2.506565,0
-1.216582,-0.969868,0
-2.785935,0.592545,0
-0.354843,-2.184466,0
-0.718338,0.360098,0
-0.631859,-1.369485,0
-0.548098,-0.309707,0
-2.038962,-0.596111,0
0.299976,-0.282382,0
0.181584,-1.655489,0
0.224595,-1.109926,0
-0.475848,0.463124,0
-1.244073,-0.310371,0
-0.762692,-0.135168,0
-2.396863,-1.703858,0
-0.323427,-0.685925,0
-0.369855,-2.027096,0
-1.753239,-1.249244,0
-0.280625,-1.143812,0
-0.452048,-1.299464,0
-1.345775,-1.087996,0
-0.891538,-0.602803,0
-3.035116,-1.138261,0
-1.484602,-2.786119,0
-1.721984,-1.354566,0
-1.296961,0.017421,0
-0.657078,-1.892331,0
-0.598801,-3.465382,0
-1.436007,-1.437610,0
-1.168565,-0.650159,0
-1.401896,-0.004913,0
-2.029574,-1.199865,0
-0.596108,-2.660824,0
-4.499461,-1.877565,0
-0.018000,-2.383544,0
0.093006,1.228677,0
-0.022773,-0.532736,0
-0.358084,-1.493792,0
-2.099058,1.164684,0
0.175567,-1.903568,0
-0.343308,-0.998317,0
-0.344776,-1.589141,0
0.800547,-1.654978,0
-0.253387,-0.663906,0
-1.337191,-2.001544,0
-1.352060,-0.250984,0
-1.555551,-2.338749,0
-1.141993,-1.465523,0
0.922070,-1.000921,0
-1.047442,-0.694481,0
-2.336383,-1.132796,0
-0.780282,-1.557091,0
-0.400633,-2.836945,0
-2.899293,1.049124,0
-2.993377,-0.307030,0
1.374204,-0.867922,0
-0.412317,-2.103367,0
-0.272734,-0.019029,0
-0.505552,0.685666,0
0.277634,-0.887646,0
-1.630700,0.216747,0
-1.400747,-2.192684,0
0.140315,-2.540744,0
-2.772096,-0.076106,0
-1.346668,0.431902,0
-1.054736,-0.975214,0
-3.077110,-1.600834,0
-4.715520,-1.290248,0
0.410930,-1.764023,0
-0.979402,-1.829961,0
-0.408109,0.864223,0
0.331657,-2.590676,0
-0.573887,-0.190876,0
0.248820,-1.318890,0
0.744384,-1.188653,0
-0.744017,-1.714430,0
-2.585249,-1.377168,0
0.296440,-1.483219,0
-0.864042,-1.546885,0
-1.197035,-0.951290,0
-3.745527,-1.170583,0
-0.791827,-1.659399,0
0.833362,-2.110097,0
0.246399,0.792376,0
-1.505916,-1.265636,0
-1.955550,-1.392304,0
-2.363562,0.583298,0
-1.968721,-0.836639,0
-0.954786,-0.710254,0
-1.806412,-0.309817,0
-1.708243,-2.258184,0
1.761287,-1.002976,0
-1.727006,-0.693050,0
-1.069901,-2.007312,0
0.790485,-2.299977,0
-3.400149,-0.007779,0
-2.464885,0.800528,0
0.822831,-2.016953,0
-0.447378,-0.073069,0
-0.627465,-1.741132,0
-0.898807,-1.245793,0
0.877310,-1.390974,0
0.543560,-2.505961,0
-1.111288,-2.246781,0
-0.324325,-0.686384,0
-2.944235,-1.341940,0
-0.959234,-1.952189,0
-0.806744,0.248611,0
0.179578,0.024125,0
-0.874136,-1.185306,0
-0.348702,-1.073581,0
1.193286,-0.611298,0
-0.415951,-1.660474,0
0.404457,-1.000798,0
-1.739121,-0.805044,0
-0.651420,-1.298676,0
1.203686,0.422830,0
-3.043820,-0.164527,0
-1.838105,0.211870,0
-1.434619,-0.367174,0
0.076269,-3.144103,0
-0.214743,-1.014882,0
-0.299672,-1.940895,0
-3.307024,-2.652606,0
-1.066436,-1.721237,0
-0.593216,-1.856568,0
-1.349722,-1.922574,0
0.174824,1.374641,0
0.086219,-2.919140,0
-2.164216,-0.053796,0
-0.218391,-1.956488,0
-1.571376,-1.853182,0
0.587814,-0.144771,0
-1.413462,-2.187616,0
0.894717,-1.436120,0
-2.227789,-1.467416,0
-1.095690,-1.154782,0
0.345058,-2.812355,0
-1.463854,-1.859005,0
0.252176,-1.921882,0
-0.853885,-1.990447,0
-0.254487,-2.123492,0
-0.625698,-0.902930,0
-1.157911,-1.252760,0
-0.650911,-0.994616,0
-1.108820,-0.878965,0
-0.786579,-1.042316,0
-1.907326,-0.398709,0
-0.514147,-1.823700,0
-1.444979,-2.187041,0
-2.221562,0.055166,0
0.432095,-4.058408,0
-3.040806,-1.472103,0
-0.699829,-2.028554,0
-1.815448,-0.823514,0
0.561918,-0.045221,0
-1.492849,0.334033,0
0.157962,-0.977312,0
0.096683,-0.361846,0
-1.894158,-0.421776,0
2.033573,-2.366470,0
-0.886969,1.337058,0
-0.609865,-0.695244,0
-1.515875,-1.097136,0
-2.726867,-0.874023,0
-0.811729,-0.613923,0
0.090234,0.560237,0
-0.930414,-1.643996,0
-1.808385,0.016849,0
0.038439,-0.492101,0
-0.741476,-0.372994,0
-1.075145,0.742754,0
-1.105420,-0.374610,0
-0.462111,-0.594973,0
0.617900,-0.618382,0
-1.598494,-0.583711,0
-1.475799,-1.033280,0
-1.053080,0.112439,0
-0.605023,-1.731248,0
-0.003647,-1.742135,0
-0.507672,-1.327994,0
0.299131,0.224004,0
0.729702,-0.871996,0
-0.704096,0.882083,0
0.611725,-1.881725,0
-2.192444,-0.652023,0
-0.298079,-1.675983,0
-1.579117,-0.747064,0
0.935063,-0.543412,0
1.613812,-1.082018,0
-2.646847,-1.348165,0
-2.145457,0.181453,0
-1.716351,-0.951444,0
-0.249866,-1.959013,0
-0.612882,-0.229494,0
-1.253888,-1.788254,0
-1.588918,-1.717553,0
-0.698881,-1.471447,0
-2.245881,-0.369457,0
-1.918757,0.382442,0
-2.598243,-0.227988,0
-0.413067,-2.685179,0
-0.313843,-1.378533,0
-0.155699,-2.146084,0
-2.876156,-0.633650,0
-1.857706,-0.083111,0
-1.696235,-0.287251,0
-1.785646,0.394674,0
-1.125700,-1.285412,0
-0.155010,-2.453047,0
-0.505550,-2.090407,0
-0.321819,-1.243600,0
-2.364312,-2.077912,0
-0.979037,-3.460578,0
0.464778,-1.060985,0
-2.199261,-1.214142,0
-0.137069,-0.049150,0
-1.631446,-0.188776,0
-3.655409,0.368987,0
-0.662251,0.681856,0
-1.179950,-2.018739,0
0.768831,-0.499260,0
-0.717407,0.879594,0
-0.844376,-1.054125,0
-1.944788,-0.155543,0
-1.262341,-1.898238,0
-0.814780,-0.305261,0
-2.794514,-1.049405,0
-0.450144,-2.641846,0
-1.171456,-2.094041,0
0.465076,-0.553787,0
-1.443771,-1.221356,0
-3.505608,-3.049835,0
-0.889342,-1.079679,0
-1.955534,1.419898,0
-0.450094,-0.022424,0
-3.100249,-0.535986,0
-3.163503,-1.461499,0
-0.180434,-0.612885,0
-2.494408,-1.120696,0
-0.980280,-0.470399,0
-1.515933,-2.144310,0
0.626832,-0.523419,0
-0.595965,-1.771279,0
-1.320178,-1.103699,0
-3.778750,0.556465,0
-2.104664,0.302381,0
0.218281,-1.882054,0
-1.521681,-0.901277,0
0.999368,-0.505033,0
-0.692252,-0.102057,0
-0.514899,-1.130789,0
0.053739,-1.500476,0
-1.868278,-0.862683,0
-1.747403,-0.958058,0
0.328505,-2.496209,0
-1.106434,-0.375988,0
-1.909120,-2.565160,0
-1.768718,-0.499300,0
0.158856,-1.229414,0
-0.858537,-1.412006,0
-2.910040,1.163217,0
-1.103785,0.074293,0
-1.989381,-2.577161,0
0.284754,-0.071123,0
-0.395441,-1.529682,0
0.053267,-1.379937,0
-0.414576,-2.568812,0
-2.567983,-2.671757,0
-2.348898,0.919310,0
-1.453898,-0.882309,0
-1.046461,0.172377,0
-0.540096,0.403041,0
-0.372854,-2.096114,0
-1.916228,-0.792763,0
-0.328453,-1.582546,0
-1.491475,-0.688699,0
-0.641372,-2.314028,0
0.123997,-1.379095,0
-1.316222,-0.811291,0
-1.889080,-1.731726,0
-2.581892,0.362398,0
-2.828055,-1.881380,0
-3.272787,-1.358619,0
-0.621972,-2.015889,0
-3.958637,-1.076002,0
-0.480861,-2.430490,0
-1.295982,-0.625589,0
-2.053571,-1.513298,0
-0.502332,-1.584388,0
-3.412085,-0.302661,0
-0.506159,-2.280421,0
1.785839,-1.281234,0
-0.776462,-1.902239,0
0.604737,0.051216,0
-2.124095,-1.678188,0
-2.555334,-0.786836,0
-0.142800,-1.286186,0
-1.594144,-1.943980,0
-0.718125,-1.649003,0
-0.887012,-1.344230,0
-0.395762,-0.794270,0
-0.534465,-2.578778,0
-1.100256,-1.084109,0
0.865234,-0.484138,0
-0.895221,-1.794376,0
-1.961075,-0.808813,0
-1.506569,-0.926547,0
-0.562057,-0.705147,0
-1.454598,-2.331434,0
0.288925,-1.012081,0
-1.414750,-0.810875,0
-0.104071,-2.312544,0
-1.725133,0.418547,0
-1.082514,-1.072921,0
-0.176629,-0.784134,0
0.913118,-1.795551,0
-1.112650,-1.158999,0
-2.239960,-0.083889,0
-2.620107,-1.449022,0
-0.502241,-1.407705,0
-2.026911,-1.122569,0
-1.643523,0.417709,0
-0.996992,-2.764091,0
-2.436130,-0.357200,0
-0.697050,-1.136917,0
0.427911,-2.729596,0
-0.799825,0.814768,0
-0.486970,-1.896372,0
-1.105235,-0.695265,0
-0.277502,-0.008278,0
0.185570,-0.174263,0
-0.999652,-0.447618,0
-2.022615,-1.053389,0
-0.303101,-1.301675,0
-1.991191,-0.101904,0
-0.041290,1.305990,0
-0.581199,-1.441870,0
-1.525593,0.759802,0
1.319386,0.914792,0
-1.919663,-2.023185,0
-4.463852,-1.826908,0
-0.100547,0.395770,0
-2.350416,-1.428406,0
-1.627609,-1.378817,0
0.343131,0.378947,0
-1.665522,-2.462446,0
-0.141539,-0.896284,0
-0.964201,0.326645,0
-2.658029,-1.070153,0
-1.321320,-0.015549,0
-3.778931,-2.206871,0
-2.172056,-0.153215,0
-0.310950,-1.550115,0
-2.859933,-2.726705,0
-4.340994,-0.795854,0
-1.583499,-1.735866,0
-0.873389,-3.367128,0
-0.445011,-0.598178,0
-0.503347,-1.129253,0
-0.126975,-2.859484,0
-2.174923,-0.642852,0
-1.135319,-1.818402,0
-0.936372,-0.484800,0
-1.295339,0.701087,0
-2.165220,0.851709,0
-0.105131,0.190272,0
-0.591560,-0.538289,0
-0.860878,-0.884508,0
1.567996,-0.431886,0
-1.208025,0.709288,0
-2.002940,0.106488,0
-0.896470,0.508720,0
-1.892581,-0.329082,0
1.117537,1.448885,0
0.677843,0.311007,0
-1.832850,0.683294,0
-0.363085,0.110424,0
-0.672645,-0.915656,0
0.167247,-1.146599,0
-0.544352,0.364899,0
-0.860128,-2.032983,0
0.182901,-1.781164,0
-0.757590,-0.957642,0
-0.914055,-0.526964,0
-0.566167,1.001954,0
-0.146004,-1.443230,0
-1.031039,-1.619836,0
-1.656459,-1.766778,0
-1.583505,0.147132,0
-1.696660,-1.024892,0
-0.412922,-1.602477,0
-0.362931,0.241983,0
-1.898979,-2.757862,0
0.901593,-2.293409,0
-0.346331,-1.357398,0
-0.561082,-0.683175,0
-0.750686,-1.402618,0
-3.150442,0.159923,0
-1.388116,-1.294687,0
0.096419,-1.807026,0
-2.161220,-1.000344,0
-0.349532,-0.090246,0
-1.802360,-1.552599,0
-1.924938,-3.739973,0
-2.471648,-1.158587,0
-1.561972,-1.485302,0
-0.310036,0.101557,0
-2.412402,-0.816593,0
-0.245421,0.407107,0
-1.414686,-0.407495,0
-0.912302,-2.135728,0
-0.494967,-0.725350,0
-0.984919,-0.912932,0
-0.251818,-1.822519,0
-2.381610,-1.298171,0
-1.188032,-2.888155,0
0.672339,-2.601043,0
-0.860753,-0.799337,0
0.241148,-0.619887,0
0.665458,-3.409397,0
-1.998765,-1.295320,0
0.407673,-1.803879,0
-1.910826,-1.935391,0
-0.539303,-0.628767,0
0.113221,0.249047,0
0.185402,-1.197828,0
-1.274720,-1.235421,0
-2.684854,-0.415548,0
0.782479,-1.354479,0
-0.986588,-0.574962,0
-0.214629,-1.869378,0
0.673892,-0.039173,0
-0.387750,-0.717191,0
-0.369936,0.134052,0
0.181992,-0.906373,0
0.185212,-0.611390,0
-2.223899,-1.467032,0
-1.469699,-1.794632,0
-1.800436,-0.490204,0
-1.703033,1.012447,0
0.042522,1.060204,0
-2.145446,-0.051987,0
-1.495866,-1.281971,0
-1.074358,-0.314643,0
1.025278,-1.108532,0
-2.125084,-2.678718,0
-1.997903,0.959325,0
-0.229717,-0.609272,0
-2.051368,-1.824253,0
0.263173,-1.978424,0
0.470151,-0.080640,0
-1.039116,-0.724911,0
-2.157857,0.563297,0
-1.224664,-0.452113,0
-0.337728,-0.834820,0
-1.687346,-1.334020,0
0.070883,-1.765799,0
-0.149245,0.491338,0
-2.009201,-2.164147,0
-0.976969,-2.978964,0
-2.458885,-2.085786,0
-2.881077,-0.248218,0
-2.878749,-1.025824,0
-3.293089,0.719209,0
-1.787878,-1.285998,0
-2.144740,-0.940408,0
-1.444525,-0.810361,0
-3.280270,-0.124544,0
-1.649719,0.135966,0
-1.586660,-1.522293,0
0.035770,-2.205683,0
-2.043010,-2.027381,0
-1.814185,-1.568507,0
0.688974,-0.407619,0
-2.995932,-0.598913,0
-0.649050,-0.969856,0
-1.441342,-0.269666,0
-0.873816,0.036659,0
0.811038,-1.588021,0
-1.147270,-0.628559,0
0.648980,-1.080230,0
-1.422482,0.248486,0
-0.401225,-1.706781,0
-3.065947,-0.472126,0
-0.773742,-2.106778,0
1.323550,-0.224285,0
-2.219890,-2.284884,0
0.076750,-2.226737,0
-2.280386,-0.596728,0
-2.700442,0.175925,0
-1.666588,1.821326,0
-1.010545,-2.846936,0
-1.164456,-0.822130,0
-0.729105,-0.474201,0
0.227735,0.078194,0
-0.607806,-0.554058,0
-1.823265,-2.304356,0
-2.781772,-1.675840,0
1.620855,-0.262518,0
-1.182679,1.233953,0
-1.617285,-0.778501,0
1.168606,-2.027863,0
-2.843918,-1.285449,0
-0.511502,-2.629941,0
-1.428972,-1.094003,0
0.210631,-0.830664,0
-0.310583,-0.834705,0
-0.017679,-0.806720,0
-1.276387,-1.257411,0
-1.766980,-1.951310,0
-1.021662,-1.062121,0
-4.077883,-3.158037,0
-1.956553,-1.489754,0
-1.217832,-1.683795,0
0.236347,-0.462735,0
-1.570537,-1.552260,0
-1.876897,-1.983430,0
-0.365977,-1.775545,0
-0.166636,-0.082175,0
-0.875545,-0.974196,0
-0.762078,2.231571,0
-2.510101,-1.111017,0
-0.989484,-0.320903,0
-1.430185,-1.192877,0
-1.093635,-0.034645,0
-0.811854,-1.648327,0
0.737585,-2.145756,0
-2.032782,0.523840,0
-0.463563,-1.411266,0
-1.419136,-0.772733,0
-1.786992,-0.560422,0
-1.440936,-1.300187,0
-0.577101,-0.327894,0
-1.923048,-1.035146,0
-1.855968,-0.772200,0
-0.955106,-1.058079,0
-1.104763,-0.575435,0
-1.314612,-1.349527,0
-0.657039,-2.981809,0
-2.044978,-1.126996,0
-1.458823,0.372247,0
0.523044,-0.930183,0
-2.770259,0.747338,0
-0.708757,-1.664724,0
0.180909,-0.262800,0
-1.200463,0.164628,0
-1.089295,-1.528072,0
-2.350070,-2.877223,0
-2.110887,-1.582238,0
-1.792683,-1.680285,0
-0.190579,-0.880441,0
-1.308129,-0.551997,0
-0.992954,-2.413844,0
-0.010465,0.238696,0
0.076525,-1.219380,0
-0.723836,-1.738987,0
-1.072675,-0.346384,0
-2.959010,-0.806394,0
-0.506032,-1.849755,0
-1.660697,-0.401244,0
-1.107373,-0.622102,0
-2.621583,-3.518386,0
-1.332821,-2.085610,0
-1.830989,1.458129,0
-0.066131,0.209535,0
0.168408,-1.148858,0
-1.448981,-0.299408,0
-1.066575,-1.390690,0
-1.737705,-0.935164,0
-3.092826,0.054731,0
-1.028049,-1.702410,0
-0.895673,-1.412921,0
-1.475480,-2.320405,0
-0.940815,-0.943559,0
-2.147513,-2.154023,0
-0.034106,-1.613263,0
0.144654,-3.196907,0
-2.602100,-1.689565,0
-1.870019,-2.901876,0
-1.758166,-2.919121,0
-1.381457,-1.734751,0
-1.289592,-1.886078,0
-0.476460,0.589761,0
-0.676329,-1.341529,0
-2.416924,0.008026,0
-0.119630,-2.042783,0
-0.749951,-1.230912,0
-0.919880,-1.085364,0
-1.267541,-1.232119,0
-0.499590,-0.555541,0
-3.317483,-1.368971,0
-1.686833,-2.416363,0
-0.835719,-0.963400,0
-2.851492,0.260059,0
-2.226277,-1.624960,0
-1.626593,0.171929,0
-2.782153,-1.236411,0
0.844303,-0.173223,0
-1.825186,-0.119003,0
-1.345571,0.809386,0
-1.219121,-1.109984,0
-1.329564,-0.123414,0
0.227077,-1.960474,0
-0.359904,-2.420652,0
-0.137562,-2.428436,0
0.174579,-1.358304,0
-0.728972,-1.803036,0
-1.561761,-0.967754,0
-0.160416,-0.751849,0
-3.231664,-0.384073,0
0.064729,0.952538,0
-1.564180,-0.031928,0
-1.279062,-2.015956,0
-2.234242,-1.899363,0
-1.338039,-0.754311,0
-3.728582,0.019948,0
-0.358564,-0.756985,0
0.790035,-2.391604,0
-0.977086,-0.126727,0
0.447394,-0.761361,0
-1.590634,-0.055731,0
-0.472004,-0.611171,0
-2.688814,-2.985665,0
-0.013761,-0.438540,0
-0.625583,-1.488827,0
-1.683760,-1.153731,0
-2.073587,-1.567557,0
-1.972888,-2.299657,0
0.129362,-1.080873,0
-0.596569,-0.248213,0
1.252534,-2.166544,0
-0.761027,0.842227,0
-2.944807,-2.142928,0
0.521093,-0.837553,0
-0.270196,0.470362,0
-3.438799,1.222998,0
-1.398823,1.286021,0
-0.625758,0.039854,0
-0.420172,1.004579,0
-2.725239,-1.825536,0
-0.353155,-1.351410,0
-0.770524,-1.317067,0
-1.388953,-3.090424,0
0.691374,-1.076093,0
0.023412,-0.223978,0
-1.538711,0.387287,0
-2.478824,0.325699,0
-2.444125,-1.096506,0
0.358470,0.702024,0
0.749579,-0.637607,0
-1.171532,-3.099314,0
-2.037913,-2.296981,0
-0.500990,-0.969775,0
-0.082405,-0.760589,0
-4.321743,-0.592712,0
0.109177,-0.164718,0
-1.554714,-2.014078,0
0.336847,1.234861,0
-0.663302,0.154771,0
-2.057669,-2.715238,0
-1.156908,0.360277,0
-2.536263,-1.857770,0
-1.222668,-0.357001,0
-0.934610,-0.901690,0
-2.200369,-1.376700,0
-0.480713,-1.693342,0
-1.313738,0.746989,0
-1.729180,0.113734,0
-1.214436,-0.357306,0
-1.399617,-0.378343,0
-2.205647,-0.039304,0
-1.868109,-1.383961,0
-2.352875,-1.146802,0
-0.214840,-0.139695,0
-0.736824,-0.657470,0
-1.234456,-0.606065,0
-0.630940,-1.780717,0
-2.139459,0.585630,0
-1.424333,-1.237488,0
-1.326734,-0.713084,0
-0.960473,-0.427226,0
-2.295102,1.518033,0
-1.041890,-2.737330,0
-0.906151,-2.068625,0
-1.226061,0.296797,0
-0.444706,0.746377,0
-0.897075,1.271425,0
-3.086428,-3.032631,0
-2.349298,-1.668666,0
-1.459695,-0.724188,0
-0.368474,0.568344,0
-1.187581,-0.686245,0
-1.255169,-1.978901,0
0.231632,-1.821893,0
-0.150814,-1.438459,0
0.152455,0.208798,0
0.030469,-0.299699,0
-1.710612,0.411252,0
0.564510,-1.598684,0
-2.066928,-3.825463,0
-0.808999,-1.999475,0
-1.461287,-1.627931,0
-1.216765,-0.721436,0
-2.383912,-2.905052,0
-2.427990,-1.341763,0
-1.796262,-0.628754,0
-0.947467,-3.092581,0
-0.630661,-1.181418,0
0.493874,-0.283461,0
-0.833181,-2.669478,0
-0.939015,-1.592057,0
-0.952661,-0.100122,0
-1.446706,1.375083,0
-0.078301,-0.462461,0
0.158079,-0.511956,0
-0.957335,0.557853,0
-2.303781,-0.419770,0
-0.641579,0.013431,0
-0.431772,-0.818308,0
0.396365,-1.372001,0
-1.906040,-0.647959,0
-3.449800,-0.677346,0
-1.063960,-1.243865,0
0.124690,-1.008441,0
-0.575655,-1.643452,0
-2.028011,-1.913175,0
-1.248801,-2.212542,0
0.973326,-0.249458,0
1.099319,0.915200,0
-0.322507,0.953276,0
-1.269852,0.267494,0
-2.663481,-3.303110,0
-0.984074,-0.605496,0
-1.201159,-0.196852,0
-2.475631,-1.767377,0
-3.595839,-0.737022,0
-0.637150,0.094243,0
0.072797,-1.077088,0
-1.839352,-0.069923,0
-0.010351,-1.422102,0
-1.498303,-0.887445,0
-0.505012,-1.266830,0
-0.757541,-2.336627,0
0.027136,-0.123155,0
-1.924126,-1.479200,0
1.251363,-0.231044,0
-1.322768,0.436334,0
-0.363533,-0.327403,0
-1.115717,1.585689,0
0.649077,-3.258675,0
1.840252,-0.851916,0
-1.624829,-1.943646,0
-1.687865,-0.525267,0
-0.373890,-0.572362,0
-2.036294,-0.048878,0
-3.714002,-0.730869,0
-1.962407,-4.278021,0
-1.934535,-0.717019,0
0.877708,-0.016948,0
0.596051,-0.862373,0
-0.861737,-1.094942,0
-0.588146,-2.624603,0
-0.757322,-1.901295,0
-1.348605,-2.760732,0
-2.251728,-0.991649,0
-0.763183,-2.447955,0
-3.320825,-1.856665,0
-2.948312,-1.593210,0
-1.246642,-2.025430,0
-1.003715,0.302212,0
-1.323952,-1.537859,0
-0.413939,-1.193881,0
-1.814518,-1.983793,0
-1.579730,-1.258651,0
-1.202218,-3.235505,0
0.690669,-3.826436,0
-0.688712,-1.368076,0
-0.657791,-0.489775,0
-1.117606,-1.807438,0
-2.716192,-1.013434,0
-2.571970,-0.428613,0
-1.653266,-1.186982,0
-0.309671,-2.076066,0
-2.380286,-2.283106,0
-3.181300,-1.078114,0
-2.610127,-0.406275,0
-1.956202,-1.739648,0
-0.130143,-0.786467,0
-0.662239,-2.163579,0
-0.896715,-0.424764,0
-1.270472,-1.216787,0
-2.152213,1.128679,0
0.146064,-0.351341,0
-0.444511,-1.290702,0
1.255069,-1.599455,0
-0.460138,-0.120090,0
-0.829240,-0.873016,0
0.522967,-0.941207,0
-2.108164,-0.831924,0
-1.277351,-0.959539,0
-0.620802,-0.640968,0
0.503594,0.562183,0
-0.753436,-2.257430,0
0.593376,-2.480550,0
-2.291921,-1.020027,0
-1.363848,-1.275913,0
-0.716959,-1.426512,0
-2.379974,-2.534491,0
0.163534,-1.775600,0
-1.344906,-3.403830,0
-0.399290,0.199619,0
1.238628,-1.040055,0
-1.297641,-1.959359,0
-3.825959,-0.332152,0
-0.681684,-1.953997,0
0.527838,0.093570,0
-2.068672,-2.544237,0
-1.379097,-0.686131,0
0.905450,-0.328995,0
-0.979115,-0.972137,0
-0.990878,0.375387,0
-0.092411,-1.596838,0
-2.381432,-2.772880,0
-0.366807,0.852816,0
-2.711502,-2.002391,0
-3.317350,-1.959862,0
-0.640330,-1.560099,0
-2.145055,-1.209268,0
-0.266898,-1.431375,0
-0.171244,-1.560309,0
-2.339950,-0.235605,0
-2.885267,0.209148,0
-3.336410,-0.874217,0
-1.830770,-1.256133,0
-0.728995,-1.897920,0
-1.489928,-1.006180,0
-0.107280,-1.853706,0
0.009330,-1.090810,0
-1.273843,-1.489997,0
-1.563671,-3.834270,0
-1.757067,0.433102,0
-1.247488,-2.963931,0
-1.988976,-0.546547,0
-1.401012,-1.806267,0
-0.763163,-1.300664,0
-0.246041,0.266398,0
-2.162639,-2.374471,0
-1.469313,-1.354856,0
0.251125,0.973848,0
-1.197853,-0.414839,0
-1.200518,-3.761641,0
-1.585933,-1.138721,0
-1.011615,-1.019421,0
-0.356385,-1.312175,0
-0.360181,-2.037769,0
-0.030202,-0.179136,0
-0.622081,-1.017662,0
0.693762,-1.643577,0
-1.308697,0.086083,0
0.284613,-4.246482,0
-0.128578,-0.978028,0
-3.390616,0.518545,0
-2.240659,-1.340931,0
-1.046403,-0.441122,0
-0.817812,-0.442916,0
-1.521923,-1.779279,0
-0.612045,0.006709,0
-0.646067,-1.993090,0
0.597339,0.140717,0
-1.429218,-1.398014,0
-1.131149,-3.898733,0
-1.008995,-0.813854,0
-2.095731,-0.260240,0
-0.865057,-1.264726,0
-1.890481,-1.301901,0
-0.864556,1.465162,0
-0.014539,-1.284548,0
-1.798333,-1.566519,0
-1.325977,-2.466041,0
-1.113924,-0.307345,0
-1.080695,-1.043239,0
-0.638331,-1.633050,0
-0.461812,-0.267858,0
0.354074,-1.380678,0
-0.307590,-3.644413,0
-1.431874,-0.812665,0
-0.110357,-2.622939,0
-2.331423,1.129342,0
-0.662171,-2.291252,0
-1.196518,0.503235,0
-1.857291,0.011748,0
-2.096528,-1.206031,0
-1.965721,-0.778155,0
1.694768,-1.482435,0
-1.643977,0.590687,0
-1.246232,0.739495,0
0.148292,-2.978784,0
-1.829862,-2.102200,0
-1.813907,0.501528,0
-2.703740,-1.645610,0
0.509717,-2.069240,0
-1.728567,-1.167286,0
0.460164,-2.299708,0
-0.681974,-1.121531,0
-1.860742,-0.940326,0
-2.657517,-2.411606,0
0.808637,-0.899299,0
-1.964087,0.326009,0
-1.389675,0.268511,0
-1.557154,-1.576705,0
-0.102928,-0.249669,0
-2.271596,-3.410614,0
-0.372012,-2.269256,0
-0.821051,-0.497687,0
-1.140064,1.340495,0
-2.850043,-1.116072,0
-1.161491,-2.477889,0
0.766349,-1.916790,0
-1.350084,-2.145507,0
0.709281,-1.177299,0
-1.506122,-1.255294,0
0.603234,-1.882543,0
-0.210498,-1.944875,0
-1.478729,-2.047739,0
-2.958220,-0.267277,0
-1.350202,-0.306719,0
-2.123703,-0.317503,0
-1.453743,-1.836234,0
0.408900,-1.136832,0
-1.125953,-0.239451,0
-2.365674,-0.229685,0
-1.237154,-0.491453,0
-1.641234,-0.530765,0
-1.118080,-1.432653,0
-1.164448,-1.688358,0
-2.389383,0.008157,0
-0.351291,-1.819611,0
-1.310278,-0.000972,0
-0.833760,-0.243300,0
-1.315468,-1.026312,0
0.534913,-2.624915,0
-0.512572,-1.558387,0
0.998328,-0.679213,0
-0.449859,-0.504845,0
-2.857689,0.272493,0
-3.132551,1.077841,0
-1.470511,-1.437294,0
-2.030654,-1.356366,0
-0.969691,-0.755634,0
0.498193,-0.287891,0
-1.431503,-2.075646,0
-2.453788,-1.356898,0
-2.148956,0.863740,0
-1.425165,-0.220306,0
-2.327182,-1.127876,0
0.329916,-1.635177,0
0.073887,-0.490663,0
-0.009008,-2.078179,0
-1.637727,-0.856930,0
1.349719,-0.501268,0
-0.126197,-0.869511,0
0.085356,-0.386895,0
0.366863,-2.248928,0
-1.949009,-1.566009,0
-0.104666,-1.250727,0
-2.903921,-0.990495,0
-1.609334,-2.602552,0
-1.196274,-3.450049,0
-0.927754,-1.846391,0
-0.754449,-1.682029,0
-1.222970,-0.310321,0
0.786855,0.382595,0
-0.290124,-1.652283,0
-0.426980,-0.991981,0
-0.862336,-0.987886,0
-0.250361,-0.543593,0
-2.499133,0.475566,0
-1.706701,-2.226052,0
0.612560,-3.379443,0
0.124234,-1.664700,0
-2.146049,-0.076489,0
-1.298073,-3.353912,0
-0.282011,-2.214182,0
0.126155,-2.001702,0
0.609408,-0.358105,0
-1.437259,-1.356660,0
-0.623603,0.213015,0
-1.772859,0.108346,0
-2.171629,0.285219,0
-2.458997,-0.775548,0
-1.515292,1.072076,0
-2.499773,-1.658049,0
-2.275396,-1.472911,0
-1.638563,-0.371539,0
-1.153483,-0.653570,0
0.319994,-0.613265,0
-1.236217,-0.759380,0
-1.293032,-1.446740,0
-2.624366,-0.072375,0
-0.513191,-0.741786,0
-1.039387,0.904497,0
-1.267236,-0.690985,0
-1.753205,-0.647067,0
-2.311879,-1.269032,0
-1.666608,0.330763,0
-2.423859,-0.014395,0
-0.971622,-0.381965,0
-2.663726,-1.788219,0
-0.311835,-1.768019,0
-2.333021,-0.719190,0
-0.941663,-1.278330,0
-0.795194,-1.596921,0
-2.862335,-1.189927,0
-0.063012,-0.439811,0
0.088548,-2.138307,0
-2.842991,0.587073,0
-0.255179,-1.062168,0
-1.512710,-2.038451,0
-1.939116,-0.401674,0
-2.274266,-1.135806,0
-1.861299,-2.588417,0
0.489693,-1.705684,0
0.712597,-1.169398,0
-0.205468,-1.280279,0
-0.608082,-2.777810,0
-0.340060,-4.093491,0
-3.053845,0.608664,0
-2.429156,-1.853258,0
-1.796389,-0.898211,0
-1.691274,-2.946039,0
1.380492,-0.873424,0
-1.085965,0.759158,0
-1.107042,-3.300126,0
-1.550996,0.812137,0
0.749407,-0.843966,0
-1.920494,-2.026077,0
-1.038070,-0.463765,0
-3.367107,-0.870188,0
-2.666873,-0.811284,0
-2.635288,-1.198504,0
-1.877676,-1.412930,0
1.242922,-0.353834,0
-3.528181,-0.251530,0
-3.500752,-2.288174,0
-2.248929,-1.048905,0
-1.915343,-1.130269,0
-0.298970,0.353854,0
-0.207497,-1.580542,0
-1.968539,-2.408599,0
0.410389,-0.957532,0
-0.467541,-0.734358,0
1.952915,0.341067,0
-0.450987,-1.157841,0
-0.590728,0.205850,0
1.091848,-0.834150,0
-0.653311,-0.979991,0
2.684074,0.583101,0
-0.891537,-1.890628,0
-1.650601,-0.260137,0
-1.397369,-0.575943,0
-1.985290,0.010249,0
-0.986103,-0.643015,0
-1.753174,-2.213565,0
0.588639,-0.442477,0
-2.157505,0.600088,0
-0.873715,-1.060758,0
-0.948771,-0.922791,0
-1.380626,-1.615211,0
-0.337786,-2.195086,0
-2.306380,-1.962700,0
-0.498531,-1.245112,0
-0.504124,-1.401331,0
-1.319234,-1.551077,0
-0.804512,-2.586159,0
-1.443184,0.210416,0
0.552926,-1.763607,0
-1.091522,-1.835474,0
-1.343659,-1.132058,0
1.901376,-1.435125,0
-1.222050,-0.686577,0
-1.623140,-1.640324,0
-0.745217,-1.034868,0
-0.654223,1.389481,0
-2.614534,-0.812210,0
-0.141591,-1.163552,0
-1.978895,-2.674341,0
-4.043184,-0.475961,0
-0.657781,-2.483390,0
-1.289233,-2.367672,0
-0.512995,-0.920534,0
-1.030732,-1.105634,0
-0.850397,-0.715392,0
-2.594563,-0.691089,0
1.127022,-1.844142,0
0.675528,-2.834935,0
-3.712478,-0.775493,0
1.238899,-1.441347,0
-0.700299,-0.432530,0
-1.946176,-1.055974,0
-0.639101,-1.418173,0
-2.543895,-0.535684,0
0.433168,-0.157801,0
-0.321097,-1.554169,0
0.718771,-2.330045,0
-1.110874,-1.337545,0
0.417391,-1.725299,0
-1.273616,-2.387051,0
-1.080373,-2.696823,0
-0.619065,-1.023589,0
-0.851567,-2.096330,0
0.625779,-0.832426,0
0.472321,-1.122123,0
0.029372,1.387359,0
-1.934603,1.863702,0
-0.102856,-1.930559,0
-1.666698,-2.970554,0
-2.139361,0.119860,0
-0.687161,-3.438488,0
1.777364,0.608102,0
-1.396184,-1.737811,0
-1.849693,0.120906,0
-1.039081,-1.169150,0
-0.856761,-1.430803,0
-0.844676,-0.481519,0
-2.113039,-0.678856,0
0.301455,0.586792,0
-2.029522,-2.934556,0
-0.418452,-2.655218,0
-1.853934,-1.425408,0
-0.592892,-0.807724,0
-0.530946,-0.608804,0
-1.750679,-1.210473,0
-0.657510,-1.399802,0
-2.974296,-0.781118,0
-2.283794,-0.093841,0
-2.383330,0.415510,0
-3.212132,-0.026200,0
0.254043,-1.804311,0
-1.189292,-0.933745,0
-1.437376,-2.174494,0
-2.062539,-2.895372,0
-1.506404,-0.937882,0
0.037197,0.468829,0
-1.520836,-2.287165,0
-0.449068,-0.466634,0
-0.345994,-1.901422,0
-2.272941,1.383623,0
-2.112386,-2.448510,0
-2.588472,1.339012,0
-0.529631,-0.323512,0
-0.948192,-0.751312,0
0.969892,0.442722,0
-1.557059,-1.199622,0
-0.975334,0.186392,0
-1.129132,-2.134689,0
-2.058948,-2.025641,0
-1.045281,-1.445347,0
-1.306150,-1.683955,0
-0.426548,-1.828401,0
-0.976346,-1.596303,0
-0.140483,0.249304,0
-1.493795,-1.282586,0
0.114795,-1.390499,0
-1.303268,0.920237,0
0.122974,-1.104858,0
-2.629818,0.761638,0
-2.752491,-0.856648,0
1.539111,-2.017824,0
-0.525670,-0.039527,0
-2.843225,-0.315224,0
-1.580662,-0.539323,0
-0.310128,-1.776481,0
-2.396563,-1.333535,0
-2.517322,-1.843512,0
-0.915814,1.030685,0
-0.556517,-2.025974,0
-1.535511,-1.313284,0
-0.762907,-0.269652,0
1.153837,0.476898,0
-2.799637,-0.883697,0
-0.938139,-2.521983,0
-1.443841,-1.155496,0
-2.158551,-0.288181,0
-0.704077,-2.270231,0
-0.753900,-2.305995,0
-1.355059,-1.901508,0
-2.284168,-2.283339,0
-0.410327,-1.164827,0
-1.222820,0.261598,0
-0.806707,-0.949165,0
-3.324209,0.290414,0
-0.480518,-1.518947,0
-1.028666,-1.613466,0
-0.178808,-3.302554,0
-0.510416,-0.954437,0
0.601947,-0.132923,0
-1.440500,-0.663974,0
-2.636215,-1.483071,0
0.804740,-1.157725,0
-1.847828,-1.869255,0
-2.161823,-1.672879,0
0.328858,-0.797664,0
-1.942626,-1.707274,0
-1.785555,0.887205,0
-2.947389,-0.968684,0
-1.146218,2.417189,0
-0.179541,0.703313,0
-1.173913,-0.771081,0
-0.719592,-0.270575,0
-2.028077,0.838899,0
-0.412352,-0.810436,0
-0.925432,-2.813064,0
-2.728104,-1.297370,0
-0.408896,-0.216018,0
-3.642134,0.548492,0
-0.410047,-2.250837,0
-1.255151,-0.971863,0
-0.325104,-1.437033,0
-1.823498,-1.404730,0
-2.191625,-0.348467,0
-0.522892,-1.308683,0
-1.917829,-1.426875,0
-1.608941,-1.687608,0
-2.494391,-0.949547,0
-1.729084,-1.041908,0
-2.207218,0.352358,0
-0.500402,0.349268,0
0.105755,0.125772,0
-2.053936,-0.946312,0
-1.574725,-0.148901,0
-1.577135,-0.464440,0
-2.894372,-2.855943,0
-1.367929,-1.222611,0
-1.348681,0.446632,0
-0.747213,-3.858306,0
-1.904410,-0.236022,0
-2.034257,-2.709334,0
-2.442125,-0.034909,0
-1.883506,-0.437029,0
-1.125882,-2.268751,0
-1.535523,-2.243410,0
-0.815504,-1.327816,0
-2.571129,-3.128175,0
-3.109597,-2.119513,0
0.488609,0.159085,0
-0.050440,-2.609405,0
-1.138406,-2.869691,0
-2.606403,-2.330176,0
-3.459805,0.570604,0
-1.693034,-1.728221,0
-0.991466,-1.551966,0
0.725671,0.509023,0
-0.082606,-2.208652,0
-1.092517,-0.263794,0
-0.133507,-2.538965,0
-1.283255,-0.554764,0
-1.299308,-0.208047,0
-0.815124,-1.489859,0
0.202942,-0.884696,0
-0.618724,-2.071611,0
-0.937092,-0.795758,0
-1.649581,-4.345413,0
-0.249490,-0.880114,0
-0.383180,-0.094982,0
-1.242891,-2.063322,0
-1.592540,-1.373469,0
-0.419632,-0.735733,0
-3.119223,-0.891466,0
-1.770423,-0.537057,0
-0.916834,-2.108735,0
-0.123545,-0.046552,0
0.344617,-1.022999,0
-1.388652,-0.822955,0
-1.974277,-1.005973,0
-1.776336,-1.451630,0
-0.229194,0.551925,0
-0.378865,-2.253422,0
-0.328859,-0.589081,0
1.546027,0.536382,0
-2.685222,-0.205986,0
-0.743485,0.821012,0
1.219600,-0.301282,0
-1.324655,-1.062228,0
-1.009776,-1.886217,0
-0.314814,-1.691613,0
-3.774144,-0.296780,0
0.628254,-0.971966,0
-1.667752,-0.925426,0
1.556285,-0.906360,0
-3.003163,-2.376902,0
-1.652112,0.134693,0
-1.201895,-1.872690,0
-0.952188,0.102901,0
-1.321390,-0.362302,0
-0.713505,-0.565667,0
-2.822343,-0.805980,0
-2.005168,-3.052010,0
-0.862236,-2.580433,0
-1.223466,-0.489419,0
-0.514652,-1.605398,0
-0.373462,-1.642223,0
-0.112602,-1.310315,0
-0.420458,-0.708322,0
-0.010074,1.047843,0
-0.674103,-0.124057,0
-0.823248,0.863495,0
-0.065418,-0.735481,0
-0.268998,-0.951186,0
-0.155324,-2.995320,0
0.464541,-0.386426,0
-0.606984,0.817378,0
-0.937183,-0.439243,0
-2.188897,-0.458365,0
0.224633,-0.292214,0
-1.511187,0.975317,0
-0.178459,-1.688770,0
1.238181,-1.704848,0
-0.488029,-2.435274,0
1.237444,-2.435374,0
-0.402910,-1.046808,0
-1.110144,-1.255556,0
-3.139779,-0.046916,0
0.188380,-0.317526,0
-1.182889,-0.932975,0
-1.988240,-1.960638,0
0.354802,-2.019337,0
-1.412906,0.332051,0
-0.665281,0.492420,0
-3.483172,-0.706837,0
-0.608430,-2.705535,0
-0.978745,-1.242309,0
0.041611,-1.112610,0
-0.638341,-2.200604,0
0.654709,-2.111380,0
-1.148145,-1.420339,0
-0.956702,0.305672,0
0.170658,-1.356486,0
-1.408409,-1.253896,0
-0.408073,-3.349055,0
-1.832457,-1.100390,0
-1.204263,-1.240818,0
-1.302114,-1.439810,0
-0.949365,0.566309,0
-3.157153,-0.753424,0
-1.664612,-1.860455,0
-0.595983,-0.106557,0
-1.401351,-1.533885,0
-1.397759,0.376338,0
-4.177620,-0.960882,0
-1.190028,-2.890576,0
0.694136,0.839746,0
-1.116418,0.118595,0
-2.535084,-1.807059,0
-0.341267,0.784635,0
-1.700711,-0.233355,0
-0.887895,-2.049041,0
-0.497153,-1.888632,0
0.639993,-1.005029,0
0.711999,-2.903973,0
-0.408520,-2.477922,0
-1.467485,0.295918,0
0.052276,-1.900659,0
2.102323,-1.165816,0
-0.455695,0.159732,0
-1.212280,0.034453,0
1.592040,-1.735931,0
-0.295368,-1.874361,0
-1.970951,-2.189647,0
-0.337239,-2.792609,0
1.772019,2.087786,0
-2.209006,-1.112105,0
-0.935964,-0.468713,0
0.200764,-0.927890,0
0.764487,-1.488256,0
-1.156937,-0.012677,0
-1.397214,-2.651992,0
-1.183696,-1.573324,0
-1.884024,-2.118380,0
-2.077514,-0.840088,0
-0.376502,-1.201025,0
-1.260607,0.606662,0
-2.575763,0.009523,0
-1.932086,0.123902,0
-3.325427,-0.199760,0
-1.852249,-0.546856,0
-1.422868,-0.889537,0
-2.632712,0.078443,0
-1.953000,0.017275,0
-0.770449,-2.219786,0
-1.839552,-1.256032,0
0.672608,-0.261505,0
-3.283066,0.362398,0
-1.490427,-1.439278,0
-0.832447,-0.316858,0
-2.323356,0.112336,0
-2.322761,-0.103990,0
-1.118255,0.831823,0
-2.353962,-0.330035,0
-1.186220,-1.660557,0
-1.758318,-0.931796,0
-0.418900,-0.861121,0
-0.202872,-0.584717,0
-1.543867,-0.844194,0
-1.274023,-1.081003,0
-1.852879,-1.676649,0
-1.409453,-1.405142,0
0.146606,-1.725318,0
-2.499743,-0.862301,0
0.641515,-1.447882,0
-1.745030,1.478203,0
0.186407,-0.427216,0
-1.921613,-1.943587,0
-0.852911,0.602993,0
0.073371,0.328823,0
-1.566825,-0.674440,0
-0.895818,-0.316851,0
-2.402526,-0.297203,0
-1.057150,-2.110450,0
-0.402396,-1.320676,0
0.486528,-0.568222,0
-2.733702,-2.117040,0
-2.464593,-0.347670,0
-2.761442,-0.793220,0
-1.312009,-0.672516,0
-1.943928,0.153160,0
-1.164136,0.036171,0
-1.988655,0.237175,0
-1.533713,-2.685555,0
-0.071626,-2.317018,0
-1.137178,-2.089259,0
-1.021659,-1.109591,0
-1.838653,0.335917,0
-3.022309,-0.375070,0
-1.043325,-1.909277,0
-1.459576,-1.207343,0
0.838535,0.877249,0
-1.077995,-1.224080,0
-3.457238,-0.627097,0
0.063597,-1.911420,0
0.033980,0.232112,0
-1.314982,-2.757795,0
-1.864864,-2.605642,0
-1.348377,-0.556038,0
0.234809,-3.096734,0
0.347595,-1.186577,0
-0.716870,-0.548962,0
-1.967756,-0.482447,0
-2.264443,-3.448432,0
-2.719219,-0.986918,0
-2.137655,-1.273579,0
-0.111747,-2.903368,0
-0.803794,-0.658449,0
0.245936,-2.837441,0
-0.930953,-1.247668,0
-0.427643,-1.920245,0
0.459359,-1.192388,0
-2.789550,-2.815857,0
-2.071508,-0.391809,0
-0.891949,0.043077,0
0.228468,-0.309789,0
-1.804415,-0.688919,0
-1.097952,1.011380,0
-0.262966,-1.461952,0
-0.802136,-1.888623,0
-2.341795,-1.384223,0
-1.132231,0.538799,0
0.800943,-0.314341,0
-0.800123,-2.701980,0
0.311929,0.803151,0
1.304215,-2.308786,0
0.911132,-1.830116,0
-1.213383,-1.655953,0
0.693024,0.310730,0
-2.106482,-2.338019,0
-0.502117,-0.061315,0
-0.180876,0.210864,0
-1.794078,0.642366,0
-1.280872,-1.899579,0
-1.353884,0.741249,0
0.403555,-1.240477,0
-0.419833,0.400326,0
0.045414,-0.902010,0
-2.015767,-3.539561,0
-1.055286,-0.992227,0
-2.967652,-0.526025,0
-0.779066,-0.194388,0
-1.310569,-2.245652,0
-0.581330,-2.276461,0
-2.469344,-0.702373,0
-0.598976,-1.491110,0
0.563763,-1.908185,0
-2.052073,-3.691369,0
-1.235630,-0.218666,0
-3.145486,-0.533411,0
0.265958,0.935657,0
-1.832777,-0.379116,0
0.954280,0.171451,0
-0.388395,-2.028032,0
-1.304436,-0.533615,0
0.356523,-0.484792,0
-1.664535,-1.652943,0
-3.347072,-0.264748,0
-1.039350,0.341515,0
-0.502372,-2.564249,0
-0.067840,-1.730967,0
-1.301423,-0.756321,0
-1.074753,-0.308703,0
-0.087912,-2.435403,0
-0.425245,-0.188284,0
1.077901,-0.276273,0
-1.013202,-0.244581,0
-1.765563,-2.326360,0
-1.257622,-2.381193,0
-0.374600,-1.239488,0
-0.606209,-0.639974,0
-1.700360,-2.582609,0
-1.789844,-1.536583,0
2.111913,-0.874448,0
-5.470631,-0.707105,0
-1.626592,-0.394076,0
-0.996038,-1.325169,0
-1.173142,0.286833,0
-0.210422,-0.674865,0
-1.756923,0.249699,0
-1.719811,-0.496394,0
-0.968684,0.113723,0
-0.691299,-0.642141,0
-3.033810,-0.339283,0
1.267288,0.627452,0
-0.972756,0.021662,0
-1.418519,1.002225,0
-0.088946,-1.396810,0
0.255204,-1.884666,0
-2.526985,-1.316861,0
-0.618325,-1.040622,0
0.002021,-2.744778,0
0.297000,-0.469757,0
-0.657502,-1.906662,0
0.881558,-1.579867,0
-1.595272,0.618252,0
-1.036793,0.046209,0
0.395064,-1.958175,0
-0.097428,-0.316702,0
0.910346,-0.497721,0
0.436221,-2.167490,0
-0.627314,-0.268761,0
-0.481452,-2.720532,0
-1.200354,0.198843,0
-0.483358,-2.280223,0
-1.815270,1.267486,0
-1.532684,-1.211859,0
0.646053,-0.928257,0
-1.933122,-0.193189,0
-0.846271,-0.017799,0
-1.207613,-0.910339,0
-0.643993,-0.903697,0
0.109349,-1.920683,0
-0.555710,-0.424579,0
1.445310,-1.365619,0
-0.074565,-2.375631,0
-1.573727,-1.247605,0
-0.481794,-1.052292,0
-0.694614,-3.085815,0
-1.134449,-1.623622,0
0.941795,-2.710781,0
-0.479652,-1.111124,0
-1.442177,-1.011443,0
-0.055423,-1.918174,0
0.043427,-1.971900,0
-2.089268,-0.801770,0
-3.587958,0.077331,0
-0.839468,-0.249384,0
-1.420122,-2.831630,0
-3.314762,-1.194981,0
-0.183835,-0.907327,0
-2.252452,-0.387282,0
-1.611589,-0.361948,0
0.104205,0.166265,0
0.118356,-0.253530,0
0.364973,-1.507645,0
-0.674674,0.297740,0
-1.745567,-0.337973,0
-1.475772,-1.236964,0
-1.786287,-0.936081,0
1.310627,-1.162168,0
-3.108955,0.037489,0
-2.950278,-0.735381,0
-3.028538,-0.292375,0
-0.858527,0.376710,0
-1.379349,-1.888154,0
-2.157541,-1.579546,0
-2.431921,-2.949144,0
-1.693440,-0.763724,0
-1.324120,0.613785,0
0.498056,-3.232255,0
-0.992729,-0.512157,0
-3.128174,-0.795467,0
0.318592,-2.270468,0
-2.506696,-0.023742,0
-1.423983,-0.515460,0
-0.559720,-0.739926,0
0.273004,-2.078836,0
-0.557016,-1.284647,0
-1.489590,-0.514444,0
-0.035410,-2.102892,0
-0.768982,-0.809454,0
-1.239170,-0.872495,0
0.270198,-1.240487,0
1.150567,-1.345863,0
-1.912921,-2.432074,0
-0.723096,-1.107989,0
-1.437420,-1.794580,0
-1.854846,-2.474216,0
-0.822434,0.724219,0
-1.361757,0.027840,0
-1.877007,0.278918,0
0.129595,-0.964266,0
-2.241986,-3.711378,0
-1.037453,-1.605464,0
-0.962076,-3.581247,0
-0.323141,-0.410910,0
-3.294610,-2.540965,0
0.946341,-0.096260,0
-2.279420,0.854785,0
-0.837027,-1.042726,0
0.433463,-0.009989,0
-1.509108,-2.207619,0
-0.330478,-0.887949,0
-0.771307,-1.836762,0
-0.328668,-0.897713,0
-0.724324,-1.613231,0
-2.832609,-1.329402,0
0.238309,-0.581250,0
-1.949685,-2.120207,0
-1.635271,-1.712347,0
1.650013,-0.749351,0
0.333057,-1.556359,0
-1.231382,-1.725776,0
0.646597,-1.095121,0
-2.082415,0.264325,0
-1.086330,-0.007870,0
-0.666353,-0.508374,0
-3.338763,-1.892180,0
-0.861785,0.308240,0
0.085236,-1.253121,0
-1.936480,-1.747149,0
0.827044,-1.210246,0
-2.373519,-1.554886,0
-0.048559,0.282679,0
-1.963998,-1.007660,0
-1.461902,-2.080944,0
-1.245757,-2.361317,0
-1.065098,-1.883369,0
-0.582719,-0.018592,0
-0.658565,-0.125998,0
-2.467256,-1.329653,0
0.415573,-0.791909,0
-1.746087,-2.600951,0
0.287581,0.887544,0
-2.149103,-0.011795,0
-1.284080,-1.141210,0
-0.294269,0.082190,0
-0.777012,-1.533194,0
0.013185,-2.743465,0
-0.176139,-2.067044,0
-0.755962,-1.499619,0
-0.447244,-1.331416,0
-0.733601,1.877366,0
0.189318,0.368427,0
0.067659,1.097139,0
3.272149,-2.549260,0
-1.835381,-1.416421,0
-0.179904,-0.279172,0
0.967596,-1.631323,0
0.570549,-2.782998,0
-0.587635,-1.089536,0
-0.422847,-1.607589,0
-1.126181,-2.316190,0
-0.102721,-0.966509,0
-1.258529,-1.052466,0
-2.023717,0.500565,0
-1.257647,-1.318351,0
-2.740660,-1.965779,0
-1.211621,-0.010196,0
-0.708731,-1.748953,0
-1.719484,-0.414540,0
-2.319555,0.085074,0
-1.457502,-2.521731,0
0.359385,-3.426757,0
-1.018578,-2.095650,0
-1.748501,-0.393994,0
-1.148123,-2.071106,0
-0.738381,-2.719596,0
-1.602646,-2.013515,0
-0.317702,-4.168188,0
-3.006364,-0.640089,0
-1.203222,-0.300457,0
-1.776136,-1.131359,0
-1.190287,-1.504296,0
-0.538477,-1.330882,0
-0.770340,-1.288423,0
-0.466851,-2.841735,0
-0.806197,-2.391071,0
-2.029637,-0.864310,0
-0.041512,-0.436273,0
-0.579687,-4.053879,0
0.658944,-0.244033,0
-2.183554,-2.530443,0
0.963158,-2.572397,0
-2.403717,-2.890447,0
0.667101,-2.019924,0
-0.562092,-2.040703,0
-1.840539,0.492764,0
-1.524998,0.036719,0
-4.258539,1.275229,0
-0.872578,-0.642764,0
0.686109,-0.512573,0
-3.314251,0.825495,0
-0.247212,-1.621019,0
-0.633616,-0.804041,0
-0.807142,-3.388087,0
-0.351297,-0.920702,0
-3.126144,-1.109532,0
-1.557680,0.452678,0
-1.398065,-2.774601,0
-0.181750,-0.628625,0
-0.970537,-0.762768,0
-2.302726,-1.344560,0
-1.053790,0.865300,0
-0.709828,-1.088134,0
-3.422464,-0.297249,0
-0.814978,0.301319,0
-0.112785,-1.630915,0
-0.990021,-0.610458,0
0.904094,-0.642632,0
-0.474608,-0.064784,0
-0.817051,0.839406,0
-0.750483,2.102346,0
-0.929329,-0.905453,0
0.730493,-1.271419,0
-1.671709,-0.937831,0
-1.438646,-1.119809,0
-0.327520,-1.529763,0
-1.758995,-1.600875,0
-2.335686,-2.004102,0
-1.495757,-2.362202,0
-2.336757,1.994557,0
0.131806,1.012895,0
0.400493,-0.974536,0
-1.480580,-0.350771,0
-1.013107,-0.961817,0
-0.716357,0.397191,0
-0.957711,-0.367987,0
-0.177970,-0.539037,0
0.163862,-0.903085,0
-1.293926,-0.158539,0
-3.784545,-1.276764,0
-1.936145,-1.031188,0
-1.517392,-0.380444,0
-1.672201,-2.342720,0
-2.201873,-2.490516,0
0.628460,-0.974651,0
0.301556,-1.056301,0
-0.918746,-0.695769,0
0.473753,-1.040833,0
-0.976529,-1.840641,0
-2.642264,-2.755530,0
-1.295621,-1.661143,0
0.069618,-0.052078,0
0.405206,-1.551489,0
-2.796247,-1.416118,0
-1.924223,-0.193940,0
-2.478193,-0.606587,0
-2.149281,-4.199101,0
-1.072619,-2.585586,0
0.079207,0.364606,0
-0.432314,-1.034831,0
-1.022800,-1.104784,0
-3.118529,1.893860,0
-1.417375,-1.387823,0
-0.725260,-1.264524,0
-3.504666,-0.302754,0
-0.828058,0.485597,0
-2.650903,-1.088449,0
-1.179764,0.192227,0
-1.476222,-0.322584,0
-1.433297,-2.332035,0
-0.785228,0.164019,0
-0.596547,-1.389376,0
-0.748753,-2.127372,0
-2.587924,-0.716760,0
-3.650930,-1.633884,0
3.018976,-1.062264,0
-0.847198,-0.246947,0
0.371729,0.365499,0
-1.273641,-0.820167,0
-0.660607,-0.818277,0
-0.744548,0.316422,0
0.382561,-1.001345,0
-1.488122,-0.613634,0
-1.307799,-1.250677,0
-0.990122,-0.733082,0
-0.416173,-0.909683,0
0.945587,-0.079346,0
-0.073329,-0.555148,0
1.070348,-1.567282,0
-1.554579,-1.473374,0
0.140361,1.024550,0
-2.022092,-3.032531,0
0.807287,1.863598,0
1.036800,-3.039542,0
-1.552851,-0.009176,0
0.984821,-2.415565,0
-0.272176,-2.720867,0
1.238405,-0.923577,0
-2.469906,-0.775306,0
1.711102,-1.047546,0
0.896419,-1.903590,0
0.120114,0.415763,0
-1.448037,0.224010,0
-0.740211,-0.488842,0
0.041748,-3.204622,0
-1.610259,0.151900,0
-0.273486,-1.420990,0
0.253749,-0.191904,0
-0.839138,-1.021016,0
0.252683,-2.087231,0
-0.407567,-0.605605,0
-1.990925,-1.820300,0
-1.759149,-1.049829,0
-0.241404,-0.814661,0
0.174973,-1.771041,0
-1.337289,-1.991117,0
-1.075280,0.785053,0
-1.162137,-1.443725,0
-1.168805,-0.591421,0
-1.975099,-0.134227,0
-1.984380,-1.191866,0
-1.803367,-1.560313,0
-0.725603,-2.928055,0
-2.189182,-0.138255,0
1.103866,-0.621487,0
-0.241515,-0.931268,0
-1.309013,-0.753588,0
-0.593650,-0.433066,0
-0.802908,-0.044563,0
-0.331985,2.186884,0
0.384810,-1.950090,0
-1.360822,-1.003178,0
-0.939761,-0.574037,0
-2.758982,-0.633950,0
-1.582926,0.118233,0
-1.006523,-2.028040,0
0.855481,-1.571404,0
-0.323446,-0.041317,0
-0.454131,0.915223,0
-0.379775,-1.141297,0
-0.495602,-1.091043,0
-2.768481,-1.586358,0
0.331574,-0.983171,0
-0.104185,-0.700880,0
-0.209563,0.306203,0
-2.928460,-1.508172,0
-0.597131,0.613130,0
-1.444065,-2.571175,0
-1.526929,-2.959709,0
-2.109603,-1.222210,0
-0.197388,-2.000679,0
-0.405757,-1.041236,0
-1.451146,-0.437257,0
-0.615143,-0.053784,0
-0.313648,-1.151374,0
-2.344090,0.825516,0
-0.066336,-0.009887,0
-1.080062,0.026797,0
0.426899,-0.594078,0
-1.675959,-0.973336,0
-1.266878,-1.067042,0
-0.664841,-1.137397,0
2.468506,-2.125507,0
-1.307104,0.235283,0
-1.761742,-0.725042,0
-0.883437,-1.862615,0
-0.214325,-0.220451,0
-1.186162,-2.740526,0
-1.259285,0.215288,0
1.603901,0.450950,0
0.399191,0.001465,0
-1.205895,-2.427813,0
-0.618223,-1.708127,0
-0.714584,-0.912440,0
-0.763371,-1.208010,0
0.370627,-0.748237,0
-0.701675,-0.115282,0
-2.000802,-1.973113,0
0.019357,-0.957834,0
-0.931091,-1.196279,0
-2.538975,-1.256973,0
-0.864506,-0.936139,0
0.355666,-0.801583,0
-1.447354,-0.663849,0
-1.430863,-1.395903,0
-0.777323,-0.019579,0
1.631467,-1.987347,0
-1.111788,-1.388224,0
-0.271100,0.000267,0
-1.529276,0.311823,0
-0.242576,-1.360711,0
-0.562123,-2.476005,0
-3.470909,0.251627,0
-0.182296,-1.181002,0
-0.662949,1.222996,0
-0.929129,-3.347050,0
0.174024,-1.672400,0
-1.244791,-1.310297,0
-0.862203,-0.392539,0
-1.778017,-3.218555,0
0.658571,-1.536578,0
-1.630441,-1.768448,0
-3.296812,-2.370689,0
-0.397703,-1.046705,0
-1.121258,0.815579,0
-1.731199,-0.362968,0
-1.086594,-2.292066,0
-1.952567,-1.758584,0
0.868709,-2.900768,0
-2.761354,-0.965700,0
-1.962593,-1.730627,0
-1.019742,-2.197147,0
-1.006911,-2.479461,0
-2.713400,-1.920991,0
-0.879415,-0.829316,0
-2.347364,0.498270,0
-1.466586,-1.911087,0
-0.988492,-0.799648,0
-0.142575,-2.837638,0
-2.803492,-0.930869,0
0.608531,-0.834714,0
-1.802152,0.030702,0
-1.153158,0.323635,0
-1.934053,-2.718402,0
-0.685303,-1.837967,0
0.408644,0.461888,0
1.276421,-2.589530,0
2.063981,-2.719513,0
0.008329,-0.597964,0
-2.172153,-1.618621,0
-0.818651,0.143110,0
-1.568224,-0.556703,0
0.144281,-1.235272,0
-1.104607,-3.058391,0
-3.543742,-1.098794,0
-0.289138,0.305346,0
-0.852048,-0.736300,0
-0.940727,0.299573,0
0.503710,0.629852,0
-1.201539,-0.642201,0
0.130785,-0.681599,0
-1.799585,-1.831675,0
-1.237737,-0.436247,0
0.050804,-0.431285,0
-0.742946,-2.088130,0
-3.859392,-0.675819,0
