0.301665,0.132034,1
1.021534,1.374972,1
2.991357,-1.216014,1
0.487519,0.848176,1
0.710346,3.419995,1
0.428231,1.063123,1
2.974418,1.916724,1
1.147548,2.051313,1
0.893647,0.166382,1
2.549243,4.215381,1
1.069393,-0.155392,1
2.656858,1.739118,1
2.058369,1.441702,1
0.684944,3.263111,1
2.116215,1.400461,1
-0.810796,2.606572,1
-0.261449,1.718957,1
0.657585,-1.639015,1
1.667056,0.441163,1
1.164088,1.320891,1
1.688656,0.498640,1
-0.896689,0.784076,1
0.421943,0.301047,1
0.296481,2.271257,1
0.310948,1.409332,1
3.475091,0.215642,1
-0.616717,1.931037,1
0.884982,1.576000,1
-0.631543,4.260385,1
1.532453,1.897116,1
0.446833,0.131888,1
1.655933,0.838717,1
1.898157,4.243908,1
0.409279,2.386908,1
1.332446,3.182477,1
0.783121,1.269067,1
1.274037,-0.139633,1
1.384998,1.225115,1
0.145678,0.689331,1
2.433819,2.641549,1
0.777235,-0.074748,1
1.990360,1.148939,1
2.117984,1.212861,1
1.453376,0.171337,1
1.644146,1.427635,1
1.534326,-0.732601,1
0.655890,2.419779,1
1.565843,1.258350,1
0.303058,0.654763,1
-1.077506,1.672901,1
0.852216,1.304118,1
2.670296,-1.636227,1
-0.044146,2.004297,1
1.536045,1.191572,1
-0.566408,1.337851,1
-0.345470,2.213074,1
2.499471,1.530192,1
0.439977,2.347786,1
1.411184,1.868501,1
2.013223,2.207137,1
2.036669,0.468302,1
1.843910,1.792726,1
0.877293,0.589830,1
-0.559373,0.423508,1
-0.165323,0.537371,1
2.125413,4.475298,1
1.399307,0.019799,1
-0.270236,1.798691,1
1.193126,0.901162,1
-0.490252,1.857347,1
0.217445,0.634494,1
0.355486,0.657934,1
2.093182,-0.473276,1
2.166668,2.768541,1
-0.260628,1.676172,1
0.259455,2.362687,1
1.236288,1.112137,1
1.968727,2.425364,1
1.226606,-0.291843,1
1.793683,0.606248,1
-0.418683,1.558777,1
0.920833,-1.050444,1
1.776819,1.512283,1
2.151274,2.404078,1
0.996853,1.306851,1
2.254132,2.356886,1
0.758212,0.776698,1
2.128986,-1.023909,1
-0.855696,2.576964,1
1.088120,3.617801,1
1.723787,1.204997,1
1.970320,-0.194572,1
3.174070,0.686060,1
2.879167,-0.909730,1
0.714469,1.454269,1
0.492844,1.393115,1
1.438548,1.774945,1
0.192404,1.847420,1
-0.287748,1.355286,1
1.578089,0.583583,1
2.055172,1.568400,1
0.615755,-0.832520,1
-0.318173,2.059600,1
1.454020,0.780411,1
2.204718,0.813266,1
0.950799,0.851997,1
2.081538,1.265698,1
0.736074,1.136290,1
-0.236470,-0.469778,1
1.627054,-0.054988,1
1.505212,3.155525,1
2.284028,-0.104195,1
0.352186,2.086678,1
0.607215,-0.250109,1
1.611605,1.474287,1
1.710191,1.881069,1
0.703030,0.763281,1
3.223026,1.963901,1
2.921440,0.051467,1
2.409040,-1.983301,1
0.300111,-1.004249,1
3.086650,1.498603,1
-1.109546,2.721956,1
1.553996,-1.719763,1
1.125451,2.184910,1
0.094994,1.744400,1
1.526836,1.790229,1
0.360888,-0.283227,1
1.740978,0.612493,1
1.032831,0.785374,1
0.735838,0.234876,1
0.839699,0.919712,1
-0.175892,0.672927,1
-0.282986,2.615718,1
1.606901,0.102508,1
3.095577,1.672811,1
0.274027,1.419409,1
0.263462,1.950787,1
1.582109,-0.879440,1
-0.281491,1.183914,1
1.044954,-0.777588,1
2.180965,1.389026,1
2.584919,-0.260481,1
2.896687,1.175177,1
-1.712186,1.925814,1
1.123072,0.476815,1
2.115818,1.968747,1
1.661135,0.164292,1
2.532351,0.705351,1
1.447907,-1.741773,1
1.519611,1.717811,1
-1.037591,0.350300,1
1.434942,3.755249,1
-0.077018,2.725953,1
1.622332,0.261951,1
-1.030007,0.885538,1
-0.472310,-1.710807,1
-0.906775,2.225347,1
0.568628,-0.239075,1
1.826293,0.502140,1
2.038975,1.843135,1
0.569219,2.173571,1
0.443484,1.946087,1
1.057114,1.101400,1
0.661722,-0.298283,1
1.530207,0.421068,1
0.348238,0.975663,1
0.460193,0.785626,1
0.195670,0.507263,1
1.506023,0.720016,1
0.558451,0.811698,1
-0.144202,-0.663235,1
0.894734,2.118748,1
2.500624,-1.079043,1
1.969708,0.911775,1
1.649254,1.572646,1
-0.199658,1.562303,1
2.192478,1.136001,1
0.694796,3.149971,1
2.352239,2.847951,1
1.046947,2.087954,1
-0.610413,0.183254,1
0.956301,2.092695,1
0.238947,0.154122,1
0.534221,0.954657,1
1.467501,3.038657,1
0.740542,0.716051,1
-0.071843,2.130320,1
-0.204914,0.787489,1
1.390967,3.668328,1
-3.066922,3.136302,1
0.430672,0.509275,1
2.529095,0.293166,1
1.082741,-0.003772,1
0.853561,-0.218809,1
1.066481,0.297870,1
0.195330,-0.479310,1
1.222079,0.777751,1
3.305256,1.992124,1
2.021725,0.529559,1
1.806705,3.239367,1
0.252743,-1.829782,1
1.262649,-0.013321,1
1.079316,-0.449712,1
2.274404,1.743286,1
1.551122,0.290656,1
-0.040939,-1.331109,1
0.131394,0.315241,1
2.629742,1.903485,1
1.038443,0.056426,1
-0.200723,1.396010,1
1.494815,1.476909,1
0.923414,0.382574,1
1.784748,-0.094288,1
0.362542,1.163089,1
-0.629002,3.493002,1
1.729205,-0.684451,1
0.387457,0.051677,1
0.894473,1.189923,1
4.206905,0.221231,1
-0.216398,3.208187,1
-1.147008,2.609438,1
-0.691829,0.515775,1
-0.173764,0.323147,1
2.306599,-0.113831,1
-0.641758,1.831544,1
2.214802,2.233741,1
-1.333097,1.125475,1
0.768534,0.569102,1
1.245948,-0.228504,1
-1.281834,1.241292,1
3.387402,0.712153,1
3.240682,1.616747,1
1.302477,0.538385,1
3.006485,1.406697,1
0.671734,1.721359,1
-0.183743,1.607281,1
1.942506,2.036901,1
2.653623,0.134230,1
1.023520,-0.635495,1
0.599172,-1.647928,1
0.518457,2.751244,1
0.908824,0.587586,1
2.081044,-0.364015,1
2.893321,2.729913,1
0.890601,-0.453231,1
1.616226,0.749504,1
0.515489,2.396315,1
-0.667658,0.142731,1
1.099112,-0.152747,1
2.083406,-0.206018,1
-0.148187,0.545429,1
0.871490,1.752861,1
3.428870,-1.365672,1
1.264953,1.834140,1
3.646126,1.913997,1
1.420954,1.988779,1
-0.568217,0.492345,1
0.605484,0.771371,1
1.019281,0.245073,1
1.017307,0.080929,1
-0.292422,2.810549,1
0.727573,0.105382,1
0.380164,0.152077,1
1.688478,1.643342,1
0.237903,0.568522,1
0.364126,0.328578,1
-1.864999,0.169102,1
1.447275,1.358590,1
1.789746,1.772781,1
2.807758,2.101934,1
0.339876,0.517726,1
-0.681350,0.252990,1
0.631770,2.739589,1
0.681334,1.462702,1
2.473395,-0.070171,1
1.088306,1.701488,1
1.683761,3.120011,1
1.549652,0.520243,1
1.415467,1.205233,1
1.689006,2.022684,1
1.352673,2.351236,1
1.759817,2.425446,1
1.422162,1.507002,1
-0.023189,1.193829,1
1.006486,0.221572,1
1.161698,1.599704,1
0.744945,-0.158731,1
0.885793,-0.187430,1
0.918512,1.906457,1
-0.049926,2.083655,1
-0.035201,0.225336,1
0.526757,1.993970,1
1.321587,2.364165,1
2.552689,-0.253093,1
1.521342,-1.289084,1
0.542089,2.044432,1
2.363538,0.020223,1
1.808770,0.760850,1
3.237228,2.182533,1
1.877388,-0.593134,1
1.526593,-0.266278,1
-1.206950,0.588826,1
0.826938,2.138655,1
1.326037,-0.895697,1
2.340658,1.119549,1
-1.003924,2.147046,1
1.298432,1.458973,1
2.245116,0.092599,1
0.804450,-0.160041,1
2.291333,1.346716,1
0.847252,0.985885,1
1.060756,2.918426,1
1.528877,0.668691,1
2.001047,2.091903,1
-0.725956,1.702636,1
-0.667265,1.876999,1
-0.409234,-0.353195,1
1.459691,1.811649,1
0.083719,1.072968,1
-0.073450,-0.522663,1
-0.440330,1.995756,1
1.610693,0.192353,1
0.704724,0.113617,1
-0.790300,-0.162742,1
-0.157934,0.830130,1
1.702995,1.816984,1
1.296443,-1.085164,1
0.301380,0.714056,1
1.526107,-1.303512,1
-1.011350,0.643168,1
0.664678,1.847947,1
1.296053,1.215015,1
1.404503,1.352876,1
1.371115,1.166418,1
0.938024,1.614238,1
-0.246042,1.260758,1
2.644412,0.626324,1
1.011321,1.140578,1
1.335508,0.880984,1
0.844387,-0.172200,1
3.673620,0.829047,1
0.412875,0.855956,1
0.370736,-0.415463,1
0.197341,-0.538282,1
2.149988,0.784224,1
0.287146,-0.712419,1
3.362658,1.329877,1
2.144042,2.546341,1
1.157261,-0.645413,1
1.048796,0.917175,1
2.758815,0.977144,1
1.635684,1.679390,1
1.027590,2.207776,1
1.147250,1.803062,1
0.337137,2.946585,1
-0.045274,1.051499,1
2.469396,-1.479089,1
0.427830,0.856904,1
1.320843,0.896059,1
-1.287780,0.490700,1
1.434204,1.517540,1
1.295694,2.109784,1
-0.552472,0.396426,1
0.593265,1.924456,1
2.746716,1.650016,1
0.730562,1.678098,1
1.638795,0.840709,1
2.199501,0.034506,1
1.142088,2.562500,1
2.636662,0.072753,1
-0.123475,-0.407531,1
0.642454,1.902956,1
0.385308,3.605593,1
0.572507,2.169857,1
1.205054,-0.267909,1
1.291728,1.108280,1
-0.783298,2.360521,1
-0.249334,0.697660,1
0.539148,1.201916,1
0.622427,0.884686,1
-0.551344,2.684136,1
0.234042,1.210107,1
0.703821,2.228944,1
1.244976,0.144938,1
1.671037,0.795081,1
1.687728,0.890969,1
1.000632,-0.693200,1
0.133735,1.268132,1
0.329373,2.565640,1
1.730195,1.979451,1
0.021786,2.465554,1
0.150407,1.297043,1
2.641166,-0.008392,1
2.673649,2.353316,1
4.006881,2.260867,1
0.326212,0.749380,1
1.872156,-0.673835,1
1.088332,1.413374,1
1.113209,-0.503332,1
2.122079,0.844028,1
0.413355,1.280371,1
0.439883,4.102555,1
-0.851330,1.443481,1
0.716443,1.639657,1
2.359498,0.805775,1
1.434506,0.836751,1
2.267866,2.653560,1
1.254347,0.738928,1
-0.353428,1.877400,1
0.925270,1.329860,1
1.098102,2.609734,1
1.343412,0.338408,1
-1.011436,0.832683,1
1.297957,1.994761,1
0.483066,2.256900,1
-0.023969,1.520707,1
0.934276,0.531195,1
-0.234654,1.040988,1
2.125033,1.152698,1
0.531346,-0.081266,1
0.233981,1.424948,1
1.181799,0.910820,1
2.111261,0.975292,1
-0.075657,0.642517,1
1.112039,1.625986,1
0.926782,-0.725406,1
-0.026004,1.121889,1
1.201417,-0.232275,1
1.515819,2.013668,1
0.809819,1.855134,1
0.610150,2.312321,1
2.874246,0.374206,1
-0.557183,3.385918,1
1.575953,1.207883,1
0.528010,-1.161130,1
0.859256,1.379913,1
1.417494,1.674362,1
-0.121472,-0.357155,1
2.683808,0.541242,1
0.781864,1.321544,1
1.780666,2.188051,1
1.981872,0.912021,1
1.714655,-0.207261,1
1.717851,2.765502,1
3.407578,1.556856,1
-0.489696,1.462111,1
0.016297,1.076379,1
1.137929,1.108675,1
1.526935,1.342258,1
-0.257464,0.765595,1
3.352251,1.522677,1
1.830579,0.728191,1
1.188894,1.256761,1
3.342389,0.851806,1
0.766037,0.366373,1
-0.095342,1.451851,1
0.626978,3.070808,1
1.615453,0.223198,1
-0.420972,3.155696,1
-1.840675,2.704147,1
1.454131,1.729432,1
3.403808,2.744059,1
0.424760,-0.115950,1
1.199638,0.849703,1
2.116960,-1.631275,1
2.555366,0.120415,1
1.538460,2.316310,1
-0.351372,0.323596,1
1.222060,0.578358,1
1.481792,-0.098174,1
0.689596,-0.861534,1
0.038600,1.015255,1
-0.901242,0.660781,1
-0.768562,-0.467056,1
1.826944,-0.111665,1
-1.580794,1.753154,1
3.125186,1.275623,1
-1.593529,-0.051383,1
0.864082,0.164272,1
-1.257756,1.662875,1
1.826820,0.730005,1
0.442218,0.157523,1
1.385417,2.491702,1
2.228975,0.828072,1
3.177325,1.283747,1
1.100940,1.639781,1
1.386600,0.710381,1
-0.287425,3.559145,1
0.866057,1.023100,1
-0.128712,1.037008,1
2.703462,-1.278285,1
2.489888,1.208120,1
0.816716,0.662558,1
0.507883,0.749095,1
1.017296,2.978760,1
0.480314,1.911326,1
1.175937,-1.509914,1
0.028799,1.887500,1
0.992869,1.614865,1
-0.720589,0.561670,1
0.325859,-1.023613,1
3.216966,2.497891,1
0.528006,1.404662,1
2.029649,1.584043,1
0.393172,0.837824,1
-0.341634,-0.861465,1
0.458001,2.004903,1
0.247614,0.492511,1
0.740684,1.864404,1
1.618664,-0.448748,1
0.637624,-1.022918,1
2.761767,3.252882,1
0.358808,3.268828,1
1.381168,0.481211,1
0.206594,1.591154,1
0.597906,-0.889163,1
3.374686,1.012934,1
0.421014,-0.713209,1
0.684596,2.010431,1
0.990168,0.441772,1
0.422270,-0.204890,1
1.323076,-1.003092,1
1.348732,0.617912,1
0.651825,0.573600,1
2.165123,1.119496,1
0.738053,2.129833,1
0.738784,1.326497,1
0.817385,1.200274,1
-1.372124,1.990594,1
-0.485496,0.628045,1
0.586715,1.615265,1
-0.603188,1.389155,1
0.356316,-0.871729,1
0.806755,1.853337,1
0.852128,-0.064043,1
1.046022,2.783930,1
1.190808,0.833266,1
0.698726,0.886959,1
0.532076,1.702142,1
2.605657,-0.292464,1
1.336198,-0.909953,1
2.707628,0.145596,1
1.086940,1.101308,1
1.432301,1.299242,1
1.477656,2.392580,1
-1.965491,1.123260,1
1.835785,0.396781,1
0.367762,1.214905,1
0.645311,0.534443,1
0.552956,2.047028,1
0.974271,-1.007226,1
2.129050,1.116554,1
2.361651,-0.767040,1
-0.623833,2.254254,1
2.931399,1.377921,1
0.101632,1.761960,1
2.396405,0.031240,1
-0.017743,0.932722,1
1.153693,0.191449,1
-0.225299,0.712959,1
0.188449,1.426316,1
0.759425,-0.997849,1
-0.879281,2.993513,1
-0.553413,-0.262080,1
0.872383,1.621132,1
3.235658,0.137639,1
-0.022010,0.361753,1
-0.447278,1.134080,1
1.390589,0.601757,1
1.351067,0.925828,1
0.943936,1.315077,1
0.824819,-0.394080,1
1.914368,3.223121,1
-0.222657,2.618527,1
-0.399791,1.161087,1
0.864803,1.451935,1
0.449873,-0.252964,1
1.525239,1.777296,1
0.790568,2.281388,1
2.619574,-0.698656,1
0.278129,0.976159,1
1.985787,-1.527107,1
2.972874,-1.659997,1
1.216004,2.241002,1
1.239185,0.995894,1
0.204128,1.154789,1
1.000949,0.830141,1
2.564575,1.941660,1
0.521151,0.784262,1
2.145161,0.241965,1
0.717259,1.009657,1
-0.449351,1.254645,1
1.468532,0.758865,1
2.120216,2.255713,1
2.179326,0.872094,1
1.056950,-0.396268,1
2.052652,1.131534,1
0.478414,2.187482,1
2.390881,0.055595,1
-0.209311,2.985212,1
-0.215204,2.297531,1
-0.788131,-0.353358,1
0.484607,-0.331967,1
0.453978,-1.516157,1
2.077520,1.273128,1
0.433235,-0.028324,1
1.364225,0.114685,1
1.240654,0.880926,1
0.093236,3.410155,1
2.478727,2.222188,1
0.940016,1.289148,1
4.319558,0.955731,1
0.605714,0.867740,1
1.105091,2.548910,1
0.559001,2.676049,1
0.442441,0.621497,1
1.049799,2.339521,1
1.283877,2.039795,1
0.561751,1.893990,1
-1.179424,2.262264,1
1.666017,-0.109552,1
0.608146,-0.965653,1
1.171237,0.944361,1
1.497303,-0.132272,1
-0.101443,1.338310,1
-1.555486,2.225114,1
3.052030,-0.143452,1
2.709416,2.388108,1
1.932782,0.962606,1
1.671153,0.695028,1
1.012733,0.881170,1
-1.900005,1.159050,1
2.763190,1.281514,1
1.904036,-1.195814,1
1.571898,0.954705,1
-0.302548,-0.115184,1
1.513090,1.076520,1
0.139909,-0.406160,1
-0.162487,-0.175033,1
3.732784,0.508109,1
2.760840,1.341741,1
1.468875,-0.574584,1
-0.118677,1.810247,1
0.119445,0.928413,1
0.653889,2.448075,1
1.508028,1.304227,1
0.549393,1.207132,1
0.979525,0.319848,1
-1.038332,0.884801,1
2.944666,1.887261,1
0.617514,0.293720,1
1.317927,1.624651,1
-1.266172,0.644834,1
3.083452,-0.057132,1
2.236574,-0.264859,1
1.180635,-0.495192,1
0.003649,2.191812,1
0.718022,0.279391,1
1.257357,2.668855,1
0.824054,0.388294,1
0.922623,2.077248,1
0.219021,1.095313,1
0.055671,1.804078,1
2.087062,2.161043,1
1.462893,-0.493602,1
1.406931,0.139450,1
1.471767,1.344985,1
2.645376,1.440193,1
3.311618,1.114923,1
3.829147,0.893229,1
0.058606,2.446712,1
0.385407,1.105768,1
1.959501,1.959660,1
0.695171,-0.298530,1
1.159014,1.111315,1
2.340455,1.019218,1
-0.365313,1.102770,1
1.728754,0.748556,1
-0.998842,-1.162906,1
1.662191,2.596290,1
2.060177,1.922626,1
0.265098,0.353437,1
1.229307,1.320295,1
0.842125,-0.777933,1
1.157189,3.454735,1
2.259535,1.186918,1
1.827023,2.179797,1
-0.557047,2.367832,1
0.292556,1.286134,1
0.796749,0.324103,1
0.498951,1.651627,1
1.794571,0.745596,1
0.535407,0.262463,1
0.715112,0.654130,1
2.255456,-1.768031,1
0.671411,-0.417362,1
1.563355,1.098640,1
2.020990,0.300158,1
1.192935,-0.700244,1
1.183396,0.366919,1
1.896554,2.171872,1
-0.344658,0.217503,1
1.547643,-0.194226,1
1.233491,1.074900,1
2.851162,-0.031827,1
0.188267,-0.055625,1
1.785207,1.676232,1
2.100425,-0.326668,1
1.176949,2.044139,1
1.130887,0.827252,1
2.429082,2.673977,1
1.323215,-1.158382,1
1.320535,1.383807,1
-0.028186,-0.147114,1
2.622763,-0.672629,1
1.252045,0.760006,1
0.354778,-0.585560,1
2.894386,0.227774,1
0.610829,1.005211,1
1.944317,0.453108,1
-0.335742,1.304577,1
0.038446,1.195350,1
0.855055,3.028963,1
-1.569432,-1.024649,1
0.691858,0.180414,1
0.393233,0.626316,1
1.171439,1.457912,1
1.923784,2.047302,1
1.067655,2.203651,1
0.929192,1.088620,1
4.154786,1.012570,1
-0.048072,0.478814,1
0.390930,-0.122965,1
0.861664,0.574438,1
-0.756238,0.307416,1
2.222529,1.784201,1
1.453135,1.433049,1
2.339233,0.806027,1
1.478877,0.100612,1
3.105141,-0.259811,1
1.291066,2.571939,1
1.951751,3.060501,1
0.489295,2.044507,1
1.913238,1.934997,1
0.161816,-0.535211,1
0.875466,-0.132666,1
-0.191576,0.215232,1
0.393748,2.233480,1
1.700637,0.891648,1
1.082249,0.042349,1
-0.259175,-0.335091,1
-0.063415,1.634669,1
-0.083914,1.108212,1
1.020592,2.052580,1
4.108879,0.148401,1
2.278671,0.794955,1
0.843340,1.543706,1
2.151899,-0.719211,1
0.974595,1.320605,1
0.868257,0.789857,1
0.616663,1.368983,1
-0.367652,0.528834,1
-1.027066,0.368132,1
2.134682,2.249723,1
0.669482,1.951051,1
1.082490,0.787770,1
2.642220,0.103451,1
-1.301333,1.589285,1
0.542952,0.251524,1
0.419561,2.136959,1
-0.635845,1.198714,1
1.807759,-0.309567,1
0.168008,0.288120,1
-0.492525,1.126232,1
-0.716175,1.432939,1
-0.555169,1.500646,1
2.098999,1.144108,1
1.486208,0.445978,1
1.433615,2.607823,1
0.524532,1.501296,1
1.640498,1.196954,1
2.224903,0.605647,1
0.740208,0.244436,1
1.318200,2.836560,1
-0.457819,2.766107,1
0.473019,0.686857,1
2.283819,0.725285,1
1.166155,1.093288,1
2.126742,1.133931,1
0.177485,2.412877,1
0.902772,1.557715,1
0.386307,3.196733,1
1.146754,0.913084,1
-0.456683,-0.360160,1
-0.975373,1.022361,1
1.804978,-0.174769,1
0.937032,0.936266,1
1.971861,0.658294,1
0.211306,1.084554,1
2.757379,3.348369,1
-0.190007,-1.585787,1
0.951067,1.280174,1
1.898459,0.292443,1
1.881706,1.346620,1
1.269057,2.117319,1
2.100697,3.551906,1
2.032280,-0.796499,1
2.742063,-0.492716,1
0.355328,0.506491,1
0.263850,1.092743,1
1.598724,1.818053,1
1.777762,0.314285,1
1.235074,0.269772,1
2.055774,3.181634,1
1.616835,1.970661,1
1.180990,-0.254796,1
1.780121,0.665923,1
3.279902,1.811752,1
1.698085,3.194069,1
2.176097,1.235302,1
-0.876536,0.052012,1
1.714797,-0.494271,1
-0.406543,-1.011427,1
0.306297,-1.237534,1
-0.167499,0.523088,1
0.857490,0.514223,1
2.003875,0.040414,1
-0.503247,-0.002801,1
-1.100408,0.625733,1
1.861098,1.325781,1
2.684372,1.761865,1
1.289154,0.610184,1
0.286506,1.071131,1
1.489399,1.909082,1
1.247867,1.023928,1
2.914716,0.301013,1
2.595405,1.264694,1
0.720755,-0.285958,1
1.725916,1.370528,1
0.632041,-0.802785,1
-0.163049,0.616857,1
1.210259,1.353722,1
4.213042,1.222702,1
1.911514,1.427032,1
1.769048,0.791999,1
1.708138,2.928424,1
3.642274,-1.100707,1
0.408233,2.685744,1
0.789946,1.768717,1
0.603398,1.678611,1
0.445372,0.205400,1
0.548837,1.796271,1
-0.084986,1.791520,1
1.936592,1.215363,1
0.743522,1.046274,1
-0.254941,0.974380,1
1.566827,-1.106052,1
2.992664,0.291340,1
0.315102,1.331596,1
2.275593,1.671372,1
1.634033,0.352883,1
0.380439,0.546741,1
0.479160,0.332778,1
1.328850,2.215985,1
-0.625313,2.714337,1
0.633352,-0.078646,1
2.128439,1.880030,1
2.579449,1.399419,1
0.175506,-1.043175,1
2.651559,0.177511,1
1.713361,0.826538,1
0.088263,-1.095007,1
2.336440,0.762976,1
-0.881348,-0.519625,1
0.368222,1.614583,1
1.591910,1.378644,1
1.721148,0.393031,1
1.576038,1.047280,1
-0.079428,1.562085,1
1.323693,1.162632,1
-2.726168,0.925451,1
-1.858062,0.474844,1
1.858680,-0.113434,1
-0.492196,1.804732,1
0.074753,1.812914,1
0.584439,0.620233,1
0.760577,2.160565,1
0.127746,0.656930,1
1.170635,0.921803,1
1.547433,2.849707,1
2.241221,3.205244,1
-0.096486,0.740814,1
2.229263,-0.675459,1
1.828550,3.230454,1
0.315049,0.925092,1
2.862784,2.144562,1
1.466915,2.093974,1
2.021945,1.830676,1
0.341623,-0.305040,1
2.925761,1.253143,1
-0.260950,0.938886,1
0.818108,-0.187757,1
-0.382979,1.946031,1
1.262990,0.320584,1
0.707823,2.587666,1
0.859737,0.981458,1
3.039401,0.940467,1
2.155257,1.330083,1
0.117937,1.614729,1
1.786525,0.234546,1
2.762215,0.808847,1
2.742833,0.554622,1
1.438794,-0.067819,1
1.910270,1.239586,1
-0.792818,1.376555,1
1.775548,2.838722,1
1.829155,0.892188,1
2.078484,2.057322,1
2.326674,1.158712,1
0.618742,1.455449,1
0.485522,0.992714,1
0.784196,-0.457730,1
1.892394,0.510935,1
-0.190484,-0.333991,1
1.388471,0.653440,1
0.054269,1.106892,1
0.320450,-0.166017,1
-0.345463,0.500119,1
0.529498,0.893610,1
3.099622,1.287875,1
2.149043,1.434579,1
-0.639364,1.642693,1
1.567244,1.227158,1
0.894485,-1.703709,1
1.529860,1.587613,1
-0.523902,-0.817617,1
1.749914,2.003304,1
2.074008,0.954395,1
0.917272,0.990210,1
-0.732363,1.801760,1
0.131410,1.804551,1
1.629973,2.208896,1
1.584591,1.758552,1
0.177176,-0.216856,1
1.235139,-1.130037,1
1.215269,1.256530,1
-0.213372,-0.051580,1
-0.864179,3.289683,1
0.196943,2.881352,1
1.984858,2.491652,1
0.862751,2.356603,1
-0.004477,1.542775,1
2.109823,2.148810,1
0.798148,0.610439,1
-0.549667,1.800506,1
0.157848,0.430166,1
1.859538,1.137826,1
0.665404,2.517660,1
0.350229,1.163118,1
0.661727,1.255844,1
0.878944,2.182057,1
2.952351,0.089116,1
3.429071,0.772853,1
1.127360,-0.314259,1
-0.024493,0.287380,1
1.404939,-0.057512,1
2.291569,0.645462,1
1.589695,0.285906,1
-0.689935,-1.720805,1
-0.292737,-0.604511,1
0.195983,2.153325,1
1.541345,1.163836,1
0.854696,0.617066,1
-1.450002,0.383125,1
1.315761,1.074771,1
2.237034,-0.225415,1
-0.845730,1.537897,1
0.182216,0.121876,1
-0.878816,-0.572866,1
-0.097568,1.571223,1
1.047898,0.098729,1
1.108310,1.220032,1
1.991704,0.210062,1
1.383438,1.243751,1
-0.322156,0.380277,1
2.028802,1.848692,1
-0.391812,0.494626,1
-1.034445,-0.205587,1
0.702355,-0.767058,1
1.513234,-0.884948,1
-0.230848,1.841840,1
1.575573,1.146663,1
0.807178,2.834099,1
1.874642,0.257343,1
0.734046,-0.327994,1
1.789299,0.459494,1
1.354792,-0.687542,1
2.928558,0.207643,1
1.545983,0.303173,1
0.272584,1.141370,1
-1.073622,0.640905,1
1.305315,-0.326939,1
0.230779,1.653420,1
1.649462,2.361688,1
1.275257,0.961864,1
-0.303380,-0.056985,1
0.559022,-0.706790,1
2.540031,0.428085,1
-0.674881,1.926063,1
-0.526088,2.711042,1
2.133119,-0.222741,1
1.452721,1.368751,1
0.022220,0.060328,1
2.084429,0.661926,1
1.300942,1.412849,1
0.506720,0.220801,1
1.641873,1.184461,1
0.298924,0.873100,1
1.908017,1.319491,1
-0.076854,2.559398,1
-0.064879,0.894690,1
3.198866,1.292807,1
0.453414,0.877434,1
-0.482018,-0.185797,1
2.445170,1.761007,1
-0.407940,0.069863,1
0.558597,0.580029,1
1.411468,2.111562,1
0.371271,1.742555,1
2.127965,0.141834,1
0.273278,2.293982,1
2.153266,1.716079,1
2.400775,0.636436,1
2.856452,1.019935,1
2.385560,-0.030273,1
2.418296,2.052883,1
-0.370189,1.045217,1
1.249159,1.109654,1
2.976742,1.091212,1
1.505591,1.035610,1
2.397232,1.535807,1
1.967421,-1.117068,1
1.591149,1.158959,1
-0.050378,0.671160,1
0.206385,-0.370305,1
1.147034,-1.183202,1
0.483556,-0.066511,1
0.873993,0.844392,1
-0.716509,1.683150,1
2.577626,-1.115451,1
0.254963,-0.259410,1
2.258438,-0.805524,1
3.157476,2.301686,1
2.164421,-0.469466,1
0.046547,3.048521,1
0.788226,0.847280,1
2.098740,1.828717,1
1.409354,-0.588804,1
1.143402,2.093929,1
0.575196,-1.200608,1
1.738929,1.127403,1
0.161474,0.837504,1
0.917475,1.231595,1
1.175717,0.671723,1
0.808844,0.312297,1
1.556787,2.263072,1
0.722296,-0.033044,1
1.593637,0.994253,1
1.531901,-0.115166,1
2.873961,0.643231,1
0.158081,0.014021,1
0.117629,-0.652212,1
3.523941,-0.031544,1
2.406754,2.719407,1
0.365716,0.774563,1
0.507091,1.370924,1
0.757323,0.619344,1
2.832213,1.017145,1
1.122798,2.499254,1
0.090493,0.480012,1
2.372059,-0.163039,1
0.166372,-1.600624,1
2.035089,0.781213,1
1.570880,2.933258,1
2.629334,2.917811,1
-0.317693,0.972101,1
0.305260,0.995888,1
1.456772,-0.208076,1
-1.072099,2.842595,1
0.485026,-0.204999,1
1.913652,0.842387,1
-0.055420,0.435366,1
-0.100851,0.649074,1
-1.065492,0.701127,1
1.285235,0.475498,1
-0.341438,0.276387,1
1.499002,1.276951,1
1.744482,2.178435,1
-0.929073,-0.995668,1
1.527208,2.131025,1
1.644872,1.663715,1
3.413158,1.977638,1
0.759232,-0.320127,1
0.394871,3.044836,1
1.965669,0.408132,1
-0.032185,0.676690,1
0.822828,0.359569,1
1.708067,-0.755210,1
1.870000,2.851793,1
0.904869,-0.552885,1
0.682720,0.640533,1
0.753222,0.340636,1
-0.721629,1.347384,1
1.877119,1.522505,1
-0.386870,2.346863,1
0.897193,1.300076,1
1.517299,-0.725878,1
1.033256,-0.005371,1
1.501910,-1.241461,1
0.740778,1.618742,1
0.556135,0.217308,1
0.751838,2.408098,1
0.727924,-0.176668,1
1.048058,1.083570,1
-0.403732,0.026084,1
1.407009,0.061764,1
1.850033,1.131696,1
0.493807,0.607927,1
-0.126511,0.908063,1
0.331718,0.584290,1
1.450636,-0.779842,1
2.069651,-0.249706,1
2.966259,0.791211,1
0.665637,1.233119,1
0.548158,1.174554,1
-0.963768,1.860740,1
1.515948,-0.842485,1
1.945593,0.543181,1
2.995389,1.611547,1
2.800819,0.084934,1
-0.048042,0.893937,1
1.114076,1.069126,1
0.222109,1.250798,1
0.257468,2.718109,1
0.369996,1.067031,1
2.062711,0.239941,1
-0.471137,2.613113,1
-1.073386,0.777205,1
1.663436,0.955067,1
0.562603,1.345819,1
-0.717577,1.148696,1
0.476658,0.165119,1
0.118526,2.153589,1
0.469496,0.418986,1
2.707886,1.039768,1
1.685363,1.424960,1
0.875640,1.444610,1
2.107359,-0.133621,1
1.092621,2.396638,1
0.126052,0.303098,1
2.262811,1.240746,1
-0.581258,1.307116,1
0.058201,0.070207,1
0.726441,0.541394,1
1.195099,1.186996,1
-0.172229,2.759730,1
0.413072,0.729707,1
0.586579,-0.231413,1
0.631668,0.735432,1
1.282049,-1.100859,1
2.444047,2.711633,1
0.162808,1.178777,1
2.099254,-0.102706,1
0.305240,1.716997,1
1.281578,0.511514,1
2.076210,2.228678,1
1.312352,0.157465,1
1.442891,0.691023,1
0.436577,1.115136,1
0.421079,1.612648,1
0.695088,0.652290,1
0.762759,0.099237,1
-0.154780,-0.711102,1
1.068359,-0.918959,1
0.995012,1.641394,1
1.095506,2.455948,1
-0.698961,0.110169,1
1.463113,2.040614,1
1.024720,1.073203,1
0.391117,1.193667,1
0.702587,1.437300,1
1.695368,2.801713,1
0.888404,-0.330658,1
0.237090,1.009168,1
0.713863,1.241750,1
0.880451,1.281858,1
1.838939,1.728638,1
0.921115,0.093861,1
1.933447,1.044155,1
1.965412,0.821268,1
1.921568,1.170144,1
0.503549,2.279858,1
2.316831,0.488062,1
3.109252,-0.303422,1
1.681767,1.253383,1
2.380976,1.939747,1
1.786326,0.876267,1
0.724120,0.224247,1
-1.172121,1.603824,1
0.205066,0.397532,1
1.921984,1.679308,1
0.560456,1.233986,1
1.241900,0.730511,1
0.910493,0.807325,1
2.014746,2.405670,1
-0.414975,-0.730357,1
0.690640,3.158656,1
1.948724,-0.235330,1
-0.513377,0.028462,1
1.580059,2.444429,1
0.484110,-0.538084,1
-0.371908,0.176326,1
1.541287,1.562439,1
1.931582,1.936966,1
2.171470,2.389309,1
1.143409,-0.379876,1
0.283201,2.045047,1
1.828112,-0.118167,1
0.386101,0.952891,1
-0.104394,-0.210092,1
-1.385098,2.458108,1
-1.938009,0.468689,1
1.627070,-0.546526,1
1.048321,-0.032710,1
-1.338892,-0.302545,1
0.543270,2.850112,1
2.007566,1.348218,1
-1.709092,-0.345541,1
0.740250,1.211604,1
1.577273,1.164822,1
0.899948,1.923532,1
2.414077,2.188501,1
-0.344458,-0.613010,1
-0.851979,0.591581,1
0.388727,-0.452110,1
0.486296,1.094586,1
3.314616,2.480482,1
1.768617,0.574133,1
3.308116,-0.243087,1
-0.380942,1.144887,1
-1.188342,1.545691,1
1.356037,0.651126,1
3.152428,2.065399,1
2.368101,0.138582,1
-0.391056,1.841783,1
1.091436,-0.411771,1
0.623393,1.106681,1
-0.411791,1.661325,1
2.453910,0.809643,1
0.828639,0.606508,1
1.302442,1.802814,1
2.576058,1.670196,1
2.403144,2.086058,1
0.072699,0.987136,1
1.471791,0.731151,1
-0.433836,0.151681,1
1.611293,-0.036088,1
-0.302921,1.255593,1
1.557759,2.300391,1
1.848128,-0.575781,1
1.032673,1.164981,1
0.297259,0.522935,1
1.707851,2.175827,1
1.598059,0.584317,1
1.551749,0.107673,1
0.898699,0.614421,1
2.119420,3.625514,1
-1.219308,1.275290,1
1.560325,-0.602848,1
1.634422,-0.137214,1
1.030051,-0.128428,1
2.783472,0.930094,1
1.513731,-1.071524,1
0.894769,2.985845,1
0.224971,0.798054,1
1.455419,2.081979,1
-0.974104,-0.041601,1
3.109668,0.681006,1
0.550654,-0.777358,1
0.230936,1.694569,1
0.775738,1.404295,1
0.629163,2.514596,1
1.259819,2.013419,1
1.375683,2.014789,1
1.824416,-1.577940,1
1.414512,1.758705,1
0.408247,-0.546949,1
-0.742800,0.327055,1
1.022644,-0.228993,1
2.551366,1.890823,1
0.103190,-0.476042,1
0.460820,0.765054,1
-0.595291,1.464168,1
0.071666,1.615381,1
0.940830,2.071492,1
1.929585,0.587020,1
-0.041901,0.635805,1
-0.097173,0.929880,1
0.783899,1.631220,1
0.889432,0.446868,1
-0.503666,-0.414386,1
3.408824,2.179333,1
3.560025,0.640840,1
0.096894,2.022156,1
-0.486062,1.387598,1
1.473897,0.967106,1
0.672292,-0.550666,1
2.468688,0.138490,1
1.256792,2.505172,1
0.187970,1.154236,1
0.840222,3.252397,1
1.461169,0.938926,1
2.410423,1.594973,1
0.258287,1.209866,1
1.877324,0.002912,1
-0.170364,0.901944,1
0.550981,2.576533,1
2.947540,1.468708,1
2.078637,1.296525,1
1.199620,0.562268,1
1.618308,0.833209,1
-0.114892,1.655210,1
2.519226,1.968913,1
1.109854,-0.591434,1
0.732919,1.705435,1
1.510563,1.961285,1
4.059409,-0.195679,1
1.722526,-1.536536,1
0.474790,0.154670,1
0.401304,0.056078,1
-0.260002,1.773321,1
0.245307,0.868811,1
1.594792,2.500514,1
-0.885504,0.348882,1
0.475078,1.223159,1
0.253993,0.208511,1
-0.031009,1.941982,1
0.089717,0.591794,1
0.225608,1.248052,1
0.842842,2.399844,1
1.208009,0.496129,1
1.146300,-0.159245,1
-0.718105,0.458012,1
1.174995,0.471420,1
1.468968,0.000248,1
1.149013,0.604964,1
-0.477231,0.121149,1
1.115744,0.353627,1
1.083088,0.726850,1
-0.605111,0.109979,1
-0.060339,0.494469,1
0.757443,0.117292,1
1.450445,0.553551,1
0.672737,0.777852,1
0.337518,3.024060,1
1.596894,0.659785,1
0.981944,1.889757,1
1.335859,0.490779,1
0.763345,1.519944,1
-0.458395,0.964804,1
0.931364,1.387149,1
0.338160,0.264790,1
0.892996,4.115564,1
1.451842,0.290724,1
0.669483,1.350099,1
0.330281,-1.022806,1
0.745427,1.290606,1
1.062356,-0.350570,1
-1.324851,0.860382,1
1.206598,1.136613,1
1.620762,1.335070,1
1.003632,0.395218,1
1.268751,-0.480725,1
1.028502,1.730763,1
1.413243,-0.471718,1
0.628979,0.852784,1
-1.557491,0.302483,1
0.594652,1.015700,1
-0.764709,1.350831,1
-0.305377,2.260292,1
2.156405,0.032484,1
-0.269517,0.928193,1
-0.319182,1.260676,1
0.865211,0.522942,1
0.175619,2.626182,1
0.397829,3.291236,1
2.015890,2.229294,1
0.034408,0.090646,1
-1.147566,0.983165,1
-1.366605,1.377365,1
1.168394,1.303482,1
0.318130,1.390862,1
-0.416935,1.305793,1
1.869168,-0.056334,1
-1.306951,1.583684,1
-1.040485,0.275505,1
0.120658,2.019121,1
0.808952,1.422796,1
1.665405,0.517784,1
1.855830,0.759517,1
-0.415583,2.648613,1
2.193612,2.157400,1
0.013643,2.630728,1
1.555122,-0.621763,1
-0.048662,3.112218,1
-0.192587,1.103829,1
0.674824,2.529819,1
-1.162706,0.500731,1
0.859580,-1.212642,1
-1.142234,0.685025,1
1.012392,0.272751,1
-2.515205,1.454030,1
-0.821987,1.235225,1
0.525033,0.462032,1
1.162469,3.617789,1
1.518947,0.625541,1
1.013290,0.452613,1
2.211157,-0.900023,1
1.597033,0.453232,1
1.395704,-0.604598,1
3.695646,0.680122,1
0.143287,1.315789,1
0.741308,-1.261892,1
-0.343184,1.023290,1
0.948918,0.607028,1
1.224801,2.048567,1
2.094031,1.293492,1
-0.182614,0.096893,1
1.081570,-0.373870,1
1.262825,-0.432883,1
1.962710,0.820448,1
0.928775,3.100296,1
0.647487,1.751233,1
1.977829,1.398112,1
1.345931,1.100167,1
0.273366,0.863144,1
1.446350,0.225584,1
-1.046928,0.803222,1
1.908347,0.545857,1
0.605353,0.701841,1
2.061289,0.380617,1
0.865131,1.530641,1
2.227023,1.702384,1
0.762712,3.875887,1
1.811220,1.362994,1
0.788654,0.620205,1
-0.753355,-1.325270,1
0.242237,1.271614,1
0.431318,0.728437,1
-2.041785,2.653994,1
0.372838,1.291654,1
1.054130,-0.413021,1
0.125871,0.964684,1
1.526307,1.571137,1
0.461954,3.084152,1
1.575022,-1.140053,1
1.827890,1.485458,1
-1.176556,-1.046299,1
1.523538,0.395598,1
1.068693,0.383568,1
3.065476,1.213383,1
2.945975,1.098479,1
1.459567,0.809036,1
1.642440,0.831486,1
-0.360866,1.381155,1
3.020626,2.855417,1
-0.105646,-1.195683,1
0.636000,1.401023,1
0.841922,0.787430,1
-0.996463,1.645756,1
0.547531,1.459049,1
0.504080,-1.269248,1
0.069349,-0.697927,1
0.331901,1.681061,1
-0.618614,1.314424,1
0.757984,0.542100,1
1.824183,2.647439,1
1.882463,1.554074,1
-0.264612,-0.895727,1
0.833960,0.427811,1
-0.026798,-0.693805,1
2.759203,1.703674,1
2.485751,1.946732,1
2.306736,-2.434065,1
1.133938,-1.005988,1
0.945547,0.758239,1
0.939291,0.409347,1
0.891503,0.198895,1
1.250724,0.224086,1
1.532453,1.448835,1
0.905646,0.504566,1
1.941578,0.186593,1
1.918515,1.328175,1
0.032068,1.251934,1
-1.132698,1.957067,1
-0.126425,-0.521830,1
0.843925,2.721614,1
-0.036585,0.390117,1
1.457205,1.226121,1
-0.299525,0.729215,1
1.443547,2.174492,1
0.820075,1.085956,1
0.294915,1.127972,1
2.397095,1.563174,1
-0.655691,0.358538,1
2.520999,0.375540,1
2.678058,0.881691,1
1.038818,1.461503,1
0.601532,0.442443,1
0.910093,1.029914,1
2.933991,1.969660,1
-0.667777,1.642844,1
2.425039,0.714651,1
0.515086,3.010434,1
1.162385,1.139757,1
-0.026806,2.221132,1
2.582885,2.168785,1
1.804005,2.132741,1
-0.338907,-0.288177,1
-0.072987,2.162001,1
2.904326,0.549488,1
-1.301925,1.217106,1
-0.838306,1.765754,1
1.202739,0.702965,1
0.575501,3.277656,1
2.192818,2.869973,1
-0.734411,0.987212,1
1.466832,1.512368,1
1.667848,1.684762,1
2.640520,-0.019384,1
-0.084676,0.627368,1
1.635063,2.583097,1
1.631876,1.047129,1
1.239715,1.706648,1
2.015514,1.449371,1
1.919114,0.428626,1
0.802948,-0.258847,1
2.404486,0.524647,1
0.012412,-0.017650,1
-0.976298,-0.264511,1
-0.409616,2.614343,1
1.691369,0.186072,1
-0.172370,2.152058,1
3.229770,0.805452,1
3.634320,1.101811,1
0.363054,0.960612,1
1.977983,3.471560,1
0.541033,0.601444,1
0.014897,2.521619,1
1.284861,-0.630039,1
0.728785,0.099857,1
2.086579,1.642170,1
0.576798,1.125149,1
-0.452252,2.299712,1
2.948558,-0.162276,1
0.006447,0.088860,1
0.995864,-1.373260,1
1.332855,0.656707,1
2.170690,2.816824,1
-0.672524,0.728050,1
3.125985,0.846840,1
2.213708,2.048789,1
1.327526,0.598765,1
1.617908,1.106123,1
2.077096,1.093331,1
2.277078,-0.291728,1
0.500548,1.472879,1
1.483816,1.108850,1
1.564481,-0.388349,1
2.871988,1.552452,1
1.589981,0.140810,1
-0.174595,0.533584,1
3.349590,1.175846,1
0.994104,1.364185,1
0.021552,2.144222,1
3.721866,3.234768,1
1.947558,1.765682,1
0.492496,0.625506,1
1.833683,0.132062,1
1.819469,3.052303,1
0.480924,1.315019,1
2.527734,2.622412,1
1.280315,1.066925,1
1.013664,-0.553854,1
-0.281050,2.748533,1
0.456974,1.183373,1
2.390404,0.961886,1
0.957518,1.078532,1
-0.776402,-0.106380,1
-1.298902,-1.687180,1
2.783871,2.048284,1
2.659711,0.266228,1
0.457833,0.762965,1
-0.188960,2.651630,1
1.491658,-0.105544,1
-0.061076,1.520532,1
2.004871,0.394759,1
2.503516,1.126342,1
-0.446204,-0.600901,1
2.132455,1.076057,1
0.492037,0.825056,1
-0.013723,1.265318,1
1.395138,0.179416,1
1.768715,-0.657594,1
0.441419,0.943679,1
-0.468349,0.552755,1
1.503946,2.074956,1
1.600018,2.516525,1
-0.203620,1.235030,1
0.518728,0.961329,1
2.105879,3.106085,1
0.634380,3.476962,1
0.199024,0.261179,1
0.377645,1.838267,1
-0.339192,-0.014723,1
1.913798,2.438535,1
0.285372,-0.311220,1
0.674757,0.456842,1
0.863370,2.873848,1
-0.842087,1.296420,1
1.965575,1.464566,1
2.217067,0.839008,1
-0.655459,-1.234667,1
4.027522,-0.422034,1
2.667263,-1.098247,1
1.470476,1.162290,1
1.389185,2.149149,1
-0.259926,2.020033,1
-0.542744,1.406191,1
-0.305277,1.140552,1
2.123534,0.879155,1
1.733072,1.977054,1
2.263246,-1.813640,1
-0.076190,1.816911,1
4.201978,1.999607,1
-0.025900,-0.422291,1
0.769806,-0.044476,1
-0.367192,0.618710,1
1.195110,1.249418,1
-0.445111,2.317387,1
2.794105,1.213315,1
1.296637,-0.299940,1
-0.356089,0.291858,1
1.954272,2.190688,1
-0.095615,1.165599,1
0.858749,0.154017,1
0.822602,0.870366,1
0.506490,-1.074239,1
-0.068657,-0.334173,1
0.983826,0.326679,1
1.863522,-1.072385,1
0.260663,0.977779,1
1.694279,-1.130791,1
0.077661,1.051306,1
-2.009632,0.686953,1
2.232873,1.769492,1
2.104683,-0.345658,1
1.627713,0.083813,1
-0.173544,3.202881,1
0.698351,-0.276226,1
2.723167,0.081640,1
0.658404,1.839786,1
1.202461,2.775478,1
0.103161,2.779499,1
1.669030,-0.518125,1
1.252718,1.014529,1
1.838903,3.992703,1
3.477350,1.498878,1
-0.222269,1.292262,1
1.018799,0.041630,1
2.093564,1.888306,1
1.225595,0.908188,1
0.775605,-0.594005,1
0.507435,-0.937495,1
0.717831,2.956712,1
0.728183,-0.781414,1
3.346348,1.245596,1
-0.584497,-0.621164,1
2.289508,3.367298,1
1.605450,0.362949,1
1.796791,-0.815132,1
4.305808,0.462208,1
1.310672,-0.649162,1
0.349011,-1.080946,1
2.053245,1.751415,1
0.892270,2.686640,1
1.287902,0.603577,1
1.358813,1.309358,1
0.168521,0.902413,1
1.166501,2.138912,1
2.328262,1.607100,1
0.156157,1.475523,1
1.157909,0.964111,1
3.131402,2.015304,1
0.857011,0.437555,1
3.859698,0.887734,1
1.954340,0.890946,1
1.893032,0.071866,1
2.453179,1.234650,1
1.181497,1.527988,1
1.960415,1.839605,1
1.739371,1.379964,1
0.529957,3.307369,1
1.608997,-0.594518,1
0.600607,2.244937,1
1.429432,2.249114,1
0.609622,-0.638045,1
-0.880948,2.772853,1
2.358214,1.599247,1
-0.523751,1.656736,1
1.420887,1.787080,1
2.234789,-0.131515,1
0.410255,0.819074,1
1.510037,3.961369,1
2.096301,-0.146377,1
0.118364,1.232308,1
-0.405977,1.966339,1
1.534674,3.420082,1
2.159465,0.724141,1
2.250264,0.894454,1
-1.056580,1.736756,1
1.043177,1.707495,1
1.332061,0.671494,1
1.449740,1.417551,1
0.281760,0.006124,1
0.174572,1.807612,1
1.215571,0.694813,1
0.460129,-0.809604,1
0.272437,3.082197,1
2.623882,0.612463,1
2.298939,1.573759,1
2.451822,1.731991,1
1.909330,0.094866,1
0.454159,1.707161,1
-0.122811,2.058914,1
1.168171,-0.011669,1
1.574622,2.352997,1
2.738742,1.445520,1
0.735226,0.005619,1
-0.638387,0.995612,1
0.318891,1.709725,1
-0.550997,1.667138,1
0.347458,1.459575,1
2.490825,-0.419355,1
1.259834,0.831733,1
1.107571,1.989136,1
2.189242,-0.029900,1
0.277185,1.670108,1
1.135720,0.622368,1
1.492761,0.078728,1
0.557877,0.743147,1
0.222398,1.203786,1
1.012130,2.587748,1
1.215932,-1.577105,1
2.679030,0.728387,1
1.233714,-0.288624,1
0.979580,0.440913,1
-0.279315,-0.761338,1
1.529915,2.914432,1
1.026910,-1.546036,1
1.573717,1.925561,1
0.619051,1.578442,1
1.641423,0.181004,1
2.356289,-0.973547,1
-0.195619,2.833699,1
0.168881,1.557207,1
1.177053,0.803010,1
-0.591543,0.728828,1
0.876094,2.818153,1
0.383730,1.447016,1
2.801780,1.371167,1
1.630336,3.202366,1
2.166263,0.377495,1
0.234477,-0.904267,1
1.737586,1.357351,1
1.633135,2.036190,1
0.583009,-0.239309,1
0.680626,1.210076,1
0.775384,1.020770,1
-0.379114,2.137406,1
2.264830,0.123173,1
1.397570,0.065616,1
0.057265,-0.595229,1
1.848847,1.141844,1
0.479407,1.804751,1
0.367806,1.256450,1
1.377403,1.687809,1
1.488195,2.556009,1
0.807687,0.700915,1
1.383546,-0.973092,1
0.965914,-0.143666,1
2.657171,-0.243050,1
2.927391,1.432475,1
1.660769,1.278550,1
0.358799,-0.110640,1
2.881038,3.073790,1
2.912462,0.595655,1
1.959382,0.139475,1
1.912019,0.753736,1
2.091030,0.516663,1
1.115392,0.343830,1
0.015257,1.293967,1
1.053698,2.528274,1
1.298138,1.320544,1
0.017648,-0.711662,1
1.955639,0.966974,1
3.021588,1.289237,1
1.936588,0.931816,1
1.431932,1.423314,1
2.614817,0.950801,1
0.497398,1.244482,1
0.093825,1.839138,1
1.474700,-0.078422,1
2.624323,0.944787,1
1.610887,1.920834,1
1.409052,1.450643,1
0.988225,-0.327095,1
1.083033,0.888442,1
0.856756,0.721317,1
-0.752801,0.429846,1
1.456563,1.447393,1
0.359200,1.431602,1
1.081308,1.432322,1
0.323161,0.774074,1
1.760556,0.710067,1
0.286132,-0.721260,1
-0.544583,2.046071,1
1.845073,1.544644,1
2.254516,-0.165775,1
0.843847,0.043703,1
0.213240,1.593732,1
2.055097,1.579383,1
0.447860,1.380656,1
1.183504,1.695296,1
0.665794,2.148174,1
-0.493900,2.917935,1
-0.252951,1.721254,1
0.676368,1.553937,1
-0.137094,-0.176122,1
0.904577,1.305124,1
-0.358741,1.338226,1
2.503293,1.178615,1
1.855135,1.597279,1
2.177186,0.459952,1
1.989356,1.638456,1
0.130865,-0.490651,1
0.709744,1.881766,1
1.745961,2.282516,1
1.697573,0.779551,1
0.277079,3.244634,1
0.313913,1.043520,1
-2.009440,1.136925,1
2.592863,1.202513,1
0.835268,0.981405,1
2.141260,1.626383,1
1.206464,1.479706,1
1.707381,1.157904,1
0.976154,-0.246361,1
2.273570,2.782411,1
0.824466,1.532093,1
1.924577,0.338130,1
1.664066,1.710029,1
0.434172,2.289260,1
1.029271,3.465887,1
0.888339,0.182897,1
2.118328,3.054959,1
0.482110,1.998362,1
0.663127,1.604849,1
1.261356,-0.116399,1
1.011416,0.780543,1
1.194514,0.812300,1
1.997258,-0.641378,1
2.332321,1.350814,1
0.445374,1.005487,1
0.854728,2.986626,1
-0.065508,2.230610,1
1.129187,2.201821,1
1.338101,1.267388,1
0.860922,-1.046761,1
3.257496,0.190729,1
1.282471,-1.000263,1
1.314132,2.771709,1
-1.893376,0.330101,1
1.061242,1.404497,1
0.293633,-0.150557,1
1.447941,-0.668799,1
0.050614,1.474325,1
2.346495,-0.092696,1
1.317684,0.549467,1
2.344328,1.944503,1
0.449153,1.949409,1
1.199888,2.451426,1
1.417351,1.131279,1
0.470321,-0.261972,1
2.607941,2.239565,1
1.312459,-0.277811,1
1.147146,2.420470,1
0.806170,-0.041598,1
1.399946,0.643573,1
-1.063410,-0.523723,1
1.013020,-0.532150,1
0.318306,0.134042,1
3.067161,1.019257,1
0.262660,2.577122,1
1.832352,2.232951,1
-0.464862,3.561022,1
0.951717,1.947284,1
-0.827471,-1.037955,1
-0.910103,0.246928,1
3.545146,0.998943,1
2.676424,-0.235816,1
0.645119,3.232749,1
1.462322,0.724839,1
-1.764860,0.454473,1
-0.339626,0.670328,1
0.302413,-0.418440,1
1.101032,0.537498,1
-0.271107,0.798887,1
0.009261,0.855808,1
-0.332573,-1.022694,1
1.698956,1.239096,1
0.416043,0.437191,1
1.765034,1.002674,1
1.093804,2.040793,1
-0.042270,-0.099652,1
0.909227,-0.540898,1
1.839090,1.200377,1
0.416303,1.900496,1
0.883326,-0.778274,1
2.507565,4.505120,1
3.045151,-0.270902,1
1.901830,0.592785,1
0.217159,2.959992,1
1.246375,0.863821,1
1.574466,1.105595,1
1.483793,2.627171,1
2.201294,0.349576,1
-0.429040,2.398740,1
-0.130970,1.584801,1
0.401999,-0.529431,1
3.440647,-2.119601,1
1.079781,1.244349,1
1.833483,-0.145160,1
-0.742904,0.498459,1
2.593678,1.746879,1
0.940650,-0.100546,1
0.726402,1.918818,1
3.322268,1.690201,1
0.051598,1.523675,1
1.398489,1.816776,1
2.233061,1.336754,1
1.687750,0.270458,1
0.063532,0.389943,1
0.341676,1.666029,1
1.186192,0.796695,1
2.244472,1.039332,1
1.547594,1.581043,1
2.266599,0.067494,1
-0.633107,1.820753,1
0.191463,0.911220,1
2.190147,1.662770,1
0.241160,1.666697,1
1.226165,1.864359,1
0.010956,-0.148335,1
-0.415246,0.889462,1
0.953031,-0.348165,1
1.852989,0.440236,1
0.440366,0.795330,1
1.832487,2.100262,1
2.282073,1.508762,1
2.252617,1.326568,1
1.068007,1.981754,1
0.792289,0.787615,1
-0.325175,0.697702,1
0.375303,2.045165,1
0.520122,1.350067,1
0.184215,-0.710184,1
1.671435,0.526355,1
1.885502,0.774686,1
1.132348,-0.085593,1
0.929395,2.344117,1
0.286199,0.952219,1
1.819845,1.935242,1
2.400983,0.592871,1
0.515532,2.587849,1
-1.655770,0.451731,1
-0.147237,1.325025,1
3.005383,1.841165,1
0.071383,0.670872,1
-1.902183,0.523808,0
-1.400746,-0.641171,0
-0.621323,-0.696415,0
-1.022842,-0.799066,0
-1.812705,-0.020941,0
-3.045807,-0.127778,0
-0.636935,-1.121942,0
-2.771823,-0.045722,0
0.970936,1.033566,0
-1.886674,-0.375044,0
-0.105201,0.635997,0
-0.699746,-1.548862,0
-2.018196,-1.243675,0
-0.004101,-1.517099,0
-1.215009,-0.173559,0
0.363405,1.167953,0
-2.326522,-1.516856,0
-2.486991,-2.283578,0
-2.897235,0.019564,0
-1.003412,-0.203068,0
-0.811563,-1.045490,0
-0.274940,-0.728337,0
0.859692,-1.415477,0
0.008504,-2.030094,0
-0.493476,-1.644739,0
-2.532463,0.268512,0
-1.762545,0.292287,0
-1.134548,-3.461304,0
-3.362439,-1.815614,0
-1.225578,-0.977772,0
0.276434,-0.118666,0
-2.415701,-0.894713,0
-0.837240,-1.630878,0
-2.312412,-0.626122,0
0.322747,0.268609,0
0.060004,-0.627634,0
-0.895568,-1.950772,0
-2.724311,-0.015478,0
-1.294972,-0.664671,0
-3.829430,-1.743098,0
-1.985322,-1.166237,0
-2.901247,-0.169841,0
-0.142144,0.590255,0
-1.688401,-0.716442,0
-2.550789,-0.732017,0
0.715318,-1.268601,0
-0.788197,1.645970,0
0.264914,-0.441809,0
0.578761,-1.601419,0
-1.469614,1.354803,0
-0.166556,-1.408483,0
-2.584501,-2.516241,0
0.482735,-0.558756,0
-2.732067,-1.757523,0
-1.319635,-0.218624,0
0.915727,-0.004127,0
-0.036710,-2.045405,0
-2.522188,0.301803,0
0.163900,-1.013622,0
-1.240685,-0.285214,0
-1.740104,-1.079875,0
-0.974824,-1.378616,0
0.076633,-4.006541,0
-2.411526,0.222397,0
-1.727259,-1.602698,0
-0.408284,1.425467,0
-0.480709,-1.996954,0
-1.235062,-4.605598,0
1.032051,-0.156786,0
0.216934,-0.424518,0
0.481206,-0.930432,0
-1.555871,-0.894267,0
-1.698778,-1.498635,0
-0.437595,-0.014275,0
-0.779542,1.050690,0
-1.112881,1.717477,0
-2.370755,-1.456729,0
-0.716975,-2.644807,0
-0.772743,-1.523323,0
-0.462020,-0.259488,0
-2.191233,-1.898178,0
-2.384166,-0.735916,0
-2.344725,-0.496127,0
1.654479,-3.612251,0
-0.490090,-1.589872,0
0.124182,-3.223490,0
-0.785160,-0.733540,0
-0.226595,-1.627672,0
-2.009844,-1.400852,0
-2.283012,0.371234,0
-0.984181,-1.662701,0
-1.208845,0.720552,0
-0.497083,-3.715474,0
-0.410890,0.117430,0
0.729782,-0.469151,0
-1.984054,-1.427021,0
-2.341171,-1.565825,0
-2.338978,-2.463163,0
-0.175798,0.424356,0
-1.070967,0.413247,0
-2.067468,-1.374791,0
-1.297293,-0.548740,0
-1.871226,-1.076820,0
-0.544585,-1.440233,0
-1.492799,0.838067,0
-2.650411,-0.531699,0
0.043011,-2.036140,0
-1.788427,-2.118131,0
-0.686467,-0.782212,0
-1.447844,-2.032828,0
-0.644335,-0.090289,0
-2.133033,0.045825,0
-1.664377,-1.111269,0
-1.679496,-1.008113,0
-1.486501,-2.096171,0
-0.984864,-0.225549,0
-3.198808,-1.219785,0
-2.537568,-1.285625,0
-1.793169,-0.080849,0
0.012429,-0.737588,0
-0.919776,-1.564016,0
-0.770967,-3.364115,0
-2.449821,-1.622059,0
0.245632,-1.605698,0
-0.016598,-0.718353,0
-1.247010,-0.425463,0
-0.567121,-1.566316,0
-1.091095,-0.509623,0
-1.420891,-0.373416,0
-0.718058,0.876359,0
-0.512839,0.242836,0
-0.496437,-1.189974,0
-0.577956,-0.502688,0
-2.453618,0.239569,0
-0.638900,-1.686131,0
0.354373,-1.458017,0
-1.535675,-1.504497,0
-2.401036,-0.556548,0
0.734985,-0.529771,0
-1.293994,-0.212840,0
-1.216443,-0.769798,0
0.605993,-1.033632,0
-3.382010,-1.077172,0
0.348494,-0.717476,0
-1.330055,-1.397718,0
-0.299353,-2.433838,0
-1.759142,-0.471844,0
-3.094916,-1.817322,0
-0.140430,-0.267215,0
-1.524732,-1.013949,0
-2.140967,-0.331702,0
-1.115927,-0.056905,0
0.043758,-2.385169,0
-1.752280,-0.332150,0
1.000842,0.274467,0
1.478628,-4.445011,0
-0.944071,-1.169522,0
-1.356392,0.241090,0
0.032765,-0.226003,0
-2.070139,-1.603065,0
-1.196980,-0.296783,0
-1.628473,-2.065005,0
-1.748124,1.249243,0
-2.028367,-0.582323,0
-1.556964,0.460656,0
-0.090312,-1.852490,0
-2.574239,-2.432477,0
-2.339727,-1.072863,0
0.249424,-2.338526,0
-1.242276,-0.203122,0
-2.188875,-1.874289,0
-0.592116,-1.010938,0
-1.496833,-0.701060,0
0.815069,-1.425647,0
-1.120051,-1.355341,0
-1.140965,0.219277,0
-1.134533,-1.597392,0
-1.360889,-1.733049,0
0.085568,0.108907,0
-2.164665,-2.555766,0
-1.847627,-1.790936,0
-0.988799,-2.145704,0
-1.589799,-2.788116,0
-0.708953,-1.821620,0
1.885804,-1.753548,0
-1.098773,0.374900,0
-1.359887,-0.587628,0
-1.989479,-0.778419,0
-1.366586,0.491599,0
0.085850,-2.228883,0
0.311074,-2.044407,0
-0.743176,0.703123,0
-1.145387,-0.953416,0
-3.115689,0.134461,0
-0.298843,-0.921092,0
-0.956389,1.501202,0
-1.510343,-1.406132,0
-0.229900,-0.518538,0
-0.088586,-0.586885,0
-1.394608,-2.170454,0
1.251620,-1.563776,0
-2.536584,-1.293331,0
-2.311310,-1.264061,0
-0.996941,-2.584831,0
-2.783194,-0.927998,0
-2.771730,-0.853626,0
0.053903,-1.223478,0
-2.949308,-0.829327,0
0.699874,0.082867,0
1.762321,0.941599,0
-1.435931,-3.579982,0
-1.907162,-0.682040,0
-0.796529,-1.715616,0
-1.128354,-1.023530,0
-0.686610,-0.825142,0
-0.224392,-2.241388,0
-0.783468,1.091406,0
0.658631,-1.113690,0
-4.056364,-2.228353,0
0.012814,-0.179480,0
-0.470641,-3.665083,0
0.585412,-2.696939,0
0.060577,-0.313366,0
-3.144807,-0.646535,0
-1.803075,-2.716618,0
-1.096384,-0.425691,0
-0.600684,-1.700051,0
0.809594,-0.334202,0
-0.819028,-0.063658,0
1.004108,-0.740485,0
0.013789,-0.762643,0
-2.417169,-0.728083,0
0.036694,-0.124091,0
0.573662,1.105516,0
-0.084350,-1.470323,0
-0.637132,-2.193528,0
-0.603026,-2.895232,0
1.192510,-2.298925,0
-3.500778,-2.833603,0
-2.126854,-0.926128,0
-0.226492,-2.495313,0
0.453750,-0.767614,0
-0.048217,-0.998113,0
-0.939175,-1.985799,0
-2.430400,-1.021805,0
-0.435785,-0.064899,0
-1.508820,-2.727097,0
-1.763586,0.571015,0
-0.951565,1.027731,0
-0.468444,-0.484075,0
-1.323331,-1.043613,0
-0.235563,0.434276,0
-1.761445,-1.297763,0
0.152752,-0.093106,0
-2.516597,0.553812,0
-0.101679,0.069696,0
-1.017788,-0.573067,0
-2.073239,0.002998,0
-2.660908,-1.593793,0
-1.560998,0.417585,0
1.291778,-3.177419,0
-2.427895,0.843825,0
-1.547429,-1.143584,0
-1.252828,-0.689265,0
-1.358956,-1.515649,0
-2.829231,-1.430823,0
-0.894613,0.656818,0
-3.265341,-1.500265,0
-2.165515,-0.283283,0
-0.917623,-2.929007,0
-1.244248,0.186437,0
-0.932731,-2.501900,0
0.482699,-0.171881,0
-1.240200,-0.697908,0
-0.594517,-0.754974,0
-1.868187,-1.612729,0
-1.392333,-1.103292,0
-1.675926,-0.797276,0
-0.995301,-2.412247,0
0.535633,-2.025743,0
-3.484156,-2.618674,0
-1.725108,-2.402646,0
-0.993756,-0.351752,0
0.112877,-0.687213,0
-0.518276,-1.384837,0
-1.591206,-1.528899,0
-0.316992,-1.193821,0
-1.169232,-1.675592,0
-0.505010,0.242314,0
0.435009,-2.081492,0
-0.767289,-1.023635,0
-1.130086,-0.632491,0
0.711988,-1.316833,0
-1.035135,-0.412660,0
0.347253,-1.849841,0
0.540447,-0.375593,0
-1.635118,0.840132,0
0.099781,-1.848904,0
-1.623966,0.321530,0
-0.629705,-1.910870,0
-0.538672,-1.165811,0
0.868702,-2.983930,0
-0.841227,-1.884136,0
-0.776381,-0.580947,0
0.337710,-0.887050,0
-2.361260,-0.761961,0
-2.127274,-1.465846,0
-2.720028,-0.172130,0
-0.335690,-0.859277,0
-0.825472,-2.045291,0
-1.227999,-1.048693,0
0.012387,-0.209966,0
-0.809468,-0.363288,0
-0.745733,-1.493989,0
-2.089636,-3.155331,0
-2.027881,-0.613392,0
-1.378569,-1.284413,0
-3.098322,-0.338893,0
-0.224231,-2.224954,0
-0.589335,0.623490,0
-0.893527,0.239820,0
0.575130,-0.157165,0
0.052043,-0.947756,0
-2.170923,-0.820882,0
-3.139884,-1.693542,0
-1.739470,-1.119823,0
-3.066737,-0.241987,0
0.207770,-0.556722,0
-2.039981,-1.941437,0
-0.747363,-0.909983,0
0.913055,-2.073269,0
-0.783489,0.359398,0
-0.320178,-2.292688,0
-2.036780,0.336487,0
-1.609867,-2.202234,0
-0.886269,-0.358023,0
-1.211118,0.739914,0
-0.400115,-0.036986,0
-2.133553,-1.260521,0
-1.343173,-2.292381,0
-0.850234,-1.247915,0
-3.431968,-0.607365,0
-0.982805,-1.077255,0
1.323304,-1.921096,0
-0.786201,-0.355112,0
-1.074691,-2.657330,0
0.374769,-3.121578,0
-0.168108,-1.246657,0
0.392648,-0.625543,0
-2.210433,0.533259,0
-2.446032,-1.357394,0
-2.571915,-0.359944,0
-4.072938,-0.709424,0
-1.914525,-1.635642,0
-0.396494,-2.161152,0
-1.988780,-1.190674,0
-2.526452,0.189096,0
-0.560204,-2.754060,0
-0.841321,-1.600923,0
-4.433531,-0.380616,0
-1.758897,-0.069940,0
1.350755,-3.312782,0
-2.699460,0.913556,0
-0.282442,-1.100071,0
-0.240703,-1.411251,0
-1.256845,0.432607,0
-1.753140,-1.250184,0
-1.050198,-2.914587,0
-1.453256,-1.726817,0
-0.889816,0.544959,0
0.779515,0.215648,0
-2.557021,-0.772059,0
0.723143,-0.651900,0
-0.532160,-3.012193,0
-1.537434,0.512329,0
-0.541502,-4.036549,0
-0.310389,-0.616979,0
-1.408714,-2.466433,0
0.119070,-1.566041,0
-0.538553,-0.509031,0
-1.101218,-0.726052,0
0.511814,-1.808215,0
0.137167,-1.191105,0
-1.256267,-2.166126,0
0.239615,0.629414,0
-1.897917,-2.545295,0
0.201275,-1.987829,0
-0.771261,-2.980303,0
-0.042877,-2.786381,0
-0.216022,-1.111426,0
-1.408905,-0.306823,0
-1.613440,-0.533015,0
-1.385473,-1.190895,0
-0.983859,-1.945376,0
-2.162095,-1.222398,0
-1.012455,-0.046662,0
-1.161347,-1.539543,0
-0.398854,-1.338965,0
-1.363246,-1.127938,0
-1.783875,-0.731094,0
-0.149842,-1.850670,0
-1.231768,-2.111023,0
-0.734844,-1.582252,0
-1.142882,-3.329930,0
-0.967642,-1.237694,0
-1.762790,0.093070,0
-0.515107,0.055043,0
-0.516275,-1.680951,0
-0.969091,-1.239344,0
-1.206506,-0.133286,0
-0.884278,-0.209876,0
-1.848449,1.034735,0
-0.651810,-1.291773,0
-0.698460,-0.859870,0
0.568695,-0.011524,0
-2.088622,-2.138243,0
-1.752695,-2.738607,0
0.290978,-0.535427,0
-0.343524,-0.177129,0
-2.695893,-1.289593,0
0.056863,-2.803531,0
-0.598424,-0.993042,0
-2.741018,0.119207,0
-0.849396,-1.034924,0
-0.661702,-0.511606,0
0.342708,-0.906703,0
0.615998,-0.976380,0
-0.885103,-2.742956,0
0.630329,-2.571555,0
-0.981061,-2.199652,0
-0.265524,-1.273626,0
2.097965,-2.893306,0
-1.438751,-1.853935,0
-0.069370,-1.045087,0
-3.832611,-0.951389,0
-1.395234,-0.751744,0
-1.260006,-0.371334,0
-1.075175,-1.096350,0
-2.013260,-0.493732,0
-1.371989,-1.259774,0
-1.744525,-1.746713,0
-1.438711,-0.547514,0
-1.770089,-0.929029,0
-0.075292,1.438674,0
-1.862430,-1.554576,0
-0.792017,-1.926447,0
-0.253608,-1.696863,0
-1.173936,-1.015617,0
-0.261431,-0.562909,0
-0.467476,-1.741824,0
-0.993322,-2.245427,0
-1.948328,-0.679438,0
-0.792562,-1.972708,0
0.447489,-1.502707,0
-1.855207,-2.255278,0
-1.267302,-0.250818,0
-0.311478,0.021933,0
1.961642,0.059696,0
-2.479809,-0.355844,0
-0.857877,-1.285668,0
-1.987487,-1.665457,0
-0.739059,-1.753741,0
-1.374976,-2.549906,0
-0.318592,-1.558247,0
-1.561744,-1.157221,0
0.555810,1.492500,0
-0.216569,0.828726,0
-1.067052,-0.312166,0
-0.668651,-0.069945,0
0.140838,-1.652371,0
-0.811130,-2.382355,0
-1.100895,-1.878222,0
-3.627777,-1.208497,0
0.385062,-1.094863,0
-0.173495,-0.864767,0
-1.029419,-1.425969,0
-1.316532,-1.862310,0
-0.611521,-0.172230,0
-1.590058,-0.105451,0
-1.012876,-1.621630,0
-2.186313,-0.644945,0
-2.289415,-2.395588,0
-2.149613,-0.864408,0
0.186952,1.397582,0
-0.227268,-1.381248,0
0.420236,0.406373,0
0.436809,-0.841127,0
-1.553102,-2.458286,0
-2.844174,-0.784074,0
-0.671420,-0.113226,0
-0.330402,-0.900806,0
-0.799938,-2.329900,0
-1.814475,-0.603676,0
-2.348719,-0.155902,0
-1.448362,1.697595,0
-1.976967,-0.598228,0
-1.750234,-1.861291,0
0.378298,-0.388000,0
0.900749,-1.379188,0
-2.713755,-0.889478,0
-1.023511,-2.109265,0
-2.514131,-2.998051,0
0.186136,1.268645,0
-0.101122,-0.426291,0
0.246997,-1.833103,0
-0.349514,-2.194933,0
-2.462569,-0.503017,0
0.441394,-0.866558,0
-0.431927,-1.067066,0
-0.727793,-1.987350,0
-1.331567,-2.045897,0
0.041441,-1.943077,0
-1.085090,-0.951266,0
0.086865,-1.999422,0
0.518304,0.111517,0
-1.607871,-1.579194,0
1.254998,-3.547670,0
0.632118,-1.497189,0
-2.402434,0.322568,0
-1.369522,0.223692,0
-1.024668,-2.508465,0
-1.090928,-1.504453,0
-1.551896,0.000244,0
0.258251,-0.606055,0
-2.934388,-0.406064,0
-1.886195,-0.474060,0
-0.887922,-0.879381,0
-1.710202,-3.816212,0
-0.849563,-0.655783,0
-2.839819,-0.524266,0
-1.290017,-0.836509,0
-1.278665,-1.808275,0
-1.774966,-1.133032,0
-1.423541,-0.990083,0
-0.408218,-1.863219,0
-1.730593,-1.377984,0
0.297365,-2.648474,0
-1.091688,-0.526061,0
-0.201930,-0.153801,0
-1.732428,-1.057743,0
0.363897,-1.953914,0
-2.214453,-1.931096,0
-2.099432,-2.189584,0
-1.983316,-2.014344,0
-0.575255,-2.245588,0
-1.738606,-0.300962,0
0.356734,-2.270577,0
-2.513680,-1.941506,0
-1.847411,-1.468775,0
-0.971325,-1.433815,0
-3.515096,-1.176488,0
-0.777309,-0.103896,0
-2.091416,-4.446684,0
-4.107880,0.945611,0
-1.142924,-0.813216,0
-1.892190,-2.106168,0
-0.619610,-1.275033,0
0.280775,-2.521362,0
-1.587038,-3.278813,0
1.856584,-1.583835,0
0.451370,-0.658313,0
-1.892987,-0.918497,0
-0.288447,-1.842605,0
-2.668751,-1.628920,0
-1.625812,-0.652369,0
-1.241438,-2.183917,0
-1.458099,-2.156462,0
-2.140024,-0.754878,0
1.439342,-0.128415,0
-0.517161,-0.944588,0
-0.839714,-0.755679,0
-1.826690,-0.136187,0
-0.635749,0.364008,0
0.271568,-1.898021,0
-2.372860,0.633485,0
-0.196768,-0.280543,0
-1.852802,-2.793295,0
-2.933960,-1.532394,0
-0.850266,-2.401685,0
-1.353034,-1.907000,0
-0.597686,-1.619587,0
-0.080570,-0.708626,0
-1.494591,-0.557476,0
0.026870,0.069621,0
-1.199355,-3.233958,0
0.338646,-1.832562,0
0.070934,-0.347066,0
-0.285227,-1.450663,0
-0.959041,-2.599934,0
-3.442532,-0.405033,0
0.908513,-2.653971,0
-1.455851,-0.000548,0
-0.244057,-1.692237,0
-0.889869,-2.183895,0
0.055315,-0.275223,0
-1.456205,-1.203300,0
-0.335666,0.814731,0
-2.101681,-0.598566,0
-1.261389,-2.210006,0
-2.069975,-2.376133,0
-0.353683,-1.666512,0
-1.283547,1.024350,0
-0.737370,0.849207,0
-2.031709,-1.282068,0
-0.115117,-0.951100,0
1.333355,-1.723229,0
0.857789,-0.221323,0
-1.838382,-2.023575,0
-0.287861,-2.525252,0
0.476017,-1.883858,0
0.482042,-0.536363,0
0.916818,-3.594335,0
0.229558,0.351230,0
-2.573969,-0.363024,0
0.522868,-1.223437,0
-2.586547,-1.695748,0
-2.682686,-0.182739,0
0.798895,-0.926928,0
-0.674850,0.047088,0
-3.432805,-1.485956,0
0.759641,-0.839208,0
-0.539175,-1.240271,0
-2.699431,-1.649050,0
1.496654,-1.356392,0
0.116060,0.565517,0
-2.563904,-1.168729,0
-1.949029,-0.126489,0
-2.181236,-0.840590,0
-3.445657,-1.374109,0
-0.370046,-1.027527,0
-1.176177,-1.006888,0
-1.334365,0.937782,0
-0.824811,-0.932251,0
-0.278986,-0.924575,0
-1.585245,-0.165187,0
-0.890942,-0.338869,0
0.263781,-1.960351,0
-0.776945,0.331073,0
0.179793,-2.185198,0
1.055337,-1.447090,0
-2.546644,0.499985,0
-2.019318,-1.456814,0
0.523207,-0.929824,0
-2.260701,-1.613163,0
-0.379298,1.977627,0
0.536686,-1.511674,0
-2.179266,-0.882361,0
-0.688693,-1.579182,0
-0.422044,-0.169228,0
0.485198,-0.953456,0
0.514550,-0.243098,0
-0.857525,-1.966251,0
-0.881679,-1.167168,0
-0.431173,-0.680286,0
-1.476411,-1.956316,0
0.350443,-2.409276,0
-1.560645,0.431066,0
-1.498483,-0.962137,0
-2.273612,-1.147201,0
-2.696622,0.449018,0
0.294138,1.112680,0
-1.174609,-0.721614,0
-0.769225,-1.837588,0
0.423842,-1.176427,0
-0.037045,-1.892217,0
-1.240754,0.299559,0
-2.841689,-0.743666,0
-2.079884,-0.431213,0
0.116179,-0.646765,0
-1.341024,-2.666002,0
0.097173,0.620018,0
1.015687,-0.816815,0
-1.880534,-1.337725,0
-0.222642,-2.791384,0
-0.523028,-0.229984,0
-0.834335,0.296715,0
-1.062673,-1.045029,0
-0.968603,-1.615046,0
-0.456751,-0.259590,0
0.398862,-0.859538,0
-2.244252,0.122580,0
-0.316475,-1.984403,0
2.131084,-0.103144,0
-0.530686,-0.831375,0
0.211821,-1.662627,0
-1.690008,0.506850,0
-1.620009,-0.846626,0
-0.397420,0.278181,0
-0.393006,-1.960333,0
-1.250556,1.652887,0
0.517501,-1.481983,0
-0.982847,-0.139335,0
-0.537883,-2.012290,0
-0.130543,0.262924,0
-1.003996,-2.348261,0
-0.937361,-0.898490,0
-1.132885,-0.961670,0
-1.008733,-1.414579,0
0.245086,1.158524,0
-0.627786,-0.478820,0
-1.070210,-3.274949,0
-0.857202,-0.648374,0
1.027438,-0.425697,0
-1.469564,-1.506045,0
-1.735092,-1.538698,0
-1.350456,-1.627327,0
-0.829179,2.198977,0
-1.759009,-0.434820,0
-0.081337,-0.074682,0
0.034602,0.262427,0
-3.350251,-2.230011,0
-1.888224,-2.144398,0
-1.710979,-1.282888,0
-0.513776,-0.225616,0
-0.191447,1.867043,0
-2.015754,-0.921234,0
-0.418755,-1.859446,0
-1.531223,-1.185006,0
-1.460633,-0.475437,0
-0.935263,-0.313077,0
-1.674406,-0.431877,0
-0.197782,-1.016030,0
-2.951448,-0.389194,0
-1.234928,1.455251,0
-1.977645,0.792340,0
-1.472335,-1.302089,0
-1.086755,0.574562,0
-0.738094,-1.230418,0
-1.487040,-2.268742,0
-2.136066,-1.810171,0
-0.925056,-1.493361,0
-0.239245,-2.419479,0
-0.011973,-1.944445,0
-1.887781,-0.477085,0
0.506633,-1.280320,0
-0.405913,-1.539397,0
-1.399392,-2.303912,0
0.203102,0.952407,0
0.689107,-0.850144,0
-1.539034,0.019996,0
-1.706907,-0.947736,0
1.056907,-1.974342,0
-1.043293,-1.970361,0
-1.759976,-0.124258,0
-1.112802,-1.583716,0
-0.533534,2.122160,0
0.233255,-0.397476,0
0.080069,-0.099315,0
0.343300,-1.179269,0
-1.820507,-0.733493,0
-0.660246,0.869853,0
0.373469,0.968989,0
-2.110708,0.611790,0
-2.006045,-0.213551,0
-0.381962,-1.453868,0
1.121446,-1.870726,0
-0.103799,-1.837957,0
-1.200251,-1.378945,0
-0.714517,-1.326668,0
-0.225096,-0.790273,0
0.911900,-1.713561,0
-3.234844,0.772101,0
-1.747735,-2.023188,0
-2.202550,-1.082517,0
0.172908,-2.138673,0
-2.412549,-3.035242,0
-0.271834,1.546775,0
-1.101726,-0.333580,0
-0.788671,-2.792167,0
-1.137722,-3.124180,0
0.013966,-0.785364,0
-2.702415,-0.468676,0
-0.303568,1.557133,0
-0.079711,-0.596342,0
-1.541466,-0.788294,0
-2.234388,-0.613686,0
-2.084338,-0.052841,0
1.533903,-2.097773,0
-1.807606,0.273174,0
1.046311,-1.686375,0
-2.834398,-2.076871,0
-1.529212,-0.259013,0
-1.112485,-2.221678,0
-1.682679,1.396952,0
-1.033305,-2.144037,0
-0.888489,-0.475575,0
-0.449813,-1.911960,0
-2.072710,-1.486699,0
-0.159748,1.385972,0
-1.446690,-1.565020,0
-2.634350,-1.663636,0
-1.136040,-1.147894,0
-2.236056,-1.277570,0
-0.539677,-2.359294,0
-0.790766,-0.008493,0
1.098276,-1.188044,0
-2.979296,-1.396807,0
-1.116934,0.238190,0
-1.806671,-0.227074,0
0.048055,-3.260899,0
-1.268381,-0.451774,0
-0.862832,-0.378956,0
-1.091145,-1.096806,0
-2.359176,1.364647,0
0.311584,0.312875,0
-1.615660,-2.595599,0
-0.658518,-1.351849,0
-1.323491,-2.055109,0
-1.324499,0.744975,0
-0.224914,-3.328125,0
-3.259432,-1.196163,0
-0.805084,1.190906,0
-0.804993,-0.268625,0
-2.451663,-1.023103,0
-1.931732,-2.424479,0
-1.212023,-0.810292,0
-1.871926,-0.968184,0
-3.703747,-0.283519,0
-1.072718,-0.877145,0
-1.283969,0.513030,0
0.481884,-0.681595,0
-1.394451,-0.116812,0
-1.545230,-1.033807,0
-1.078675,-0.491980,0
-1.633877,1.068358,0
-1.332831,-2.689065,0
-0.367966,0.054027,0
-0.110041,-1.542135,0
-1.276184,-1.271183,0
-2.540218,-0.652264,0
-3.015933,-1.906935,0
-1.356507,0.183640,0
0.979772,-1.635038,0
-1.975849,1.347931,0
-0.662098,-1.879055,0
-1.172809,-0.197007,0
-1.946221,-0.947593,0
-0.635602,-0.431074,0
-0.873472,-0.390853,0
-0.096971,-1.709535,0
-1.577637,0.380496,0
-2.414120,-1.301834,0
-1.505537,-1.574512,0
-2.233253,2.082839,0
-2.592680,-2.468720,0
-2.016760,-0.821877,0
-0.791851,-0.864793,0
-2.883143,-1.924308,0
-2.420294,1.432185,0
-1.390859,0.426103,0
-0.223427,-2.038192,0
-0.614510,-2.405262,0
-2.373301,1.320820,0
-0.019366,-2.976393,0
-1.135789,-0.628402,0
0.178303,-4.004000,0
-1.338339,-1.794595,0
-0.160520,-0.014655,0
-1.122141,0.042703,0
0.301553,-1.674605,0
-0.905082,-0.951443,0
-1.158672,-1.214441,0
-1.552472,-0.812192,0
-2.013286,0.007446,0
-2.033199,1.032406,0
-0.196735,0.117131,0
0.530569,1.225725,0
-0.971226,-1.046376,0
-0.061226,1.524926,0
-0.267402,-3.566803,0
-1.457997,-1.599550,0
-1.705903,-2.197828,0
-1.712278,-1.199144,0
-0.925960,-1.194290,0
-0.698219,-0.969538,0
0.518684,-2.347902,0
-1.026477,-2.546571,0
-1.806953,-1.988520,0
-0.705570,-0.654786,0
-0.690386,-0.303367,0
-1.634099,-0.109947,0
-0.961874,-0.705504,0
-2.605895,1.040851,0
-1.594144,-1.708325,0
-1.788224,-0.378013,0
-1.604810,-0.573255,0
-1.680770,-2.961721,0
-2.390100,0.470954,0
-2.366189,-1.847112,0
0.835194,-0.076824,0
0.423219,-3.380623,0
0.374633,-2.053301,0
-0.542608,-0.837785,0
-1.932631,-2.821307,0
-1.081680,-1.256662,0
-1.973245,0.565810,0
-2.856409,0.453172,0
0.357918,-1.248275,0
-0.774728,-1.830191,0
-0.930987,-1.384024,0
0.421032,-1.500478,0
-0.748668,-0.655642,0
-0.895924,-1.155826,0
-2.111356,-1.458420,0
1.270603,-0.970992,0
-1.158339,-1.586149,0
-1.331453,-1.400373,0
-2.378856,-0.870890,0
-2.146437,-1.874070,0
-0.727668,1.420499,0
-2.550729,-3.383062,0
-2.015823,-2.989233,0
-0.013814,-2.006688,0
-0.916989,0.120902,0
1.030944,-3.138407,0
0.187688,-2.561119,0
-1.025346,-0.873684,0
-1.352123,0.528592,0
-2.264712,-0.846654,0
-1.765563,-0.682602,0
-1.864531,-2.717598,0
0.233544,1.596084,0
0.055603,0.075670,0
0.179786,-3.024378,0
0.564276,-4.796528,0
-2.025618,-0.886669,0
-1.433513,-1.745730,0
-0.999523,-0.768835,0
-2.251279,-0.935099,0
0.175343,-1.646840,0
-0.301772,-2.094824,0
-1.080840,-1.197662,0
0.980686,-1.513895,0
-2.480584,0.089112,0
-1.550468,-0.249462,0
-0.398059,-1.611906,0
-1.219170,-2.376685,0
-1.585470,-2.800952,0
-0.397856,-1.750928,0
-1.204225,-0.402313,0
-1.841931,-1.615047,0
-0.230405,-0.250774,0
-0.002974,-2.060110,0
0.035220,-0.950862,0
-1.785066,-1.354246,0
-1.980907,-1.298858,0
0.319122,-1.881435,0
-3.802483,1.180408,0
-1.795680,-1.282066,0
-1.988240,-0.805942,0
-2.383256,1.132597,0
-1.224682,-0.670474,0
-0.194645,-1.173208,0
-1.379989,0.537903,0
-1.730221,-0.921015,0
0.556477,-1.569952,0
-2.052716,-2.953384,0
-1.628982,1.114940,0
-0.315696,-0.031942,0
0.069068,0.349951,0
-0.840227,0.592224,0
-2.417113,-2.230470,0
0.505912,-0.169063,0
-1.514598,-1.379010,0
-0.758477,0.285835,0
-2.018959,-1.777845,0
0.268637,-0.405298,0
-0.948380,-0.699697,0
-1.072092,1.136586,0
-0.294981,0.277394,0
-1.477153,-2.189811,0
-1.310151,-1.120071,0
-0.403022,0.299870,0
-0.824577,-0.135785,0
-1.259680,-1.162807,0
0.304634,-0.360763,0
-2.874721,0.556456,0
-0.725598,-1.311903,0
0.080203,-1.785157,0
-0.180092,-1.579729,0
-0.465072,0.954318,0
-1.878334,-0.434654,0
-0.882340,-0.723882,0
0.126714,-0.796903,0
-1.011357,-2.437469,0
-1.163046,-0.288077,0
-1.007833,-2.773344,0
0.099907,-1.212997,0
-2.146618,-0.858426,0
-0.256041,-0.621179,0
0.351739,-1.451841,0
0.364352,-1.310584,0
-0.634247,-0.837791,0
-1.329006,0.504832,0
-0.562944,1.269775,0
-2.583287,-3.573318,0
-1.077259,-1.000352,0
-2.893424,-0.433358,0
-1.846843,1.693996,0
-0.124020,0.227952,0
-0.449706,0.071717,0
-0.052468,-2.696176,0
0.248233,0.920641,0
0.024322,-2.181130,0
-1.063587,-0.177564,0
-0.365689,-2.680401,0
-0.512739,0.130442,0
0.044729,-1.917119,0
-3.723726,-1.797931,0
0.543529,-2.584792,0
0.146079,-2.324193,0
-3.979045,-1.476027,0
-1.694455,-0.051162,0
-0.886306,-2.517866,0
-1.537649,-0.972632,0
-1.086541,-1.309825,0
-2.652381,-0.836314,0
-1.160301,-1.485614,0
-0.983188,-0.028811,0
-2.645148,-0.201855,0
-0.031058,0.717492,0
-0.734499,-1.884220,0
-0.812897,-1.380852,0
-0.359732,-1.981916,0
0.218911,-1.571458,0
-1.621699,-0.763763,0
-0.930775,-0.495183,0
-0.877926,-0.009157,0
0.189656,-1.611916,0
-1.330619,-1.063615,0
-1.422080,-0.723197,0
-0.655597,-1.003471,0
-1.385009,-1.060143,0
-1.454152,-2.250412,0
-0.419210,-1.420494,0
-0.609762,-0.426604,0
-1.641627,-0.305671,0
-1.760240,-1.718772,0
-0.337266,0.807677,0
-0.471595,1.612626,0
-2.096749,-1.854196,0
-4.365561,0.023834,0
-2.364146,-0.690352,0
-1.082567,-1.175530,0
-0.154689,-3.039992,0
0.743048,1.082229,0
-1.501627,-1.283722,0
-1.987509,-1.740093,0
0.722297,-1.972824,0
-0.036110,-2.423614,0
-3.505369,-0.889035,0
1.472690,1.070100,0
-0.707031,0.248870,0
-0.509134,0.117679,0
-2.337831,1.605571,0
-0.554860,-1.244190,0
-1.358104,-2.111399,0
-2.210060,-0.254440,0
-1.988789,-0.982800,0
-1.057716,0.472480,0
-1.507006,-2.983045,0
-3.158850,1.030679,0
-0.189876,-2.147720,0
0.779925,0.334250,0
-0.650927,-0.387853,0
0.808642,-2.440139,0
-1.631882,-0.760941,0
-2.874656,-0.051172,0
-0.206971,-2.510132,0
0.452452,-1.388858,0
1.090593,2.141208,0
-0.415905,-1.940809,0
-1.665521,-1.679330,0
-0.948260,0.292138,0
0.231223,-0.387219,0
-0.531699,-0.493468,0
-2.629778,-0.552463,0
0.391761,-0.986912,0
-0.616547,0.021703,0
0.873101,0.122790,0
-2.186581,0.041328,0
-0.309051,0.436558,0
-0.663582,0.784632,0
-1.648164,-0.529840,0
-0.324792,-0.346064,0
-0.938252,-0.824551,0
0.887475,0.026067,0
-0.151427,-2.217235,0
-0.899577,-2.614706,0
-1.404275,-1.367304,0
-1.058359,-1.828135,0
-1.136697,-0.495579,0
1.008913,-2.123605,0
-2.958368,-2.338476,0
-2.489495,-1.510493,0
-1.970438,-1.921595,0
-2.421191,-1.816834,0
-1.838091,-1.682225,0
-0.591893,-2.628298,0
-2.952994,-1.866770,0
-1.130714,-1.388320,0
-2.450333,-2.864698,0
-1.910825,0.010146,0
-2.752251,0.990714,0
-0.651684,-0.494236,0
-0.786411,-0.680076,0
-1.571707,-2.737371,0
-1.003340,0.335021,0
-0.094826,-0.036793,0
-2.412036,-1.034468,0
-0.895904,-1.995217,0
-1.769853,-1.564159,0
-1.599388,-0.265426,0
-1.643161,1.543212,0
-0.255539,-0.869284,0
-1.584989,-4.510058,0
-0.027329,-2.426684,0
-1.687754,-0.697955,0
-1.962343,-2.666927,0
-0.886824,-2.413020,0
-2.216150,-0.547845,0
-0.781809,-1.563450,0
-2.613578,-0.839602,0
-1.249159,-1.236000,0
-0.357451,-2.724306,0
-0.725513,-1.638311,0
-1.890690,0.137533,0
-1.201898,0.839171,0
-0.315292,-0.760755,0
-1.316698,-2.832006,0
-0.916479,-1.109130,0
-0.620867,-2.237299,0
0.470804,-1.094035,0
-0.912694,-2.539610,0
-2.559669,-1.235500,0
-0.649804,-0.377375,0
-1.411058,-1.320904,0
-1.534349,-0.617456,0
-2.126255,-0.487409,0
0.564688,0.280756,0
-0.766186,-2.038270,0
-1.354117,-0.468405,0
-2.096479,-1.277477,0
0.544652,-2.605385,0
-1.297105,-0.290644,0
-0.814488,-2.251883,0
-1.786133,1.439937,0
-0.494032,-2.803460,0
0.443581,-0.828849,0
-0.381235,-1.096505,0
-2.872361,-0.915170,0
-0.095965,-0.106992,0
-0.253511,-1.364154,0
-0.454464,-1.088301,0
-0.634804,1.664731,0
-3.340394,-1.012259,0
-1.455446,-1.283596,0
-1.571982,-0.525592,0
-1.250873,-0.852860,0
-1.253145,-1.871066,0
0.310580,-1.350287,0
-3.578438,-0.310144,0
-1.486102,-2.182968,0
-1.181553,-0.842792,0
-3.023709,-0.525322,0
-2.907661,0.031659,0
-1.837602,-3.087521,0
-3.756698,-1.149836,0
-0.927086,-1.745986,0
-0.117221,-0.364850,0
-1.399431,-1.367598,0
-0.979746,-1.115087,0
1.950012,-0.062976,0
0.620479,-1.394811,0
-1.611966,-1.764545,0
-2.273568,1.418101,0
-1.990609,-0.862232,0
-1.335442,-0.847995,0
-2.042606,-0.859777,0
-2.332965,-0.976620,0
-1.389813,0.360987,0
-1.857371,-1.635394,0
-0.947877,-2.195117,0
-1.259798,0.215378,0
-2.647543,-3.364953,0
0.799892,0.916211,0
1.343991,-1.330892,0
-0.405090,-1.543370,0
-0.332699,-1.266388,0
-0.018547,0.058257,0
-1.458444,-1.672378,0
-2.284199,-0.225869,0
-0.399765,-2.606888,0
-1.755565,1.682714,0
-1.496559,-1.109665,0
-0.680226,1.898458,0
1.820376,-1.969934,0
-1.659594,-1.391276,0
-0.814707,-2.083181,0
-0.085932,-0.475106,0
-3.666431,-1.752718,0
-1.119584,1.007034,0
-2.308329,-0.222276,0
-1.365212,-0.246637,0
-0.636229,-1.262385,0
0.454624,-1.637685,0
-0.632906,-1.698279,0
-1.001730,-1.410552,0
0.472398,-1.299121,0
-1.008820,0.966315,0
-1.839895,-2.303666,0
-0.118169,-1.960980,0
-0.926026,-0.884913,0
-1.373110,0.715039,0
0.620636,1.439500,0
0.166154,-1.143634,0
-0.631186,-0.058949,0
1.744248,-2.343390,0
-1.035591,0.640248,0
1.780748,-2.125614,0
-0.291826,-0.720851,0
-0.014330,1.061272,0
0.094952,-2.165262,0
0.014767,0.873528,0
-0.603065,-0.664043,0
-0.570161,-1.183049,0
-0.488278,-1.546574,0
1.283977,-2.043216,0
-2.608274,-0.553712,0
-1.959887,0.507942,0
-0.819684,-0.489610,0
-1.492805,-1.533606,0
-0.229490,-1.528113,0
0.296674,-0.605137,0
-2.094968,0.294516,0
-1.590371,-2.467016,0
0.420329,-2.909666,0
-1.722301,-1.462246,0
-0.749439,-1.371396,0
-3.216166,-2.147796,0
0.068011,-0.709229,0
-1.289711,-1.269788,0
-2.193283,-2.281573,0
-0.673725,-0.522134,0
-1.542392,-3.671047,0
-1.239754,-0.723188,0
-1.988719,-3.648551,0
-2.890659,-2.681903,0
-1.744422,-2.823260,0
0.306794,-1.306225,0
-0.018028,-1.419521,0
-1.701768,0.571608,0
-1.421277,-1.527496,0
-2.447364,-1.303284,0
-1.057479,-1.709531,0
-1.160122,-0.780042,0
-0.545208,-0.308696,0
-3.651098,-0.887820,0
-2.448550,-1.647567,0
0.126938,-1.133385,0
-2.919131,-0.687614,0
0.522973,-1.450572,0
-2.074595,1.288422,0
-2.710948,-1.789890,0
-2.187944,-0.480312,0
-2.002083,1.249635,0
0.633071,-1.077498,0
0.321754,-0.288739,0
-1.833165,0.395824,0
-1.346651,-0.333345,0
-3.816994,-0.881749,0
0.391708,-1.623834,0
0.609433,-1.110144,0
-1.136617,-0.032444,0
-1.692845,-0.653361,0
-0.473001,-2.802323,0
-1.079042,-2.727583,0
-2.725921,-0.143957,0
-0.697926,-1.334538,0
0.801545,0.895446,0
0.147168,-0.181948,0
-1.340917,-0.198707,0
-1.359063,-0.189996,0
-0.904707,-1.103882,0
-2.271078,-0.986117,0
-1.063554,-1.615356,0
-2.230056,-2.013254,0
-3.182497,-1.308916,0
-0.431094,-1.131433,0
0.480964,0.050331,0
-1.654466,-1.767271,0
-0.405716,-0.927450,0
-0.683851,-1.993669,0
-1.007951,-1.315600,0
-4.137754,-1.562975,0
-1.303947,-1.430020,0
-1.361284,-2.519094,0
0.415953,-1.253031,0
-2.559550,-0.158649,0
-0.147950,-1.393817,0
-0.778036,-1.971655,0
-0.912634,1.450426,0
-0.126298,0.270641,0
-1.633078,-0.372692,0
0.405655,-2.451146,0
-0.183471,0.075765,0
0.884667,-1.127541,0
-1.585339,0.493371,0
-1.496075,1.036619,0
-0.964445,-0.619438,0
-0.930504,-2.000474,0
-2.781569,2.035921,0
1.057370,-2.982458,0
-0.861744,-1.677066,0
-2.523863,-1.992699,0
-1.332609,1.013708,0
-2.623164,0.484219,0
-0.360853,-0.910893,0
0.337746,-0.961583,0
0.115012,-0.722655,0
-1.357319,-1.242191,0
-1.431344,-1.685423,0
-1.704470,-2.244019,0
-1.844337,2.300744,0
-1.954765,-1.053230,0
-0.827337,1.092354,0
-2.964415,-2.362432,0
-1.723504,-3.217223,0
-1.207102,-0.250075,0
-0.929854,-1.520532,0
0.293020,0.051360,0
-0.563906,-0.417086,0
-2.130928,-0.527407,0
0.233131,-3.911799,0
-2.111423,-1.000992,0
-1.225862,-1.292759,0
-0.448862,-0.755992,0
-0.812714,-0.576576,0
-1.080715,-0.238385,0
0.087788,-0.051021,0
-0.571486,-0.978152,0
0.024561,-0.631685,0
-0.457095,-2.843191,0
-0.994541,0.412073,0
-0.747582,-2.125916,0
-1.231773,-0.531641,0
0.158456,-0.430704,0
-0.829161,0.018687,0
-0.339748,-1.869016,0
-1.727076,0.530877,0
-2.712976,0.904279,0
0.385664,-0.431854,0
-1.322731,-1.747231,0
-1.829481,-0.959509,0
-2.013957,0.144504,0
-2.431415,-1.998670,0
0.083214,-0.913006,0
-2.607482,-1.522948,0
-2.024903,-0.509273,0
-1.357344,-0.495208,0
0.173732,0.314218,0
-0.703473,-3.096047,0
-1.624419,0.905335,0
-1.841060,-0.705338,0
0.381326,-0.997793,0
-1.211804,-2.259320,0
-0.867238,-0.063660,0
-1.378022,-3.132867,0
-1.268195,-0.106604,0
-1.954495,-1.862457,0
0.368467,-0.741477,0
-1.811918,-0.588794,0
-1.763052,-3.349565,0
-1.657275,-2.230585,0
0.147421,-2.772987,0
0.215043,-1.323017,0
-1.552866,1.532386,0
-1.508500,-0.136961,0
-0.491103,-1.033335,0
0.653345,-0.948166,0
-0.561671,-2.923328,0
-1.466960,-0.541916,0
-1.036201,-1.665354,0
-1.737642,-1.286853,0
-0.670712,-0.772567,0
0.536278,-1.088639,0
-0.562204,-3.490847,0
-0.382677,-1.837019,0
-1.070590,-0.702597,0
0.238296,-1.453052,0
-2.361810,-1.977298,0
0.441605,-1.044682,0
-0.709538,-0.980872,0
-1.754647,-1.035638,0
1.371847,0.248031,0
-1.133817,-1.305295,0
-1.779079,-0.893093,0
-1.716332,-1.670460,0
-0.607234,-1.749738,0
0.023421,-2.177613,0
-0.924860,-3.513087,0
-1.261893,-2.028375,0
-1.074801,-0.710459,0
-0.367193,-0.947508,0
-1.428878,1.339984,0
0.755836,-0.502808,0
-0.281942,-0.567858,0
-2.007856,-3.300411,0
-0.093607,-1.491633,0
-0.328366,-0.909112,0
-0.396103,-0.878024,0
0.420038,-2.517530,0
-0.555885,-1.345270,0
-2.063133,-0.175687,0
-2.466443,-3.674257,0
-1.960331,0.305939,0
-1.596769,-1.385194,0
-0.539276,-0.081750,0
-2.379235,-2.047222,0
-2.037963,1.069797,0
1.596447,-1.558256,0
-0.211067,-2.360470,0
-3.952308,-0.253382,0
-0.995409,-1.163101,0
-1.971870,0.853151,0
-0.074154,-3.828116,0
-1.068419,2.117337,0
0.600425,-1.852142,0
1.063713,-1.909896,0
-0.779743,0.253754,0
0.061829,-2.043070,0
-1.602511,0.863635,0
-1.534784,-0.656740,0
-0.837422,-1.659150,0
-1.526631,-0.257892,0
0.050628,-1.982917,0
-2.128559,0.207219,0
-2.396476,-3.151276,0
-1.015597,-0.687310,0
-1.530302,-1.007651,0
-1.152695,-0.232267,0
-1.719913,-2.480790,0
-0.716952,-0.044625,0
-0.682625,-1.399049,0
-0.984136,-1.797021,0
-2.426373,-0.537073,0
1.046412,-0.582636,0
-0.680054,-0.686494,0
-1.922161,-0.460004,0
-2.697772,-0.459623,0
-1.432405,-2.817668,0
-0.950519,-0.568784,0
-0.873683,2.177451,0
-1.877936,1.162279,0
0.824255,-2.274474,0
-2.552050,-0.790202,0
-1.650826,-0.104836,0
-1.233234,-0.024047,0
-1.285442,-1.910445,0
-0.785899,-2.072107,0
-0.557865,-0.887973,0
-2.618350,-3.565823,0
-2.903698,-1.201272,0
-0.706640,-1.097475,0
-0.925334,-0.650675,0
-1.355313,-1.117988,0
-3.898192,-1.538872,0
-1.037129,-0.826444,0
-2.546727,-0.808304,0
-2.530908,-3.088252,0
-2.881756,0.859297,0
-0.606093,0.363658,0
-0.559485,-4.349037,0
-2.719107,-1.179137,0
1.009702,-2.264187,0
-0.684598,-1.928489,0
-1.862469,-2.214138,0
-1.175500,-1.755418,0
-0.771900,-0.261997,0
-2.383311,-2.244630,0
-2.243304,0.698985,0
-1.095429,-1.028205,0
-0.659256,0.503910,0
-3.042624,-1.766239,0
-0.434912,-0.233622,0
-3.277346,-1.758059,0
-3.311831,-0.083387,0
-1.916163,-0.919522,0
-2.739129,0.757589,0
-0.526097,-1.316350,0
-1.066524,-0.456102,0
0.008337,-2.169860,0
-0.595118,-1.682604,0
-0.029481,0.537002,0
-1.084655,-2.220773,0
0.511238,-0.031247,0
-2.100386,-1.467635,0
-0.311843,-2.373325,0
-1.490255,-1.966068,0
-2.021736,-0.434859,0
-1.555243,-0.227102,0
-2.155387,-0.368101,0
-0.193376,-0.977236,0
-0.662187,-0.547093,0
-1.846880,-1.095791,0
-1.382552,-2.056651,0
1.870475,-1.882689,0
-1.340125,-0.528718,0
-1.407890,-1.110844,0
-1.392940,-0.520678,0
-1.768279,-1.918122,0
-1.575835,-2.466203,0
-0.634346,-2.273441,0
-0.921270,-1.543082,0
-1.432090,-3.151466,0
-0.449100,-0.743964,0
-0.319227,-0.880960,0
-1.548008,-1.567958,0
0.169397,-1.503789,0
-1.239427,-0.152065,0
-2.516308,0.277002,0
-0.009675,-0.204583,0
-2.080667,-0.307096,0
-2.896091,-1.309485,0
-0.627854,-0.008272,0
-1.412463,-1.067281,0
-1.375152,-0.332110,0
-1.414971,-2.433754,0
-0.952242,-1.421961,0
-0.171476,0.089033,0
-0.681969,-2.094982,0
-0.322163,-1.659490,0
-0.465254,-2.484149,0
-0.057036,-0.770703,0
-0.749244,-1.184163,0
-0.943087,0.224649,0
-1.494422,0.053070,0
-0.771114,-2.415035,0
-0.181694,-0.476501,0
-2.375065,-3.273269,0
-2.096191,-0.498417,0
-1.706548,1.116317,0
0.526510,-2.906598,0
-1.718914,-1.276273,0
0.199640,0.102839,0
0.565889,-2.255093,0
-2.581263,-0.807057,0
-1.839396,-2.729006,0
-1.817444,-2.227481,0
0.966315,-1.322208,0
0.656395,-0.237893,0
-0.909558,0.622421,0
-0.492492,-1.062048,0
-0.942973,0.226914,0
-1.438104,-2.766739,0
-0.037784,-1.690886,0
-1.000875,-0.498865,0
2.251927,-1.334998,0
-1.509551,0.900478,0
-0.061722,-1.815693,0
0.450511,-2.748101,0
-1.945990,-1.852911,0
0.034298,0.365830,0
-2.392112,0.250373,0
0.670127,-1.697682,0
-1.426721,-1.825457,0
-1.163820,-2.866417,0
-0.529501,0.200486,0
-0.271581,-0.341463,0
1.562466,-0.546031,0
0.535878,0.019621,0
0.588658,0.394015,0
-0.347258,-0.588273,0
-2.063248,-2.518552,0
-0.504715,-0.127078,0
-2.673324,0.281003,0
0.110065,-1.602204,0
-0.406345,-0.816916,0
-3.058880,-1.262332,0
-4.635105,-2.958325,0
-0.505463,-1.092034,0
-2.108158,-0.405894,0
-0.760907,0.728755,0
-0.621686,0.122831,0
-2.483596,-1.201146,0
0.149394,-1.075511,0
0.095591,-0.563401,0
-4.054339,-1.746023,0
-1.312608,-0.092990,0
-1.003925,-1.351415,0
-0.318129,1.336907,0
-0.631991,-0.488264,0
-2.193561,0.616604,0
0.041999,-0.545476,0
-2.951019,-0.668931,0
-0.171683,-0.527029,0
0.154103,0.583159,0
0.945801,-1.428828,0
-1.843065,-1.024428,0
-3.131878,-0.563522,0
1.471542,-2.720995,0
-0.625890,-0.469137,0
-0.817350,-2.670078,0
-1.563166,-0.460060,0
-0.687453,-1.087894,0
-0.942504,-2.138966,0
-0.856752,-1.935121,0
-1.573920,-1.768441,0
0.138857,-0.031118,0
-1.440872,-0.666027,0
-0.814269,-2.581159,0
-2.359527,-0.754222,0
-0.697325,0.023278,0
-1.542513,-1.461340,0
-0.111651,-0.051263,0
-1.508043,-0.524675,0
0.474775,-2.099112,0
-1.127461,-1.915755,0
-1.167186,0.099962,0
-0.520571,-1.796131,0
-2.410568,-0.404357,0
-1.444489,-2.417782,0
0.064303,-0.180075,0
-0.687408,-0.264543,0
-0.815354,-0.695290,0
-1.876545,-1.171154,0
0.481389,-1.084363,0
-0.504944,-0.573732,0
-2.499338,-2.189690,0
-1.529307,-1.835090,0
-1.797095,0.162597,0
-0.973910,-2.549371,0
-0.421163,-0.516846,0
-1.988672,-0.487285,0
-0.439605,-0.317761,0
-1.239460,0.130868,0
-1.169777,-0.992368,0
0.260097,-0.251927,0
-0.347117,-0.504069,0
-1.354667,-0.565334,0
-1.373626,-0.831371,0
-0.388145,0.295774,0
-0.688356,0.089886,0
0.409341,-0.231416,0
-1.843258,0.553406,0
-1.429067,-1.111195,0
-1.426357,-1.784716,0
-0.103542,-2.242006,0
-2.051449,-0.053754,0
1.278528,-1.502566,0
0.572718,1.057909,0
-1.515643,-3.137604,0
0.138284,-0.142617,0
-1.521239,-1.420347,0
-2.658577,-1.139855,0
-0.143048,-1.897330,0
1.156466,-2.385304,0
0.584124,-0.762935,0
-0.650072,-1.477844,0
-1.633582,-0.854439,0
-1.450308,0.258124,0
-0.891104,-1.619952,0
-0.523964,-1.230514,0
-3.072989,-0.428794,0
-0.349163,0.147032,0
-0.276340,0.714110,0
-1.069845,-2.981494,0
0.322724,-2.456468,0
-2.570412,-1.020256,0
-0.839333,-1.360099,0
-2.458124,-1.166805,0
-1.655894,-1.197168,0
-0.664346,-2.146597,0
0.535013,-0.544342,0
-1.405590,-0.509376,0
1.541936,-1.245747,0
-1.559532,-1.208648,0
-2.872937,-0.073313,0
-1.842385,-2.715960,0
0.569977,-1.234168,0
0.122361,0.418286,0
-0.179301,-2.390142,0
-1.128209,-0.561107,0
-0.620742,-4.303613,0
-3.772667,-0.413782,0
-0.808929,0.960120,0
-1.072298,-1.596097,0
-2.259030,-0.620555,0
-1.474156,-1.134635,0
-2.261024,0.118196,0
0.487053,0.001641,0
-0.870371,-3.731108,0
-1.824829,-0.393078,0
-1.041018,-1.188589,0
-0.574965,-0.396195,0
-0.644671,-1.183232,0
-2.653645,-0.419612,0
-2.829758,-0.908023,0
-1.385034,-0.741510,0
0.543910,-0.761572,0
1.318398,-3.464086,0
-0.295703,0.195163,0
-3.456504,0.428165,0
0.560679,-0.658958,0
-1.663440,-1.700772,0
-0.377311,-0.102717,0
-1.847866,-1.743678,0
0.740317,0.242663,0
-1.924008,0.326122,0
-0.972094,-1.796787,0
0.236632,-1.983329,0
0.531226,-1.333627,0
-1.663585,-0.784158,0
-1.944768,0.133783,0
-0.092515,-1.997565,0
1.137907,-2.030301,0
0.700256,-2.170584,0
-2.091563,-0.396917,0
-2.300202,-1.025907,0
-1.453639,-0.547393,0
0.981029,-2.548056,0
-2.129890,-0.034889,0
-1.595122,-0.205352,0
-1.527129,-0.319399,0
-1.598861,1.673386,0
-1.348681,-2.854912,0
-1.669855,-1.356606,0
-1.247355,-1.457853,0
-0.120175,-1.179263,0
-0.350074,-0.532810,0
-0.493733,1.273513,0
-1.054133,-3.134915,0
-0.248980,1.146838,0
-1.936484,-0.601926,0
-1.077226,-2.795535,0
-1.391135,-2.286302,0
0.431515,-2.707432,0
-1.117227,0.170601,0
0.341149,-2.114779,0
-0.905811,0.491939,0
-3.316959,-0.734999,0
-1.827268,-1.292891,0
-2.131843,-0.840490,0
-0.058286,1.008211,0
-3.058216,0.144219,0
-0.008567,-0.817391,0
-0.017009,0.012130,0
-0.929878,-1.755655,0
-1.263230,-3.206835,0
-1.190262,-1.233557,0
-0.068793,0.098310,0
-0.732371,-1.528101,0
-0.675838,-0.300837,0
-2.029557,-1.555314,0
-2.678367,-2.027626,0
-0.548191,-0.071944,0
-2.877597,0.751297,0
0.792237,-2.427034,0
-0.379325,-0.473590,0
-2.593128,-1.217577,0
-1.156608,-2.528999,0
-2.403547,-0.032390,0
-0.029004,-2.145258,0
-2.922965,-2.098274,0
-1.239672,-0.368080,0
2.433276,1.032899,0
-0.991689,0.096656,0
-1.575434,-2.102698,0
-0.631410,-2.386465,0
-0.235026,-1.863562,0
-0.205369,-1.301950,0
-0.193283,0.442724,0
-2.001651,0.782117,0
-2.390617,-0.278134,0
-0.791382,-2.057168,0
-0.350524,0.126761,0
-0.407821,-0.280834,0
-2.099227,-0.838159,0
0.257432,0.230839,0
-1.018495,-1.166601,0
0.459784,-0.368404,0
-0.754599,-0.916013,0
-1.885256,-3.163084,0
0.463861,-1.645098,0
0.265284,-1.580805,0
-0.485850,-1.201037,0
-0.633922,-2.283856,0
-0.115348,-2.237823,0
0.208096,-2.387925,0
-2.595999,-1.186092,0
-1.194729,-2.459059,0
-1.088598,-1.578867,0
-0.591423,0.329472,0
-1.690541,-2.494493,0
-1.141212,0.455172,0
0.704039,-0.304066,0
-0.288163,0.102160,0
-1.160301,-1.313123,0
-1.572971,-2.575970,0
-1.573366,-1.025508,0
-2.214786,-0.228428,0
-0.761580,-0.001353,0
-2.457943,-1.138273,0
1.019075,-1.494274,0
-0.828017,-1.730856,0
-1.518591,-0.839177,0
-0.494665,0.476486,0
0.882409,-1.591357,0
-1.643728,-2.504580,0
-1.671879,-1.315395,0
-1.113543,-1.971410,0
-2.300670,-0.980204,0
-0.730809,-0.206517,0
-0.259024,-1.525305,0
-1.268945,0.366158,0
-1.917657,-2.115050,0
-2.482795,-1.808939,0
-0.619876,-0.094439,0
-0.425969,-0.925743,0
-1.863448,-2.594429,0
-0.148406,-2.163939,0
-0.316636,0.466894,0
-2.457057,-0.156008,0
-1.997273,1.401527,0
-3.396882,-0.485817,0
-2.860288,-0.721329,0
-1.483129,-1.222321,0
-0.247118,-0.295208,0
-0.665183,-1.072433,0
-1.214464,-2.933614,0
-2.045577,-1.098313,0
0.134671,-2.202241,0
-0.183884,-2.602327,0
-1.064911,-1.960721,0
-2.307067,-1.619600,0
-0.243022,-1.915685,0
0.695005,-2.074819,0
-2.269050,-2.214148,0
-1.269574,-1.153209,0
-1.265745,-2.077998,0
-0.488794,0.000139,0
0.104931,-0.047874,0
-1.623697,-0.000061,0
-1.238004,1.663564,0
-0.375188,0.745655,0
-0.391960,-2.741805,0
0.284203,-1.197722,0
-0.141559,-2.223129,0
-1.658942,-1.266921,0
-1.028874,-0.341498,0
-1.995407,-1.914765,0
-0.981245,0.296618,0
0.807294,-3.601396,0
-0.851425,-1.051643,0
0.607293,-0.528880,0
-2.463353,-1.527042,0
-0.080287,-1.317168,0
-0.753131,-0.691382,0
0.700224,-1.594949,0
0.056379,-1.554709,0
-0.943217,0.130985,0
0.220316,-2.034210,0
-3.218022,-1.295452,0
-2.116089,0.145090,0
-1.029906,-0.473907,0
-1.803831,-0.304416,0
-4.095485,-0.473189,0
-1.642442,-1.445091,0
-1.046930,-1.338392,0
-0.187898,-0.025141,0
-1.601927,-3.107193,0
0.522444,-1.107003,0
-1.636479,-1.095305,0
-0.549705,-2.928775,0
0.507434,0.163871,0
-2.076732,-3.034228,0
-1.514574,-0.205850,0
0.121580,1.777141,0
-1.998816,-1.948531,0
-0.776305,-0.882294,0
0.104199,-2.183083,0
-0.991066,-1.430366,0
-1.322373,-2.853972,0
0.277367,-0.598552,0
-0.141986,-2.050267,0
-1.394431,-2.279274,0
-1.560187,-3.201539,0
-1.254153,-2.314858,0
-1.945479,-0.893325,0
-1.995570,-0.415041,0
-0.803460,-1.075991,0
-0.883179,-0.605773,0
0.570068,-0.738981,0
-2.830074,-1.195758,0
-2.333233,-2.279201,0
-2.324798,-0.952070,0
-1.431141,-1.428751,0
0.407658,-1.582769,0
-2.147174,-2.269233,0
1.110632,-0.564011,0
-1.079208,-2.007566,0
0.431591,-2.448695,0
0.071168,-2.971055,0
0.130979,-2.351708,0
-0.727341,0.227781,0
1.011523,-1.756861,0
-0.443177,-1.823865,0
1.428028,-0.989806,0
-3.822908,0.142956,0
-0.706878,0.248252,0
-0.029275,-0.913089,0
-1.714249,-1.563872,0
-1.530776,-2.041353,0
-1.018804,-1.296964,0
-0.971150,-1.335017,0
-0.977909,-0.558563,0
-3.082039,0.410245,0
-2.077833,-1.123953,0
0.730977,-1.643294,0
-0.180494,-1.521894,0
-0.899348,-1.650742,0
1.089076,0.636978,0
-2.349779,-0.482037,0
-0.311932,-1.267210,0
0.062133,-2.260862,0
-0.573369,-0.977177,0
0.964673,-1.622997,0
-0.293674,-0.257915,0
-0.721069,-2.146645,0
-2.153879,0.788098,0
-1.649643,-3.726456,0
0.109314,0.722898,0
-0.799341,-0.758885,0
-2.199126,-0.754634,0
0.542916,-1.075013,0
-0.743210,-2.206567,0
-1.826063,-0.767092,0
-1.148578,-2.367413,0
-0.989509,0.342800,0
-1.465509,-1.768187,0
-2.872896,-0.966565,0
-0.312614,-1.004956,0
-0.482294,-0.095384,0
-0.947417,-2.015344,0
-2.961662,-0.632053,0
-0.851240,-1.933070,0
0.765327,0.318986,0
-0.416603,0.070402,0
-1.848840,-0.874990,0
-0.263906,-0.785795,0
-1.428881,-0.324377,0
-2.379191,-2.267331,0
-2.477862,1.160891,0
-1.390387,-2.041883,0
0.555906,-0.627383,0
-1.320472,-1.153311,0
0.385531,-2.097506,0
-1.416203,-0.765985,0
-1.688173,-0.178050,0
-2.972850,-0.924175,0
0.923026,-1.469207,0
-0.975562,-0.489759,0
-2.472454,-2.185262,0
-1.399772,-0.911930,0
-0.945640,-1.070435,0
-0.609173,-1.841476,0
0.067879,-0.517096,0
0.072727,1.342885,0
-0.397376,-0.173060,0
-1.457672,0.297976,0
-0.415329,-2.437526,0
-1.153689,-0.362494,0
0.145354,-0.570717,0
-0.880534,-0.277913,0
-0.888811,-0.561433,0
-1.080714,-1.287894,0
-0.927100,-1.240043,0
-0.605283,0.067792,0
1.144532,-0.774218,0
-1.545880,-1.567696,0
-0.741503,-0.452492,0
-1.177517,-2.128910,0
0.326512,-0.270402,0
-1.178149,-2.988868,0
-0.070787,0.407550,0
-0.298397,-1.790835,0
-1.252152,-0.535397,0
-1.196200,-2.060343,0
-0.818870,-2.028921,0
-0.542588,-2.027663,0
0.539267,1.712645,0
0.661521,-1.134310,0
-2.970380,-2.367196,0
-1.916264,0.273661,0
-2.608465,0.691408,0
-3.519289,-1.106741,0
-3.509122,-1.807371,0
-1.565857,0.630504,0
-1.240807,-2.663995,0
-1.033377,-0.028713,0
