0.811487,0.155389,1
2.163241,1.476901,1
0.344180,1.246167,1
0.859503,0.885273,1
1.368837,1.511757,1
-2.399701,2.682248,1
2.915625,-1.721070,1
0.373207,1.404482,1
-0.215117,1.551051,1
0.662975,4.506868,1
-1.380777,-1.175057,1
0.909601,1.154319,1
2.355649,1.390863,1
3.474147,1.221899,1
-0.473093,1.952036,1
-0.627705,0.293727,1
-0.175813,2.720819,1
1.074165,0.099324,1
0.025606,0.995476,1
2.275509,0.973128,1
1.190947,1.430265,1
1.518822,2.191467,1
0.513511,1.404682,1
1.786808,0.389453,1
-0.065735,0.545282,1
0.617062,-1.275210,1
0.874230,1.404640,1
-1.002021,3.633134,1
0.223437,-0.959658,1
2.170033,0.846476,1
0.745704,1.436165,1
0.737640,0.399419,1
0.657266,-0.226772,1
1.253083,0.120095,1
1.192837,0.795580,1
0.165694,1.670760,1
0.988378,1.761765,1
1.594609,0.760870,1
-0.123312,2.641186,1
1.376761,2.891809,1
2.699492,0.482956,1
0.393801,1.635785,1
1.549715,0.532257,1
0.862654,0.509245,1
1.601931,1.836922,1
1.046123,1.190338,1
1.919295,0.374197,1
2.026063,1.153164,1
3.375977,1.185449,1
0.737397,1.534769,1
0.020761,1.666344,1
-0.604998,1.289897,1
0.744909,1.321287,1
0.708242,0.190124,1
0.766862,0.006602,1
-0.686053,2.156735,1
2.848692,1.146117,1
1.217969,1.791117,1
-0.219951,0.721906,1
-0.867729,0.166182,1
1.734747,2.131707,1
-1.324118,2.793623,1
0.143195,0.050286,1
0.252471,2.100047,1
1.938187,0.991333,1
0.907493,2.029010,1
1.786943,1.006895,1
-1.069306,-0.081660,1
0.538532,1.440685,1
-0.481818,1.880786,1
2.656273,1.589739,1
-1.882244,1.987896,1
2.699913,0.738132,1
0.218108,0.623935,1
0.551970,1.180427,1
0.377407,-0.473187,1
2.585090,0.816576,1
0.045511,-0.368321,1
0.469214,-1.117673,1
1.217887,1.496623,1
2.800070,-1.916614,1
2.455079,2.039100,1
0.715319,0.003838,1
-0.320401,1.000398,1
2.617162,0.994320,1
0.723443,-0.361774,1
0.552158,-0.333632,1
0.772998,1.032204,1
2.583043,-0.406800,1
1.566126,-1.271812,1
0.695718,0.710119,1
0.847161,1.261298,1
0.106488,0.134015,1
1.429354,-0.033233,1
2.315227,0.721942,1
2.185159,0.751652,1
0.294578,-0.019828,1
2.455553,1.246125,1
1.962735,2.181989,1
1.980321,-0.415079,1
1.977104,0.301629,1
0.854440,2.838925,1
1.167958,2.679488,1
1.113961,0.279440,1
0.021567,-1.303953,1
0.028967,1.742262,1
-0.111041,0.308630,1
1.154454,-0.265670,1
-0.528175,1.315340,1
1.833984,2.274158,1
0.996884,1.912596,1
1.653999,3.146665,1
1.300112,0.760616,1
0.470979,0.123060,1
2.055553,1.311921,1
2.448131,0.903393,1
-0.625203,1.691105,1
-0.755729,0.731239,1
1.579158,1.284365,1
0.192244,0.133560,1
-0.370801,1.945624,1
0.447969,1.550008,1
-0.466633,-0.168462,1
1.905039,2.410934,1
0.777329,1.212669,1
0.434925,0.654384,1
1.912041,-0.387311,1
-1.035945,1.138598,1
0.658787,1.410921,1
1.651811,-0.044885,1
1.049174,-0.170162,1
0.466589,1.258014,1
0.755233,3.080353,1
1.659132,1.126209,1
0.910235,1.898595,1
1.773170,1.000342,1
2.349400,-1.262940,1
0.104134,-0.078747,1
1.486288,0.586150,1
1.372153,0.710892,1
1.609367,2.992755,1
0.566081,-0.425982,1
2.602333,0.880382,1
2.705583,2.580739,1
0.484001,0.820988,1
3.274522,0.025544,1
2.472202,1.788134,1
2.456970,0.261305,1
-0.698640,-1.267073,1
2.266612,-0.382805,1
0.735020,1.513740,1
-0.589521,-0.377432,1
2.647280,2.095546,1
0.048212,1.824848,1
1.350068,1.632841,1
-0.745397,1.076281,1
1.665867,0.524710,1
0.544960,0.671675,1
-0.978243,1.202076,1
2.326468,3.713356,1
1.751609,2.151302,1
3.174270,1.316985,1
1.943109,1.533177,1
-0.420344,-0.260957,1
2.809865,1.824665,1
2.375011,1.670540,1
0.764464,-0.083813,1
-1.471143,1.538939,1
1.901540,1.013829,1
0.781925,2.589216,1
3.155389,0.014940,1
0.398086,0.259503,1
1.978799,1.242693,1
2.286014,1.833901,1
0.177127,0.539156,1
-0.768548,1.498891,1
0.615233,0.886517,1
3.046626,0.908294,1
0.850602,1.124684,1
-0.066653,1.633510,1
3.063657,1.187076,1
0.607079,-0.359213,1
0.413328,1.351910,1
0.502855,2.084509,1
1.062445,0.152308,1
1.778708,1.359903,1
-0.041259,2.877935,1
2.552884,1.194300,1
0.423671,-0.476741,1
2.745757,1.167659,1
-0.133950,-1.020593,1
0.528384,-0.463291,1
0.643613,0.909029,1
0.054077,2.110402,1
0.002536,1.777253,1
2.150471,1.737388,1
0.186924,0.577056,1
0.162234,0.353654,1
0.021775,1.476496,1
0.203936,2.073041,1
0.434345,0.506281,1
0.630552,0.049654,1
0.671596,2.926527,1
2.148495,1.372039,1
3.563836,2.785379,1
-1.415732,0.735874,1
0.835696,-0.274782,1
-0.165059,1.988506,1
1.922752,0.769228,1
2.781842,1.356256,1
1.717113,0.957466,1
3.447925,-0.437639,1
2.272931,0.495260,1
-2.263567,0.317060,1
1.759686,1.180827,1
0.009673,1.944730,1
1.876395,0.849297,1
0.942550,0.512812,1
1.314301,0.532555,1
0.498087,2.035126,1
1.629502,1.533563,1
2.098904,0.838728,1
2.416869,3.161782,1
0.856414,0.501489,1
3.063827,0.585610,1
1.691946,0.836754,1
1.837851,0.602479,1
1.285139,2.780914,1
-2.026770,-2.856117,1
1.103892,-1.483380,1
0.405512,0.573324,1
1.124181,0.986066,1
-0.101816,0.196247,1
2.466709,0.499644,1
-1.301705,1.372001,1
0.692330,0.314577,1
2.388715,1.053814,1
1.386130,1.016580,1
0.142340,1.428658,1
-0.945685,0.809966,1
1.367267,-0.397713,1
2.056135,1.494765,1
0.300035,-0.330936,1
1.870330,-0.207550,1
2.529444,0.693942,1
1.425855,1.111866,1
2.367822,1.261867,1
0.926551,0.692054,1
-0.328316,1.863954,1
1.657947,0.666872,1
-1.938390,-0.563006,1
2.104154,0.692820,1
2.927014,-0.109113,1
0.896897,1.678367,1
-0.122646,1.627983,1
1.368752,2.530990,1
2.133325,0.970575,1
1.181923,-0.391378,1
1.089906,1.033633,1
0.669708,1.532797,1
-0.363510,0.554085,1
-0.423986,0.159748,1
3.545555,0.013879,1
1.702984,1.009599,1
1.892853,2.792670,1
1.443087,0.172821,1
0.074267,2.973543,1
0.059571,-0.343663,1
2.721319,-0.617874,1
2.409110,0.896031,1
2.164199,0.234715,1
0.988949,1.421020,1
0.334506,1.137200,1
1.761226,2.637031,1
0.811751,0.907040,1
0.193211,2.885868,1
1.364990,1.131262,1
1.608881,1.485904,1
1.730744,1.524784,1
-0.041174,-0.658154,1
1.311366,3.243239,1
2.545152,1.267752,1
2.727716,1.389800,1
1.731058,-1.000693,1
0.374027,-0.595251,1
-2.512317,1.471839,1
-0.222335,0.362248,1
0.256287,-0.308017,1
-0.029990,-0.240969,1
1.696531,1.493029,1
2.143747,0.853548,1
2.548237,2.444536,1
1.537311,2.084599,1
0.622733,1.428764,1
0.852538,1.505943,1
0.356676,1.087908,1
0.896502,0.603450,1
0.495939,3.143418,1
1.234004,0.876467,1
-0.024840,-0.680295,1
0.405017,-0.035318,1
0.872557,1.341215,1
2.881520,2.691254,1
-0.215388,0.793360,1
1.274078,0.489284,1
1.319101,3.103440,1
1.538818,1.107745,1
3.750820,1.913512,1
2.410210,1.177739,1
0.964412,2.008621,1
1.830338,0.829197,1
0.929932,0.238987,1
1.798690,0.304418,1
0.728909,2.819627,1
0.384852,0.469658,1
2.027040,3.161345,1
0.092117,0.921445,1
2.639940,0.403386,1
0.573128,0.257330,1
1.046893,1.739210,1
1.264931,1.160506,1
0.335632,1.054637,1
2.776023,0.162552,1
1.285617,1.112640,1
2.483837,-2.884399,1
-0.482608,0.977678,1
1.520913,-0.564671,1
1.336869,2.981842,1
3.110518,1.409789,1
2.222722,0.988558,1
0.318403,1.537501,1
0.386101,1.032427,1
2.226156,1.428655,1
1.403591,3.567519,1
1.418466,0.656216,1
0.861975,1.769797,1
-0.482311,0.160393,1
1.693774,1.660975,1
1.744511,1.096012,1
0.699933,-0.297573,1
0.623452,1.945719,1
-0.189709,-0.653675,1
1.576941,-0.177394,1
3.069623,0.138901,1
0.758961,1.643103,1
1.788193,-0.725970,1
0.534727,-0.541274,1
2.943469,1.327786,1
1.626222,0.846764,1
-0.717578,2.475652,1
0.584949,1.875540,1
2.885072,0.208254,1
4.211012,3.409454,1
0.981570,1.072863,1
0.435571,2.447832,1
-0.498070,0.929002,1
-0.427589,-0.176319,1
1.438597,2.107513,1
-1.076238,0.452597,1
0.919068,1.667455,1
0.105618,0.334754,1
0.240152,-0.438603,1
2.726750,1.678067,1
3.206410,0.566112,1
0.640554,1.020285,1
0.659274,2.796937,1
-1.260482,1.751777,1
-0.150330,1.518849,1
-0.238972,0.286352,1
1.757442,1.576568,1
2.291236,2.386505,1
0.176751,2.220892,1
2.834336,1.378506,1
-1.002940,3.034454,1
2.749006,0.156542,1
1.293617,-2.064190,1
0.737538,1.005055,1
1.502616,1.702991,1
2.979959,0.099280,1
2.259572,0.939243,1
1.749943,-0.909602,1
-1.747325,0.862398,1
1.856597,1.222434,1
3.113043,0.772089,1
1.798372,1.244231,1
2.371946,1.459754,1
0.732289,0.825181,1
-0.176771,1.661838,1
2.032033,2.239861,1
1.117186,-1.495416,1
-0.294507,1.478544,1
1.666496,1.804279,1
2.114303,-0.003591,1
2.213637,-0.187276,1
1.622936,-1.263585,1
2.383050,1.414599,1
2.140937,1.513500,1
0.636476,1.619068,1
3.458851,1.295562,1
-0.337811,-0.761559,1
2.412631,-0.879699,1
-0.588120,0.949595,1
-0.504623,1.105097,1
-0.569312,-0.770377,1
1.517559,1.777377,1
2.210549,1.914959,1
1.330619,-0.030440,1
-0.914998,0.442700,1
0.686173,0.660752,1
1.798858,2.243273,1
1.129256,-0.029787,1
1.830859,1.753213,1
0.976067,1.809889,1
2.052930,-0.607814,1
1.931026,0.872726,1
1.862681,0.993192,1
2.055897,0.248626,1
0.988898,1.980237,1
1.280405,0.745625,1
-0.385978,1.954873,1
1.014175,-0.421732,1
-0.113129,2.439051,1
-0.472595,0.856473,1
2.010896,2.540076,1
1.483748,1.442496,1
0.023623,3.733805,1
1.186491,0.800325,1
1.691513,2.293296,1
0.548520,-0.716945,1
1.318212,1.929562,1
0.815550,0.618074,1
-0.050248,-0.174129,1
0.099917,0.428116,1
0.084836,0.492206,1
1.974681,2.443740,1
1.879715,-1.195847,1
0.704773,-0.234180,1
1.293203,0.708030,1
1.602408,2.507438,1
-0.321201,1.779523,1
0.863345,1.358956,1
-1.438216,-1.074869,1
1.236032,1.213039,1
1.928717,2.824260,1
0.445941,1.888363,1
0.484639,1.372676,1
0.435464,1.717202,1
1.648660,0.589573,1
-0.354699,-0.517806,1
2.064346,2.170442,1
0.082600,0.395222,1
0.217033,1.653785,1
-0.321410,1.978762,1
0.533585,-0.012866,1
1.109427,1.625110,1
0.636996,1.234853,1
0.033437,0.850868,1
1.024341,0.851349,1
1.627300,2.324025,1
0.047044,2.057326,1
2.198960,0.532534,1
-0.476442,2.012082,1
3.198068,1.773734,1
1.387044,-0.086811,1
-0.090852,1.556047,1
0.635950,1.960875,1
-0.316012,0.514011,1
0.211421,0.779141,1
0.828297,1.451464,1
0.914161,0.565792,1
1.347686,0.605360,1
1.450103,0.003111,1
-0.012733,1.116123,1
0.875065,2.444868,1
0.800342,2.584404,1
1.614067,2.054538,1
0.603904,1.133746,1
1.035856,0.904809,1
1.255200,-0.194721,1
0.655362,1.050094,1
1.213628,1.434163,1
0.386877,0.942150,1
-0.598945,1.829554,1
-0.210589,1.664115,1
1.759647,0.409092,1
-0.050277,0.518265,1
-0.357370,0.067941,1
1.337707,2.863900,1
1.210950,1.146401,1
0.469389,0.601886,1
1.797243,-0.664946,1
0.390273,1.256320,1
3.110304,1.313777,1
-0.431473,0.247662,1
0.904410,-0.439435,1
1.045879,3.384979,1
1.088082,-0.412489,1
0.538923,2.716527,1
0.794953,-0.673068,1
3.046088,1.307052,1
2.648865,-0.216373,1
-0.467474,1.124593,1
1.440130,2.133905,1
0.569889,1.358354,1
1.322843,0.297896,1
-0.518124,2.883374,1
0.761826,1.402806,1
0.650599,1.479499,1
1.895864,1.675393,1
0.647635,-0.285308,1
0.394000,1.482767,1
2.797785,0.602200,1
2.489241,0.478177,1
1.192290,2.722761,1
1.424189,1.017834,1
-0.241078,0.875310,1
2.215508,1.296332,1
1.977970,0.353364,1
0.893561,0.646555,1
-1.104412,1.455082,1
0.610766,0.580074,1
0.435234,1.552135,1
0.488721,1.314735,1
1.924025,2.875073,1
0.446475,2.887976,1
-0.332339,0.535058,1
0.265604,1.433725,1
-1.156045,0.797394,1
-0.735744,-0.846747,1
0.004797,1.312070,1
1.179394,0.759764,1
1.053292,0.747988,1
1.155070,1.201614,1
-2.159942,0.582939,1
1.545472,0.460430,1
3.048021,2.264996,1
1.704525,1.784402,1
1.071539,0.506760,1
4.391063,1.349085,1
1.273027,-0.015691,1
1.926471,1.025710,1
0.838454,1.573095,1
1.359646,0.873727,1
1.222721,1.427053,1
0.794365,-1.207220,1
1.775621,2.177365,1
0.613135,1.146659,1
1.895872,2.057753,1
1.158806,2.093393,1
-0.337289,0.498156,1
1.071992,0.657604,1
1.463480,1.584131,1
-0.258970,-0.660511,1
1.877322,-0.950218,1
0.322515,2.485481,1
0.436336,-1.469631,1
-0.175472,3.371180,1
0.354996,2.995716,1
-0.306445,1.060265,1
1.819855,0.674680,1
0.371433,2.805136,1
3.297165,0.922597,1
-0.107927,0.550073,1
-0.020396,1.478188,1
0.472808,0.615230,1
0.822148,0.608596,1
2.021280,1.518720,1
2.101716,-1.285377,1
1.514806,1.565694,1
1.297273,0.331721,1
2.305370,0.800002,1
3.261800,2.924629,1
-0.093863,0.981462,1
1.440289,0.869495,1
2.038615,0.119304,1
0.562110,1.543515,1
0.391656,2.416571,1
2.467489,1.616498,1
0.425972,1.261100,1
3.168019,1.837214,1
-0.881305,1.086910,1
1.097451,0.270228,1
0.319047,0.585510,1
1.586725,0.563660,1
2.241247,-0.934655,1
-2.255542,1.076369,1
0.116501,0.978656,1
1.592430,1.982436,1
0.653283,-0.328998,1
1.194243,0.369352,1
-0.807344,-0.084917,1
-0.083372,2.890066,1
0.038167,0.551107,1
1.713068,2.289604,1
0.158664,0.498166,1
1.781473,0.352885,1
1.150794,0.202064,1
2.089785,0.261878,1
1.525132,2.195857,1
3.472862,-0.489058,1
0.849088,1.269560,1
1.887010,2.346667,1
2.292014,-0.303054,1
2.729690,0.489801,1
1.619969,1.074578,1
1.643874,1.749825,1
-1.177571,1.609570,1
1.910419,-0.582872,1
-0.090725,1.506023,1
0.216125,1.299038,1
2.587475,1.214869,1
0.834809,-0.700344,1
-0.461781,1.810299,1
2.059810,-0.737550,1
3.202185,2.987138,1
0.481327,0.700920,1
0.277102,-0.123329,1
1.059099,2.155780,1
2.203176,2.511361,1
1.304875,0.254253,1
3.019724,0.626937,1
0.833218,1.389473,1
-0.502522,1.088464,1
2.067797,3.305458,1
2.574960,1.313932,1
3.434216,-0.264874,1
-0.668106,2.167996,1
0.516561,0.993385,1
2.215731,-0.028463,1
3.023273,-0.806409,1
0.356145,3.941326,1
2.095017,0.672504,1
0.702427,-0.823749,1
2.901698,1.324366,1
0.897965,1.756621,1
0.537585,1.100175,1
1.550694,0.802672,1
-0.025678,-0.111594,1
0.095824,0.498592,1
0.287186,2.535446,1
2.259807,1.811553,1
-0.608394,0.456687,1
0.469553,-0.144124,1
1.908249,1.411160,1
2.587311,1.659462,1
0.025769,1.690421,1
2.132939,1.586657,1
0.798469,2.785477,1
0.809995,3.228195,1
2.169856,0.963345,1
2.593547,1.467163,1
0.847042,2.340215,1
-0.942794,1.448786,1
1.648729,0.801297,1
1.348493,2.846202,1
0.123618,1.598434,1
2.253777,0.851242,1
1.177819,0.593864,1
0.865089,0.726972,1
0.390420,2.574412,1
0.099473,1.953364,1
1.009461,-0.113196,1
0.425643,2.456042,1
-0.089361,1.691397,1
2.556543,2.118367,1
2.399267,1.211528,1
2.092443,0.248528,1
1.518971,1.373634,1
1.255028,0.791518,1
0.113133,2.556809,1
1.630445,-0.484861,1
1.098098,3.189205,1
0.212874,2.994016,1
3.429562,2.560876,1
0.464728,0.828777,1
1.884052,1.089906,1
-1.137911,0.712005,1
-1.047906,2.125446,1
0.524428,0.531114,1
0.284367,1.877129,1
2.144040,0.201868,1
2.815329,1.988871,1
1.940574,-0.588688,1
0.367582,-0.733451,1
-0.632067,1.738805,1
1.012858,-0.080374,1
0.857248,1.203370,1
1.695465,2.615439,1
-0.116764,0.139911,1
1.625066,2.405201,1
1.160446,-0.862924,1
2.221096,1.793188,1
0.096368,-0.055561,1
0.708701,2.581032,1
1.243129,-0.609124,1
3.262495,0.820341,1
1.416646,-0.077301,1
1.591927,2.913589,1
1.606483,1.456800,1
0.479943,1.769657,1
1.303540,1.801241,1
3.361685,2.310694,1
-1.400835,0.195179,1
0.606216,0.347017,1
1.795737,1.656324,1
1.599918,2.789872,1
0.487448,-0.097179,1
1.031485,1.823151,1
1.003512,1.006561,1
2.270409,1.650702,1
1.617604,-0.162707,1
0.517178,-1.039358,1
-1.650652,1.177279,1
1.343347,0.228800,1
1.798133,-0.166877,1
0.720799,1.196937,1
0.383320,1.998540,1
1.479265,1.957647,1
0.082167,2.832322,1
1.508108,1.444500,1
2.673916,0.327055,1
0.193182,2.235485,1
-0.042559,1.245052,1
1.091999,3.179056,1
0.952923,1.687454,1
1.860796,-0.921715,1
0.515445,1.433132,1
2.043925,1.301951,1
0.282897,1.202617,1
-1.469314,0.979478,1
1.215389,1.623874,1
0.435850,-1.137911,1
2.018424,2.747997,1
3.394332,0.895346,1
0.952221,0.509141,1
1.527050,1.419691,1
2.145237,2.083162,1
1.517267,2.430603,1
2.273070,0.998984,1
1.502023,2.409615,1
0.661785,-0.989847,1
0.943400,0.583136,1
2.213396,2.080487,1
2.121385,1.578336,1
1.972700,0.700985,1
0.441279,1.323296,1
1.584410,1.798567,1
-0.211952,1.863889,1
0.328998,0.538588,1
1.700431,3.572830,1
-0.017052,1.092502,1
2.787514,1.724036,1
1.711059,1.470769,1
-0.249623,1.773109,1
2.856501,0.609822,1
1.227764,1.351828,1
1.377681,0.580864,1
0.535142,-1.133348,1
1.615770,-0.506473,1
-0.016836,0.017809,1
1.049457,1.055363,1
0.864030,2.041890,1
1.520482,2.217074,1
1.239343,0.854017,1
-1.234757,0.694926,1
1.310095,2.212273,1
0.738517,1.902386,1
0.512242,0.343735,1
1.214118,1.307562,1
1.126010,1.175195,1
1.160121,0.976049,1
0.871900,1.391120,1
-0.114906,-0.793872,1
1.458360,0.536221,1
1.904244,1.930805,1
-0.307754,1.744951,1
2.967859,1.703102,1
-0.892113,1.752661,1
0.417183,1.158989,1
1.976434,-1.093087,1
1.224661,1.954633,1
1.060271,1.372998,1
0.902707,2.183345,1
2.968132,2.101211,1
1.146423,0.598531,1
1.655974,1.600965,1
1.026981,2.132980,1
-0.513628,1.335987,1
4.059484,0.396058,1
-1.417485,0.558773,1
0.606627,0.638115,1
1.659106,3.726030,1
0.950248,1.522559,1
-0.934964,0.833110,1
2.022520,2.090040,1
1.148744,1.178370,1
0.650073,0.614255,1
3.043649,0.117271,1
1.194937,0.902658,1
-0.672108,1.027374,1
0.712964,0.878365,1
1.883057,2.888869,1
0.607787,0.245403,1
-0.008858,3.543183,1
3.015442,2.036000,1
-1.339768,1.539384,1
0.488276,0.635058,1
2.062033,-0.330328,1
1.722903,1.207037,1
0.119411,1.255552,1
-0.408122,1.696165,1
0.071277,0.899606,1
0.848322,1.775238,1
2.048899,2.131202,1
1.504449,0.641192,1
-0.482267,1.505379,1
2.736085,0.226328,1
0.039284,2.181618,1
0.649376,0.207373,1
1.798566,2.820680,1
1.517956,1.420650,1
1.179707,0.254230,1
1.485422,1.389207,1
0.145093,1.085504,1
0.860666,0.719547,1
-0.255032,-0.653471,1
3.381264,1.516480,1
0.469436,1.216049,1
-0.670823,0.854281,1
2.263812,-0.180773,1
1.344305,0.269593,1
3.382980,-0.532612,1
1.897010,1.291036,1
1.885191,-0.075824,1
2.344625,2.336315,1
-0.513809,1.379096,1
0.620704,2.290625,1
0.844923,0.280580,1
1.668863,3.332662,1
1.357585,1.322997,1
-0.306672,-0.113350,1
-0.146864,0.788730,1
3.356604,2.122157,1
0.483327,1.452671,1
1.099011,0.784005,1
0.495332,1.479404,1
-0.577433,0.335126,1
0.647584,2.827500,1
1.304278,0.904486,1
0.539384,1.950526,1
1.712918,-0.648698,1
2.099833,1.063174,1
3.506314,2.452857,1
0.924546,1.639694,1
1.198926,0.085777,1
0.701440,-1.766615,1
0.292954,2.159215,1
0.281368,1.815815,1
0.985089,1.440881,1
1.605489,0.052082,1
1.417380,0.321924,1
3.496114,1.363255,1
-1.244966,1.519908,1
1.656963,1.776676,1
0.945004,0.226925,1
-0.129965,1.141309,1
-0.258974,-0.080566,1
-0.658130,0.817865,1
1.067757,-0.290975,1
1.327378,1.228031,1
1.558669,1.202815,1
-0.066279,0.124362,1
0.554120,1.423905,1
0.879055,-0.850046,1
1.880752,2.165555,1
1.364338,0.842184,1
1.529649,0.760256,1
1.586331,0.539274,1
1.527926,1.332696,1
2.050324,2.216772,1
0.108418,0.907389,1
0.726006,-0.555256,1
1.737582,1.002078,1
0.006278,0.433810,1
0.444512,1.230292,1
1.329963,0.902903,1
0.813372,0.124990,1
1.265980,1.511256,1
0.597442,3.320552,1
-0.002608,-0.099696,1
0.874279,1.003511,1
3.584655,1.311829,1
-0.933398,1.776505,1
-0.222352,2.190322,1
2.653345,0.334914,1
-0.061784,1.817260,1
0.620967,2.126501,1
-0.576405,0.827569,1
1.047720,0.974833,1
1.664699,0.266475,1
2.350791,1.718361,1
2.205205,-2.979365,1
0.966049,2.544786,1
0.778409,1.851938,1
-0.056526,0.472548,1
1.405202,1.641713,1
1.371426,2.495039,1
0.149952,-0.755527,1
1.246781,0.109895,1
-0.212423,1.057952,1
3.085794,2.310407,1
1.174217,1.814219,1
-0.176368,0.998911,1
1.482305,0.143230,1
2.500581,1.486125,1
0.794254,1.251021,1
0.548911,0.840219,1
0.960205,0.593553,1
1.609316,1.264342,1
1.953217,0.939055,1
1.313958,2.684548,1
1.647855,-0.290537,1
2.393358,2.038814,1
0.838456,2.616462,1
2.656040,0.777009,1
0.208969,3.303257,1
0.573418,0.332043,1
0.667914,-1.955446,1
0.651214,1.324452,1
0.707344,0.642852,1
1.234044,2.555798,1
1.082780,2.124622,1
-0.038996,2.026976,1
0.021883,1.370361,1
1.029167,0.740604,1
2.740542,-1.189587,1
2.628865,3.457880,1
-0.300957,1.382971,1
-0.423042,2.255554,1
2.097928,-1.144047,1
1.492841,4.806826,1
1.237977,0.789827,1
1.087061,1.062322,1
0.573346,-0.059787,1
1.483625,-0.505761,1
-0.785664,2.662352,1
0.484479,-0.186820,1
1.669217,0.341336,1
0.959656,1.130015,1
1.439432,1.429335,1
1.223687,1.284897,1
1.366102,0.847808,1
0.652213,0.630728,1
2.575228,2.693553,1
1.188224,2.080658,1
-0.676365,0.873688,1
1.481268,1.902454,1
0.466136,0.315223,1
1.066884,0.229621,1
0.528290,-0.187286,1
1.752574,0.055712,1
1.256378,0.179067,1
-0.201393,-0.736722,1
0.561295,0.413900,1
2.805415,-0.403481,1
0.705404,-0.485718,1
2.332337,0.684496,1
3.640228,1.826748,1
0.409264,0.275416,1
-0.550081,-0.531755,1
0.601438,-0.084070,1
0.317726,0.316944,1
1.517387,0.636105,1
0.899709,0.997721,1
3.248894,1.545590,1
0.167325,0.366173,1
3.208494,1.786534,1
1.138543,1.621516,1
3.886264,2.176877,1
0.473064,2.170542,1
2.557575,1.379176,1
0.509871,-2.068641,1
0.379027,0.778472,1
2.016747,-0.899000,1
0.469961,1.113124,1
2.521351,1.096938,1
0.295969,2.270902,1
-0.649890,1.820657,1
4.286645,0.944829,1
-0.286060,-0.270291,1
2.229161,0.668782,1
1.959516,1.445996,1
2.476265,1.450883,1
-0.187505,0.128488,1
0.263463,0.380965,1
1.971953,1.328300,1
1.867941,-1.937333,1
0.415080,1.935054,1
-0.309830,3.599330,1
-0.087149,0.766451,1
3.716715,1.736526,1
1.859080,2.314735,1
2.182400,3.859154,1
1.732647,2.547157,1
-0.079295,0.180161,1
1.484721,2.974023,1
1.633099,1.010024,1
2.211392,-1.090269,1
1.187479,-0.451179,1
0.413384,3.024053,1
-0.526513,0.257628,1
0.679236,-0.042315,1
1.501034,1.113679,1
1.665893,-0.846981,1
2.819601,2.789517,1
2.016803,1.682430,1
0.467675,2.596228,1
0.215450,0.255568,1
1.322307,0.320827,1
-1.062946,3.454969,1
1.089711,0.968483,1
-1.707883,2.619696,1
1.373848,1.387415,1
1.813747,1.374198,1
3.494868,0.360206,1
0.514986,3.059918,1
0.092950,1.713852,1
0.831779,1.486937,1
1.862859,0.973144,1
0.264885,2.089729,1
1.553570,1.801512,1
2.087670,2.574100,1
1.962120,-1.148330,1
0.763198,2.265731,1
1.513950,2.579812,1
1.816934,-0.008234,1
2.873666,0.725883,1
0.751861,0.478937,1
2.032136,2.086204,1
0.990700,0.736466,1
0.968841,-0.117983,1
1.992988,0.834117,1
2.618997,1.692938,1
1.590971,2.604276,1
0.609468,1.873042,1
1.281242,0.157025,1
-1.393005,1.075239,1
0.124721,1.510445,1
2.344658,2.317390,1
-0.448946,1.345259,1
1.845344,0.233446,1
0.297438,0.778391,1
0.986883,0.239609,1
0.490900,0.379225,1
3.006788,1.079912,1
-1.507988,1.845156,1
0.237140,3.086021,1
1.839796,-1.010127,1
1.163292,-0.736717,1
1.218074,0.516941,1
1.208683,0.667797,1
-0.553652,1.448367,1
1.485266,1.836060,1
0.493203,-1.032288,1
1.232577,1.321279,1
0.920986,1.209056,1
2.438147,0.815211,1
0.670772,0.411314,1
0.997055,1.009032,1
-1.346012,2.524193,1
0.448837,0.139928,1
-0.031091,-1.097181,1
1.654660,1.943824,1
0.165964,0.749849,1
1.600970,2.940228,1
2.130246,-0.657015,1
0.414171,-0.266035,1
0.515987,2.251783,1
1.076827,1.027622,1
0.849048,2.463826,1
0.739637,-1.148087,1
2.351367,0.456194,1
1.028803,0.221225,1
1.609275,1.042613,1
0.778033,2.724647,1
1.021540,0.545645,1
3.055978,1.559392,1
0.962164,2.264612,1
1.714804,1.343584,1
0.179136,1.104466,1
1.673840,0.328032,1
2.134054,2.153727,1
0.591707,-0.096420,1
1.402671,1.655497,1
2.765433,0.237055,1
0.452472,0.629272,1
2.653431,0.047889,1
0.783804,-0.140150,1
1.682883,1.955600,1
0.832023,0.505674,1
1.193125,0.289239,1
-0.331119,1.358590,1
1.350404,3.269908,1
1.629689,2.385368,1
0.301398,1.415321,1
-0.363630,2.601334,1
2.332370,-1.011671,1
2.209939,0.076387,1
0.452291,1.163112,1
0.565153,-0.530929,1
1.095192,1.303898,1
1.816271,2.068902,1
1.002733,2.109930,1
1.794941,1.376906,1
0.358030,0.948186,1
1.895493,1.601365,1
1.978048,1.664314,1
1.673421,2.299240,1
0.659486,-1.023262,1
0.804308,1.124903,1
-0.773464,2.568625,1
-0.317046,1.377216,1
0.214513,1.125369,1
-1.039919,-0.119325,1
1.247375,2.667571,1
1.805350,1.320252,1
1.444663,0.887154,1
3.392281,0.945894,1
0.623564,1.348416,1
0.858712,2.654516,1
-0.357488,2.624294,1
2.548714,1.173693,1
1.617444,2.645345,1
-0.023849,0.548535,1
2.346001,1.583421,1
2.558511,0.478282,1
1.373954,1.241663,1
2.270434,1.089764,1
0.555980,0.896286,1
1.836006,1.932719,1
2.416498,2.420538,1
0.754814,-0.456386,1
1.629655,0.708286,1
0.430850,3.594597,1
-2.146172,1.922697,1
0.936676,1.865615,1
0.530473,1.628771,1
1.069026,0.921843,1
-0.627079,2.001660,1
0.734266,1.347436,1
0.108232,1.758861,1
1.447771,-0.790664,1
-1.086191,0.829364,1
0.877429,2.108596,1
-0.345937,1.374526,1
0.211297,-1.124576,1
0.593727,1.892442,1
0.272072,0.814263,1
1.238525,1.759594,1
1.956399,2.109309,1
-0.031602,0.517454,1
-0.090590,-0.441788,1
0.734322,0.908428,1
3.285036,0.711898,1
1.347843,2.154121,1
0.804809,0.391123,1
1.085793,0.515476,1
1.893910,0.219702,1
1.856651,1.675816,1
1.924163,0.026121,1
2.052949,1.847720,1
1.585575,1.626064,1
3.023067,0.855693,1
0.583516,-0.490517,1
2.049136,-0.467155,1
1.039325,2.828731,1
-1.228782,0.527591,1
1.463485,0.423008,1
1.876061,1.775088,1
2.091671,1.135001,1
2.890864,0.427848,1
2.262414,0.890151,1
0.087559,-0.460051,1
0.976209,3.074916,1
-1.576113,0.601932,1
1.664533,0.639375,1
3.218012,1.960941,1
0.748048,1.858123,1
1.997247,0.428342,1
1.898973,-1.766428,1
0.570533,1.259486,1
0.136245,1.990762,1
0.323264,2.742872,1
2.183333,1.730713,1
1.246091,1.474282,1
0.976720,0.741318,1
1.240142,-0.072690,1
1.780352,0.328549,1
-0.125970,2.648087,1
-0.805590,4.045687,1
-0.221338,1.625717,1
-0.091339,1.883601,1
1.459888,0.922995,1
1.142944,2.503944,1
1.992906,-0.546535,1
1.633599,1.330525,1
0.379254,1.677613,1
0.913463,1.608996,1
-0.580770,3.032582,1
0.471360,1.070258,1
-0.408244,2.645872,1
-0.431846,0.473437,1
1.722393,1.160750,1
2.490600,1.244404,1
0.756316,-1.277068,1
1.015411,-1.084391,1
0.498738,3.095782,1
0.419357,3.088031,1
0.130805,0.881874,1
1.653908,2.063474,1
0.166899,0.571112,1
-1.463593,3.015996,1
-0.273548,1.217718,1
1.049268,-0.035293,1
1.022174,1.709700,1
1.197552,0.443098,1
-0.140563,-0.247221,1
1.643640,1.260559,1
-1.393698,2.454201,1
0.609185,2.052391,1
0.686664,0.135751,1
0.129366,3.844978,1
1.124200,1.844819,1
-0.035946,0.746241,1
1.985143,0.412053,1
-1.889914,1.424428,1
-0.661219,0.034278,1
2.215511,2.880885,1
0.107680,2.437600,1
-0.018550,3.399563,1
1.990600,1.723870,1
1.076817,1.700437,1
0.528989,0.940365,1
2.107701,1.813848,1
0.162453,1.837667,1
-0.145683,2.201004,1
2.247464,0.595156,1
0.357932,1.864856,1
0.603208,2.005136,1
0.424231,1.650988,1
1.169538,3.821110,1
1.075318,0.771872,1
1.355939,-1.144358,1
1.170077,3.140840,1
-0.253796,1.323635,1
2.388715,1.917567,1
0.794722,0.513899,1
-0.507223,1.447607,1
0.549082,-0.012832,1
1.585839,2.587557,1
1.772526,0.630770,1
-0.695951,2.005734,1
1.219024,1.817823,1
0.167417,1.639903,1
0.739971,-0.589522,1
1.228493,2.178407,1
1.071519,1.048940,1
1.748346,0.834939,1
2.090388,0.483028,1
1.608777,-0.274204,1
0.710467,1.925699,1
4.133626,-0.003606,1
0.908261,-0.302961,1
0.050549,1.473834,1
0.159953,2.704305,1
0.012746,0.726740,1
2.550857,4.184134,1
3.527223,2.458934,1
2.647565,0.059750,1
0.135718,1.050762,1
1.471468,0.498969,1
2.175885,1.940179,1
1.199451,0.039044,1
0.185319,1.985189,1
3.087178,1.265382,1
2.344106,0.058275,1
1.246847,1.500678,1
2.396808,0.320472,1
1.004507,1.264252,1
0.865544,1.872704,1
0.488174,3.218709,1
0.898656,2.078923,1
0.142585,-0.178560,1
3.105427,1.029596,1
3.144644,1.935005,1
0.592923,1.570211,1
2.749985,0.752182,1
-0.460873,0.439267,1
-0.912151,0.183361,1
-0.497374,0.223583,1
-0.041037,1.828456,1
0.983848,0.122801,1
1.073218,2.582059,1
1.465747,1.996036,1
2.253336,1.089977,1
0.373433,-0.382006,1
0.159681,0.160732,1
0.509219,1.424458,1
0.573561,2.204161,1
1.106674,-1.970223,1
-0.834904,3.106977,1
2.041374,0.775675,1
2.538466,1.334675,1
0.317827,2.566725,1
0.901087,0.191812,1
-0.153357,0.492509,1
2.852800,1.403720,1
1.337146,0.907204,1
1.972296,1.084695,1
2.676445,-0.699940,1
0.725068,1.580233,1
1.322758,0.155429,1
-0.263384,1.041644,1
2.972096,2.037253,1
0.086376,-1.443556,1
1.982770,2.497837,1
0.924286,0.256682,1
1.185431,2.449588,1
1.496346,0.646448,1
1.305107,1.305316,1
-0.382890,0.175415,1
0.649794,-0.423472,1
2.431463,0.993063,1
1.187825,0.989043,1
1.470630,1.202271,1
1.689939,0.775179,1
2.475111,1.650725,1
-0.593153,0.717101,1
0.143889,-0.223590,1
-1.591421,1.061021,1
2.090335,1.470236,1
1.404828,0.489272,1
-1.012919,1.082045,1
0.652038,1.114242,1
-0.434016,-0.603331,1
2.255053,1.290374,1
1.560896,1.545564,1
1.399986,0.638200,1
0.732488,-0.378922,1
1.048339,2.080833,1
-0.274082,0.171944,1
-0.860082,1.494622,1
0.011407,-0.272796,1
1.236264,1.774247,1
0.499718,0.070241,1
0.663836,1.791324,1
0.859419,3.093886,1
-0.171739,-0.040091,1
1.489025,-0.744511,1
1.920449,1.162720,1
1.989510,1.586596,1
1.511843,-1.546392,1
-1.123385,1.198481,1
1.406712,0.445434,1
0.792556,3.283935,1
-0.048241,0.326499,1
0.952714,4.133622,1
-0.120435,0.952510,1
2.820813,3.406515,1
2.419630,0.338046,1
2.433916,0.950316,1
2.295122,1.798763,1
-0.069091,1.055132,1
0.728043,0.759082,1
1.514370,0.301439,1
2.343104,0.690509,1
1.894758,0.037334,1
-0.109306,0.533961,1
0.600364,-0.489266,1
-0.748059,0.693194,1
2.725848,2.255194,1
0.171007,1.442948,1
1.372765,-0.573721,1
2.815763,2.140943,1
0.329621,1.883996,1
2.435267,-0.197429,1
1.218033,0.133952,1
0.204964,2.202764,1
-1.165422,1.149052,1
2.627815,1.013931,1
0.602761,1.699245,1
0.059201,-0.014209,1
0.771026,-0.333205,1
1.784825,0.862422,1
0.599497,-0.084175,1
-1.643186,1.062386,1
1.722161,1.697507,1
0.675878,1.439357,1
0.844879,1.402543,1
-0.599062,2.567389,1
1.436090,0.551311,1
-1.450550,1.508818,1
1.778364,0.951153,1
1.374729,0.592148,1
1.219331,3.196807,1
1.942678,1.095316,1
0.907139,1.382263,1
0.526450,0.993352,1
1.106614,0.452538,1
-0.293393,-0.336204,1
2.057036,-0.042503,1
4.385173,0.140724,1
-0.384042,1.091045,1
2.070308,1.622991,1
0.669521,0.345257,1
1.165637,3.349904,1
2.248591,-0.211703,1
-0.000322,0.824093,1
1.135897,-0.494596,1
0.603254,1.201600,1
1.128754,0.092046,1
2.392500,1.129429,1
-0.184973,0.530004,1
1.904718,1.176038,1
0.502562,1.692509,1
1.320639,0.755799,1
2.523464,0.370326,1
1.371741,-0.617196,1
1.096321,0.605271,1
-0.158026,0.223852,1
1.378382,1.165013,1
3.323725,1.468137,1
1.753858,1.001860,1
2.232117,-0.585667,1
1.591869,1.691647,1
0.336837,1.755799,1
-0.033884,1.198706,1
0.813452,-0.870690,1
0.512157,1.049529,1
1.438752,0.720183,1
0.264952,1.614166,1
0.706752,-0.236617,1
0.114259,0.741032,1
1.833470,0.716562,1
-0.183479,-0.030249,1
0.974355,-0.044491,1
-1.729627,0.346217,1
0.202918,0.455529,1
1.415704,1.090038,1
1.502699,0.229749,1
3.040152,1.228070,1
0.071668,2.181603,1
-0.328561,2.189354,1
0.682858,0.690253,1
1.530306,1.948380,1
0.819448,0.971019,1
0.734494,1.901610,1
2.205849,0.805726,1
0.559083,2.960052,1
1.484651,0.905269,1
2.093978,0.278919,1
1.146468,1.343770,1
2.705309,-0.494902,1
0.868304,2.262111,1
1.929731,1.860037,1
0.526042,1.681937,1
3.026278,1.528429,1
0.626069,1.312517,1
-0.025142,0.027936,1
1.749372,1.293590,1
0.252914,-0.478101,1
2.121827,2.794310,1
-0.012959,-0.504596,1
2.296171,0.481835,1
-1.230380,0.816176,1
0.798466,3.831064,1
1.193929,3.692381,1
2.146292,0.886550,1
0.473439,0.059201,1
4.046412,1.011013,1
1.852309,1.434987,1
1.542920,0.633155,1
1.704249,-0.493025,1
0.411810,-0.561294,1
0.643009,1.131430,1
1.553695,1.652175,1
1.177689,1.602410,1
1.760353,0.242298,1
-0.145133,1.922251,1
0.865485,1.805915,1
2.972246,0.805848,1
0.353518,1.736367,1
-0.867533,2.993167,1
1.229716,0.601569,1
0.438893,0.304111,1
1.968478,1.050069,1
3.274665,1.877797,1
-0.108385,0.293602,1
0.749605,-0.132781,1
0.752824,2.213653,1
-1.879275,1.899331,1
1.971829,-0.584665,1
0.645770,-0.321876,1
-0.068321,1.173439,1
0.158641,0.375513,1
1.994790,1.585983,1
0.258593,0.459594,1
0.474104,-0.260557,1
1.880091,0.898923,1
-0.443737,0.123180,1
0.873827,0.241297,1
1.547247,3.568999,1
1.192187,-0.714837,1
1.067838,-0.006582,1
-0.425902,1.970231,1
-0.034651,-0.824648,1
1.613830,1.640452,1
-0.423344,0.266684,1
2.565834,0.342167,1
1.494919,1.722987,1
1.371306,0.659472,1
-1.372951,1.303872,1
0.184311,0.666447,1
0.514445,1.100070,1
1.298094,-1.005530,1
2.269039,3.542720,1
1.855080,2.973545,1
3.030998,1.789013,1
0.661843,1.521937,1
3.009492,2.564495,1
2.071612,-1.694436,1
0.033218,1.693902,1
0.254054,0.966196,1
1.670786,-0.054489,1
2.101239,2.589011,1
0.825114,2.449029,1
0.270634,0.230850,1
0.757126,2.298055,1
0.262597,0.085845,1
0.703605,0.540711,1
0.721396,1.260979,1
0.373666,2.404555,1
1.603888,-0.056880,1
2.226517,1.327666,1
0.539829,0.674034,1
1.248350,0.409626,1
0.270144,0.809419,1
2.558944,1.990437,1
2.364892,1.379749,1
-1.030912,0.804977,1
2.339398,-0.430473,1
1.401214,-0.138381,1
1.477409,0.840298,1
1.388700,1.104016,1
0.977698,-0.407177,1
0.226576,1.063920,1
0.958751,1.040346,1
2.840504,0.047291,1
-1.964857,1.038714,1
2.787141,-0.924003,1
-1.902657,2.567515,1
0.412986,-0.044754,1
1.666572,0.536114,1
0.989351,0.261546,1
1.808153,1.558532,1
-0.152962,2.757235,1
-0.806208,-1.448497,1
1.489671,2.036163,1
0.538845,1.045356,1
0.912473,-0.863117,1
0.402421,1.474148,1
2.193753,0.692074,1
2.778215,-0.042332,1
-0.196705,0.098726,1
1.287933,0.672128,1
-0.112763,-0.811551,1
1.488931,-0.990747,1
0.713919,1.512117,1
2.963515,1.395344,1
0.046758,-0.858108,1
1.427503,3.679297,1
0.093589,1.311750,1
1.051621,0.299945,1
0.970809,1.603413,1
-0.379847,0.875202,1
1.332099,-0.566641,1
-0.507799,-0.119270,1
-0.233560,1.815255,1
-0.016632,0.647358,1
1.016762,2.187485,1
0.996235,2.552757,1
1.449303,0.093991,1
2.408088,0.375245,1
0.682904,-1.055454,1
1.553827,2.178548,1
0.328861,1.621955,1
-0.581569,0.022055,1
1.620479,-1.280654,1
-0.051414,0.952269,1
0.169675,0.726491,1
0.492109,-0.838022,1
2.282821,0.865693,1
1.634393,-1.224610,1
-0.309611,2.207092,1
1.387264,2.113673,1
-0.812130,0.798961,1
0.905592,3.047271,1
0.840141,2.135099,1
-0.872613,0.649123,1
2.805755,0.200546,1
1.403789,2.696037,1
1.302041,4.005975,1
0.890967,1.238722,1
0.941418,-2.368060,1
0.414968,0.795753,1
1.563237,0.924930,1
1.742832,1.679002,1
4.646558,0.971429,1
-0.291052,0.140802,1
-1.110392,0.585747,1
0.325010,2.251191,1
2.948324,2.013455,1
0.957800,1.176161,1
2.906231,1.381930,1
0.992898,-0.964896,1
-0.063480,0.980134,1
0.307889,-0.023199,1
3.043144,1.535853,1
3.165657,-0.338077,1
-0.309124,1.247778,1
2.410570,1.992145,1
1.596352,0.592213,1
-0.268728,-0.311937,1
2.793037,0.983660,1
1.647316,2.080469,1
0.400974,1.416928,1
-0.166048,-0.202003,1
1.120060,0.875292,1
-1.069825,0.556432,1
-1.301150,2.548663,1
0.759386,0.978393,1
0.123980,0.379191,1
1.159857,2.950939,1
0.702471,-0.017316,1
2.716521,1.127356,1
2.924019,0.773407,1
2.580405,0.473339,1
-1.097863,1.353790,1
0.602843,4.012325,1
0.796022,1.946383,1
0.731779,-0.940535,1
1.392104,0.993226,1
1.822534,0.653599,1
1.161942,1.099519,1
-0.052676,-0.035597,1
2.251365,2.329008,1
0.063372,1.793383,1
1.622660,2.182723,1
1.298182,1.061796,1
0.085611,1.538147,1
1.760996,1.269605,1
-0.457614,0.219667,1
0.479425,-0.083959,1
0.777354,1.330451,1
-0.001162,1.919922,1
0.704743,1.254177,1
2.513507,3.271980,1
1.187782,3.275787,1
0.626826,1.724016,1
0.986259,2.141101,1
0.035907,0.518045,1
1.250591,2.423458,1
0.645924,0.307783,1
1.724807,1.391711,1
1.334160,2.045782,1
-0.156170,2.346781,1
-0.046520,0.592418,1
0.005583,1.409167,1
1.479367,1.981573,1
-0.588193,-0.039869,1
2.060277,0.313475,1
1.882786,-0.030601,1
1.903862,1.419274,1
-1.643432,1.169220,1
-0.283736,0.997391,1
1.100998,1.868880,1
0.870617,-0.170872,1
0.785914,1.133482,1
-1.028065,1.046063,1
2.440017,2.964845,1
0.627026,3.368251,1
-0.814954,1.027266,1
2.493951,2.524337,1
2.855272,1.474735,1
1.034418,1.273756,1
-0.829094,0.454930,1
0.081364,1.301005,1
1.942486,-0.444023,1
-0.199393,0.657454,1
-0.327256,1.046148,1
0.102273,2.506561,1
2.057840,0.656432,1
1.730601,0.400761,1
-0.540513,3.292187,1
0.742332,-0.914558,1
0.896106,1.228138,1
1.867822,1.904384,1
1.788924,4.856621,1
2.686672,2.339804,1
1.540664,1.755293,1
0.623066,0.501355,1
-0.460680,2.062376,1
0.277501,-0.548081,1
2.259660,0.133796,1
0.235460,1.910287,1
-0.535929,0.786979,1
1.562841,0.771253,1
0.056043,-0.288441,1
0.437067,0.486007,1
-0.299413,-0.254193,1
0.982517,1.943970,1
-1.144798,0.704150,1
1.503923,-0.160253,1
-0.549546,1.222927,1
0.829413,0.589048,1
1.045381,0.881192,1
3.155888,2.349441,1
0.748155,-1.449914,1
1.343773,1.410744,1
0.718636,1.103893,1
0.101085,-0.753694,1
0.289770,2.042174,1
0.692510,0.061433,1
0.054428,2.798451,1
0.950094,-1.089521,1
0.283450,-0.062538,1
1.975753,0.206718,1
0.272336,-1.126955,1
1.909034,0.356286,1
1.850998,1.831818,1
1.467023,-0.804472,1
3.008360,0.661026,1
2.607417,0.231278,1
0.998010,1.060920,1
-0.263193,0.409180,1
0.126804,0.915704,1
0.519961,3.464285,1
2.212425,1.349077,1
0.606879,1.461106,1
1.024953,3.526093,1
-0.008699,1.165948,1
1.537828,-1.018169,1
-0.701108,1.047967,1
0.911998,2.336043,1
1.846268,2.084078,1
2.124606,2.320885,1
3.048972,-0.108674,1
0.394364,-0.804554,1
0.668273,0.370444,1
2.326892,1.609570,1
1.201185,1.589451,1
-0.348077,1.844455,1
-0.375757,3.135125,1
2.346046,1.019029,1
1.083004,-0.202182,1
0.079801,-0.720529,1
1.763142,1.073893,1
2.331498,1.105253,1
2.225686,2.100139,1
1.286382,2.701762,1
0.258064,0.757918,1
-1.555146,1.157060,1
0.427418,1.117583,1
2.241060,1.289958,1
1.667289,1.134409,1
2.928206,1.055278,1
1.894334,0.481883,1
2.316595,1.717000,1
1.543360,2.992965,1
-0.022988,1.580291,1
-1.552255,2.037552,1
1.658892,0.885103,1
1.086368,-0.552900,1
0.420462,1.902618,1
0.469650,1.041797,1
1.450761,2.478477,1
-0.642699,1.811384,1
1.189742,-0.084840,1
1.679059,-0.529240,1
1.659224,3.717494,1
1.270261,-1.260146,1
0.699440,0.650384,1
2.407400,0.739809,1
-0.718044,2.106731,1
0.865602,3.836901,1
0.456340,2.371573,1
1.973710,0.497549,1
2.115174,1.220019,1
2.164361,-0.851817,1
0.575354,-0.028609,1
0.101797,-0.130875,1
0.742075,-0.895892,1
1.611946,0.269537,1
-0.003239,0.606116,1
1.579583,-0.260740,1
1.076817,0.056384,1
1.472490,0.665310,1
1.534081,-1.096979,1
1.001084,0.145080,1
1.071384,1.773435,1
0.190195,1.951371,1
-0.836350,1.874055,1
1.280542,0.473389,1
2.122948,-0.772534,1
2.538798,1.693083,1
2.049462,1.564425,1
2.819137,1.793206,1
2.811003,2.083355,1
-0.636417,2.980328,1
-0.560091,0.266434,1
0.109493,-0.787554,1
0.447474,2.928289,1
-0.102898,1.433562,1
-1.227791,0.665884,1
0.139778,0.548107,1
2.731129,-3.070717,1
3.262239,1.588788,1
1.180061,2.865968,1
0.428504,0.235490,1
-0.911234,1.854985,1
0.532397,1.619359,1
0.617964,2.000842,1
1.865752,0.984456,1
1.371686,1.638709,1
1.954957,1.261592,1
-0.749314,-0.767905,1
0.435499,-0.624964,1
-0.439510,1.542620,1
0.662994,2.140786,1
2.111509,0.119648,1
2.275420,-1.664588,1
1.393254,1.772605,1
3.610838,2.463596,1
1.477384,2.892425,1
-0.655491,2.085657,1
2.261892,0.135457,1
2.659845,0.955143,1
1.165108,2.106415,1
0.477002,0.871951,1
-0.681576,1.334217,1
2.495849,1.901562,1
4.003200,0.798546,1
0.566478,0.122257,1
0.660005,1.658953,1
0.727625,0.137469,1
0.427692,2.087105,1
1.657222,0.749086,1
2.319957,-0.267273,1
2.243222,0.123343,1
0.124749,-1.076151,1
0.407991,0.477928,1
-2.435790,1.394473,1
1.172266,1.289917,1
-0.651141,-0.276879,1
0.861260,0.381417,1
1.391231,0.013643,1
3.475253,-0.277176,1
1.189838,0.688355,1
-1.486258,0.992484,1
0.098307,0.268324,1
2.553066,0.031946,1
0.148229,1.562444,1
0.660306,1.464686,1
2.689844,0.304220,1
2.841161,0.632280,1
-0.674135,0.594252,1
0.869511,0.489148,1
2.367014,1.489661,1
1.689238,1.481928,1
-0.903828,0.603751,1
1.659185,1.191816,1
1.211638,-0.407659,1
-0.631880,0.637366,1
-1.783920,0.464122,1
0.562853,2.025712,1
0.812989,0.948703,1
1.337350,0.268212,1
0.500255,1.775267,1
0.985806,0.746646,1
1.150065,1.379923,1
1.147886,2.140815,1
0.569238,0.726520,1
-0.600502,1.554651,1
2.847235,0.170939,1
1.168791,0.930168,1
2.347220,0.871537,1
0.738063,0.931013,1
2.294904,0.061165,1
2.613433,1.151542,1
1.228619,1.585450,1
0.012055,0.791090,1
0.274357,2.590070,1
2.299310,0.786632,1
1.753360,-0.697044,1
-1.107573,1.141562,1
2.317813,0.800826,1
-0.084856,3.237461,1
2.740221,0.543261,1
1.077328,1.349545,1
-0.141067,2.583045,1
0.510885,-0.404268,1
2.277151,-1.659808,1
-0.056980,1.541105,1
3.218454,0.312451,1
0.540254,0.851678,1
0.670596,0.738586,1
3.440913,2.380658,1
0.071428,0.087580,1
2.182639,2.948730,1
0.353929,2.333124,1
0.177655,0.779148,1
0.493866,1.270343,1
2.437828,2.681546,1
1.541329,1.951510,1
2.334655,0.879552,1
2.256449,1.055551,1
0.855949,1.176917,1
-0.356496,3.489669,1
0.366476,-1.039177,1
2.775190,1.206477,1
1.039366,1.186390,1
2.107045,-0.898107,1
0.461930,1.484408,1
0.561517,0.154095,1
3.057525,1.767039,1
0.258788,1.172149,1
1.350546,2.383719,1
1.976682,0.059758,1
1.390703,1.127312,1
1.949759,1.130918,1
0.215374,1.450825,1
0.093581,1.206238,1
2.036318,2.829011,1
-0.209575,1.570066,1
2.248183,1.533786,1
1.551208,1.077975,1
3.663373,0.813394,1
1.667569,1.132372,1
0.161301,-0.547243,1
0.892878,2.705198,1
-0.912211,-0.102512,1
-0.954637,-0.677772,1
-0.952097,0.890359,1
-0.084581,-1.106256,1
0.185235,0.041048,1
2.401255,0.586839,1
1.733885,1.558967,1
0.552089,-0.233014,1
0.240100,1.517728,1
1.584941,0.270773,1
-0.323508,0.640027,1
2.001227,2.881443,1
1.597975,-0.571963,1
1.915048,1.006683,1
1.759546,-0.076083,1
0.590955,0.048001,1
2.850377,1.147183,1
1.665304,3.424920,1
-0.985384,1.912783,1
1.078794,1.682601,1
0.834831,1.806994,1
0.710533,1.075489,1
0.399411,0.694038,1
-0.403229,-0.143286,1
0.125526,0.872453,1
-0.247907,0.272720,1
0.849417,2.457280,1
-0.236362,1.874221,1
0.583640,0.276491,1
1.576588,-0.415190,1
1.766591,2.724207,1
1.363972,-0.512799,1
-1.170517,1.182111,1
1.774209,2.209966,1
2.902485,2.014021,1
0.125926,0.768817,1
-0.485182,0.673388,1
-1.496652,0.415077,1
0.471252,2.643234,1
0.778121,0.644227,1
-0.072133,-0.476724,1
0.892779,-0.372089,1
1.246558,0.999087,1
-0.754222,-1.127874,1
1.502638,0.097938,1
0.762464,-1.339527,1
-0.383479,0.907268,1
2.227819,1.075490,1
1.333581,2.249826,1
2.405273,1.834919,1
-1.077659,-1.943947,0
-2.362663,-0.533849,0
-0.276015,-0.132084,0
-0.122445,-1.607768,0
-0.011329,-2.030605,0
-0.401141,-0.937350,0
0.274080,-2.201172,0
-2.412710,0.311759,0
-2.905184,-2.311544,0
-0.963324,-1.204176,0
-1.300559,-1.006348,0
0.019830,0.956369,0
-0.797481,-0.866808,0
-1.330402,2.484307,0
-2.084300,-1.798635,0
-1.128865,-1.151112,0
-1.366142,-1.176575,0
-1.027368,-1.575930,0
0.311358,-0.430740,0
-1.791013,-1.629749,0
-1.175497,0.693775,0
-2.119015,-0.472878,0
0.403997,-0.616806,0
-0.436208,2.279236,0
0.048293,1.221040,0
0.338862,-3.133355,0
-2.067072,-2.909947,0
-0.619229,-0.043290,0
0.173348,-1.204107,0
0.854304,-0.017267,0
-3.487052,-0.431400,0
-0.710136,-3.577666,0
-0.458413,-1.384559,0
-0.865636,0.234701,0
-2.115162,-3.443133,0
-1.024907,-2.312784,0
-2.663308,-0.658990,0
-0.890884,0.089445,0
-2.538851,-0.650206,0
-1.553771,-4.507922,0
-2.503000,-0.236604,0
-1.098300,-1.134654,0
-0.370182,0.091245,0
-0.993105,-0.180360,0
-1.326087,-1.739718,0
0.072511,-0.960807,0
-0.759282,0.028732,0
-3.307042,-0.916052,0
-1.259781,-1.907302,0
-2.293675,-1.207759,0
-1.116763,-1.090667,0
-0.007811,-0.696354,0
-1.525176,-0.767375,0
0.675205,-1.555664,0
-2.230100,0.147725,0
-1.366904,-0.220838,0
-1.215118,-2.247076,0
-1.649020,-1.615923,0
-2.492624,0.905325,0
-1.434976,-1.649407,0
-3.886432,1.551205,0
-1.569384,-0.395341,0
-2.524993,-1.985724,0
-3.156610,-2.368377,0
-0.754184,1.359757,0
0.161356,-1.854359,0
-0.797671,-0.095286,0
-2.596533,-2.497953,0
-1.697038,-0.591181,0
-2.487590,-1.843630,0
-2.464524,-1.002170,0
-1.083664,1.122910,0
-1.591642,-0.496628,0
-0.541902,-1.402104,0
1.797494,0.957392,0
0.244382,1.552702,0
-3.163236,-2.504966,0
-3.201902,-0.193464,0
-2.133528,-0.790261,0
-0.625812,1.040821,0
-0.763766,-0.458935,0
1.203415,-0.940818,0
-2.853586,-2.482806,0
-0.258314,-0.128188,0
-1.866243,-0.974261,0
-0.810188,-1.356170,0
-2.209037,-1.924109,0
-0.906967,-2.057795,0
-1.434372,-1.235960,0
-1.020402,-3.375952,0
-2.269376,-0.972730,0
-1.637787,-0.029578,0
-1.549054,-1.402326,0
-3.032694,1.035950,0
-0.133684,-0.442661,0
0.549959,-0.014238,0
-0.904326,-1.456596,0
0.571184,1.006563,0
-2.372213,-2.663885,0
-1.602361,0.157387,0
-2.708410,-1.269891,0
-0.545210,-0.040036,0
-0.736587,-1.771449,0
-0.468942,-0.712983,0
-2.152120,-1.302190,0
-0.661273,-1.068349,0
-0.204821,-1.957351,0
-0.254874,-1.589664,0
1.072927,-0.260442,0
-1.504428,-2.214278,0
-1.718501,-2.101430,0
0.468244,0.070952,0
-0.666226,-0.474822,0
-1.866046,-0.174234,0
-2.177622,-2.466316,0
-1.172209,-0.742412,0
1.790515,-1.205641,0
-0.583174,-2.043949,0
-2.075101,-0.835561,0
-1.029149,-0.477821,0
-0.358940,-2.333259,0
-1.105568,-1.225489,0
-1.242870,-0.848738,0
0.556522,-2.025019,0
-2.133259,-2.763776,0
-1.323662,0.554418,0
-2.802882,-1.815479,0
-0.206321,-2.928646,0
-1.294619,-1.425654,0
-1.104242,-1.823929,0
-2.181268,-1.178428,0
-1.101776,-1.063247,0
-0.430093,0.949833,0
0.963493,-1.536243,0
0.188245,-1.213762,0
-0.723546,-2.756452,0
-2.540611,-2.891510,0
-0.499514,-1.476944,0
1.382738,0.457219,0
-1.462194,-0.608384,0
0.977808,-0.554823,0
-0.066014,-2.329937,0
-1.589717,-2.094539,0
-0.848160,-1.430567,0
-1.200217,-1.473545,0
-1.635069,-1.532071,0
-0.787093,-1.121207,0
-1.573832,0.069325,0
-1.268911,-0.258376,0
-1.345978,-0.058331,0
-1.310342,-3.243782,0
-1.489510,-1.446771,0
-1.873817,-0.328490,0
-1.345694,-0.803558,0
-2.026182,1.103044,0
-1.233385,-2.526466,0
1.096079,-1.898787,0
-1.983889,-3.100631,0
-1.544052,-1.692479,0
-1.711965,-0.751281,0
1.274782,-2.750854,0
-1.020037,-1.563585,0
-1.373793,-0.012507,0
-1.847255,-2.487498,0
-0.946062,-2.073937,0
-0.404511,-1.217654,0
-0.722062,0.898082,0
-1.089517,-0.430456,0
-1.350979,-2.593741,0
-1.269564,-0.330118,0
-1.507250,-1.933946,0
-1.291446,0.056050,0
0.758863,0.323716,0
-0.384344,0.301849,0
-1.301532,-0.794508,0
0.152192,-1.808016,0
-2.035844,-1.290239,0
-0.675647,0.095636,0
-0.269617,-2.593554,0
-0.606928,-2.036199,0
-0.978601,0.252595,0
-1.817290,0.724260,0
-0.286759,-0.782930,0
-2.236676,-1.280163,0
-4.084429,-0.340182,0
-3.330861,-1.938952,0
-2.483656,2.577883,0
-0.064970,-3.539436,0
-2.411037,-0.822062,0
0.670900,-4.028883,0
-2.255541,-0.208120,0
-1.119164,-5.051906,0
-1.018794,1.858814,0
-1.845073,0.361213,0
1.000557,-0.455794,0
-1.824605,-0.129067,0
-1.288895,-1.860632,0
-2.757580,-1.625758,0
-1.068541,-1.091473,0
-1.165513,-0.475051,0
-1.434808,-0.187079,0
-1.901787,-0.400762,0
-0.293261,-0.414128,0
0.127623,-1.376218,0
-0.510273,-0.243775,0
0.572041,-0.447711,0
-1.352499,-1.366466,0
-0.378089,-0.252266,0
-1.403058,-1.063260,0
-1.637845,-0.847296,0
-2.764033,-1.000259,0
-0.236484,-0.576055,0
-0.747537,-1.680872,0
-0.890210,-0.108380,0
-1.442584,-0.815885,0
-0.879469,-1.292866,0
0.556254,-1.581960,0
-1.810848,-1.461251,0
-2.735897,-1.666680,0
-0.143591,-0.640110,0
-0.765264,-1.801813,0
0.108741,-0.211376,0
-1.437305,-0.738632,0
-0.727719,0.827625,0
-0.962328,-1.036355,0
-0.707680,-1.452481,0
-1.697662,0.774843,0
1.015894,0.014440,0
-1.517771,-0.536199,0
1.485599,-2.057387,0
-1.529989,-1.033870,0
0.599672,0.248363,0
0.465778,-0.887970,0
-0.286048,0.439521,0
-0.097400,-2.526545,0
-2.040747,-2.145185,0
-0.379280,-0.438841,0
-2.104080,-2.385750,0
-0.345392,-1.782368,0
0.024282,-0.801573,0
-2.748146,-1.910040,0
-2.107984,-0.890163,0
-0.197023,-1.285299,0
-0.916661,0.285386,0
-0.960110,0.189754,0
-1.413718,0.604680,0
-0.341481,-1.674442,0
0.019277,0.687387,0
-2.820699,-0.302000,0
-0.339111,-0.571621,0
-2.047410,-2.955588,0
-1.844458,-1.274360,0
0.273497,0.363418,0
-1.165811,1.399824,0
-0.924336,-2.370588,0
-2.525625,-2.388804,0
0.119009,-0.523441,0
0.017189,-1.686786,0
-0.739162,-0.835427,0
-1.140723,-1.835635,0
-0.436470,-1.314701,0
0.995966,-0.433017,0
-3.315979,-1.721550,0
-2.112533,2.141777,0
-0.435069,-0.518098,0
-0.183337,-1.176077,0
-1.541037,-2.087632,0
-2.213891,-0.301592,0
0.821858,-0.745961,0
-0.454642,1.035188,0
-2.323762,-1.505501,0
-1.840803,-1.140829,0
-2.192989,-0.612106,0
-3.361661,-2.344346,0
-2.190189,-2.462576,0
-2.608972,-1.643673,0
0.663792,0.588963,0
0.299438,-0.210652,0
1.174484,0.594015,0
-0.917142,-2.579262,0
-1.715287,0.613578,0
-1.834103,-1.256203,0
-0.177533,-2.224434,0
-1.264481,0.100355,0
-1.207314,-0.861269,0
-1.361262,-3.152510,0
0.547933,0.779334,0
-1.158820,-0.338390,0
-0.838090,-2.671453,0
-0.913285,-1.281744,0
-1.675905,-0.526521,0
-0.409798,-1.154181,0
-0.515856,-2.344472,0
-1.315096,0.270111,0
-1.724318,-2.009113,0
-2.275549,-1.712857,0
-0.055938,-1.639969,0
-0.608521,-1.627398,0
-2.146066,-1.445421,0
0.936364,-0.931019,0
-2.222448,-0.335615,0
-0.358176,-1.131922,0
-1.260281,-2.663922,0
-0.421147,-2.040812,0
-0.844902,-0.205806,0
-0.991446,-1.945797,0
-2.237149,-1.138987,0
-0.191661,-2.181991,0
-2.152513,-1.718955,0
-0.671704,0.175993,0
-0.644863,-0.744348,0
0.000104,-1.177011,0
-1.004540,-1.583175,0
-0.242382,-0.634329,0
-1.571028,-2.884430,0
-0.735401,-1.522516,0
-1.164220,-0.734309,0
-1.175628,-1.245503,0
-0.604670,-0.612345,0
-0.604393,-0.330032,0
-0.485907,-1.009954,0
0.574435,-0.651467,0
-0.542013,-1.498688,0
-0.033760,-2.595900,0
0.069910,-1.363618,0
0.094536,1.427809,0
-1.530941,-2.410643,0
-1.092506,-0.366641,0
-1.365273,-2.285727,0
-1.645290,-1.616953,0
-1.291499,-2.620582,0
-1.377425,-1.921527,0
-0.118320,-0.321979,0
-1.381701,-0.315929,0
-1.769578,-1.233166,0
-0.005360,-1.386605,0
-1.933505,-0.352723,0
-1.667670,1.823427,0
-1.124896,-2.079251,0
-1.647769,-1.216756,0
-1.752684,-0.618263,0
-0.803393,-0.763443,0
-1.550513,-0.886580,0
-0.321990,-0.669637,0
0.391649,-0.018972,0
-0.395907,-2.879358,0
-1.509900,-0.200589,0
2.903320,-1.785830,0
-1.346305,-2.142984,0
-0.668393,-3.040210,0
-1.686176,0.532045,0
-1.968477,-0.853828,0
-2.701113,-0.388243,0
-0.634138,-0.309037,0
-1.039994,-1.884853,0
-1.739700,-1.596538,0
-1.143523,0.029380,0
-0.367332,-0.653943,0
-1.109594,-2.933967,0
1.039449,-1.862309,0
-1.206440,0.086953,0
-0.322079,-3.499414,0
1.263134,0.185202,0
-1.218786,-0.775879,0
-1.383470,-0.430741,0
-0.844954,-2.177226,0
1.532807,-1.668295,0
-2.462704,-1.546748,0
-1.408861,-0.212009,0
0.985689,-1.242820,0
-1.262866,-0.905400,0
-0.288544,-2.783482,0
-1.137656,-1.788675,0
-0.211272,-1.721296,0
0.509570,-0.420436,0
-2.338421,-1.818514,0
-0.166879,-2.122719,0
0.435514,-0.587938,0
0.329283,-0.979412,0
-2.486384,-1.711932,0
-1.405982,-0.364606,0
-1.099550,-0.984136,0
-0.857879,-2.075257,0
-0.942930,0.135659,0
-1.450169,-3.188433,0
-0.774978,-0.685171,0
-1.480973,-0.712345,0
-2.792766,-1.226956,0
-0.194922,-1.197851,0
0.398489,-2.391681,0
-0.166617,0.327184,0
-2.776409,-1.676399,0
-1.758553,-2.179123,0
0.330543,-1.650754,0
-1.094839,-1.350836,0
-0.236776,-0.697389,0
1.755026,-1.832110,0
1.696966,-1.251929,0
-0.274995,0.802002,0
-1.184233,0.447676,0
-0.506531,0.386818,0
0.228462,-2.906828,0
-0.254750,-1.710035,0
-0.227325,-1.027912,0
-2.794645,-0.007491,0
-1.993532,-2.622410,0
-2.158047,-0.642033,0
-1.543687,-0.634222,0
0.560112,-2.817269,0
-1.508645,-1.136412,0
-0.374100,-1.348973,0
0.344425,-1.244336,0
1.115007,-2.114383,0
-1.785402,-0.648592,0
-0.936833,-1.654951,0
-1.286955,-0.872098,0
-0.546359,-0.644475,0
0.258545,-2.580018,0
-1.692871,-0.516339,0
-1.750772,-1.207701,0
-1.255120,-2.089783,0
-2.223634,0.006192,0
-1.309834,-1.143435,0
-1.689965,-1.097019,0
-0.004454,-2.046165,0
-1.183850,0.072411,0
-4.967693,-1.024452,0
-0.260613,-1.578650,0
-2.284160,0.262701,0
-0.460887,-2.419338,0
-0.972518,1.205297,0
-2.450840,-0.642439,0
-0.822655,1.497211,0
-0.594674,-0.562204,0
-1.952311,-1.730010,0
-1.105504,-2.720010,0
1.078226,-2.095009,0
0.116315,-0.782022,0
-0.350720,-0.463019,0
-0.016979,-0.709033,0
0.168900,-1.957533,0
-0.999220,-0.703977,0
-0.865755,0.257933,0
-1.365178,-0.855037,0
-0.310604,0.091779,0
-1.523064,-2.935988,0
-0.421488,-1.679032,0
-1.000621,-2.577446,0
-2.940786,-1.124125,0
-0.957624,0.223647,0
-0.915612,-0.119657,0
-0.310420,-2.408283,0
-1.684993,-2.466903,0
-1.909766,0.144008,0
-0.652328,-0.590823,0
-2.800370,0.737912,0
-0.778615,-0.395986,0
-1.279038,-4.342466,0
0.493501,-0.620161,0
-0.811087,-0.618465,0
-2.977283,-1.677958,0
1.016827,-0.401041,0
-0.838174,-3.492103,0
-0.398333,-0.177396,0
-1.992986,0.863531,0
-0.667807,-1.258874,0
-1.012309,-0.538713,0
0.090985,-2.169600,0
0.524719,1.179495,0
-1.459415,-2.341425,0
-2.380349,0.321070,0
-1.591418,0.570429,0
-0.519938,-1.490529,0
1.119231,-0.417026,0
-1.927144,-1.706605,0
1.240202,0.424757,0
0.889379,-0.767817,0
-0.282294,-1.394154,0
-0.308676,-2.488699,0
0.315609,-1.001313,0
0.731797,-0.187811,0
-0.790125,-1.856135,0
-1.301836,-1.516135,0
-1.173702,0.116834,0
-0.780233,-1.523166,0
-0.043143,-1.453855,0
-4.198403,-1.665340,0
-0.403566,-0.503692,0
-0.710502,-2.553342,0
-2.785772,-2.286292,0
-2.906332,-0.491462,0
-1.663326,-0.783681,0
-0.650730,-1.816088,0
-0.318138,-1.897377,0
-0.580196,-1.643620,0
-1.093879,-1.950259,0
-1.088563,-1.623753,0
-0.911703,-1.381623,0
-1.912256,-1.870973,0
-1.161987,-0.337638,0
-1.565871,0.846869,0
-0.467983,-1.719048,0
-1.859396,0.031702,0
-1.631686,-0.333401,0
0.400661,-2.081114,0
-1.201396,-2.175254,0
-2.546539,1.548495,0
-0.834399,0.358317,0
0.549708,-3.003376,0
-0.586288,0.200725,0
-0.711449,-3.002725,0
0.819869,-3.185499,0
0.004662,-0.602740,0
0.287530,-1.869608,0
-0.807179,1.223019,0
-0.768651,-2.752559,0
-2.042070,0.358630,0
-1.513623,-0.169961,0
-1.860381,-1.319180,0
-0.921657,-1.441046,0
-0.536776,-0.489634,0
-0.370827,-1.117647,0
-0.665899,-3.078343,0
1.274377,-1.400163,0
-0.758288,-0.470296,0
-2.343949,-0.878010,0
-0.216262,-0.349868,0
-1.244025,-0.327811,0
-2.182890,-0.439662,0
0.946340,1.093506,0
0.551741,-2.458382,0
-0.882185,-1.466113,0
-1.662602,-0.116580,0
-2.039938,0.431746,0
-1.221952,-1.308062,0
-1.927909,0.124927,0
-1.983615,-3.246020,0
-0.118140,-1.746356,0
-1.414339,-1.462985,0
-2.510903,-1.104174,0
-0.620217,-0.817934,0
-2.230748,-0.127044,0
0.201589,-1.426756,0
-2.159421,0.114308,0
0.704161,-1.175353,0
-1.506806,-0.314530,0
-1.442026,1.978036,0
-0.417201,-0.251754,0
0.029716,1.793741,0
-1.505785,-0.379498,0
0.464040,0.486987,0
-0.133534,0.622956,0
-1.233546,0.409175,0
0.546744,-0.627200,0
-1.214723,-2.697069,0
-1.235333,1.032062,0
0.414983,-0.810229,0
1.750388,-0.830337,0
-0.314438,-1.072556,0
-1.221991,0.862783,0
-1.725995,-0.901390,0
-1.691955,-3.257899,0
0.497428,-3.742405,0
-0.308304,-0.923428,0
0.129201,-3.448969,0
-2.358831,0.099097,0
-2.220399,-1.571145,0
-0.179540,-2.127157,0
-1.337788,-1.993532,0
-1.935428,0.642905,0
-1.080403,-1.228847,0
-0.405222,-2.036216,0
0.943007,-1.260233,0
-1.064133,0.643194,0
-0.508162,0.453840,0
0.988505,-0.671451,0
-1.067190,-0.446246,0
-0.481654,-0.428605,0
-1.652345,0.206207,0
0.737711,-1.329415,0
0.512627,-0.316853,0
1.457664,-0.851325,0
-1.838058,-3.242787,0
-1.699311,0.387612,0
-1.847339,-0.068515,0
-0.523753,-1.938521,0
0.110321,-0.666480,0
-1.663928,0.714689,0
-2.168287,-1.911373,0
-0.424781,-1.484815,0
-2.138326,-1.349757,0
-1.309035,-2.016382,0
-2.353099,-0.967720,0
0.291596,-0.661265,0
0.707980,-0.440282,0
-1.857826,-0.679534,0
-0.922617,-0.524505,0
1.111907,-1.659311,0
-1.231091,-0.878424,0
0.356250,-0.276971,0
0.988925,-1.681952,0
-2.262137,0.874885,0
-2.107122,-0.910016,0
0.552804,-1.482248,0
-1.714657,-1.102307,0
0.565317,-1.005824,0
-2.013518,-1.635512,0
-1.308366,-1.556796,0
-2.836593,0.148450,0
-1.316970,-2.646784,0
-0.238383,-2.493731,0
-2.446495,-0.905895,0
-1.890549,0.609348,0
-0.943263,-0.807732,0
-2.531054,-1.641151,0
-0.040272,-2.505353,0
-0.218190,-0.667353,0
-1.681047,-2.426330,0
-0.634988,-2.039892,0
-1.949493,0.024237,0
-0.881950,-0.544176,0
-1.056782,0.207518,0
0.116727,-2.846149,0
-0.837518,-2.571299,0
0.320464,-1.082893,0
-1.207054,-0.310393,0
0.895490,-0.389967,0
-2.007413,0.244156,0
-0.931634,-0.295125,0
-0.863776,-1.927486,0
0.325175,-2.809365,0
-1.075344,-1.566975,0
0.067221,-2.347160,0
-2.939499,-1.005201,0
-3.410318,-0.192249,0
-0.603541,-2.042992,0
-1.186439,-1.738170,0
-1.280821,-0.498711,0
-2.158145,-3.918463,0
-0.243859,-0.093764,0
-1.951001,-4.273317,0
-1.595345,-3.208506,0
-1.855389,-1.159070,0
-0.867264,-1.234806,0
1.370055,-0.964459,0
-1.101206,0.539263,0
-0.836108,-0.695416,0
-0.097468,-3.378086,0
-3.445991,-2.574645,0
-0.749975,-1.144486,0
-1.853815,-0.150538,0
-1.299128,1.182744,0
-1.249568,-2.065565,0
-0.977206,1.360884,0
-0.252215,-0.674132,0
-1.665484,0.490004,0
-0.572690,1.045295,0
-1.478020,-0.648127,0
-1.602617,-1.825122,0
0.276448,0.340607,0
-0.825389,-0.868903,0
-2.336993,0.846323,0
-2.256979,-1.122664,0
-2.509740,-0.456378,0
-1.873348,-1.311801,0
0.432146,-1.413420,0
-1.722030,-1.375809,0
-1.971472,-1.464902,0
-1.902551,-2.010347,0
-1.156935,-2.714022,0
-0.694949,-3.430461,0
-0.753056,-0.147104,0
-1.593437,0.217997,0
-1.708112,-0.226408,0
-2.448659,-0.191928,0
-2.056500,-1.690882,0
-1.818683,1.066935,0
-1.648728,-3.861149,0
-0.458307,0.411534,0
-1.646434,0.173874,0
1.519758,0.236035,0
-1.570640,0.360660,0
0.284758,-2.294738,0
-0.668865,-0.190881,0
-2.139691,-2.672559,0
-1.101513,-1.416887,0
-0.150080,-3.520246,0
-1.831416,-1.119173,0
-0.687278,-2.340326,0
-1.380943,0.526259,0
1.682232,-1.837217,0
-1.832968,-1.448843,0
-0.211987,-1.041142,0
-2.301384,0.309917,0
0.210066,-0.494524,0
-1.598369,-0.957354,0
-0.281529,-1.664810,0
0.094221,-0.321894,0
-1.396282,-1.038152,0
-2.965763,-1.363129,0
-0.972730,-0.629313,0
-0.184385,-1.896697,0
-3.459049,-2.197456,0
-1.447789,-1.179003,0
1.007337,-1.886187,0
-0.864000,-1.862852,0
-1.682580,-2.682448,0
0.124257,-0.635350,0
-1.335051,-0.459897,0
0.559240,-1.753030,0
-1.271720,-0.539079,0
0.180357,-0.579853,0
-0.244414,-0.928507,0
-2.311127,-0.507757,0
-1.209741,-0.893866,0
0.155122,0.860260,0
1.751699,-2.252048,0
-2.832277,-0.608393,0
0.214168,-0.922167,0
-3.031772,0.046528,0
0.505586,-3.300324,0
1.308785,-1.154018,0
-3.356860,-0.318102,0
-1.858412,-0.633728,0
-2.043053,-0.914335,0
0.206368,-2.916205,0
-2.846527,-2.689628,0
-0.186484,-0.888275,0
-1.658102,-1.385266,0
0.139692,-1.962573,0
-0.991181,-0.277520,0
-0.197804,-2.254691,0
-0.467403,-1.805183,0
0.085078,0.552821,0
-0.954289,-1.089630,0
0.267939,-0.939579,0
0.257381,1.315280,0
-1.313944,-0.681265,0
-1.704128,-0.136549,0
0.244515,-0.362450,0
-4.538697,-1.738959,0
-1.199784,-1.736625,0
-3.814088,-1.551460,0
0.294482,-1.850292,0
0.075828,-0.297194,0
-1.302035,0.299183,0
-1.064182,-0.791000,0
0.625456,-2.082213,0
0.085111,1.403357,0
-2.978212,-1.933048,0
-1.685906,-0.755215,0
-1.327765,0.922189,0
-0.754560,-0.791428,0
1.016273,-1.308172,0
-1.527097,-0.903480,0
-3.272144,-1.990655,0
0.416514,-1.079295,0
-1.251011,0.882272,0
-1.300630,-0.084809,0
-0.816550,-3.623320,0
-0.208628,-3.320945,0
2.233487,-0.916085,0
-1.272742,-2.726687,0
-2.616605,-0.868305,0
-1.017188,0.239782,0
-1.825511,-0.848690,0
-0.493842,-1.112091,0
-0.869268,1.888631,0
0.017078,-0.138336,0
-0.831181,-1.283767,0
-2.529461,-2.782824,0
0.546091,-0.876997,0
-2.146524,-0.828678,0
-2.595383,-1.378662,0
0.851725,-1.852003,0
-0.921134,-0.996140,0
-0.806837,-0.091251,0
0.341738,-0.526688,0
-0.446388,-2.990979,0
-0.658379,-1.509399,0
-1.325118,-0.740720,0
0.382434,0.421736,0
-1.393753,-1.220613,0
-1.807722,-0.127492,0
-3.625120,-0.409121,0
-0.801249,-2.471538,0
-0.537336,-1.759778,0
0.068238,0.885495,0
0.291113,-0.913473,0
-2.892317,-0.666749,0
-1.355204,-2.742414,0
0.124738,-2.022819,0
-0.575211,-2.981509,0
-0.273560,-3.269843,0
-2.129782,0.415988,0
-0.084981,1.209167,0
1.055480,-4.698370,0
-1.137396,0.261983,0
-1.403876,0.119288,0
-2.445211,-0.084843,0
-0.577019,-3.234850,0
-0.852526,-2.066426,0
0.014774,-0.187026,0
-3.654385,0.548129,0
0.105653,-1.093183,0
-1.922719,-0.152996,0
-1.096525,-1.002626,0
1.204734,-2.664632,0
-1.848944,-2.966218,0
-1.378021,-2.095189,0
-2.212562,-0.139356,0
-1.118027,-0.651747,0
-2.284176,-1.867850,0
-2.046699,-1.627272,0
0.611236,-2.916590,0
-1.220649,-1.021600,0
-2.296244,-0.260076,0
-1.222212,-1.735949,0
-1.436948,-3.184035,0
-1.876085,0.125027,0
0.820254,-1.950229,0
-0.794785,-1.074844,0
-2.467271,-1.689308,0
-2.546719,-0.739633,0
-1.648633,0.095445,0
-0.124761,-0.120001,0
-1.213485,-2.162340,0
-2.280029,0.674075,0
-1.996560,0.904502,0
-0.636128,-0.149670,0
-1.124693,1.535605,0
-3.691647,-0.765295,0
-3.376842,-1.214257,0
-1.700816,-2.857410,0
-1.806433,-0.997174,0
-0.321578,-0.232685,0
-0.388848,-1.239967,0
-0.147815,-3.243393,0
-4.030847,-2.288200,0
-1.600845,-1.626337,0
-2.074587,-2.226996,0
-0.128444,-2.289184,0
0.569732,0.937552,0
-1.658257,-1.522831,0
-1.185935,-0.426824,0
-0.028465,-1.691550,0
-0.952932,-3.187482,0
-0.271566,-2.209663,0
-0.148127,-3.029754,0
-1.795987,-0.946832,0
-0.251364,-2.002557,0
-1.555911,-2.366559,0
-2.298795,-1.253779,0
-3.200277,0.298572,0
-1.793756,-2.548713,0
-1.223080,-2.967826,0
-1.027164,-1.201885,0
-0.188501,-0.575174,0
-0.842983,-0.594944,0
-1.024321,1.479690,0
-1.598718,-2.051006,0
-0.638856,0.892654,0
0.576226,0.253485,0
0.008723,-0.641038,0
-1.863028,-1.294421,0
0.254195,-1.336569,0
-1.341376,-1.798574,0
-2.587409,-0.060320,0
-0.324420,-0.720716,0
-1.084552,-1.808966,0
-2.145096,0.115090,0
-1.947183,-0.691345,0
-1.014320,-0.562258,0
0.235275,-1.662271,0
0.652527,0.051445,0
-0.399877,-1.469466,0
-1.352397,0.081625,0
-1.253995,-1.718096,0
-1.218555,-2.365366,0
-1.053274,-1.552624,0
-0.325095,-0.293191,0
-1.980035,-1.740833,0
-0.306972,-0.357830,0
1.718414,-1.002183,0
-0.875206,-0.350278,0
-3.648109,-2.257842,0
-1.722247,-0.264742,0
0.504720,-1.645885,0
0.231877,-1.515909,0
-1.740537,-1.782091,0
0.741475,-1.196269,0
-0.572145,-0.582373,0
-0.422619,-0.471803,0
-1.470008,1.085509,0
1.205669,-1.529212,0
-0.499624,-1.998536,0
-1.496794,-0.686446,0
-0.073265,-0.490906,0
3.168351,-1.642506,0
-1.745503,-1.826714,0
-0.897502,-0.611346,0
-1.111207,-0.518210,0
1.340642,-3.486533,0
-1.795077,0.580853,0
-0.541150,-3.055566,0
-0.810726,-1.888906,0
-1.617654,1.032682,0
-0.876187,1.121445,0
-1.715422,-1.252022,0
-2.258568,-1.020473,0
-1.054466,-1.159178,0
-2.225335,-0.027229,0
-0.067917,-0.961764,0
-2.306132,-2.268041,0
-2.229977,0.274047,0
-1.908251,-2.591805,0
-1.549573,-0.294820,0
1.208294,-1.663593,0
-2.421759,0.641557,0
1.042280,0.550059,0
-1.248430,0.411910,0
-0.925956,-0.016916,0
-2.226721,-2.327461,0
0.641792,-1.490413,0
-1.510107,-0.954168,0
-1.675282,-2.682161,0
0.895208,-1.417698,0
-1.579038,-2.243366,0
-1.466958,-1.388703,0
-0.192909,-1.043441,0
-0.420666,-0.148798,0
-3.143545,-0.249696,0
-1.201773,-1.010639,0
-1.688560,-1.835957,0
1.016747,-1.491053,0
0.632290,-1.755969,0
-1.037113,0.394780,0
-0.873640,0.793735,0
0.483973,-0.768196,0
-2.043078,-1.469649,0
-1.694498,-0.653773,0
-2.356846,-1.165874,0
0.178303,-3.095218,0
-1.370752,-2.546145,0
-1.421857,-1.051384,0
-0.675969,-1.091171,0
-0.284715,-2.488524,0
-2.141977,-0.467551,0
-1.762115,-1.080868,0
-0.918855,-2.778507,0
-2.127886,-0.903568,0
-2.581516,-2.057285,0
-0.270228,-1.545722,0
0.121046,-1.952203,0
-2.346005,-0.248553,0
0.136817,-0.548017,0
2.363064,-2.516095,0
-1.848429,0.111059,0
-1.586860,-1.716394,0
-0.691260,-0.585659,0
0.127306,-1.396457,0
0.806021,-1.057462,0
0.337292,-0.467151,0
-1.049230,0.286198,0
-1.925488,-1.464705,0
-0.941998,-0.653229,0
-0.432531,-1.408348,0
-1.215057,0.548604,0
-3.855863,0.125677,0
-2.101140,-0.676601,0
-0.088820,-3.208844,0
-2.187962,-2.094028,0
-2.033539,-1.732598,0
-1.605255,-1.068216,0
-0.379910,-0.739228,0
1.423749,-0.119946,0
0.056302,-2.555365,0
-0.074370,-1.457186,0
-2.179513,0.581637,0
-1.627745,-2.771622,0
-2.230495,-1.151814,0
-3.666353,-0.275580,0
-2.516250,0.474109,0
-0.568685,-1.349643,0
-1.205885,-1.486384,0
0.022064,-1.138326,0
-0.273066,-1.292828,0
-0.212644,-0.814894,0
-0.418690,-1.413134,0
-2.981216,-3.146077,0
-0.364944,-1.383039,0
-1.479791,-2.362774,0
-1.829583,-0.736652,0
-2.160231,-0.435095,0
-1.422359,-1.892918,0
-1.287205,0.426797,0
-1.031380,-0.771309,0
-2.061770,-1.007213,0
-2.385635,-0.282048,0
-1.450778,-2.597310,0
0.550955,-0.441431,0
0.045930,0.684767,0
-1.697704,-1.409420,0
1.150302,2.361732,0
0.318104,0.410374,0
-2.889722,-0.805112,0
1.227339,-2.486348,0
-1.620752,-1.412022,0
-0.634444,-3.384161,0
-1.828036,1.263424,0
-1.069785,-0.058623,0
-1.786148,-1.276062,0
-1.307881,-0.812009,0
-2.102388,-0.172510,0
-1.612495,-0.434862,0
-0.208442,-1.760114,0
-0.961770,0.557721,0
-1.450365,0.990847,0
1.591857,-2.167807,0
-1.154975,0.760206,0
0.012618,-0.905533,0
0.471385,-1.867753,0
0.353838,-1.585371,0
0.479364,-0.865662,0
-1.554995,-0.532374,0
-2.367362,-0.610962,0
0.783871,-1.803878,0
-2.763967,-1.524129,0
-1.932330,-1.584624,0
-1.299093,-1.462708,0
-0.549049,-1.387119,0
-0.678599,-2.975950,0
-1.390102,0.415946,0
-1.416127,-0.354277,0
-2.821255,-1.997614,0
-2.606712,-0.899582,0
-2.578429,-2.585023,0
-1.400078,1.632700,0
-1.516132,-0.182470,0
-3.197404,-0.842877,0
-2.610311,-0.478258,0
-1.113636,-0.510440,0
-0.838257,1.003715,0
0.444443,-0.645811,0
-1.336214,-1.239539,0
-0.642565,-0.083398,0
-0.583871,-1.647476,0
-1.360375,-0.542027,0
-0.215715,-0.050418,0
-1.128507,-1.872871,0
-0.829785,-1.507988,0
-0.681555,-0.944917,0
-1.740413,-1.771995,0
-2.679095,-2.205869,0
-1.202157,0.367465,0
0.786891,-2.169898,0
-0.271865,0.598524,0
-0.736572,-0.939607,0
-0.505373,-2.565345,0
-0.932869,-1.365635,0
-0.741192,0.173613,0
-1.054183,-1.444724,0
-1.375584,-0.992022,0
-1.385461,-0.368714,0
-1.597291,-1.004745,0
0.624502,-1.396650,0
-2.424498,-1.976364,0
-0.849579,0.427869,0
-3.138452,-1.943975,0
-2.258167,-1.625842,0
0.122398,-0.231441,0
-1.850766,-2.300536,0
-1.023366,-2.371447,0
-0.187747,0.249266,0
-2.596464,-0.118176,0
-0.411259,-1.404378,0
0.822571,-2.006431,0
-3.275161,0.911155,0
-1.201822,-2.600192,0
0.223595,-1.424363,0
-1.231351,-1.624057,0
-1.777898,-2.334176,0
-0.464001,-0.682053,0
-2.230532,-1.193446,0
0.691906,0.070864,0
-0.221025,-2.781177,0
0.651574,-0.179289,0
-1.381574,0.058818,0
0.044486,-1.925750,0
-3.249950,-0.882565,0
-1.766282,-0.397992,0
-0.268608,-1.041883,0
-0.058853,-1.089396,0
-4.285508,-1.360650,0
-2.036127,-0.838274,0
-1.242504,-2.075847,0
-0.003966,-0.021418,0
-2.425446,-1.217096,0
-1.016010,-2.174245,0
-0.511706,-2.440406,0
1.416488,-4.157587,0
1.135612,-0.611240,0
-0.721918,-1.599282,0
-3.429276,-1.797473,0
-0.575416,-2.965495,0
-1.153053,0.521319,0
-0.754983,-0.818851,0
-1.009770,-1.985739,0
-0.309095,-2.206255,0
1.084557,-0.750040,0
-1.363417,-2.121369,0
-4.221528,-0.500881,0
0.177145,-0.559557,0
0.784005,-0.092550,0
0.078291,0.249595,0
-0.317692,-2.146260,0
-2.569218,-3.326323,0
-1.006276,-1.548136,0
-0.862343,-0.436378,0
-1.204499,-0.775907,0
-0.513625,0.020925,0
-0.502511,-1.463646,0
-1.758095,0.528155,0
-1.286050,-2.178240,0
-0.911869,0.047340,0
-0.702238,-0.921119,0
0.034136,-1.415998,0
0.044440,-1.519842,0
-1.628699,-1.222535,0
-0.805731,-0.221631,0
-0.605576,0.042976,0
-0.601550,-1.944281,0
0.541870,-4.114211,0
-0.568819,0.444831,0
0.417739,-1.561694,0
-1.245647,1.285007,0
-0.246240,-2.253474,0
-0.921563,0.643617,0
0.571538,-1.049824,0
-0.561946,-1.458826,0
-0.469173,-1.125293,0
-1.373082,-0.069270,0
0.364074,-1.084166,0
-1.375953,-1.570283,0
-1.033246,-1.371284,0
0.294974,-2.307190,0
-2.335642,-1.891602,0
-0.861419,-2.181148,0
-1.971747,0.695611,0
-1.710356,0.119673,0
-1.387392,-1.011611,0
-1.687225,-1.466482,0
-0.488425,-1.727460,0
-2.767481,-0.630595,0
-0.444995,0.494657,0
-0.057457,0.132787,0
1.026522,-0.699707,0
0.289109,-1.499781,0
0.918656,-0.794364,0
0.052710,-0.060071,0
-0.426424,-2.258426,0
-0.383742,-2.078750,0
-1.255557,-2.448998,0
-0.533202,-0.497145,0
-1.379250,-0.427169,0
-2.186248,-1.519465,0
0.541225,-0.293820,0
1.134303,0.037375,0
-2.536685,-1.819889,0
-2.103037,-1.240635,0
0.545063,-2.637486,0
-2.014945,-3.029253,0
1.371037,-1.974112,0
-0.202190,-1.103791,0
-2.066555,0.342251,0
-1.787173,-2.282185,0
-0.315208,-0.014306,0
1.555181,-0.107048,0
-1.820802,-3.391647,0
-2.149475,0.794459,0
-2.286280,0.125095,0
-0.657475,-1.429624,0
-1.646376,-1.784262,0
-0.977139,-0.512844,0
-0.515938,-1.836716,0
-1.410162,0.126552,0
-0.398116,-1.109499,0
0.179877,-0.221951,0
-2.243314,-1.645344,0
-1.583446,-0.937368,0
-1.116284,-1.684559,0
-1.492361,-2.278985,0
-0.454452,-1.565209,0
-0.739896,1.903517,0
-0.574024,-1.421381,0
-0.420263,0.711996,0
-0.538934,-1.247425,0
0.505787,-3.292706,0
-0.367789,-1.120589,0
-0.396104,-3.567334,0
-2.066126,0.419560,0
0.280282,-0.069429,0
-0.890611,-0.896795,0
-1.751906,-1.387822,0
-1.234278,-2.379807,0
-0.340065,0.550703,0
-0.057794,-0.716142,0
-0.193761,-1.641591,0
-0.488146,-3.058015,0
-1.477612,0.227584,0
-2.536500,-1.081241,0
-2.987767,-2.140814,0
-2.935175,-0.244834,0
-1.648213,-2.476607,0
-1.070976,0.612729,0
-1.680841,-0.302938,0
-3.106358,-1.967906,0
-1.570013,-0.371997,0
-0.126331,-3.755886,0
-1.085579,-1.461178,0
-1.633815,-1.759351,0
0.732913,0.630721,0
-1.142258,-0.584254,0
-0.565288,-2.009868,0
-0.593757,-0.667681,0
-2.218529,0.698791,0
-0.446364,-1.550278,0
-0.502015,0.288659,0
0.912841,0.470166,0
-1.735237,-0.846446,0
-1.559975,-3.904686,0
-0.867391,-0.350223,0
-0.434048,-2.132400,0
0.604664,-1.878585,0
-1.339140,1.391993,0
-1.362348,-0.927927,0
-0.577318,-0.046313,0
-2.169036,-3.032066,0
-1.315151,-1.168277,0
-2.316639,0.292002,0
0.320889,-0.476761,0
-0.413103,-1.838162,0
-0.687396,-0.735417,0
-2.276683,-0.385087,0
-0.414528,-0.820837,0
-0.957343,-1.470887,0
-0.099294,1.612378,0
-1.250209,-2.482707,0
-1.465276,-2.145471,0
-1.034330,-0.388623,0
0.192415,-0.779467,0
-0.626499,-1.377283,0
-1.905228,-0.311387,0
-0.975207,-0.780633,0
-1.888922,0.847581,0
-2.040122,2.152390,0
-0.821715,-1.054604,0
-0.602728,-2.402202,0
-0.278661,1.179998,0
-1.442917,-0.427353,0
0.789012,-1.980109,0
-0.567636,-1.029577,0
-2.284713,-1.095439,0
0.974281,-3.307251,0
0.506950,-0.649445,0
-0.273667,-2.747403,0
-0.098665,-1.673608,0
-0.551804,-2.884277,0
-0.481339,-1.829694,0
-0.379906,-0.979561,0
-0.315780,-0.848420,0
-2.754583,0.062912,0
-1.572240,-1.531790,0
-2.204648,-0.354676,0
0.144907,0.316371,0
0.527634,-1.118398,0
-2.475385,-1.013148,0
-2.374606,-1.520841,0
-3.186366,-1.884416,0
-1.854721,-1.805695,0
0.199093,-2.208740,0
-1.187479,2.416993,0
-1.009521,-1.333932,0
-0.025296,-2.569115,0
-1.700862,-1.233069,0
-2.100141,2.311368,0
0.599948,1.042969,0
-0.885189,-2.738704,0
-1.831362,-2.081930,0
-0.675988,-1.329839,0
0.078135,-0.367492,0
-0.786866,-2.210216,0
-0.364987,0.189603,0
-0.008780,-2.815974,0
-1.014803,-2.077150,0
-1.101471,-1.256404,0
-0.643123,-1.194088,0
-1.473117,-1.418269,0
-1.319976,-0.326498,0
0.063333,-0.698660,0
0.834592,-2.653773,0
-0.016141,-1.163913,0
-0.404128,-1.813895,0
-2.186064,1.343526,0
-1.805452,-0.537274,0
-2.186889,-2.864085,0
0.146943,-1.585153,0
1.317699,-1.694880,0
-1.135462,0.401687,0
-2.443470,-1.352553,0
-0.314949,-0.238092,0
-1.495372,-0.402730,0
-0.679255,-1.590774,0
-1.097514,-1.166673,0
-1.103473,-1.024962,0
-0.552567,-0.798558,0
-1.002421,1.070384,0
-3.036342,-0.153371,0
-1.085333,-0.787730,0
-0.525800,-0.506976,0
-2.808791,-0.975516,0
0.217893,-1.575905,0
-0.656916,-2.422359,0
-0.633169,-1.062349,0
-2.194596,-1.851528,0
-0.013833,-1.806297,0
0.191266,-1.297025,0
-2.098873,-0.321213,0
-1.802363,0.727918,0
-0.092304,-2.662724,0
-1.611767,0.207441,0
-1.356493,-0.446424,0
1.330980,-0.251736,0
-0.936722,-2.340915,0
-3.471173,0.568967,0
-2.003558,-1.664291,0
1.981609,-0.135092,0
-0.628472,-1.702241,0
-1.681797,-0.501545,0
-2.000875,-1.976422,0
-1.730438,1.393335,0
-1.397100,-1.081790,0
-2.183444,-2.223308,0
-1.791285,0.912796,0
-0.316809,-0.812652,0
0.524788,-1.383141,0
-1.148656,0.060925,0
-0.606363,0.656064,0
-0.896646,2.287689,0
-1.598202,-0.294217,0
-1.518004,-4.136917,0
1.300095,-0.358938,0
-0.734202,-0.426486,0
0.300204,-0.244437,0
-0.416686,-0.608825,0
-2.519758,0.359743,0
-0.113421,-2.366777,0
-1.039535,-0.744515,0
0.252967,1.027766,0
-0.990957,-3.683962,0
-0.489400,0.695337,0
1.370061,-1.523549,0
0.155390,-0.869365,0
0.438426,-1.555373,0
-1.602853,-1.251322,0
-0.991936,-1.690728,0
-1.920601,-1.255846,0
0.496807,0.196362,0
-2.141802,-1.829375,0
-1.105043,-0.346234,0
-1.195787,-0.669118,0
1.012171,-2.575060,0
-0.450002,-0.571180,0
1.474242,-2.335440,0
0.861326,-2.038793,0
0.543597,-3.104970,0
0.006908,0.411415,0
-0.657103,-1.102025,0
-1.749073,-3.013900,0
-2.282926,-2.008633,0
-0.808014,0.267633,0
-0.290254,-2.941878,0
-0.527539,-1.782190,0
0.569784,-2.396780,0
-0.299290,-0.669438,0
-0.710132,-0.937491,0
-1.754634,-0.212940,0
-0.758541,0.405561,0
-1.513078,-2.743189,0
-2.061177,-1.719880,0
-0.627674,-3.839733,0
-0.462119,-1.930741,0
-2.447461,-0.801071,0
-3.585684,-0.941817,0
-0.915504,-0.362430,0
-1.284534,-0.072856,0
-1.666910,-0.836328,0
-0.023365,1.050356,0
0.084899,-1.059098,0
-2.109936,-1.549069,0
0.118193,-0.475453,0
-2.819067,-1.835651,0
-0.124570,-0.688226,0
-1.123498,-0.832345,0
-2.246655,-0.691715,0
-0.483354,-1.255344,0
-1.395310,-1.478627,0
-2.577497,-0.655300,0
-2.704932,-3.125747,0
-0.298169,-0.517231,0
0.616177,-0.255414,0
-2.594682,-0.704013,0
-2.216139,0.306844,0
-3.577407,1.792669,0
-0.731824,-2.286777,0
-1.266968,-0.656199,0
-2.420443,-0.876436,0
-0.953210,-1.809731,0
0.140008,-2.058711,0
-2.258555,-1.608962,0
-1.518205,0.370051,0
-0.975447,0.881029,0
-1.628779,0.598610,0
-1.642323,-0.628383,0
-2.415341,-1.281792,0
-0.993407,-0.708257,0
-1.790963,-0.075862,0
-1.378466,0.175695,0
-1.703537,-1.014311,0
-2.347437,-0.367238,0
-0.779285,-0.330660,0
-0.783581,-1.422739,0
-0.103690,-0.437785,0
0.476558,-1.647178,0
-0.647901,-0.559219,0
-0.832268,-1.067741,0
-0.527900,-1.823560,0
1.028760,-0.275014,0
-2.310076,-1.582864,0
-0.894331,-1.774289,0
-1.110961,-1.218629,0
-1.819171,0.686478,0
0.142645,0.558453,0
-0.805795,-1.258487,0
-0.363148,0.258848,0
-0.823941,-0.826610,0
-0.602249,-0.280505,0
-0.169060,0.477296,0
-2.233325,-1.490266,0
-1.448469,0.547745,0
-3.068853,-0.608666,0
1.072565,-2.662683,0
-0.857945,-0.807329,0
-2.554939,0.206259,0
-1.940849,-3.185780,0
-0.583837,-2.273940,0
0.433749,-0.539195,0
-1.212580,-3.189524,0
-0.462581,-1.384366,0
-0.102848,0.502217,0
-1.150064,-1.342308,0
-1.673115,1.158570,0
-2.191933,-1.271341,0
-0.080823,-0.748351,0
-1.037434,-0.306608,0
-0.767466,-2.143684,0
-2.302538,-1.121429,0
-0.855250,0.085041,0
-2.737439,-0.914923,0
-0.406334,-0.812077,0
-1.881788,-2.141982,0
1.509825,0.953096,0
0.549277,0.040806,0
0.475597,-3.570888,0
-1.508729,-2.520773,0
-1.426785,-0.084843,0
0.188428,-1.761032,0
-1.814755,-2.065022,0
0.118138,0.762797,0
1.246871,-1.338855,0
-2.247361,-1.409617,0
-0.344967,-1.114465,0
-1.628531,-2.583733,0
0.206306,-1.667212,0
0.865781,-1.239059,0
-1.830386,1.390293,0
-2.285503,-3.389491,0
0.200701,-0.768641,0
-0.717411,-2.122120,0
-2.016109,-1.732152,0
-0.947946,-0.535809,0
-0.222705,-2.339105,0
-1.663924,-1.179809,0
-2.181595,-1.642619,0
-0.885860,-1.313945,0
-1.854655,-0.927733,0
-3.446037,-1.006040,0
0.325980,-0.756242,0
-0.083032,-0.900408,0
-2.252814,-1.611501,0
-1.679572,-0.775325,0
-0.002839,-1.035091,0
-1.948701,-1.556498,0
0.758494,-2.128426,0
-1.438816,-2.169998,0
-1.815477,-0.567908,0
-1.135314,-2.483818,0
0.721517,-0.215297,0
-0.921432,-2.897024,0
-0.754885,-2.538841,0
-0.990348,-1.719831,0
-2.716458,3.527439,0
-1.217484,-0.885555,0
-0.876382,-1.181371,0
-0.647802,0.428861,0
-2.396008,-0.016931,0
-2.263884,-0.434553,0
-2.138759,0.121098,0
-1.902639,-1.796635,0
0.064603,-0.457958,0
-1.618045,-2.755630,0
-0.807460,-1.743654,0
-2.776860,-1.424934,0
-0.070076,-0.581945,0
-2.266817,-1.313743,0
-0.416616,-1.100580,0
-0.736271,-0.747894,0
-1.285600,-2.193043,0
-0.572030,1.962962,0
1.030476,0.386059,0
-1.167378,-0.205574,0
-0.764333,-1.214580,0
-0.777177,-3.145119,0
-1.656118,0.960121,0
0.195124,-1.509112,0
-0.212226,-1.452611,0
-0.044397,-3.677729,0
-0.550233,-2.267912,0
-1.518602,-0.042225,0
0.733477,-1.633171,0
-1.819545,-1.754512,0
-0.152347,-0.937725,0
-0.051080,-0.853342,0
-1.069289,-1.238198,0
-1.110904,0.410617,0
-1.670072,0.113789,0
-1.708486,-2.356821,0
-0.710018,-1.646605,0
-2.432274,-1.412104,0
0.161420,-1.726827,0
-1.141812,-0.502117,0
0.589402,-2.454088,0
-0.587172,-2.623574,0
-1.568367,1.373385,0
-1.987840,-2.768662,0
-1.292982,-0.438331,0
-0.335817,-1.989352,0
-2.780692,1.947870,0
-3.007788,-2.562099,0
-1.579038,0.606878,0
-1.533571,-3.311133,0
0.710351,1.194363,0
-1.994883,-0.328492,0
-1.224587,-0.063926,0
-0.388591,-2.185191,0
-0.238172,-0.821102,0
-0.223656,-0.218622,0
-3.015070,-1.147518,0
-0.307404,-2.298834,0
-2.458456,-2.355817,0
1.780157,-0.874481,0
-2.157503,-0.272187,0
-1.480655,-3.333328,0
-1.867789,-1.994250,0
-0.015783,0.940594,0
-1.184409,-0.533960,0
-1.633667,-1.370061,0
-2.073341,-2.471968,0
-1.820635,-4.456664,0
-2.294353,-2.878114,0
-1.902495,-0.945111,0
-0.748132,-1.776583,0
-0.699302,-1.068852,0
0.049077,-2.635794,0
-2.332334,-1.109095,0
-0.224349,-0.549444,0
0.804944,-2.472525,0
-0.347827,-1.922532,0
-2.282613,-1.990053,0
-0.432315,1.229643,0
-1.759513,-0.997420,0
-2.035413,0.101083,0
-1.321038,0.805435,0
-1.338084,-0.605173,0
-0.609729,-0.288772,0
-2.158638,-0.928860,0
0.614276,0.069910,0
-1.879035,-0.206970,0
-0.514835,-2.517146,0
-2.903607,-2.356236,0
-1.652575,-1.574907,0
-1.486725,-1.673402,0
-2.636578,-1.387422,0
0.369993,0.496542,0
-2.508517,-1.904582,0
-0.272356,-1.399690,0
-0.970977,-1.942801,0
-0.692334,-0.753493,0
-2.296526,-0.151437,0
-0.101271,-1.286894,0
-1.412468,-0.177501,0
-1.043671,-1.517681,0
0.581755,-2.285226,0
0.336942,-1.629520,0
-0.626906,-1.968024,0
-2.680059,-1.802585,0
0.038551,-1.840543,0
-1.648072,0.163011,0
-2.350626,-1.074449,0
-0.917972,-0.136167,0
-0.301706,0.815109,0
-1.518814,-1.697110,0
-1.139947,-1.909947,0
-2.133486,-0.787406,0
-0.613893,-1.119171,0
-1.477499,0.399604,0
-1.208400,-2.097340,0
-0.610784,-2.153019,0
-1.976630,-0.642844,0
-2.712936,-2.845333,0
-0.593729,-3.022048,0
-1.464449,-1.594672,0
0.066748,-1.455912,0
-0.911852,-1.660787,0
-1.990520,0.662835,0
-1.228292,-1.416297,0
-1.367307,1.155895,0
-1.592195,0.177543,0
-0.997723,-1.976334,0
-1.089393,1.121835,0
0.321856,-1.612823,0
-1.886736,-1.619844,0
-0.580052,-2.012326,0
-1.715053,-0.372210,0
0.171761,-1.088868,0
0.240452,0.310667,0
-0.858647,-0.901492,0
-1.988769,-2.083547,0
0.446551,-0.594792,0
-1.158625,0.599829,0
-1.711796,-0.393011,0
-2.247403,-0.470782,0
-2.320388,-0.766062,0
0.686299,0.646583,0
-0.091513,0.893675,0
-1.377306,-0.392204,0
-0.500014,-0.623259,0
0.523340,-0.890890,0
-1.129960,-1.746490,0
-0.614183,-1.332940,0
-2.219437,-0.368568,0
-1.822867,-0.340826,0
0.736132,-0.698320,0
-0.936162,-0.862547,0
-1.002522,1.208618,0
-1.677171,-0.711058,0
-0.373208,-2.092216,0
0.532924,-2.550072,0
0.054903,-0.621601,0
-0.265594,-0.251400,0
-1.746510,0.215059,0
-0.874586,-1.557345,0
0.166203,-0.532298,0
0.281549,-0.765695,0
-1.643384,0.382745,0
0.760150,-2.335431,0
-2.580206,-2.510353,0
-0.583026,-1.633813,0
-1.689301,-1.600487,0
-0.714271,-2.080731,0
-0.960074,-0.731211,0
0.018421,0.029023,0
-0.461455,-1.000218,0
-1.668298,-2.926454,0
-0.165539,-0.976939,0
-1.913103,-1.958623,0
-0.131147,-1.354236,0
1.291372,-0.374489,0
-0.925424,1.776154,0
-1.075957,-1.283358,0
-0.391456,-0.152598,0
-2.127651,-1.218018,0
-1.841969,-1.132602,0
-0.836695,-0.802737,0
-0.752636,-0.876457,0
-1.495544,-0.285223,0
-0.948883,0.000121,0
-3.316370,0.120896,0
-0.088804,0.953478,0
-2.715109,-1.386109,0
0.886883,-2.011577,0
-1.021540,-0.503389,0
-0.744871,-0.200994,0
-0.504753,-1.545657,0
-0.482518,-2.838622,0
-0.915772,-2.040610,0
-2.308628,-0.653171,0
-0.128094,-3.131522,0
-1.584285,-1.464908,0
-0.601264,-0.435202,0
-2.692747,-0.696422,0
1.360691,0.364252,0
0.159895,0.212637,0
-1.974286,-0.093221,0
-1.292470,-4.543138,0
-1.539939,0.762859,0
-1.509889,-2.630303,0
-0.824653,-0.482857,0
-0.908066,0.708289,0
-2.684216,1.050417,0
-0.208497,-1.049468,0
-1.991197,-0.989235,0
-1.310355,-1.041994,0
0.664623,-1.893435,0
-1.521316,0.554936,0
-0.220038,-0.442966,0
-1.409743,-0.711424,0
-1.754146,-2.430269,0
-0.102243,-0.180190,0
0.114652,0.237676,0
-3.184496,-1.621311,0
-1.322427,-2.349521,0
-1.794658,-1.920260,0
-0.229512,0.353355,0
-0.841740,-1.422548,0
0.170558,-1.110758,0
1.172232,-3.095322,0
-0.404152,-1.334615,0
-0.660659,-0.679936,0
-0.957604,-1.232971,0
-1.805995,0.297786,0
-0.826782,-3.722930,0
-2.349274,-1.342845,0
-1.165531,-1.528710,0
-2.034779,-1.210812,0
-1.134388,-0.766946,0
-2.173542,-2.518086,0
-1.561664,-1.714923,0
-2.057142,-1.308011,0
-1.868732,-0.096543,0
-1.118266,0.214318,0
-1.922689,-0.589140,0
-1.166521,-0.800199,0
0.457971,0.630328,0
-0.164154,-1.048132,0
-2.076425,-2.114007,0
-0.471250,0.278601,0
-0.849978,-1.234239,0
-1.242828,0.225789,0
0.194548,1.470757,0
-1.291969,-1.627374,0
-1.456795,-0.646178,0
0.121623,-1.901902,0
-1.374763,-1.317666,0
-0.975596,-1.473719,0
1.251125,0.452139,0
-0.583439,-1.100068,0
-1.309399,-0.019266,0
-1.004851,-1.364573,0
0.650821,-0.276887,0
-1.003159,0.543212,0
-0.988513,-1.439582,0
-0.689040,-3.056916,0
-0.648157,-0.590898,0
-0.393298,-1.705447,0
-0.813023,0.172506,0
-0.984163,-0.634641,0
-3.733615,-0.277069,0
-2.264204,-4.495183,0
-0.118174,-1.462267,0
-0.743067,1.193845,0
0.820734,-1.793149,0
-0.709710,-1.818101,0
0.347456,-0.179338,0
-1.277715,-0.050877,0
-1.098579,-2.501664,0
-2.160513,-0.105387,0
0.172601,-1.913519,0
-1.491157,-1.411380,0
-0.880716,-0.353831,0
-2.427361,-1.528625,0
-0.464143,-1.061696,0
-1.712862,-3.007019,0
1.510979,-2.319119,0
-1.446555,1.115303,0
-2.298895,-0.949111,0
-1.031547,-1.024789,0
-2.014679,-1.826896,0
-0.382928,-0.894309,0
-2.252900,-1.705992,0
-1.525077,-0.128288,0
-0.556755,1.771906,0
-0.386474,0.209115,0
-1.225212,-1.571035,0
-2.027509,-0.721929,0
-1.938426,-0.873730,0
-0.474367,-1.099783,0
-0.006964,0.889250,0
-1.482309,-0.957817,0
-1.664006,-1.146379,0
-1.798982,1.167357,0
1.603763,-1.369550,0
-2.237620,-1.087445,0
0.533900,-2.272170,0
0.074404,-0.220515,0
-2.110385,-1.517106,0
-2.168502,-1.202102,0
-1.673526,-0.417313,0
-0.615305,-2.239788,0
0.329577,-2.063060,0
-1.454692,-0.704413,0
-1.634570,-0.980053,0
-1.729968,-1.532497,0
-1.808570,-2.420388,0
-1.008335,-1.932877,0
-1.824206,-1.274965,0
0.281320,-0.189650,0
-2.567746,-0.424701,0
-1.507129,-1.182577,0
-0.229844,-2.387963,0
-0.702441,-2.959245,0
-0.754047,-0.193786,0
-2.112839,-3.000432,0
-1.296505,-0.481686,0
-1.644197,1.274051,0
-0.161064,-0.455261,0
-0.916869,-1.902947,0
-0.845807,-0.004446,0
-1.339313,-0.963465,0
-0.803502,-2.646421,0
-0.080671,-1.769738,0
1.471936,-3.664472,0
-0.213780,-1.886185,0
-1.752939,-0.893764,0
-4.221002,-1.821667,0
-0.905268,0.692617,0
-1.089050,0.007533,0
-2.433576,-1.738152,0
-0.377069,-0.642822,0
-0.555069,-1.755324,0
-0.192900,0.019665,0
0.595496,0.633222,0
-1.504284,-1.012454,0
-1.043128,-1.347204,0
-1.148795,-0.667818,0
-0.543692,1.025593,0
-0.052356,-1.174214,0
0.210826,-2.166219,0
-1.025121,-2.904628,0
-1.780426,-0.604905,0
-2.766120,-2.712955,0
-2.245695,-1.758590,0
-0.541201,0.300205,0
-0.355097,-0.441412,0
-3.661940,-1.490198,0
-4.029145,0.541631,0
-0.717090,-0.919361,0
-2.322319,-0.902950,0
-0.523974,-3.619076,0
0.587982,-0.832691,0
-1.314218,0.534784,0
0.282549,0.961609,0
-0.769718,1.057189,0
-0.203211,-0.389708,0
-3.385078,-3.892062,0
-0.629789,-2.498714,0
-1.640219,0.556628,0
-2.807034,-1.613204,0
-1.672488,-0.715854,0
-1.148817,-1.187003,0
-1.768985,-1.314075,0
0.070261,-0.444975,0
-0.122853,-2.285259,0
-1.218732,-1.119486,0
0.237434,-1.264853,0
-2.536138,-1.940352,0
-0.778199,-0.591268,0
-0.058263,-1.523535,0
-1.738289,-1.202841,0
-2.217709,-2.268094,0
-0.963203,-1.230250,0
-1.380921,-1.027260,0
-1.681079,-0.206503,0
-1.639483,-0.637531,0
-0.041992,0.122039,0
-3.494978,0.244419,0
-0.777650,-1.824240,0
-2.383407,-0.826314,0
-1.351141,-0.504029,0
-1.123949,-0.619711,0
-0.134416,1.477509,0
-0.019213,-2.160721,0
-3.527821,-2.647447,0
0.535256,-0.713893,0
-0.014285,-2.233518,0
1.161787,-1.446167,0
-2.789197,-0.668181,0
-1.261099,0.205342,0
0.509366,0.582347,0
-0.383409,-2.087871,0
0.202112,-0.910586,0
-1.644557,-0.769290,0
-1.101961,-0.876284,0
0.562924,-1.298763,0
-1.461686,0.321156,0
0.722759,-0.901586,0
0.240047,-1.157200,0
-2.842257,1.310132,0
-1.651801,-0.971924,0
0.507600,-1.294257,0
-1.147707,-3.614659,0
-1.624707,-1.234434,0
-0.987600,-1.281192,0
0.151739,-1.188610,0
-0.950205,-1.336848,0
-1.591560,-1.884535,0
-0.240019,-0.899602,0
-2.155773,-0.617966,0
0.262296,-1.605453,0
-3.061393,-2.504926,0
-2.232819,-1.822789,0
0.160582,-1.290197,0
0.409498,-2.482731,0
0.266470,0.270657,0
-0.035505,-1.453101,0
-1.271263,-0.904976,0
-1.412634,-1.380460,0
-1.555202,-2.333607,0
-1.516655,-1.561415,0
1.023545,-0.368201,0
-0.454162,-1.703684,0
-2.769547,-0.974445,0
-2.111814,1.544898,0
-2.694113,-1.439385,0
1.177379,-0.508484,0
-2.157363,-0.771668,0
0.597579,-0.625572,0
-1.530206,0.372050,0
-1.433434,-2.551172,0
-0.491598,0.483070,0
-0.049234,-1.849557,0
-0.267433,-1.499640,0
-1.207947,-1.830409,0
-1.763985,-0.840626,0
-1.208947,-1.161389,0
-0.256498,-2.660390,0
-1.413150,-1.494670,0
-0.695334,-1.624434,0
-3.016489,-0.069435,0
-0.408669,1.021754,0
-2.085640,-2.661680,0
0.783831,-2.005729,0
0.011337,-1.516121,0
0.024852,-0.163230,0
-1.168664,-0.114356,0
-0.533316,0.675459,0
-0.510386,-1.228676,0
-0.068551,2.508268,0
-1.519074,-2.198509,0
-0.469383,-1.436126,0
-0.108958,-2.186667,0
-0.732604,-1.131519,0
-2.987577,-2.190980,0
-1.244334,-1.756434,0
-0.127772,-1.692982,0
-1.340297,-2.549928,0
0.773272,-0.633267,0
-0.377720,0.583388,0
-1.723436,-1.596299,0
-0.597673,0.173628,0
-0.762485,-1.860616,0
-1.445423,-0.975177,0
-0.346574,-1.423722,0
-2.038002,-0.680664,0
-1.405800,-2.142482,0
1.218742,-3.310171,0
-1.492252,-2.452891,0
-2.091534,-0.018017,0
-1.185738,-1.908529,0
0.385735,-2.214464,0
0.364201,-0.278174,0
-0.797001,1.859620,0
-2.466523,-1.441051,0
-1.466311,-0.669433,0
-1.052380,-1.637432,0
-2.075613,-2.547069,0
0.983896,-2.285125,0
0.062286,-1.791150,0
-1.086488,-1.169112,0
0.325921,-2.294035,0
