1.976052,-0.359761,1
2.228729,1.923881,1
1.177832,0.571141,1
1.220387,1.373512,1
2.166942,1.044618,1
-0.120090,0.342855,1
-0.132600,2.941305,1
2.490735,1.035428,1
0.415830,0.855808,1
1.251709,1.738467,1
0.812499,1.532753,1
2.739109,1.392174,1
-1.230319,0.896166,1
-0.454695,1.107459,1
2.059954,1.486655,1
3.213341,1.483355,1
2.181509,1.022987,1
2.004110,1.081621,1
1.101176,0.624749,1
0.359464,1.390829,1
0.438859,3.029576,1
2.260585,1.116099,1
-0.095445,-1.191814,1
1.243564,1.742667,1
-0.546358,0.461595,1
-0.347284,0.554169,1
1.248907,0.051697,1
2.779412,2.307828,1
0.568971,-0.352045,1
2.184350,0.833082,1
0.255883,-3.066688,1
1.201425,-1.003212,1
-0.807565,0.930097,1
1.065075,0.236619,1
1.464365,-0.483178,1
0.635010,1.615942,1
1.809046,0.804045,1
2.150142,1.817247,1
1.295753,0.111469,1
1.091110,0.662715,1
2.047607,1.890689,1
0.885337,1.564893,1
1.855065,1.931670,1
0.568114,1.260876,1
0.286369,0.370422,1
0.906035,1.097857,1
0.291199,0.842627,1
1.091198,-0.321576,1
1.603961,2.633113,1
1.110937,2.045034,1
2.561116,0.539442,1
0.581183,2.170410,1
3.884971,0.238361,1
0.000743,0.340851,1
3.071107,1.133960,1
-0.067344,2.262740,1
0.002422,0.528439,1
-1.186975,0.782842,1
1.189134,0.375346,1
1.894885,3.835856,1
1.339524,0.255790,1
2.202926,0.829301,1
1.897244,1.932731,1
-1.070827,0.892913,1
0.486498,0.766856,1
-0.435971,-0.059855,1
0.638195,1.657313,1
0.934764,0.693532,1
2.635995,1.546106,1
1.293100,-0.026586,1
2.037742,1.782348,1
4.381024,1.048823,1
0.751456,1.727067,1
-1.912911,1.234036,1
-0.675511,1.701084,1
0.637756,-0.393128,1
2.781524,0.805070,1
0.882906,1.429574,1
-0.868542,0.053841,1
-0.201139,0.711691,1
1.651930,0.662296,1
1.780710,1.513170,1
1.536153,0.907438,1
-0.022524,-0.322679,1
1.110649,0.929149,1
-0.395572,0.801523,1
0.719757,0.144445,1
1.182439,0.264099,1
-0.245530,0.769690,1
1.165443,0.952841,1
1.377525,0.996641,1
1.974675,-0.136579,1
0.132654,1.493874,1
3.594704,-0.303494,1
1.976583,0.187922,1
0.125511,0.057492,1
1.022524,1.881736,1
1.090593,-0.294027,1
1.749251,2.734438,1
2.164626,-0.764228,1
1.662219,1.115141,1
0.235799,1.027967,1
1.480441,1.650304,1
0.657892,-0.642535,1
2.400702,-0.504748,1
-0.463535,1.528197,1
1.242677,1.921636,1
2.015091,0.861112,1
1.329845,-0.165004,1
1.696756,0.591763,1
2.505929,0.582684,1
4.678742,0.737597,1
2.914968,3.197917,1
0.663357,3.300478,1
1.366929,-0.422311,1
3.802690,2.711989,1
1.683204,1.487881,1
-0.529451,0.289330,1
1.386009,1.856240,1
2.450229,1.468585,1
-0.061407,3.020703,1
2.589590,0.880864,1
0.620437,3.055109,1
2.964375,1.777224,1
-0.865989,2.078322,1
1.539811,2.345854,1
2.183464,3.289055,1
-0.791298,2.297597,1
-0.510331,1.605817,1
-0.105148,1.483772,1
0.652184,2.321371,1
0.394272,0.208212,1
2.411472,0.583275,1
1.588771,0.253376,1
2.874698,2.406685,1
1.787356,1.158207,1
2.280463,1.672720,1
1.722592,1.285737,1
0.572816,2.120737,1
1.107064,0.870853,1
0.308972,2.351900,1
-0.124528,0.814179,1
0.491666,1.932324,1
-0.712549,1.097429,1
-1.590706,1.505668,1
-0.151063,2.010843,1
0.270746,0.436700,1
0.811085,1.486721,1
1.464785,1.856523,1
2.537804,2.605370,1
0.345182,1.193386,1
-0.185307,1.374217,1
1.249639,0.172506,1
1.752571,0.332127,1
0.924714,0.240858,1
4.437719,2.726272,1
-0.667429,-1.461252,1
1.011113,-0.329024,1
0.816562,0.929962,1
-0.577689,0.025732,1
1.963950,0.514012,1
2.967733,2.474679,1
0.764238,0.414326,1
-0.507197,1.922543,1
-0.062924,0.448860,1
1.180858,0.799081,1
1.034393,-1.812731,1
1.740788,0.478057,1
1.438369,0.826219,1
1.190045,1.489197,1
1.408855,-0.506056,1
0.326394,-1.051273,1
-0.033178,1.345761,1
0.357911,-0.152990,1
0.195930,0.020994,1
-0.728351,0.395599,1
2.052944,3.238418,1
2.402972,2.509347,1
0.842708,-0.339659,1
1.217823,2.178801,1
2.042412,-0.210856,1
0.425978,2.947560,1
-1.763137,2.056971,1
1.706638,1.571238,1
1.420301,2.187046,1
2.187534,1.880949,1
1.092355,1.072216,1
-0.094200,0.838968,1
0.532347,-0.140763,1
1.199685,0.591773,1
3.014630,0.117937,1
1.582589,-0.074945,1
0.098165,2.372052,1
0.515900,0.888966,1
0.508576,2.142204,1
0.512793,1.096466,1
1.541324,-0.059634,1
-0.577850,1.223397,1
-0.937213,-0.499625,1
2.310036,0.613313,1
0.851288,-0.775291,1
1.759549,-0.732667,1
0.891692,0.965883,1
1.095967,0.803995,1
0.640399,0.136664,1
0.582829,-0.161693,1
3.218987,0.048485,1
2.476950,2.159043,1
0.766826,0.080121,1
0.557064,0.568880,1
1.813799,1.194758,1
3.546968,0.510446,1
0.352900,2.539508,1
0.824193,1.505283,1
-0.298193,-0.233754,1
0.835070,1.430682,1
-0.767295,1.203514,1
2.447181,0.872976,1
-0.670448,1.459001,1
1.431863,0.202100,1
1.551638,-0.277656,1
0.635055,-2.438559,1
0.860288,2.635292,1
1.204785,2.320093,1
0.753326,0.728161,1
0.906343,-0.096403,1
1.284315,1.194350,1
0.914006,1.709763,1
1.100351,2.008726,1
0.846984,-0.045732,1
-0.090965,1.603590,1
1.948392,2.118005,1
1.393779,0.812729,1
2.931550,2.036176,1
-0.387480,2.176717,1
1.285172,1.914977,1
2.951639,1.500754,1
1.735568,0.488077,1
-0.082398,0.080402,1
1.210697,2.789219,1
0.694566,0.494148,1
0.632157,2.502797,1
0.283072,2.389504,1
0.813900,-0.434789,1
0.854937,1.429027,1
0.842414,0.111413,1
1.094086,1.982167,1
0.877927,0.976431,1
-0.169838,2.204300,1
-1.462623,1.255480,1
0.914218,-1.286521,1
1.989938,2.233183,1
-0.093331,-0.030123,1
2.896304,1.586972,1
1.610485,0.345596,1
0.149248,1.791739,1
-0.301678,-0.420280,1
3.764857,0.655166,1
0.699697,0.852477,1
1.777952,2.594402,1
2.276748,0.656270,1
-0.411678,-1.978425,1
1.115604,-0.190243,1
-0.089575,1.687216,1
0.055182,1.133145,1
0.957594,2.106371,1
1.984665,1.420018,1
-1.124212,1.142250,1
0.781151,-0.833240,1
1.061971,2.063497,1
3.178884,-0.819717,1
-0.671069,1.827152,1
2.649327,0.549504,1
0.643916,0.299568,1
1.945949,0.307655,1
-0.250629,1.028850,1
1.736463,-0.257476,1
2.392264,1.189421,1
0.987453,3.164635,1
0.105892,2.748379,1
-1.201989,2.938162,1
-0.251808,-0.405694,1
2.647820,0.961193,1
1.370295,2.892773,1
1.861737,2.259001,1
-0.066308,1.737271,1
0.820857,1.232136,1
2.060233,-1.038883,1
0.349318,0.349530,1
1.047390,-0.257837,1
2.216087,1.970578,1
-0.047509,1.667574,1
-0.109938,2.224115,1
2.204506,1.689424,1
-1.638562,1.595207,1
2.346817,0.562636,1
0.793257,0.912754,1
2.538240,1.202381,1
-0.157653,2.153303,1
1.819754,-0.849891,1
0.619529,0.337661,1
0.733952,1.626647,1
0.256591,2.901757,1
1.926899,1.476682,1
0.725699,5.113598,1
1.494125,2.565103,1
2.037515,2.390093,1
1.020287,0.288843,1
2.072548,2.178645,1
1.149683,0.982085,1
-0.203551,0.789600,1
0.000210,1.583528,1
2.359347,0.067482,1
2.297015,2.176560,1
2.934421,0.798585,1
1.679036,-0.301578,1
2.010942,0.925335,1
0.226132,1.075395,1
2.460096,1.213953,1
1.283022,0.520465,1
1.057555,2.351500,1
-1.149771,2.725622,1
-0.374228,0.195339,1
2.321744,3.717776,1
1.456649,0.570749,1
0.291568,1.011647,1
-0.370968,0.851560,1
0.777028,0.883363,1
-0.998969,0.983835,1
2.427716,-0.385775,1
0.196636,1.252973,1
1.430601,0.967103,1
3.188514,2.163264,1
0.951244,1.336418,1
-0.043142,0.235305,1
0.474526,-1.067629,1
0.008002,1.308489,1
-0.144122,-0.482668,1
2.499594,2.459461,1
0.486583,2.211520,1
-1.160765,-1.281942,1
1.825670,2.526964,1
0.718941,2.885332,1
1.526664,-0.737753,1
0.226435,2.220194,1
3.070973,1.645719,1
1.110365,0.562131,1
1.624562,0.967915,1
2.527007,2.012673,1
3.234457,1.044634,1
2.651090,0.888408,1
-0.617862,0.932510,1
2.479576,0.391951,1
1.922150,1.655886,1
-0.109582,0.211082,1
-0.942379,1.494535,1
1.389185,-0.063664,1
1.487467,-0.804066,1
0.491620,1.906824,1
1.664367,0.779669,1
1.842594,0.001993,1
-1.020378,0.946047,1
-0.888736,1.942214,1
-0.595869,1.587931,1
2.352874,-0.410806,1
0.171061,0.661877,1
1.520340,0.541064,1
0.825564,-0.818478,1
0.105185,0.325575,1
-0.273629,2.463834,1
2.555499,-1.924676,1
1.487295,-0.824825,1
1.561670,0.935713,1
-0.586699,1.788274,1
0.704096,-0.309107,1
0.246333,-1.905501,1
1.192677,1.899864,1
3.552668,3.487141,1
0.246730,0.161959,1
0.113052,0.022762,1
1.455902,1.974924,1
2.901338,1.699602,1
2.238099,0.289808,1
1.140923,2.853221,1
0.996182,0.466466,1
1.950738,1.887424,1
0.029297,0.348312,1
0.206897,0.427464,1
1.867957,2.556261,1
2.155936,0.491000,1
-0.481026,0.687548,1
2.156866,0.525484,1
1.785697,1.444977,1
0.107674,-0.546850,1
1.149646,0.865939,1
3.137425,1.837320,1
0.503462,2.063165,1
0.656992,2.517644,1
0.598767,0.946608,1
1.151196,0.725230,1
0.861238,0.469176,1
-0.007015,0.908373,1
1.788217,1.271570,1
-0.568842,1.670907,1
1.741040,0.714206,1
1.614576,2.946772,1
1.268027,0.576366,1
0.184669,1.711349,1
0.470912,1.325685,1
-1.061483,0.797220,1
1.759997,0.268525,1
1.919362,0.167196,1
-0.978851,0.982725,1
0.712224,0.246538,1
0.776089,0.748106,1
3.017342,1.374056,1
0.801210,0.269090,1
0.023609,0.239045,1
-0.348601,-0.514677,1
2.813797,-1.604658,1
1.995971,2.242895,1
-0.441902,0.225323,1
-0.778448,0.317808,1
0.470479,0.576792,1
0.498372,3.554976,1
1.707092,1.434917,1
1.322537,0.921156,1
2.325293,2.794314,1
-0.551329,1.017406,1
-0.082311,2.469696,1
1.247634,0.259958,1
0.426263,2.719438,1
0.676511,-1.669727,1
2.091620,1.611135,1
0.853267,0.064870,1
1.711523,1.461390,1
-2.044865,0.045473,1
1.911841,-0.108342,1
-0.380446,1.970002,1
1.234774,-0.815653,1
0.966276,0.551207,1
1.836822,1.201524,1
-0.034499,2.091092,1
2.941875,2.135981,1
2.325986,2.734418,1
2.461546,2.200279,1
0.861023,0.281654,1
0.814258,2.024202,1
1.376187,-0.575805,1
2.221247,0.360649,1
0.019462,1.938806,1
-0.041647,1.365951,1
0.071459,1.060458,1
-0.455985,-0.393415,1
2.097444,1.016338,1
1.691643,0.237851,1
-1.314899,0.577301,1
0.060198,1.044470,1
2.333052,1.027227,1
0.411677,1.480663,1
1.451605,1.287923,1
1.568988,0.715436,1
0.842086,1.127565,1
-0.281869,1.051327,1
2.039150,0.966633,1
2.595493,1.137757,1
2.449561,-0.041034,1
-0.371691,1.319718,1
1.666049,1.275586,1
0.529080,1.541478,1
1.074358,2.440987,1
1.149481,1.139162,1
1.149268,0.878547,1
0.104731,0.690586,1
-0.656897,2.058129,1
0.445482,1.870099,1
2.401375,2.761448,1
0.726492,0.770510,1
0.200023,-0.308279,1
1.217926,0.617379,1
-0.470426,0.869375,1
-1.398648,1.740481,1
2.694215,1.955920,1
0.382070,1.065545,1
1.089251,3.412910,1
2.120368,0.981184,1
1.698570,1.514400,1
-0.303802,0.761272,1
0.534877,-0.932827,1
-0.098718,-0.267478,1
0.990454,2.505465,1
-1.073972,0.826825,1
2.880154,1.488226,1
0.708778,1.542126,1
1.332388,-0.169629,1
3.076565,2.263858,1
0.223473,0.824941,1
1.112885,0.623077,1
3.475774,0.452354,1
0.660834,0.615150,1
1.992418,0.700932,1
3.282978,1.770090,1
1.719946,0.540690,1
1.774623,0.474699,1
-0.274952,1.696727,1
0.661497,1.351136,1
0.108335,1.577868,1
1.889978,1.334774,1
-0.037984,1.456182,1
0.775814,1.538987,1
0.281571,2.082075,1
1.637402,1.389519,1
1.127917,3.701852,1
0.343943,1.391124,1
0.687596,0.237611,1
1.121483,0.830470,1
0.603281,1.595087,1
1.835093,2.059628,1
1.038299,1.414194,1
1.798567,-0.533410,1
1.535001,-0.849026,1
0.135504,1.203158,1
0.780777,2.000676,1
1.530667,2.765192,1
1.765623,-0.160592,1
2.964617,2.857862,1
0.830242,-0.145771,1
0.518147,-0.407374,1
1.579813,1.389680,1
-0.289206,-0.518910,1
1.498315,-0.274235,1
1.991818,3.152759,1
0.069254,0.810911,1
1.146965,0.747561,1
1.217925,0.090169,1
0.793589,1.028144,1
2.718095,0.492398,1
2.075865,0.741955,1
0.387672,3.666374,1
2.058393,1.056927,1
-0.589212,-0.244705,1
-0.228949,1.015380,1
1.133468,3.629162,1
0.243349,2.681976,1
0.931893,2.342643,1
2.125805,0.954796,1
0.642145,1.648706,1
1.126524,1.444366,1
-0.632082,1.356495,1
2.412493,1.536814,1
1.535651,0.242520,1
2.640828,0.554558,1
0.055045,2.340776,1
0.348141,2.958838,1
1.962207,3.385115,1
1.575015,1.625035,1
0.821677,1.174856,1
1.990330,1.147975,1
2.616524,0.297445,1
-0.013964,0.324885,1
-1.006387,-0.393442,1
2.329348,1.157231,1
2.422256,2.193800,1
1.522472,1.158043,1
0.582596,-0.363076,1
1.518292,0.600276,1
-0.185793,0.837981,1
0.610914,0.702746,1
2.089322,2.244770,1
0.611644,0.972191,1
0.818748,1.174262,1
0.322040,1.666942,1
0.341984,0.199404,1
0.365254,0.037969,1
-0.230710,-0.483631,1
-0.413034,2.847157,1
1.061509,2.301210,1
1.474211,3.448728,1
0.612015,1.095452,1
-1.016425,2.063091,1
-0.657674,0.846359,1
-0.652342,0.742892,1
1.318529,0.059511,1
0.123601,1.760841,1
-0.235243,-0.046473,1
-0.645095,1.950066,1
2.507141,0.707295,1
1.936803,1.012014,1
2.328546,-0.590995,1
-0.377605,2.046885,1
-1.060578,1.380393,1
1.600173,1.142656,1
1.362355,2.089520,1
2.906913,1.646561,1
2.039356,0.516640,1
1.171305,-0.115846,1
1.361587,0.212381,1
0.549918,0.926060,1
0.689999,1.056192,1
1.369284,0.085423,1
0.713141,1.199348,1
2.004152,1.092285,1
1.087740,1.867370,1
1.500646,1.107692,1
0.913232,1.120310,1
-0.768888,0.083123,1
0.925800,0.228756,1
1.746389,0.591519,1
0.107353,3.743921,1
0.612126,2.208775,1
-1.308299,0.688084,1
3.037887,0.256488,1
1.107218,0.273577,1
1.332366,-0.353893,1
-0.530206,0.078379,1
0.667210,0.513298,1
-0.940023,-0.550815,1
-0.160279,1.375133,1
0.524914,2.415188,1
0.194171,1.252203,1
1.792313,-0.639357,1
0.672626,0.980995,1
1.129830,0.600368,1
2.071476,2.158656,1
-1.682256,0.289661,1
2.448443,2.798935,1
0.125980,0.317481,1
1.602907,0.793530,1
0.465967,0.885942,1
1.931330,1.663268,1
2.297067,2.118825,1
1.303924,0.916935,1
1.136425,1.606569,1
1.875264,2.216458,1
0.751838,0.733533,1
0.777617,1.244755,1
3.003039,2.433019,1
2.207714,0.254968,1
1.490890,1.434585,1
0.935620,2.154758,1
-0.355699,0.932979,1
-1.317797,-0.834822,1
0.989768,2.715229,1
1.279888,1.718981,1
-0.921405,-0.286493,1
1.452228,0.008852,1
-0.334291,0.913171,1
1.276054,0.160144,1
0.043811,-0.561604,1
0.155716,-2.065609,1
-0.041571,0.790805,1
-0.167458,1.774872,1
1.311430,-0.279773,1
1.198237,1.453806,1
-1.008531,0.785767,1
2.992737,0.539760,1
2.518072,-0.707804,1
2.331745,2.295216,1
-0.514499,0.574596,1
1.888824,-0.285534,1
0.413586,-0.077882,1
2.089754,0.847127,1
2.505776,3.463099,1
0.680347,0.582410,1
-0.482572,0.843302,1
1.907077,1.067345,1
-0.951581,1.638589,1
2.544287,2.406756,1
1.433774,1.643446,1
0.937118,2.141010,1
2.076499,-0.481573,1
2.528614,0.226282,1
1.221271,0.702561,1
0.722996,0.964517,1
1.072124,0.496263,1
3.731617,1.925073,1
0.641941,0.867802,1
0.144440,1.763154,1
1.218111,0.245088,1
3.566670,-1.216153,1
-1.044954,1.243697,1
-0.392289,1.440798,1
1.030435,0.484657,1
0.497942,1.564180,1
1.026399,2.939262,1
0.771785,1.282582,1
2.604809,3.323737,1
2.195457,1.591828,1
1.675126,-0.180949,1
2.128019,0.639882,1
-0.991774,1.691663,1
1.134352,0.169463,1
-0.027316,1.187824,1
-0.425685,-1.473713,1
1.660949,-1.191990,1
-0.098389,3.101785,1
2.659663,2.304206,1
2.382013,1.286414,1
1.765035,-0.514270,1
-0.046304,-0.274411,1
0.685347,0.383776,1
2.763359,1.951533,1
1.015207,-0.002817,1
1.964426,0.707363,1
1.549772,-0.222811,1
1.070226,-1.627972,1
0.088650,0.485616,1
2.613585,-0.842997,1
1.136378,1.068283,1
2.419885,0.533853,1
-0.484422,1.876371,1
-0.039202,2.281219,1
-0.343517,1.220328,1
1.387655,0.841361,1
-0.973304,2.320271,1
0.887853,0.740099,1
1.663235,-0.046078,1
0.404288,1.034603,1
1.460571,1.394291,1
0.600066,1.561899,1
1.652289,1.088036,1
-0.896557,2.152330,1
-0.088101,1.005793,1
2.081299,0.494116,1
-1.831248,2.030679,1
-0.084327,2.381592,1
-0.898582,1.025398,1
-0.727195,0.012051,1
2.878857,2.379937,1
1.205224,-0.574924,1
2.511172,1.730665,1
0.723399,2.727573,1
-0.117942,-0.024798,1
0.526827,0.325987,1
1.481323,-0.275256,1
1.023472,0.169503,1
-0.333637,0.202047,1
2.474650,0.465681,1
1.677254,0.833979,1
-0.622614,1.491488,1
1.867892,0.338239,1
1.974247,-0.725922,1
0.475450,-0.725684,1
0.099224,0.626809,1
0.317764,1.588462,1
1.464979,-0.124239,1
0.238297,0.913146,1
0.896555,-0.923068,1
-0.480171,0.503317,1
-0.081762,1.317870,1
0.416259,0.901224,1
0.900016,2.214579,1
0.675360,1.945515,1
-0.033819,0.477693,1
2.009166,1.009445,1
0.711927,1.209375,1
1.428785,0.615129,1
-0.055187,0.462330,1
1.012904,1.186154,1
1.132673,2.572060,1
1.089356,0.096716,1
1.265855,1.288222,1
0.775330,0.939333,1
1.398979,2.470488,1
0.656665,-0.049929,1
1.725315,0.884388,1
1.876265,2.377263,1
0.242503,1.155861,1
1.379862,1.317769,1
0.887140,3.099210,1
0.083950,0.780537,1
1.449955,0.767373,1
0.465203,-0.116982,1
0.347904,1.103014,1
0.446305,0.966774,1
1.386276,1.673428,1
3.417360,1.888683,1
1.800364,3.264599,1
-0.825553,1.043557,1
1.462634,2.173038,1
0.713041,2.946647,1
0.430215,0.428465,1
2.633283,1.970916,1
-0.121130,0.210760,1
1.237914,1.859014,1
1.624424,0.362715,1
0.652913,1.846708,1
0.466972,-0.838917,1
0.868334,0.423216,1
1.855885,0.219145,1
1.184417,1.368508,1
-0.370445,1.976034,1
1.691020,1.375104,1
0.172299,1.096463,1
0.612652,0.031089,1
2.419558,-0.530626,1
1.527218,2.829430,1
1.261919,0.549091,1
0.404513,-0.376598,1
0.314719,1.346798,1
0.102433,0.891300,1
0.912690,1.066215,1
0.536191,1.562413,1
0.719232,0.426235,1
-0.362650,1.884292,1
0.843371,0.167401,1
1.176523,0.393308,1
-0.435585,0.338572,1
1.286490,1.962982,1
1.440000,2.421740,1
1.731134,-1.360962,1
0.460367,0.010787,1
0.307105,0.110390,1
0.313650,0.774266,1
1.461195,1.781078,1
-0.557124,1.875079,1
-0.984400,1.118282,1
-1.844950,2.868825,1
1.786883,0.123624,1
1.317544,0.440382,1
0.974283,1.614559,1
0.783903,-0.278939,1
1.902187,-0.330933,1
2.385467,1.883993,1
1.206812,0.255148,1
2.259845,1.021144,1
2.268275,0.573811,1
1.723499,-1.063889,1
2.085844,2.661170,1
1.980863,1.018401,1
-0.202062,-0.708766,1
2.151790,1.230405,1
1.451895,1.377488,1
-0.798398,2.431374,1
1.143726,1.075909,1
0.716099,1.996250,1
0.405790,0.505711,1
2.091196,2.299751,1
0.850114,1.006005,1
0.290552,1.368876,1
0.362767,0.636337,1
-1.149361,-0.234013,1
-1.039976,0.514503,1
0.278551,0.414626,1
0.446215,0.842998,1
-0.595513,0.442256,1
1.453303,-0.117419,1
1.678781,3.543090,1
0.484303,0.232344,1
1.340338,2.388027,1
1.870578,3.233336,1
-0.594083,0.150813,1
1.281979,-0.288205,1
2.578470,2.109908,1
-0.336617,-1.444981,1
0.152818,0.475458,1
-0.509366,0.988121,1
1.781079,1.904347,1
1.235160,2.281638,1
0.447798,0.415959,1
3.153318,0.595385,1
-0.444172,0.617348,1
1.969739,0.669264,1
-0.003941,0.931484,1
-0.356454,2.174210,1
0.404338,1.188478,1
3.059959,0.897816,1
0.778001,1.757004,1
0.920511,0.344940,1
2.724486,0.191681,1
0.780156,1.807459,1
1.819949,0.286783,1
1.309707,0.808701,1
1.191363,-0.036907,1
-0.015609,0.516267,1
-0.434246,2.306853,1
-0.764647,1.569574,1
-0.155173,2.666076,1
0.366039,1.456661,1
1.931280,1.181794,1
2.394649,0.376410,1
1.578396,1.029546,1
2.521230,0.755834,1
1.081683,0.807065,1
3.237303,1.605152,1
-0.232568,0.219930,1
-0.042659,-0.047221,1
-0.565475,-1.886608,1
1.958265,0.432510,1
0.925495,3.292938,1
-0.771626,1.733519,1
0.902100,-0.174937,1
-0.011132,0.235207,1
1.357760,0.273648,1
-0.760865,3.167086,1
-0.817832,0.395730,1
2.678303,2.741011,1
-0.111981,2.194663,1
0.985422,0.937776,1
0.864964,1.195150,1
3.525692,1.523494,1
-0.653555,1.014001,1
2.028219,-0.327355,1
-0.244663,0.203966,1
0.668842,1.031385,1
1.070490,2.109743,1
-1.712584,0.847925,1
0.243423,2.097834,1
0.227015,0.477778,1
-0.522774,2.237309,1
2.685491,1.149370,1
3.015953,2.196092,1
1.100848,1.964067,1
-2.209824,1.987310,1
0.131539,3.369618,1
1.585126,1.385988,1
-0.996255,0.132155,1
2.996433,1.537248,1
1.666766,-0.809682,1
-0.764772,0.045754,1
1.625204,2.445648,1
1.672874,-0.849566,1
1.575610,1.114299,1
0.813399,2.870255,1
2.204711,1.211041,1
2.304297,2.818774,1
0.813865,2.572316,1
0.020947,1.917643,1
1.967880,-0.747002,1
0.148798,0.560455,1
0.550010,-0.439105,1
0.857962,0.728881,1
1.175666,0.421083,1
-0.917273,1.115529,1
1.401525,1.024740,1
-1.311477,0.391285,1
2.504775,1.933433,1
-0.155490,-0.590845,1
-0.727606,0.911634,1
1.001140,1.796301,1
-0.147901,0.150590,1
1.284685,1.855494,1
0.698527,0.428602,1
2.019074,1.383111,1
3.991595,1.514492,1
0.756237,-0.410459,1
2.405729,2.908803,1
0.639927,1.089674,1
1.420322,1.084952,1
0.927943,1.156191,1
0.527734,1.055541,1
0.920231,2.240246,1
0.852147,0.001821,1
-1.980272,0.114745,1
0.338695,1.944469,1
1.548905,1.124226,1
1.473368,2.281385,1
-1.233091,0.052962,1
2.637313,0.702009,1
1.817449,1.613877,1
0.966068,1.002326,1
2.550464,1.137052,1
0.937383,-0.546178,1
1.569085,1.327381,1
1.233009,1.897076,1
1.289597,1.207867,1
2.224740,-0.044669,1
0.493828,1.040410,1
1.178245,1.894333,1
2.851960,0.357108,1
1.764326,0.926644,1
1.135010,3.317268,1
0.161841,0.577289,1
2.548589,1.207608,1
0.280550,0.020461,1
2.271411,3.358014,1
-0.422222,0.080305,1
1.385111,1.316215,1
-0.099001,2.593025,1
2.227248,-0.228667,1
1.192077,1.154524,1
-1.033491,1.369168,1
0.867986,0.326644,1
1.255611,0.623292,1
1.374274,1.035997,1
-0.788057,1.062080,1
2.827525,1.631889,1
1.063479,0.562068,1
2.628755,1.496787,1
1.934897,2.373853,1
2.692044,1.374101,1
0.660394,1.530102,1
1.021159,0.467732,1
0.470240,-0.319934,1
1.887299,0.572988,1
1.229253,1.937955,1
1.310242,1.788816,1
0.942357,1.979468,1
0.046243,0.117346,1
3.176177,-1.261454,1
0.789935,-1.409517,1
-1.230841,-0.178954,1
1.695193,1.696583,1
0.715854,2.424739,1
-0.284468,1.263208,1
0.710998,1.392888,1
1.183333,0.849495,1
1.505947,1.375065,1
1.306371,0.566070,1
0.703013,1.407205,1
1.062662,1.098140,1
0.139570,0.888328,1
0.821130,-0.259205,1
1.913519,0.266244,1
0.473888,-0.104643,1
1.325839,-0.376228,1
-0.578422,0.059739,1
-0.780387,3.056105,1
0.444990,0.661919,1
0.719198,-1.197689,1
0.027671,2.156635,1
2.002309,2.779139,1
2.136961,3.113248,1
-0.993601,0.988424,1
1.173360,0.980186,1
2.815877,1.608589,1
1.922818,0.917008,1
0.504621,1.732839,1
1.817633,1.746670,1
3.082616,1.752594,1
0.763991,1.269382,1
1.779170,0.438772,1
0.791914,-0.228390,1
2.301347,2.264381,1
1.899216,1.919238,1
0.338700,1.987275,1
-0.313010,1.557398,1
1.437711,-0.657908,1
0.266612,0.692621,1
-0.743595,1.393623,1
-0.623190,0.352072,1
0.960086,1.807521,1
1.733746,0.399490,1
0.070053,0.475125,1
0.151876,-1.245183,1
1.755035,1.125371,1
2.056517,0.390906,1
0.559837,0.796179,1
0.935678,1.096991,1
1.394120,0.639444,1
1.134867,0.715196,1
-0.384085,3.453899,1
1.766090,1.634823,1
2.991712,1.546386,1
1.632218,0.751160,1
0.199425,0.293993,1
-1.801210,1.277004,1
1.459147,0.212312,1
1.371274,0.473640,1
0.910328,2.271176,1
2.333864,1.932976,1
1.566248,3.532107,1
-0.937840,-0.604630,1
0.372733,1.785127,1
-0.731642,0.637668,1
1.838497,0.932409,1
0.685547,-1.017982,1
0.488902,0.385575,1
0.846839,-1.260146,1
1.790972,1.885315,1
1.821174,0.169029,1
-1.267745,1.778145,1
1.806901,0.466616,1
1.549826,2.025309,1
3.037857,0.985406,1
-0.126581,-1.341898,1
2.364737,2.171636,1
0.522119,0.340913,1
-0.513746,1.271039,1
1.528706,-0.037112,1
1.798999,1.494640,1
-0.208901,2.244188,1
2.015611,1.103491,1
1.362044,1.106829,1
1.874763,0.523590,1
2.067421,0.192328,1
0.574137,0.157362,1
1.308574,0.903861,1
0.427580,0.314111,1
3.307726,0.703429,1
2.336784,-0.314183,1
1.461520,1.235955,1
-0.332640,0.489124,1
1.265272,-2.664407,1
1.225119,1.631986,1
0.088175,0.534846,1
1.303105,2.425145,1
1.293125,0.377254,1
-0.447789,0.619445,1
1.406427,0.275077,1
0.334782,1.136229,1
0.393828,-0.151846,1
2.251993,3.432657,1
-1.267209,2.128378,1
2.620602,1.329203,1
2.565279,-0.757564,1
1.659554,-0.980952,1
2.588516,1.392069,1
-0.397644,1.386060,1
1.531458,0.433334,1
1.839204,2.236081,1
0.609260,2.553910,1
0.200961,3.328800,1
1.156925,2.229144,1
1.100253,0.500732,1
0.048471,3.875695,1
0.873383,0.552929,1
1.634387,0.320057,1
-0.039884,1.161177,1
-0.225763,0.807806,1
0.021039,2.012867,1
0.288211,2.538787,1
0.073868,1.047291,1
1.668200,1.683350,1
2.812046,0.261629,1
0.008529,1.079717,1
1.167466,0.916645,1
1.035007,-0.982323,1
-0.930154,0.642242,1
1.223942,-2.357650,1
1.446898,0.871742,1
3.121023,0.942559,1
-0.162464,0.380170,1
0.089784,1.122611,1
2.434883,0.321761,1
1.134510,1.305067,1
1.688376,2.563284,1
1.813869,0.560892,1
1.704224,1.491404,1
1.142547,0.013773,1
-0.135095,1.420964,1
1.450608,0.223799,1
1.228943,1.471736,1
-0.870281,0.538327,1
1.471031,1.568020,1
0.430056,2.463010,1
0.179580,2.768809,1
1.033334,2.630725,1
0.771301,-0.193914,1
0.471778,1.273134,1
1.693050,0.832331,1
0.334395,2.381143,1
0.544320,1.973955,1
0.065129,1.564738,1
0.144256,0.458600,1
1.565701,2.520492,1
0.014801,1.394866,1
1.206978,-0.079552,1
0.877043,-0.427265,1
0.970642,1.345139,1
0.362264,-0.567048,1
0.821690,1.818246,1
1.481642,-0.102865,1
-0.710317,1.278479,1
-0.406581,2.242718,1
2.983619,1.952665,1
1.060915,2.838837,1
0.235030,-0.397705,1
0.634511,-0.899453,1
1.576779,0.567521,1
1.923457,1.380861,1
-0.242522,-0.111529,1
3.919056,0.953884,1
1.364842,2.054442,1
-0.037887,0.752565,1
2.395832,1.517071,1
-1.054729,0.162980,1
0.744269,0.372643,1
-1.089144,0.403752,1
0.079904,0.855083,1
0.848133,2.346385,1
1.609203,2.516431,1
2.079052,1.571862,1
1.563134,3.351728,1
1.170454,0.866269,1
-0.050093,0.416514,1
0.578345,-0.354054,1
0.086388,0.793621,1
-0.008730,2.372399,1
2.091433,-0.853483,1
0.555099,0.943751,1
-0.050364,1.405187,1
2.186629,-0.547226,1
0.946985,0.329180,1
2.142119,0.255126,1
0.698195,0.351549,1
-1.055507,1.592467,1
0.933306,1.820842,1
2.945264,2.188772,1
-0.736959,1.440167,1
3.019010,-0.614845,1
-0.036094,0.304332,1
0.188872,3.213697,1
0.100380,1.411978,1
1.340648,0.500144,1
2.735593,0.245171,1
1.277639,1.177465,1
1.367307,1.709713,1
-0.833153,2.316069,1
0.700882,0.319695,1
0.581639,2.558682,1
2.607067,1.316919,1
2.133514,-0.569481,1
0.441619,-0.270886,1
1.110867,0.608969,1
1.528790,2.355546,1
1.901697,2.060813,1
1.391120,-0.885221,1
1.540219,2.184199,1
1.061025,1.857948,1
1.086263,1.945322,1
0.528441,2.663652,1
0.292097,-0.359196,1
1.339047,0.356153,1
0.122524,2.678029,1
0.424672,1.406729,1
1.605579,1.801407,1
0.561039,1.930683,1
-1.311287,2.525135,1
-1.018958,0.865009,1
0.480287,0.997440,1
0.978122,1.223343,1
2.925672,0.449641,1
-0.197445,-0.845145,1
1.588013,-0.739893,1
2.260732,0.177843,1
1.290171,-0.014403,1
-1.774150,-1.102398,1
0.803458,2.369708,1
-0.149082,1.578096,1
1.546139,0.250462,1
0.645627,-0.037964,1
1.866628,2.586345,1
0.779723,3.089484,1
1.365069,0.220723,1
-0.949792,1.592287,1
1.067848,0.457450,1
2.285999,1.036464,1
0.207005,0.669220,1
0.840570,0.161783,1
2.630990,0.279634,1
0.137573,1.069999,1
-0.099525,0.858765,1
-0.325445,2.054974,1
0.742354,3.727094,1
1.332052,1.152279,1
2.467316,1.183435,1
2.187948,1.056404,1
0.797751,1.714859,1
1.297642,1.404298,1
1.271380,1.648922,1
0.321894,0.804489,1
1.081151,2.880219,1
-0.173728,2.495716,1
-1.550192,-0.515206,1
-0.982069,0.820234,1
0.407634,0.214937,1
0.581134,0.649482,1
-0.302462,-0.478848,1
0.952103,2.182518,1
-0.078889,0.096195,1
-0.069927,2.024142,1
1.994680,-0.517883,1
1.502721,-1.280813,1
1.576134,2.069234,1
1.262446,1.610415,1
0.446434,-0.122394,1
1.265691,1.499732,1
2.107879,2.188298,1
0.978118,2.489736,1
2.125754,0.794225,1
1.237325,0.460571,1
-0.844914,0.575551,1
1.573831,2.562314,1
0.164592,-0.490096,1
0.664546,1.214104,1
0.264265,0.678203,1
0.603687,0.836107,1
2.608401,1.467140,1
1.758771,1.011521,1
0.858669,0.032041,1
0.170154,0.207439,1
2.116797,2.031051,1
1.987143,-0.065801,1
-1.037283,1.629997,1
2.991742,-1.128364,1
1.297299,-1.417890,1
1.816136,1.326652,1
2.815235,1.377110,1
2.077135,-0.868729,1
1.884504,3.969836,1
0.232377,1.053517,1
0.446690,0.265036,1
-0.833548,0.511872,1
0.847050,1.971689,1
2.814798,-0.206013,1
2.010131,3.059484,1
3.093436,-0.231982,1
2.057046,-0.445847,1
2.012911,0.596291,1
1.033030,3.474649,1
2.547598,0.136926,1
1.050254,-0.164173,1
1.893972,0.762527,1
0.909494,2.399085,1
1.523966,1.321311,1
0.225130,0.678181,1
0.174022,0.173861,1
1.801204,3.289923,1
0.270409,1.861496,1
0.878839,1.431237,1
0.768282,2.718155,1
0.081163,-0.318638,1
-0.447698,2.824741,1
2.081472,0.005639,1
0.343552,2.470429,1
1.398284,0.479155,1
0.199760,0.663659,1
1.126764,1.741325,1
2.819692,-0.869783,1
0.691428,1.324055,1
2.425355,1.311654,1
0.424974,-0.486617,1
1.373088,0.414451,1
0.613197,3.310781,1
0.940245,-0.274573,1
1.433934,1.363808,1
-0.522944,1.542063,1
0.660951,0.993825,1
-0.853815,1.739764,1
0.739191,1.418834,1
0.343422,3.191304,1
0.992928,0.417697,1
1.088583,-0.558692,1
1.321233,4.113391,1
1.526328,0.918577,1
3.720854,-0.690858,1
2.473761,-0.479098,1
-0.146379,-0.268631,1
2.261952,2.718732,1
-0.606098,3.429915,1
-1.036183,0.588343,1
0.406411,1.713072,1
-0.673549,2.437236,1
2.822133,1.479868,1
1.299302,2.309257,1
-1.259160,0.457081,1
-0.001626,2.703378,1
0.604256,1.624945,1
1.398652,0.861384,1
0.201614,1.418524,1
-1.396018,1.313451,1
0.726508,-0.998152,1
1.060840,-1.005016,1
-0.823209,1.145384,1
0.851729,-0.762054,1
3.388062,-0.604707,1
0.689491,-0.111506,1
0.238733,0.642393,1
0.854689,2.535383,1
-0.273770,1.414770,1
0.536466,2.325994,1
3.751355,1.641603,1
0.868734,0.820803,1
1.440841,0.545312,1
2.334430,2.983623,1
1.041743,2.009151,1
2.347848,3.705501,1
0.917105,2.464322,1
0.930262,1.312358,1
1.986136,3.648020,1
1.925495,0.625935,1
1.480616,0.544500,1
1.154205,0.808392,1
2.356595,-1.332859,1
1.794216,1.729957,1
-2.181801,-0.169703,1
1.899120,0.048323,1
0.567801,1.172702,1
1.741653,1.630363,1
-1.889775,0.075260,1
1.054051,3.014096,1
0.344835,-0.966356,1
1.204673,1.003392,1
1.613644,2.748912,1
1.092034,1.023861,1
1.612454,0.940096,1
1.899306,0.719240,1
1.270200,2.510615,1
0.630946,0.404744,1
0.415455,1.905662,1
0.387508,-0.111165,1
0.961194,3.592963,1
0.072731,1.010766,1
0.630605,0.941342,1
1.630670,-0.754538,1
-0.379086,1.529213,1
0.678179,0.809809,1
1.045242,2.399261,1
-1.032147,0.302426,1
-0.705096,1.178917,1
2.831428,0.322548,1
2.146230,0.317788,1
-0.058229,-1.793166,1
2.100189,-0.554907,1
0.824721,1.383316,1
0.627118,0.788405,1
0.504998,1.229711,1
1.048217,1.654604,1
0.312776,0.814666,1
0.936811,1.034220,1
0.179974,1.345680,1
3.741652,3.189084,1
0.492407,2.055102,1
-0.224468,0.029789,1
0.437928,2.599379,1
-0.349363,1.291819,1
1.619357,1.028401,1
-1.274611,0.130301,1
-1.223293,2.309712,1
1.635278,1.539914,1
0.040354,0.957809,1
0.126246,2.733610,1
1.616741,-0.516761,1
2.092191,0.309300,1
1.022841,2.114748,1
1.531443,0.797817,1
0.253173,0.031040,1
2.007625,0.840158,1
0.501032,2.851456,1
0.495949,-0.412986,1
1.193803,1.192863,1
0.901026,0.938192,1
1.350714,0.963409,1
2.264509,3.078561,1
0.381910,0.716759,1
-1.133645,1.421809,1
3.195323,3.346115,1
0.971171,1.885414,1
-0.459536,0.800093,1
0.539419,0.746397,1
0.467365,2.798319,1
1.141614,2.958174,1
0.848327,1.264926,1
2.012076,1.438343,1
1.035077,-0.979777,1
1.199216,0.055983,1
1.180508,1.533294,1
1.234310,1.109916,1
0.973581,1.619779,1
1.327490,1.186700,1
2.470739,2.920136,1
-0.632458,0.819472,1
1.307866,-1.607755,1
0.492317,0.695928,1
0.636665,0.182763,1
-0.448903,-0.362059,1
0.229557,-0.396141,1
-0.595483,3.105652,1
0.422350,1.291320,1
-0.822538,0.025065,1
-0.127351,0.699797,1
1.233118,0.650952,1
0.380515,-0.418335,1
0.616324,-1.608398,1
-0.096027,1.570318,1
1.954129,1.794041,1
1.410526,1.332563,1
-0.632796,2.085282,1
2.293423,-0.530821,1
2.011436,-0.634215,1
1.403128,0.257777,1
2.616032,-0.061408,1
3.454331,0.729812,1
0.482999,0.073414,1
-0.003523,0.305792,1
-0.349620,1.207986,1
1.619969,1.061184,1
0.873376,1.367935,1
1.054140,2.626212,1
1.721017,0.115878,1
0.745032,0.736310,1
1.719782,0.965629,1
0.134041,1.336802,1
-0.378915,-0.694442,1
0.933869,0.191842,1
0.137251,1.517779,1
0.183534,0.415014,1
1.323483,0.058299,1
0.824487,1.453908,1
1.557017,-0.161865,1
2.009982,0.689180,1
2.680508,1.805605,1
2.607406,1.218692,1
0.660607,-0.244006,1
-0.319179,-0.949639,1
0.621669,-0.671936,1
-0.280781,1.244832,1
2.330037,2.859371,1
-0.080614,0.628182,1
0.693199,0.636260,1
0.402465,1.176554,1
1.202304,0.224743,1
3.027207,0.324338,1
1.292214,0.985191,1
3.986816,-1.103404,1
1.178257,-0.891286,1
0.778006,0.864079,1
-0.424054,0.437455,1
2.338674,1.234193,1
0.758906,1.516149,1
0.978768,2.484763,1
0.206751,2.634980,1
0.628927,0.812802,1
1.165038,2.570079,1
-0.115702,-0.753240,1
-0.361581,1.632616,1
1.187182,0.913210,1
1.678930,0.440168,1
-1.074067,0.474684,1
1.962525,2.342951,1
2.003999,1.193536,1
0.613224,1.870487,1
0.319462,0.380963,1
-0.567372,0.336671,1
1.065256,-1.124326,1
0.691191,2.711139,1
2.215261,1.708096,1
0.777123,1.770906,1
1.028423,2.111267,1
-0.015403,-0.379996,1
0.004544,0.480176,1
0.311103,0.563268,1
2.688532,-0.937832,1
1.617334,1.229716,1
0.023512,0.732902,1
0.505940,-0.538199,1
3.398473,1.406434,1
1.653231,1.383368,1
0.528479,0.394145,1
2.265365,1.316933,1
2.337129,1.049792,1
2.407304,0.229613,1
-0.085650,0.140669,1
2.182843,1.130080,1
1.664633,1.199519,1
1.432644,1.114464,1
0.702438,1.001124,1
3.725836,0.365066,1
-0.133384,0.195534,1
1.567965,-2.098113,1
0.448429,0.199448,1
0.523435,1.998385,1
-0.909873,1.458319,1
0.248595,0.195933,1
2.065124,1.990811,1
1.452816,0.044153,1
1.841832,3.529746,1
1.944654,3.000767,1
0.127390,1.227878,1
0.706179,1.099622,1
-0.172977,1.710255,1
0.085243,1.376559,1
2.061961,2.747850,1
1.002405,0.519955,1
1.304761,-0.625534,1
1.616547,0.802567,1
0.476473,-0.560577,1
1.362239,-0.300443,1
0.180091,1.414815,1
1.377944,2.066615,1
0.337020,1.751407,1
0.366434,0.650667,1
0.822436,-1.274481,1
-0.804057,1.870537,1
2.316269,1.087681,1
3.198460,3.483206,1
2.491849,1.586211,1
-0.282329,1.543621,1
1.297017,2.150991,1
0.200112,1.508362,1
3.262942,1.370535,1
1.892149,3.984701,1
3.834627,2.211963,1
1.502267,0.787076,1
-0.806548,1.300197,1
1.306233,1.324962,1
-0.524769,1.132368,1
2.007682,0.580826,1
1.159549,-0.349732,1
-0.886756,0.926370,1
0.693874,0.752086,1
0.984421,1.673883,1
1.455675,2.670637,1
2.028699,3.292043,1
1.402199,1.444151,1
1.520860,0.966288,1
1.799952,0.087528,1
1.765455,-0.361073,1
0.937984,2.275502,1
0.915183,1.457298,1
3.388182,0.326128,1
1.880632,1.077406,1
1.348190,3.814229,1
-0.586386,0.608103,1
1.257512,1.568272,1
1.641408,-1.716960,1
0.441216,2.254807,1
0.807417,1.512133,1
2.190564,-0.347755,1
1.772948,2.481965,1
0.096260,1.246347,1
2.055976,-0.193033,1
-0.219842,0.598267,1
0.183431,1.529901,1
1.196674,-0.400295,1
0.166895,2.719241,1
0.836535,1.038928,1
2.739151,3.011675,1
-1.252910,0.713393,1
1.701678,0.976426,1
0.393114,2.586002,1
-0.630233,0.117462,1
0.689000,-0.904608,1
-0.223011,0.483418,1
0.200905,0.694118,1
1.495356,-0.185407,1
2.535459,0.706116,1
0.386851,-0.405822,1
2.122533,1.422166,1
1.525635,1.917522,1
-1.102219,0.412955,1
1.319545,3.020683,1
0.927657,0.036034,1
-0.318649,0.605434,1
-0.455617,2.760051,1
2.055511,1.298228,1
0.584598,1.416114,1
0.294410,0.386843,1
0.543040,2.510847,1
1.587722,1.164644,1
1.019824,0.896722,1
1.575482,-0.476350,1
0.839694,0.143242,1
1.434148,0.246198,1
1.637733,-0.389619,1
2.282782,2.521890,1
2.482122,1.371891,1
2.140646,1.648758,1
1.903519,1.952231,1
1.690355,0.943293,1
0.957701,0.361789,1
0.103887,1.368898,1
2.969683,0.839026,1
-0.356616,2.045450,1
1.304622,2.817287,1
0.453909,1.234030,1
2.240658,1.017985,1
1.456109,2.444915,1
0.456311,0.443242,1
-0.231026,1.968288,1
1.723484,1.200687,1
1.478890,1.098228,1
0.063008,1.102262,1
2.845159,0.759717,1
0.716240,1.102361,1
0.425856,1.836820,1
0.950801,0.778595,1
1.431957,1.728948,1
1.206234,0.568467,1
-1.314383,1.780783,1
1.835431,0.647934,1
0.469749,-0.255186,1
0.659518,0.471882,1
1.785320,-0.637036,1
1.631804,2.719109,1
0.713814,-0.728040,1
2.596153,1.845382,1
1.578650,0.007669,1
2.554242,0.579930,1
0.217804,0.703327,1
0.697799,1.531731,1
0.075341,1.099275,1
1.770730,0.989133,1
2.959772,1.190573,1
1.355031,0.447440,1
1.762667,0.048845,1
0.843067,-1.270419,1
-0.007745,-0.710269,1
2.033658,1.314562,1
1.389202,-0.323897,1
-0.304840,0.514865,1
-0.930761,0.211375,1
2.456180,-1.173838,1
1.221391,3.576308,1
0.149176,2.166403,1
-0.222565,-0.116732,1
0.631600,3.764933,1
3.033230,2.942793,1
0.991322,-0.534312,1
1.206215,1.335344,1
1.196611,0.950045,1
0.564638,0.474581,1
0.959297,-0.356137,1
2.823527,2.184866,1
2.681608,1.067542,1
0.942955,3.259051,1
-0.077646,0.672885,1
1.362788,1.342766,1
0.084791,-0.733864,1
0.782469,2.659379,1
1.516230,1.753056,1
-0.568348,0.981013,1
2.462411,-0.273975,1
1.989272,0.523113,1
1.789574,-1.302900,1
1.471662,1.930746,1
0.221897,0.432429,1
0.156980,0.564059,1
2.281061,0.047192,1
0.081450,1.405790,1
3.254192,2.302114,1
1.665808,1.568813,1
-0.396333,1.007030,1
0.631996,2.160778,1
-0.286578,1.201518,1
-0.104807,2.782276,1
1.056871,-0.361696,1
-0.039094,0.280966,1
0.799954,0.977989,1
0.122944,1.174260,1
-1.493849,2.283480,1
0.703680,-1.212024,1
0.612629,0.822635,1
1.234452,0.219861,1
0.208341,0.386241,1
1.134848,0.477197,1
2.490018,1.906382,1
0.156604,0.218435,1
1.075822,0.219577,1
1.107523,1.367192,1
-0.111298,2.171241,1
-1.336341,1.094059,1
0.297702,1.158362,1
0.804192,-0.620426,1
-0.569148,0.392596,1
1.007786,-1.347993,1
1.316346,0.984153,1
1.994907,0.533828,1
2.594414,0.556854,1
2.629709,0.688655,1
-0.286982,1.444883,1
0.030134,2.704886,1
0.630157,0.052478,1
2.122434,1.460879,1
1.817129,2.966249,1
1.401749,1.528000,1
2.005365,-0.088568,1
0.876893,1.834487,1
1.876203,0.405892,1
1.470952,1.282410,1
-1.166070,2.948961,1
0.003693,0.653105,1
-0.593448,0.527650,1
0.523695,1.642762,1
1.813795,0.512442,1
0.687263,-0.495134,1
1.742887,0.351803,1
-0.965090,0.159422,1
0.300235,1.940765,1
1.671761,1.454021,1
-0.567711,1.337814,1
0.026195,0.288597,1
-0.265736,-0.581090,1
0.737224,-0.466874,1
0.364597,3.569686,1
1.506878,0.930636,1
0.278866,2.241483,1
0.854994,1.481209,1
1.098197,0.966967,1
1.809061,1.358839,1
-0.054977,0.232257,1
0.332025,2.545383,1
2.161466,1.773921,1
-1.057031,2.075579,1
0.080464,0.720234,1
2.283493,0.353589,1
0.509254,2.135314,1
2.086384,0.938845,1
-0.140201,1.099934,1
-0.149399,-0.040226,1
0.624212,0.951477,1
4.048618,1.967482,1
0.049538,0.325380,1
0.726355,-0.126615,1
1.206748,-0.389994,1
1.172160,1.613070,1
1.343249,0.467031,1
0.060670,2.070079,1
0.302837,1.017542,1
-0.283559,1.129041,1
1.479822,3.405488,1
-0.022934,0.687229,1
0.791206,1.058521,1
2.340209,0.063704,1
0.277554,2.540626,1
0.358033,1.183629,1
0.654764,-0.467934,1
0.527534,0.972656,1
0.185181,2.266867,1
0.305917,1.237979,1
0.782768,0.971256,1
1.598605,0.549739,1
0.059425,0.296985,1
2.537431,0.509547,1
0.042690,0.104978,1
-0.156819,1.855670,1
2.415585,1.783073,1
1.936787,1.202758,1
2.503954,-0.106754,1
2.131673,1.248880,1
1.549547,-0.060336,1
-0.355076,0.916522,1
0.671566,0.331576,1
1.474153,0.533654,1
2.396014,-0.098725,1
0.931038,0.228785,1
0.719681,-0.298705,1
1.185486,0.611259,1
1.129305,3.446745,1
1.017527,0.370640,1
0.897387,1.772651,1
0.624807,1.416112,1
0.676068,2.950075,1
0.733370,0.313527,1
3.063697,-0.084399,1
0.595445,-0.880395,1
0.813282,2.055089,1
0.577157,2.545706,1
2.039922,-1.094854,1
0.600543,0.543862,1
1.554586,1.083527,1
0.682624,0.384364,1
0.572741,3.027387,1
-0.578488,-0.567189,1
-1.630420,1.018593,1
-0.163313,-1.074319,1
1.686101,0.437325,1
1.669076,-0.476095,1
0.523287,2.795356,1
2.649517,0.557298,1
0.629289,2.535442,1
1.593850,1.832813,1
1.847055,2.816255,1
-1.199174,-0.535851,1
0.756572,0.730296,1
0.797599,0.396628,1
0.111280,1.569132,1
1.288795,0.012996,1
1.241046,1.071501,1
0.139018,0.650234,1
1.898532,-0.112446,1
0.092484,0.704933,1
1.732659,0.431905,1
-0.370915,1.114225,1
1.568239,0.861003,1
1.101278,0.370625,1
-0.979906,3.148040,1
0.487057,-0.670919,1
3.242315,0.827385,1
1.653114,2.294387,1
0.122933,0.679026,1
-1.050550,0.040467,1
1.256876,-0.095656,1
1.358345,-0.159720,1
0.380446,1.598633,1
0.210441,-0.974529,1
0.993954,0.556527,1
1.471358,3.011673,1
2.016348,2.236109,1
0.251515,-0.389104,1
0.877328,1.005979,1
1.003493,0.146568,1
-0.829049,1.586266,1
0.686671,1.955818,1
0.236431,1.057369,1
0.273184,1.078282,1
0.422213,0.375773,1
1.789013,2.731655,1
2.531868,1.682203,1
0.664387,2.583274,1
1.289380,0.974491,1
2.112001,1.733127,1
0.871800,-0.769478,1
1.827947,1.775110,1
0.297293,0.098430,1
1.387633,0.903781,1
-0.140807,0.407257,1
1.863007,0.434587,1
1.379312,-0.868036,1
0.110163,0.363947,1
0.383727,0.205876,1
1.607943,1.399665,1
-0.889973,1.709333,1
1.510329,-0.215890,1
1.032012,2.785029,1
0.777972,0.056912,1
1.516688,0.912310,1
0.099132,1.022096,1
0.746424,-1.030184,1
1.395510,-1.316792,1
2.695894,1.534108,1
1.716868,0.954664,1
1.996451,0.102033,1
1.033324,1.051369,1
1.613063,1.935355,1
-0.248631,1.399785,1
-0.229584,1.531867,1
0.858367,-0.198234,1
0.953144,0.672818,1
2.275483,1.477365,1
0.997906,2.413294,1
1.811412,0.951982,1
-0.491501,0.546008,1
-0.102368,1.643823,1
0.011803,0.235858,1
0.530346,0.374605,1
-1.267964,0.871016,1
0.696701,1.831090,1
1.088278,0.251279,1
0.632038,0.711447,1
2.405538,1.418035,1
2.465550,1.243030,1
-1.755028,-0.237830,1
2.051635,2.648997,1
1.883835,2.197174,1
1.237178,2.325705,1
1.145208,0.827507,1
1.687675,0.823479,1
2.594043,1.886761,1
-0.853501,1.760621,1
0.575535,-1.007417,1
2.371020,3.004268,1
-0.205747,-1.936182,1
-1.118694,0.952875,1
0.584638,0.009947,1
0.718836,2.567657,1
1.488540,1.018895,1
0.086391,0.982062,1
1.440099,1.650212,1
0.580078,-0.366073,1
1.420588,0.382424,1
0.959036,0.767743,1
1.011091,0.442301,1
-0.001409,0.838697,1
2.426831,1.072295,1
0.711801,0.947455,1
2.058062,0.695793,1
0.444748,1.977724,1
-0.587466,2.506552,1
0.887292,-0.727859,1
0.393713,0.192434,1
1.651200,-0.177367,1
0.975193,2.356860,1
1.606069,1.772097,1
2.557430,0.285759,1
0.747935,1.371702,1
-0.176024,0.981138,1
1.431632,0.062008,1
0.815376,-1.706333,1
0.894950,2.097870,1
0.436599,2.287656,1
1.441239,1.003063,1
1.256733,-0.816205,1
1.153152,1.656281,1
1.377671,0.424598,1
-0.120076,-0.229318,1
2.372122,-0.054567,1
1.682845,2.520406,1
0.134570,0.121711,1
0.708493,1.155491,1
-0.151977,1.599796,1
-0.513559,1.490230,1
1.844338,2.114415,1
-0.280120,0.262397,1
3.194447,1.293706,1
0.855384,0.745788,1
1.921337,0.691903,1
0.482907,-0.418715,1
0.881107,0.785324,1
-0.916436,-0.707669,0
-1.443586,-1.343740,0
-0.051717,-2.719363,0
-2.036183,-2.837008,0
-1.634601,-1.732072,0
0.961705,-1.482766,0
-0.191019,-1.480997,0
-2.755697,-2.287823,0
-1.694447,-1.503467,0
-1.139520,-3.657904,0
0.754807,0.653316,0
-3.093404,-1.854599,0
-1.396369,-0.382463,0
-0.267891,-1.509377,0
-1.351943,0.324867,0
-0.317003,-0.570769,0
0.502826,0.126279,0
-1.418573,0.031465,0
-0.758656,-2.441724,0
-2.802941,-2.285347,0
-0.983504,1.386621,0
-1.341710,0.227971,0
-3.017006,0.996942,0
-2.298704,-3.741566,0
-0.615555,-0.646577,0
-2.573886,1.199717,0
-0.914654,0.583233,0
-0.655913,-1.408863,0
-0.082791,-1.660451,0
-0.200059,0.188481,0
-1.664625,-0.933244,0
-1.202776,-1.608473,0
0.402988,-0.973556,0
-0.776537,-0.902593,0
-1.145223,-1.833764,0
-0.325668,0.923088,0
-1.432261,-0.928633,0
-0.630876,-1.289238,0
-2.312702,-0.644259,0
0.447845,-3.102894,0
-0.859638,0.544002,0
-0.264178,-1.601084,0
-2.870270,-1.347803,0
-2.023800,-2.286918,0
-2.969831,-1.970898,0
0.278631,-2.153319,0
-0.948908,-1.039165,0
0.170828,-1.030954,0
-0.669986,-1.699585,0
-0.802737,-3.012149,0
-0.699962,-2.485056,0
-1.377504,-0.917563,0
1.249837,1.039482,0
-0.691146,0.341349,0
0.226562,0.786717,0
0.893437,-1.147363,0
-1.470235,1.987093,0
-1.530644,-0.469842,0
-2.189153,0.727981,0
-0.640423,-1.978321,0
-1.319950,-1.785922,0
-0.475904,-0.274097,0
-0.995774,-2.452889,0
0.237098,-1.369764,0
0.076106,-1.621508,0
-0.363898,1.304048,0
-1.852506,-1.986785,0
-1.556076,0.212182,0
-2.701107,-2.292985,0
-0.969174,-2.619463,0
-1.190572,-1.527881,0
-2.455833,-0.135367,0
0.160454,0.491754,0
-1.997358,-0.954202,0
-2.651115,-1.364406,0
-2.032693,-1.385432,0
0.303744,0.178726,0
-0.996665,-1.444341,0
-0.172538,-1.494911,0
-1.020907,-0.825439,0
0.021998,-3.994684,0
-1.049836,-0.769605,0
-1.058434,1.148094,0
-2.637398,0.593155,0
-2.428489,-3.323726,0
-1.035081,0.331012,0
-1.123680,0.330625,0
-1.198873,-2.362560,0
0.567738,-0.623679,0
-3.179542,-0.646831,0
-1.669476,-0.318597,0
-2.011069,-0.024543,0
-0.183865,0.100948,0
-0.277796,-0.856401,0
-0.179401,-1.175204,0
-1.748583,0.499171,0
-1.767556,-0.306938,0
1.132381,-0.378959,0
0.026676,0.128002,0
-1.437729,-0.274883,0
1.361885,-1.629246,0
-2.242857,1.406883,0
0.249517,-1.327920,0
-1.140226,-1.664185,0
0.450012,-0.353365,0
-1.504399,-3.235199,0
0.286597,-0.605424,0
-0.852433,-0.590307,0
-0.037535,-0.904347,0
0.407783,-2.223549,0
-0.719086,-1.386497,0
0.910883,-2.175724,0
-0.906510,-2.114863,0
-0.987356,-2.592898,0
-1.786845,-2.657751,0
-1.135376,-0.338060,0
-1.294994,-1.026930,0
0.337111,-0.180732,0
-2.362047,-2.537982,0
-2.126430,-0.640014,0
1.095452,-1.749609,0
-0.828888,-1.138548,0
-1.434878,-0.232245,0
-2.163266,-0.719633,0
-1.626007,-0.218665,0
-1.004468,-2.524059,0
-0.913574,-2.130566,0
-1.791263,-2.176763,0
-0.194382,-0.692032,0
-0.691206,-0.997107,0
-2.184485,-0.154278,0
-0.431743,-1.244449,0
-0.556295,-1.108203,0
-2.379163,-1.191736,0
-2.532096,-1.862702,0
-1.159776,-2.408729,0
-0.785515,-1.022096,0
-2.489847,-0.826363,0
-0.427725,-0.901920,0
-0.842279,-0.889230,0
-1.792290,-1.652338,0
-0.726221,-3.067952,0
-3.905955,0.096695,0
-1.502557,-0.595734,0
-1.757909,-0.406663,0
-0.516348,-1.192272,0
-0.963764,0.326195,0
-3.046461,-0.977923,0
-1.399310,-1.575666,0
-1.351236,-0.694737,0
-1.192280,-1.930463,0
-0.012033,0.186653,0
-2.376189,-0.944403,0
-2.194331,1.548687,0
-2.943422,-0.419398,0
-0.746521,1.037552,0
-2.655874,-3.281739,0
0.555607,-2.333327,0
-0.665705,-2.357903,0
-2.177765,-3.172167,0
-3.049741,-1.808801,0
0.612811,-0.238233,0
-0.987739,-3.165375,0
-0.741238,-1.878477,0
-2.747275,-1.280764,0
-1.535814,-1.866893,0
-1.157492,-2.507336,0
-0.168773,-0.478534,0
-2.684249,-0.529215,0
-0.095780,-0.969472,0
-0.478501,-0.344586,0
-1.096944,-0.332766,0
-0.630469,-0.580809,0
-1.921759,-2.407718,0
0.661941,-0.518112,0
0.559427,-1.941073,0
-1.325922,-1.905545,0
-1.658142,-0.486448,0
-1.126749,-0.724511,0
-0.078782,0.305718,0
0.468326,-0.084802,0
-0.950682,-2.088953,0
0.088869,0.200655,0
-0.911620,-2.483991,0
0.148110,-2.418185,0
-0.207218,-0.472885,0
2.659414,-1.110856,0
-0.747791,-0.305609,0
-1.156572,0.336002,0
-0.604421,-0.301044,0
-0.744276,-2.007769,0
-1.562105,-2.703724,0
0.709943,0.545481,0
-0.582170,0.378558,0
0.008435,0.171331,0
-0.771988,-1.002980,0
-1.323421,0.920390,0
0.190267,0.919478,0
0.085384,-1.709783,0
-1.242279,-0.490406,0
0.705075,-0.092558,0
-1.974410,-2.893696,0
0.185046,-1.595040,0
1.819971,-1.137789,0
-0.174054,-1.196114,0
-0.540840,-0.498880,0
-2.178695,0.186260,0
1.340645,-1.238339,0
-1.806990,-0.970357,0
0.148434,-1.019407,0
-1.595437,-0.268149,0
1.147021,-0.616862,0
0.614525,0.420162,0
-0.712884,1.593760,0
-3.124134,-0.729047,0
-0.248219,0.203610,0
0.393811,-0.820995,0
-0.435958,0.141838,0
0.214542,-1.667592,0
-0.468518,-2.698804,0
-1.497262,-1.696003,0
0.767233,-1.595169,0
1.224873,-2.519248,0
-1.521324,-0.096505,0
-3.413310,-2.495521,0
-1.208280,-0.127524,0
0.397631,-0.905277,0
-1.511372,0.028829,0
-1.831039,-1.087143,0
-1.290550,-1.596542,0
-0.409414,0.441691,0
-3.152877,-0.503230,0
-0.563851,-0.980970,0
-2.479400,-1.417651,0
-2.459646,-1.422267,0
-3.269695,-1.614294,0
-1.544428,-1.372557,0
-1.534059,-1.066585,0
0.119806,-0.170807,0
-1.688393,-1.940557,0
-0.787784,-0.376365,0
-1.294940,-1.258696,0
-1.774322,0.105848,0
0.234204,-1.301446,0
-2.395582,-1.552410,0
0.538422,0.201066,0
-1.934743,-3.333092,0
0.135716,-0.142163,0
-0.724277,-0.927778,0
1.581284,-1.006709,0
-1.772057,-0.068045,0
-3.300345,-2.759889,0
0.087115,-0.212295,0
-2.083473,0.867975,0
-1.538256,-2.116835,0
-0.518805,0.138575,0
-0.497757,-1.222256,0
-1.097951,0.784149,0
-1.128890,-1.193364,0
-2.099175,-0.732055,0
-1.139000,-0.051284,0
-1.025146,-0.474668,0
-0.118734,-0.929118,0
-2.061985,-1.303456,0
-1.337034,-0.485875,0
-0.829388,-1.334008,0
1.305006,1.821945,0
-0.604920,-1.037295,0
0.200066,-1.935750,0
-0.454482,0.538314,0
-1.510657,-1.966218,0
-1.034103,0.425754,0
-0.025502,-0.136138,0
-1.343193,-1.703584,0
-1.948426,-0.686310,0
-1.319541,-4.208406,0
-1.674608,-0.811181,0
-2.926049,-0.916585,0
1.000088,-1.289581,0
-1.357551,-1.245155,0
-2.404910,0.381278,0
1.131371,-2.144810,0
-1.074736,-2.104426,0
0.204858,-1.279525,0
-0.790444,-1.047793,0
-1.336535,-1.978559,0
-1.896345,1.569912,0
-0.154838,-0.853006,0
-1.599772,-0.543471,0
0.157072,-2.286102,0
0.881256,-0.791839,0
0.226683,-1.397707,0
0.770992,-1.755946,0
-0.750628,-1.400046,0
-0.932399,-1.675443,0
0.021977,-0.899630,0
-1.050311,-1.028959,0
-0.604968,-0.193916,0
-0.819505,-2.957240,0
-1.115387,-0.226882,0
-1.857818,-1.544987,0
0.294054,-0.500662,0
-1.393699,-0.830317,0
1.158977,-2.011754,0
-2.080727,-0.943274,0
-0.985431,-1.485165,0
-1.213415,0.457491,0
-3.114379,-1.902815,0
-1.450230,-0.261569,0
1.338801,1.113758,0
0.074605,-0.266933,0
-2.492245,-0.448164,0
-1.262687,-1.766604,0
-2.082439,-1.774522,0
1.598932,-0.453568,0
1.907674,0.437434,0
-1.498319,-1.210058,0
-2.881944,0.173546,0
-0.831709,-2.585837,0
-1.035757,-0.438159,0
1.746801,-2.368024,0
-2.135432,-1.274922,0
-1.768647,-3.827445,0
-0.433204,0.761279,0
-1.527466,-0.930242,0
-2.135775,-0.105798,0
-0.671247,-1.012756,0
0.223949,-0.457657,0
-1.818058,-1.847404,0
-0.589581,-0.880802,0
0.307793,-2.427050,0
-2.125535,-0.998674,0
-0.817500,-0.769745,0
-0.345197,-1.156347,0
-2.476209,-1.901827,0
-2.687631,-0.620950,0
-0.217760,-1.678580,0
-3.279829,-1.725962,0
1.403790,-2.027888,0
-0.387524,-1.290338,0
-2.965293,-0.946873,0
-0.120675,-0.604799,0
-2.495505,-1.202106,0
-1.812520,-1.336838,0
-0.306218,-3.245089,0
-0.667695,-1.802965,0
-0.725972,-0.803022,0
-3.124119,-1.101795,0
-2.209023,-0.916823,0
0.510936,-2.934979,0
-0.297996,-0.775791,0
-1.936929,-1.882051,0
-0.388554,-1.159389,0
-0.241195,-0.872798,0
-2.437630,-2.131748,0
-1.989867,1.262784,0
0.793030,-0.965894,0
-1.333278,-2.033894,0
0.159335,0.318225,0
0.293437,0.241384,0
-1.506476,-0.134997,0
-1.174398,-1.623732,0
-2.173452,-2.779605,0
-2.536563,0.248011,0
-1.631419,-3.835691,0
-1.631441,-0.167055,0
0.389354,-1.111537,0
-2.334224,-3.031577,0
-1.250255,-1.597726,0
-2.367963,-0.847350,0
-1.551858,-0.426022,0
-1.941280,-1.700890,0
-2.430493,-1.413178,0
0.789971,-0.522903,0
-0.701044,-1.371461,0
-2.576912,-1.290605,0
-0.408872,-1.600519,0
-1.193435,-0.932908,0
0.765108,-0.605996,0
-2.175824,-1.638425,0
-1.518365,-0.984902,0
-1.631634,-2.023848,0
-0.719408,-2.627377,0
-1.467860,-1.656630,0
-0.310101,-2.725632,0
-3.226517,-1.781784,0
0.137989,0.209077,0
-0.730333,-1.853321,0
0.278128,-1.693979,0
-0.732803,1.069435,0
-0.678972,-0.069265,0
0.559983,-0.585253,0
-1.266712,-0.008700,0
-0.547299,-1.335603,0
-0.834971,-3.835773,0
-1.943771,1.210061,0
-0.609917,-1.388590,0
-0.188891,-1.267326,0
-0.883098,-0.518944,0
-0.453536,-1.177899,0
-0.488656,0.745260,0
-2.906522,-0.896445,0
-1.340294,-0.141404,0
-1.232086,-0.606744,0
0.919664,-1.208484,0
-2.758849,-2.871203,0
-2.067546,-1.996970,0
-1.038255,-1.227549,0
0.215133,-2.336249,0
-0.391566,-1.802075,0
-1.322801,-1.093245,0
-0.764374,-2.694704,0
-1.456808,-0.725723,0
-1.509853,-0.069895,0
-0.661896,-0.876137,0
-0.720884,-2.880559,0
0.511034,-0.206002,0
-1.542568,-1.112031,0
-2.220514,-0.086822,0
0.586219,-0.129841,0
-1.018505,-1.307848,0
-3.217878,-1.640071,0
-0.060030,0.144078,0
1.019824,-1.596224,0
-1.729562,-1.557369,0
-2.656848,0.534026,0
-2.515476,-1.739615,0
-1.174549,-1.042445,0
-0.891271,-0.691885,0
-0.015106,1.504197,0
-2.765040,0.965632,0
0.530969,-0.856162,0
0.493615,-2.246640,0
-2.390705,0.263321,0
-1.145576,-2.187329,0
1.093297,-1.607527,0
-2.029757,-0.116502,0
-0.705316,-0.833163,0
1.461933,-0.655711,0
-0.259830,-0.962218,0
-0.688632,0.501544,0
-0.981422,-0.557390,0
-1.855146,-1.674049,0
-2.010157,-1.418237,0
-1.541828,-0.965389,0
-2.400783,0.097629,0
-1.327130,-0.720878,0
-0.715911,1.594022,0
0.527573,-2.150205,0
-2.986504,-1.640209,0
0.827698,-2.399597,0
-0.355991,-1.884519,0
-2.741768,0.726089,0
-0.755140,0.710590,0
-0.137302,-0.582398,0
-2.768968,-2.569599,0
-0.933023,-1.106819,0
-1.346945,0.757959,0
-0.327168,-1.718595,0
-2.280734,-0.395309,0
-1.958146,-1.514093,0
0.031528,-1.291762,0
-1.545681,-1.485682,0
-2.670316,1.748068,0
0.531962,-0.621612,0
-0.045230,0.443425,0
-0.596664,-0.728350,0
-0.499711,-0.515230,0
0.290992,-1.813487,0
-1.447754,-1.401218,0
-2.454301,0.819687,0
-0.890636,-1.809381,0
-0.470474,-0.740943,0
-1.189393,-2.315685,0
-0.206895,0.014958,0
-0.117886,-0.666501,0
-1.452382,-2.279813,0
-0.713021,-0.420326,0
0.467343,-1.707764,0
-2.337998,0.532625,0
-3.335119,-0.948877,0
-1.432283,-1.613851,0
-1.812732,-0.864473,0
-3.317491,-0.777961,0
-1.230405,-0.268191,0
-2.779061,-1.332284,0
0.151038,-1.019575,0
-0.859721,-2.561320,0
-0.860129,1.505250,0
0.111172,0.812710,0
-2.273492,-0.089452,0
-0.830810,0.844895,0
-0.879525,-1.400772,0
-2.252809,-1.488708,0
-2.571162,-0.586562,0
-0.570515,-1.713727,0
-0.560853,-2.403735,0
-0.061668,-0.853081,0
-1.487463,-0.482287,0
-3.134939,-1.109717,0
-1.361337,-0.928614,0
-1.497285,-1.968154,0
-0.668946,-1.116898,0
0.252423,-1.108628,0
-0.448853,-0.051962,0
-0.068542,-0.304300,0
-1.617053,-0.874266,0
-0.436433,-1.304184,0
-1.546434,-2.187463,0
-2.917627,-0.878434,0
-1.283123,-1.065185,0
-2.253206,0.377825,0
-2.686218,0.473216,0
0.085644,-0.179371,0
-1.466486,-1.907111,0
-1.128286,-2.975779,0
-0.722474,-1.407343,0
-1.590700,0.075625,0
-0.639185,-0.134753,0
-0.122536,-0.651772,0
-1.418059,-1.142625,0
-1.103554,0.623050,0
0.114078,-0.202855,0
-1.306332,-1.294927,0
-1.011838,-0.812495,0
-0.361095,-1.322427,0
1.108426,-0.495515,0
-1.605850,-0.402023,0
0.536430,-2.098592,0
-0.749449,0.731320,0
-1.743923,-1.399525,0
-1.158958,-0.625663,0
-2.821928,-1.856070,0
0.554275,-0.311599,0
-0.768292,-1.260881,0
-1.339938,-1.205780,0
-1.149551,-0.682117,0
0.657928,-1.950248,0
-0.621600,-1.764040,0
-2.393104,-0.168682,0
-0.222643,-2.235534,0
-0.781632,-1.839666,0
0.990415,0.139584,0
0.229395,-1.370065,0
-0.097848,-1.045184,0
-2.129149,0.310860,0
-0.195932,0.995305,0
0.907979,-1.596827,0
-1.748959,-0.678638,0
-1.716923,-0.896696,0
-2.103586,-1.349646,0
-2.030489,-0.200524,0
-1.113780,-0.453157,0
1.217082,-2.439306,0
-2.200261,-1.658219,0
-0.653078,-2.854625,0
-0.761060,0.191981,0
0.468869,-1.993612,0
0.844690,-1.756292,0
-1.250559,-0.751209,0
-2.111971,-1.094805,0
-2.701659,-2.281177,0
-1.093417,-1.291735,0
0.110836,-0.158226,0
1.265598,-0.316830,0
-0.630417,-1.942481,0
-1.934752,0.082238,0
0.271861,-2.366903,0
-1.564231,-1.115311,0
0.466242,-1.426818,0
-2.203447,-0.207272,0
-1.136332,-0.762864,0
0.352893,0.300977,0
-2.561769,-0.806327,0
-1.013851,-0.943516,0
-1.978817,-1.789555,0
0.738936,-2.563111,0
-1.093206,-2.336674,0
-0.479480,-2.798405,0
-4.894339,-2.730275,0
-0.510805,-0.930158,0
-2.226095,-2.081393,0
-0.681265,-0.059225,0
-0.859145,-1.594428,0
-1.403231,-2.242603,0
0.424209,-0.564034,0
-0.751741,-0.129237,0
-0.476453,-1.234140,0
-0.794001,0.009810,0
-1.571583,-0.095642,0
0.052442,-0.190151,0
-1.048682,-0.886108,0
0.735118,-0.879428,0
-1.459788,-1.224978,0
-1.750480,-1.634411,0
0.423767,-1.272067,0
-1.047444,-0.890168,0
-3.952175,-1.372104,0
-0.137724,-1.825584,0
-3.377305,-2.402893,0
-2.375854,-2.728440,0
-1.262367,-1.108048,0
-1.340923,-0.679931,0
-0.580690,0.403940,0
-0.893405,-1.580832,0
0.778484,0.584566,0
-2.166276,1.147116,0
-0.376281,-1.573694,0
-1.372331,-0.629677,0
-2.056161,-0.030437,0
0.951447,-1.157080,0
0.569745,-2.347202,0
-1.930931,0.212663,0
1.026544,-0.616261,0
-0.563373,1.097947,0
-1.212754,-0.518007,0
-1.208813,-1.375944,0
-2.435174,-0.602908,0
-1.525768,-0.071094,0
-1.027086,1.580681,0
-0.070455,-0.626962,0
-0.296444,-2.259884,0
-1.107134,-1.358602,0
0.645646,-1.765847,0
0.095194,-1.231551,0
-1.311535,-2.653928,0
-0.596895,-2.447156,0
0.565343,-0.530285,0
0.437904,-2.111163,0
-0.373321,-0.439017,0
-1.089711,-0.406524,0
-0.975684,-0.811522,0
-1.528885,-1.693365,0
-0.988743,0.044715,0
0.090522,-1.621551,0
-0.770904,-0.577571,0
-0.596547,-0.880361,0
-2.247884,-0.587315,0
-1.125806,-1.731894,0
0.426148,-0.080812,0
-2.203039,-1.653818,0
0.130511,-0.870954,0
-2.026611,-0.996862,0
-1.804837,-1.475304,0
-3.092626,-0.882191,0
-0.169951,-1.238026,0
-2.893588,-1.842365,0
-0.371710,-0.184525,0
0.335915,0.080066,0
0.286615,-0.612199,0
-0.815469,-0.807325,0
-0.128807,0.006392,0
-0.515851,-0.235445,0
1.011102,-0.360661,0
-2.135371,-1.058652,0
-2.817452,-0.230444,0
-1.706122,-1.463821,0
-1.139167,-0.898125,0
-0.910603,-0.532837,0
-0.613094,-1.068058,0
-1.565433,-0.046856,0
0.695118,0.946021,0
0.145040,-4.333624,0
-2.047053,-1.031332,0
-1.680860,0.488710,0
-0.268956,-1.470083,0
-2.990784,-3.189906,0
0.856643,-1.889718,0
-1.023909,-0.979322,0
-2.037853,0.029703,0
-0.180726,-0.539206,0
-3.060812,-2.600206,0
-2.776031,-1.633770,0
-0.251676,0.402991,0
-0.841847,-0.408209,0
0.223678,-0.545136,0
-2.270582,-1.360668,0
-1.724846,-0.930279,0
-1.315021,-3.398049,0
-1.406686,-1.764120,0
-1.513836,-2.697596,0
-0.473630,-1.790229,0
-0.980284,-1.184599,0
0.476860,-0.719579,0
-0.802413,-0.369097,0
1.049177,-3.224621,0
-3.774442,-2.027521,0
-2.390963,0.485781,0
-0.769760,-1.577745,0
-2.023750,-0.332379,0
-0.933481,-1.008944,0
-0.394072,-2.128229,0
-0.695833,-0.770328,0
0.581420,-1.907181,0
0.975095,1.607620,0
-1.880498,-0.420023,0
-2.879926,-0.415005,0
-2.924818,0.285984,0
0.483064,-0.853083,0
-1.783271,-2.161079,0
-1.134255,-1.367898,0
-3.032107,-0.799951,0
-2.502109,1.146113,0
-0.204437,-0.055895,0
-1.815559,-2.705293,0
-1.843003,-0.862875,0
-1.148993,-1.815315,0
-0.353105,-1.981959,0
-1.273463,0.354152,0
0.099552,0.277950,0
-0.170188,-1.503043,0
-0.861672,-0.569708,0
-0.793788,0.523710,0
-0.784907,1.239960,0
-2.156132,-0.854078,0
-0.920937,0.518458,0
-2.041952,0.388899,0
-2.096521,-1.819322,0
-0.667341,-2.475902,0
-1.474619,0.081044,0
-3.225582,-2.821699,0
0.268030,-2.815594,0
-0.902888,-0.793485,0
-1.539797,-1.282690,0
0.028198,-3.334722,0
-1.349349,-0.793151,0
-2.965645,-1.216000,0
-1.950379,1.184686,0
-2.272292,1.111339,0
0.779339,0.135837,0
-2.279197,-1.696220,0
-1.658724,-0.339840,0
-0.374747,-0.315494,0
-0.252658,-1.144129,0
-1.603221,-2.203607,0
0.933524,-0.008591,0
-0.886085,-0.849510,0
-1.701009,-3.021667,0
-0.805431,-1.283648,0
-0.553675,0.200298,0
-0.627605,-1.536622,0
-1.710714,0.818660,0
-0.746473,-0.119828,0
-1.228110,-1.441861,0
-0.788736,-1.661963,0
0.506065,-1.846788,0
0.854764,-1.040121,0
-0.523355,0.432372,0
-2.449909,-0.252608,0
-0.951347,-2.062670,0
-0.894637,-1.523963,0
-1.620727,-2.291194,0
-0.065832,-1.868146,0
-0.036329,-1.002817,0
-1.062908,-2.979440,0
-0.129704,0.509964,0
-1.766933,-0.886479,0
-0.201760,-0.919364,0
-1.022883,-1.224142,0
-1.929704,-0.672841,0
-0.159895,-0.970218,0
-2.565338,-0.940738,0
0.698770,-0.432360,0
-0.545884,-2.489375,0
-0.524536,-1.445078,0
-0.607325,-0.562181,0
-2.529887,-1.105143,0
0.765108,-0.891863,0
-1.266724,-1.144337,0
-1.331705,-0.821211,0
-2.132419,-0.251136,0
0.391586,-1.141331,0
-2.460671,-1.657434,0
-2.508338,-1.114472,0
-1.798979,-2.567143,0
0.096709,-1.249975,0
-1.514156,0.063858,0
-2.851243,-0.239005,0
-0.838333,-1.842468,0
-1.953679,-1.753223,0
-0.981111,-0.475042,0
1.094442,-0.636968,0
-1.146389,-1.438579,0
-0.779237,-1.126554,0
-0.380785,-2.931658,0
-1.296134,-0.346263,0
-2.399706,-1.097101,0
-0.520298,-2.120734,0
-2.536529,-0.466421,0
-0.884787,-0.481268,0
-1.880259,0.001029,0
-0.245376,-0.259180,0
-1.026115,-0.299588,0
-2.249586,-1.462238,0
-0.791886,-0.994300,0
-2.099701,-0.496988,0
1.142352,-2.066962,0
-0.126439,1.007588,0
0.665659,-0.997022,0
-0.364909,-0.539337,0
-3.269717,-1.713909,0
-0.544066,-0.159433,0
0.878861,-1.436835,0
-1.029714,-1.718491,0
-1.856836,-0.159740,0
-1.327961,-0.785815,0
-1.312797,0.074704,0
-1.844938,-1.654309,0
-0.205628,-1.925080,0
-0.722666,-0.822328,0
-0.779322,-2.627876,0
-1.735283,-1.948908,0
-0.668725,-2.541784,0
-2.479190,0.728632,0
-1.255816,-0.993036,0
-2.132781,-0.495554,0
-0.036555,-0.319589,0
-1.724181,-1.553409,0
-0.484530,-1.494679,0
-2.065297,-0.785054,0
-0.336790,-1.121019,0
0.486638,-0.073246,0
-1.192688,-0.990216,0
-1.292562,-0.493038,0
-2.200054,-0.118872,0
-0.601860,-0.064497,0
-0.956659,0.320413,0
-0.879397,-0.669981,0
-1.469019,-0.746203,0
-1.902622,-2.694597,0
-2.028787,-1.237841,0
-2.135412,0.206586,0
0.667943,-0.033990,0
0.591629,-1.374973,0
1.729454,-2.372062,0
-0.206574,-1.961394,0
-2.319629,-1.364355,0
-0.400922,0.598034,0
-1.437198,0.066246,0
-0.947654,-0.782543,0
-0.333392,-1.936475,0
-2.070572,-1.141159,0
0.058172,-1.173117,0
0.773515,-0.648869,0
0.378478,-2.415434,0
-0.580046,-2.431297,0
0.121095,-2.063243,0
-0.904108,-1.776946,0
-1.066138,-1.327261,0
-2.547607,-2.635873,0
-0.271853,0.312320,0
0.545341,-1.295156,0
-0.219326,-0.822445,0
-1.197925,-0.552669,0
-1.448408,-2.175801,0
-1.663436,-0.789281,0
-1.378794,1.722804,0
0.329140,-1.675162,0
-0.662062,-2.281675,0
1.234133,-0.906581,0
-2.378498,-0.371571,0
-0.224533,-1.855713,0
-2.812020,-1.711407,0
-2.118300,-1.288330,0
-0.856522,-1.707433,0
-0.807485,-1.051398,0
-1.612724,-0.973291,0
-2.194080,-2.003698,0
0.728250,-0.586183,0
-0.253599,-0.503219,0
-2.908165,-1.114919,0
-0.233303,-1.002658,0
-2.715042,-0.568363,0
-0.660440,-0.915879,0
-0.436567,-1.600054,0
-0.573403,-0.297084,0
-2.051364,0.991118,0
-1.564544,-1.702638,0
0.558078,-1.608855,0
-0.236217,-1.725938,0
1.195832,-2.046082,0
-1.660964,-1.292394,0
-1.007253,-0.954716,0
-0.980366,-0.793201,0
-1.505010,-1.323029,0
-1.178282,-0.762415,0
-2.480042,-0.823572,0
0.808900,-1.107052,0
-1.394931,-0.714422,0
0.283079,-3.446592,0
-1.203053,-1.140355,0
-1.644654,-1.862448,0
-0.891522,-1.059852,0
-0.768362,-0.795190,0
-1.236180,-1.509800,0
-0.631622,-0.403637,0
-0.160021,-2.019852,0
0.132602,-1.803525,0
-1.687450,-0.982948,0
-0.550352,-0.954622,0
0.509686,-0.921421,0
-2.050205,0.224827,0
-0.148940,-1.412500,0
-1.338420,-1.243179,0
-0.222863,-2.070517,0
-1.737824,0.445756,0
-2.158919,-1.227545,0
-2.362274,1.100970,0
0.178682,-0.178037,0
0.103115,0.010885,0
-0.623047,-1.386316,0
-1.308121,-1.347244,0
-1.248834,0.976396,0
-1.469907,-1.606449,0
1.996079,-3.397618,0
-1.020135,-2.947809,0
0.173207,-1.373885,0
1.010874,-0.414799,0
-0.266798,1.028869,0
-0.835843,-1.368187,0
-2.362740,0.425417,0
-2.063338,-1.800084,0
-2.065706,-1.466058,0
1.854288,-1.004596,0
-2.722313,-1.560325,0
-1.309766,-1.402539,0
-1.711098,0.341595,0
-1.944313,1.200770,0
-0.465013,1.167435,0
-2.830313,-2.108146,0
-0.585963,-1.115287,0
-0.634995,0.665673,0
0.023629,-1.974836,0
-1.077321,-2.173804,0
-2.021629,-0.131688,0
-1.892094,-0.901724,0
0.213335,-0.704083,0
1.035794,-2.108331,0
-1.591329,-1.675726,0
-1.161973,-1.099556,0
-0.716478,0.757102,0
-2.700143,-2.645814,0
-1.269617,-2.318159,0
-1.842270,-0.660643,0
-0.249415,-1.096420,0
-0.708036,-0.922220,0
-2.299746,0.721668,0
0.101913,-2.513322,0
-1.510978,-3.726397,0
-0.519605,-0.599645,0
-0.257323,-0.622797,0
-0.989184,0.135089,0
0.670699,1.447957,0
-0.434435,0.773317,0
-1.004899,-1.021941,0
-1.524593,0.303990,0
-0.534183,-0.579487,0
-0.926753,0.428431,0
-1.120895,-0.442474,0
-1.563871,-1.226698,0
-0.552580,-1.686289,0
-1.545233,-1.190146,0
0.056966,-1.738644,0
0.199524,-0.578387,0
-1.310533,-0.986226,0
-2.583505,-1.659017,0
-0.911203,-3.017123,0
-2.594584,0.301869,0
-0.357254,-1.620430,0
-3.192253,-2.228139,0
-2.686221,-1.288664,0
-0.659886,-1.557957,0
1.077776,-1.798192,0
-1.708511,0.040724,0
0.043021,-2.426200,0
-2.658876,-1.984254,0
-1.110483,-2.623905,0
-1.805395,-2.150884,0
-2.466793,-1.827430,0
-0.997420,1.154155,0
-0.727581,-1.294514,0
-2.609899,-3.052630,0
-0.808102,-0.215712,0
-0.470515,-2.060965,0
-1.775132,-0.922276,0
-0.510985,-1.157728,0
-2.336011,-2.279468,0
-0.499521,-1.762768,0
-0.626156,-1.866891,0
-3.452978,0.755036,0
-1.558042,0.379980,0
-1.285310,0.333670,0
-2.263877,-0.187340,0
-0.709608,0.605403,0
-0.474302,0.833482,0
-1.479217,1.219710,0
1.506777,-3.083164,0
-0.375057,-1.863575,0
-2.506762,-1.985424,0
-0.743256,-0.519331,0
-2.313013,-1.875747,0
-1.029510,-1.491916,0
-2.443579,-1.769986,0
-2.901574,-0.679763,0
-0.411051,0.166254,0
0.808850,-0.177775,0
-1.740521,-2.029613,0
0.153606,-2.252662,0
-1.956603,-0.715770,0
-1.785155,-0.641619,0
-0.872477,-1.246276,0
-1.135177,-2.622195,0
-2.180490,-2.982481,0
-2.110807,0.459048,0
-1.091492,0.311542,0
-2.606044,-1.694026,0
-1.342644,1.061778,0
1.345083,-0.100501,0
-1.231092,-2.175710,0
-0.912395,-0.413274,0
-1.154949,-2.456360,0
-2.534833,-0.237882,0
0.459019,0.099543,0
-1.722809,-1.093820,0
0.904642,0.468601,0
1.047759,-0.348616,0
-0.532960,-0.986316,0
0.115615,0.236466,0
-1.511201,-2.732707,0
-2.417862,-0.050229,0
-2.023197,-1.779281,0
-2.232250,0.530193,0
-0.482775,0.390432,0
-0.824020,-2.054803,0
-0.892748,-2.163784,0
-2.917144,-2.131337,0
-1.460751,-2.665502,0
-0.524713,0.103849,0
-0.085459,-0.130507,0
0.805124,-0.144885,0
-0.405936,-2.057600,0
-1.058368,0.785669,0
-0.371470,-0.997294,0
1.656482,0.120798,0
-0.566651,-0.377334,0
-2.419158,-3.707222,0
-0.864906,0.238275,0
0.008282,1.120784,0
-0.439948,-1.631589,0
-2.191906,-1.524697,0
-1.310534,-0.598378,0
-3.056934,-0.453746,0
-0.519181,-0.931858,0
-1.989862,-0.888325,0
-2.817015,-1.651726,0
-1.442764,-1.354583,0
-2.330821,0.555550,0
-1.277316,0.678790,0
-1.946990,-0.228026,0
1.794276,0.317562,0
-0.580768,0.713816,0
-1.697738,-1.335451,0
-1.969866,0.465058,0
-1.054680,-0.471116,0
-2.353325,-1.206410,0
-1.112100,0.173789,0
-0.713796,-0.734487,0
-0.641542,-0.115105,0
0.357897,0.310042,0
0.522273,-0.440673,0
-1.372972,-1.885128,0
0.237096,-0.763688,0
-0.420629,0.179907,0
-2.476193,-2.595956,0
-0.011781,-0.662710,0
-0.956505,-1.282082,0
1.040221,-0.558383,0
-0.352955,-2.733311,0
-1.198783,-1.606895,0
-0.320871,-0.488935,0
-1.015516,-0.635230,0
-1.172858,-0.935071,0
-1.885536,-0.484585,0
-3.091225,-0.886034,0
-0.437062,-1.327175,0
0.012454,0.330374,0
-0.538432,-1.982268,0
-1.609276,-2.005944,0
-1.875122,-2.074026,0
-1.261433,-1.943385,0
-0.920744,-0.216376,0
-0.840978,-1.577289,0
-1.425573,-0.493283,0
-2.925391,-0.436940,0
-0.911354,-1.314637,0
-0.071689,0.871527,0
-1.827779,-0.089494,0
-4.827804,-0.911730,0
-1.977468,0.000798,0
-0.474209,-1.784621,0
-0.989815,-1.495844,0
-1.250564,-0.959217,0
-1.703650,0.064954,0
-0.725673,-2.239145,0
-1.854778,0.759741,0
-1.667623,-0.459308,0
-2.379517,-0.865980,0
-0.456939,-2.076450,0
-1.083164,-2.724894,0
0.650795,-1.364176,0
0.857161,-0.790182,0
-0.667208,-0.961530,0
-1.495027,-0.536645,0
-0.305281,-0.027934,0
-3.409442,-1.689548,0
0.314461,-2.035286,0
-0.214163,-2.004554,0
-0.765255,-2.564062,0
0.149195,-0.750223,0
-0.474102,-1.632973,0
-1.867732,-1.663795,0
-1.611875,-0.937647,0
-2.263965,0.859608,0
-0.923294,-1.534685,0
-1.173181,-0.686430,0
-1.210509,-2.923535,0
-1.359200,-0.490599,0
-1.683603,-2.310932,0
-1.017899,-0.600025,0
0.085481,-2.712239,0
-1.891086,-1.024243,0
-1.831242,-0.198553,0
-0.534793,-0.800545,0
-1.847282,-1.359970,0
-0.464938,-1.067905,0
-1.078689,-1.649579,0
-0.696761,1.085835,0
1.251552,-2.907368,0
-0.481465,0.055212,0
-0.464275,-0.553853,0
-0.685301,0.508801,0
-1.177596,-1.699012,0
-1.597544,-0.422049,0
0.365689,-0.461128,0
0.241246,-1.589401,0
-1.595141,-0.510080,0
-1.925296,-1.171303,0
-0.060807,-2.853471,0
-1.830341,-1.020404,0
-1.502462,-1.524095,0
-0.632964,-0.931761,0
-2.638955,-0.316106,0
-0.405719,-2.577232,0
-2.042727,0.075811,0
0.689619,0.594272,0
-1.452329,-0.261041,0
-0.068394,0.549375,0
-0.896905,-2.331524,0
-1.080019,-0.539334,0
0.218087,-1.801422,0
1.040869,-0.957237,0
-2.175644,-0.017685,0
0.582177,-1.949279,0
0.142951,-0.304558,0
-0.829123,-1.724131,0
-0.030610,-0.794320,0
-4.864638,-0.400448,0
-2.528219,-1.601002,0
-0.534687,-1.755280,0
-0.545513,-0.185884,0
-2.083335,-0.706994,0
-1.076529,0.951132,0
-2.666124,0.156337,0
-1.857077,-2.258778,0
-0.984206,-2.665750,0
1.463202,1.163348,0
-1.074783,-0.968664,0
0.262844,-4.207271,0
0.965103,-0.489213,0
-0.470348,-0.489868,0
-2.748078,-0.366434,0
-0.483041,-1.100378,0
-2.551223,-0.093527,0
0.226371,-2.348881,0
0.322182,-0.817044,0
-0.637755,-0.739087,0
0.346093,0.393255,0
-1.929628,-0.638280,0
-0.043154,-1.099701,0
-1.323426,-2.686405,0
-2.313090,-1.904169,0
-2.923587,-0.533329,0
-2.389178,-1.645981,0
-1.696092,-1.774174,0
0.433552,-3.350005,0
-0.091231,-1.182682,0
-2.057679,-2.740432,0
-1.898538,0.669382,0
-0.838586,-0.437028,0
0.052403,-2.591699,0
0.363928,-0.627506,0
-0.709976,-1.758610,0
-2.602921,-1.279470,0
-2.744264,0.149899,0
-0.018399,-0.340111,0
0.024526,-1.299313,0
-0.916992,-1.437939,0
-0.896811,1.108051,0
-0.830835,-2.141711,0
-2.815650,0.197516,0
-0.460240,0.128883,0
-0.785973,0.452706,0
-1.951857,-0.312301,0
-1.910037,1.285777,0
-0.559523,-2.939701,0
-0.946589,-1.806764,0
-3.139581,0.726728,0
-1.694603,0.494844,0
-1.096059,-3.288198,0
-1.284808,-0.537585,0
-2.270267,1.907070,0
-0.538924,-0.030445,0
-1.780713,-1.611498,0
-2.035565,-2.576234,0
-0.055929,-2.453043,0
-2.396108,-1.140994,0
-2.071586,-0.315874,0
0.331734,-1.051662,0
-1.952775,-1.422858,0
-3.200841,-1.530368,0
-3.574424,0.962423,0
1.135162,-1.176471,0
-1.000906,-1.103189,0
0.038901,-1.173561,0
0.294393,-0.950962,0
1.121639,0.064681,0
-0.913963,-0.258248,0
0.822227,-2.283320,0
-0.873457,-0.439035,0
0.276434,-2.442390,0
-1.668398,-0.146918,0
-0.452719,-2.095163,0
-0.056395,-0.792107,0
-1.842379,-1.353343,0
-0.995113,-0.909578,0
-1.442057,0.451171,0
-1.160952,0.152485,0
-1.659504,-2.350472,0
0.828036,0.140369,0
-1.343301,-1.538261,0
0.816250,0.071364,0
-0.848160,-0.529657,0
-0.611552,0.198390,0
-2.665403,-2.163612,0
-2.668726,-2.492368,0
0.200291,-1.073413,0
0.289389,-1.824313,0
0.659409,-1.014368,0
-0.396352,-2.021902,0
-1.377056,0.442693,0
-1.770474,-1.238582,0
-1.118848,-1.128012,0
-1.194971,-0.513424,0
-1.419857,-0.257558,0
-0.982793,-3.138442,0
-2.192122,-3.409650,0
-2.489293,-0.539846,0
-0.738567,-1.411740,0
-1.539099,-1.617416,0
-3.380380,2.285980,0
-2.638527,-1.147325,0
-0.014056,-1.657522,0
-2.498114,-1.266402,0
-0.301712,-4.146012,0
-1.189876,-1.241349,0
-1.459729,-1.427262,0
-0.710104,-2.356130,0
-1.823888,-1.619625,0
-0.554010,-2.045062,0
0.475585,-2.317087,0
-1.248010,-0.825124,0
-1.653941,1.896781,0
-2.136886,-1.648605,0
-1.473908,-0.847938,0
-1.558183,-0.824943,0
-1.542068,-1.692479,0
-0.301311,1.783873,0
-0.083043,-4.927946,0
-1.057439,0.294244,0
-0.318041,-0.311209,0
-0.917559,0.658373,0
-1.082736,0.373891,0
0.276771,-1.282243,0
-1.183630,-0.886284,0
-1.059642,-2.169042,0
-1.365055,-1.244465,0
-2.764665,-0.243758,0
-2.113280,-2.406717,0
-1.529402,-1.469591,0
-0.672982,-1.226889,0
0.476801,-1.525425,0
-1.826007,-1.230893,0
0.153827,0.564623,0
0.570760,-2.447571,0
-1.770830,0.339002,0
-1.147375,-0.010315,0
-0.725376,-0.995214,0
-1.154900,-0.985064,0
-0.445978,-0.852872,0
0.970701,1.530411,0
-2.171434,-1.266483,0
-0.323309,-1.326276,0
-0.863908,-2.992228,0
0.514853,-2.997695,0
-1.120146,-1.703730,0
0.176579,0.040908,0
-1.074415,-0.876316,0
-2.023597,-0.996649,0
0.661027,-1.648691,0
-1.440397,-2.194329,0
-0.992768,-0.528412,0
-1.155362,-1.209143,0
-0.674494,0.144435,0
-1.117075,0.569719,0
0.602318,0.169310,0
-1.072022,0.554582,0
-1.187482,-0.519352,0
-0.437824,-0.275878,0
0.110359,-1.427564,0
-0.880584,-0.081433,0
0.063591,-0.750128,0
-0.158811,-2.145798,0
-1.046636,-0.413485,0
-0.548276,0.179884,0
-1.570272,-0.349957,0
0.109871,-0.889353,0
-1.742330,-2.396688,0
-2.592280,1.923541,0
1.001272,-0.586764,0
-0.028451,-0.226610,0
-1.631099,0.774788,0
-0.417613,-1.915474,0
0.601032,0.821164,0
-0.139163,-2.532767,0
-0.945842,-1.479323,0
-0.499997,-3.443808,0
-0.667696,-0.352358,0
-2.523516,-2.017937,0
0.426314,-2.214893,0
-0.481665,-1.584667,0
-0.915099,-1.783301,0
-1.846430,-2.443900,0
0.326945,-0.819413,0
-1.171702,-1.361104,0
-0.560741,-1.115982,0
-0.118453,0.479187,0
-1.256090,0.026051,0
-1.892820,-1.961105,0
-2.631438,-2.983447,0
1.145830,-0.528828,0
-1.923497,-1.895193,0
-0.372503,-2.346632,0
-0.238804,-0.191201,0
-0.277998,-0.997086,0
1.928384,-1.068430,0
-1.671531,-1.429841,0
-0.404437,-1.348348,0
-1.138924,-2.657205,0
-0.865752,-1.904956,0
1.179687,-1.915334,0
-0.826101,-1.300900,0
0.428964,-0.683933,0
-0.884439,-1.665262,0
-0.231716,-2.284276,0
-1.210340,-1.829919,0
-0.984590,-1.080011,0
-0.164912,-0.257097,0
-2.327390,-2.239484,0
-1.686426,0.303767,0
-1.525241,0.676664,0
-1.586058,-1.297732,0
1.787931,-1.098478,0
-1.166285,-1.937838,0
0.787931,-2.042219,0
-2.096758,-2.035579,0
0.170613,-2.089737,0
-0.112906,-3.763024,0
-0.422032,-1.466920,0
-0.312542,-2.508152,0
-1.337319,-1.517293,0
-2.157351,-2.385945,0
0.356475,0.221092,0
-0.080022,-0.180309,0
-0.477555,-2.483595,0
1.179068,-2.227152,0
-1.980186,-1.496715,0
-1.058283,-0.832056,0
-0.367000,-2.474024,0
-1.304652,-1.316584,0
0.228310,0.783957,0
-2.026809,-1.232801,0
-2.927789,-1.428202,0
-0.598062,-0.062460,0
-1.574669,-3.681683,0
-0.841084,-1.993687,0
-1.463564,-1.467663,0
-1.747630,-2.019213,0
-3.080818,-1.226049,0
-0.983256,0.041170,0
-1.152233,-1.230777,0
-1.766122,-3.382691,0
-2.101189,-1.032823,0
-2.094883,-1.809780,0
-1.027766,0.385919,0
0.035122,-3.161531,0
-1.328154,-0.932525,0
-0.152180,-1.389569,0
-2.558032,-2.041250,0
0.374187,-1.039024,0
-2.530764,-2.355798,0
-0.530067,-1.942923,0
0.319815,-3.710677,0
0.522666,1.517839,0
-0.978951,-0.651956,0
-1.220803,-1.050161,0
0.023328,-3.150214,0
-1.480441,-1.149483,0
-0.806150,-2.097785,0
-2.068216,-0.054289,0
-0.545474,-0.225307,0
-0.218148,-1.233991,0
0.825312,-0.765143,0
1.400818,0.803964,0
-1.923720,-1.615947,0
-0.900801,-3.358806,0
0.143802,-1.757005,0
-1.515967,-0.055536,0
-2.314243,-2.520680,0
-0.282643,-1.085366,0
-2.039504,0.854633,0
-1.913775,-1.348595,0
0.010360,-0.527379,0
0.364367,0.425610,0
-1.503031,-3.807555,0
-1.934922,-1.635090,0
-0.545262,0.618288,0
-1.799032,-0.941565,0
-2.763825,0.434424,0
0.212619,-1.023080,0
-0.492427,-0.855408,0
-0.922565,-1.401540,0
-1.451309,-0.717368,0
-0.250883,-1.585198,0
-0.482372,-1.006008,0
-0.608353,0.912032,0
0.004703,-2.181773,0
-3.486267,1.148403,0
-1.335603,1.517750,0
-1.877130,-0.095388,0
0.244966,-1.322699,0
-1.509930,-1.940182,0
-2.783378,-2.210950,0
-1.846524,-0.245009,0
-0.845104,0.149396,0
-0.411133,-0.390677,0
0.537299,0.140468,0
1.108239,-1.681067,0
-0.702612,-1.744321,0
-0.425418,-1.816219,0
-1.604613,0.391750,0
-1.994631,-2.679278,0
-1.630728,-3.096720,0
-0.538706,0.302217,0
-0.246040,0.042361,0
-1.214018,-2.069640,0
-3.245993,-0.308474,0
-0.309658,-3.101443,0
-0.550172,-1.092916,0
-2.220084,-1.355406,0
0.010313,0.743460,0
0.818741,-3.395023,0
-2.114358,-2.508760,0
-0.497368,-4.385318,0
-0.907580,-0.143612,0
-1.528231,-0.228999,0
-1.133427,-1.763677,0
-3.050248,0.423871,0
-0.109660,-1.154043,0
-1.072651,0.105802,0
-1.914556,-1.004394,0
-0.581177,-0.214085,0
-2.755751,-2.872922,0
-2.293679,-0.903136,0
-1.594765,-1.401279,0
-1.020724,-1.077481,0
-1.390360,-0.727466,0
-1.753685,-2.033455,0
-2.478265,0.947505,0
-1.927731,-1.808771,0
1.767430,-2.130713,0
0.264242,-1.573216,0
-1.520456,-2.975343,0
0.116039,-1.731616,0
-1.834203,-0.404488,0
-1.580088,-3.510170,0
-1.081799,-2.281499,0
-1.363395,-0.043313,0
0.902787,-4.130914,0
-3.828102,-4.070649,0
0.616303,-0.775602,0
-1.010549,-0.340511,0
0.396065,-1.667244,0
-3.088714,-1.409353,0
-0.631723,-1.522784,0
-0.340024,-0.118203,0
-2.256280,0.057453,0
-0.773439,-1.349140,0
-0.571649,-0.694623,0
-2.503430,-1.396587,0
-2.802369,-0.088679,0
-1.187971,-2.103349,0
-1.499081,-2.620265,0
-1.271020,-0.970442,0
-0.537459,-1.896764,0
0.074266,-0.987313,0
-1.456884,-1.382848,0
-2.010076,-0.698354,0
0.202742,-1.585430,0
-1.408587,-1.551591,0
-0.731547,-3.256654,0
-2.035227,-0.453093,0
0.970017,-2.221169,0
-0.915101,-0.676852,0
-1.169961,0.265665,0
-2.527482,-0.774834,0
-3.065134,-0.506588,0
-1.190248,-1.835320,0
-0.653057,-1.712296,0
-0.890037,-1.105792,0
-1.239029,-3.210247,0
-1.212388,-0.190691,0
-2.043999,-0.950634,0
-2.174756,-2.032337,0
1.206902,-2.819298,0
-2.315873,-0.223908,0
-1.281895,-0.824096,0
-1.164784,1.825664,0
-0.282934,-2.655201,0
-0.157068,-1.091621,0
-1.052870,-0.288167,0
-1.127376,-1.027226,0
-0.517336,-2.062773,0
-2.113098,-0.517034,0
-1.488261,0.366160,0
-2.241942,0.179917,0
-1.623315,0.484948,0
0.374056,-1.965616,0
-0.005938,-2.111725,0
0.077044,-1.696659,0
0.605341,-2.091946,0
0.212277,-2.075529,0
-3.731342,-0.554786,0
-1.519039,-0.382687,0
-2.380468,-1.258161,0
-0.359485,-1.482936,0
-1.513867,-1.275039,0
-2.144551,-1.826674,0
-2.946916,-2.829846,0
-1.114196,-1.010720,0
2.009707,-0.946430,0
-0.842140,-1.700528,0
-1.628516,-2.859215,0
-0.631116,0.111160,0
-0.959998,-0.842045,0
-1.041163,-3.153444,0
0.282569,-1.204447,0
0.441952,-2.688532,0
-0.195756,-1.879916,0
-1.497217,-2.653438,0
-2.073481,-1.943380,0
0.574643,-1.905183,0
-0.579014,0.832877,0
1.141881,-1.245927,0
0.933551,-1.213962,0
-1.249221,0.902803,0
1.002709,3.024754,0
-1.018107,-1.892112,0
-1.756023,-2.815442,0
-0.205788,-1.635047,0
-0.576640,-1.937392,0
-1.351442,-1.779589,0
-0.082732,-1.691929,0
-0.283327,0.487625,0
-1.450781,-0.077974,0
-2.706682,-1.454608,0
-1.691335,-0.186289,0
-2.918129,-0.933976,0
-0.525194,-1.168505,0
-2.663437,-0.427448,0
-0.360141,0.112540,0
0.443693,0.699521,0
-1.782761,0.039065,0
-2.542226,-1.097330,0
-2.376933,-1.149440,0
-1.682675,-0.380779,0
-1.142838,-0.660615,0
-2.320125,-2.460818,0
1.178649,-0.885433,0
-2.627770,-1.855567,0
0.145011,-2.764934,0
-0.422399,0.107189,0
-0.857738,-0.312151,0
-1.592547,0.525093,0
0.889725,-2.232092,0
-2.477893,-1.229677,0
-1.992894,0.265373,0
-1.731090,-0.979439,0
-0.717822,-1.901006,0
-1.539089,0.099309,0
-2.458497,-3.077165,0
-0.820756,-0.673202,0
-1.024179,-1.070364,0
-1.073350,-0.655311,0
0.261188,-1.096958,0
-1.625672,-1.598005,0
0.470571,-1.003191,0
-0.584034,-0.517057,0
-3.076710,-1.494277,0
-0.577378,-0.549602,0
-0.276917,-1.058558,0
-1.024184,-0.676750,0
-3.092301,-0.097606,0
0.724362,-1.523135,0
-1.130008,0.756436,0
-1.772790,-0.918787,0
-0.841136,-1.602489,0
-1.085231,-0.615634,0
-0.375421,-1.962164,0
-0.552144,-0.990165,0
-1.437257,-2.759398,0
-0.911520,-2.398637,0
-0.621783,-0.854338,0
-0.673954,-0.911055,0
-2.527992,-0.450138,0
-1.041871,-2.716656,0
1.290614,-1.378901,0
-0.508821,1.109016,0
-0.503999,-2.456060,0
1.432831,-1.636166,0
0.935309,-0.472080,0
-0.873720,0.192247,0
-3.258747,0.044568,0
-2.254436,-1.207586,0
-1.787717,-2.461278,0
-3.051009,-0.768633,0
-0.617653,1.044786,0
-0.286377,-0.785124,0
-0.369675,0.173218,0
-2.516979,-0.925762,0
-1.043387,-2.011070,0
-1.324518,-0.660112,0
0.792174,-0.031674,0
-0.837036,-0.551336,0
-2.299097,-0.806385,0
-1.785451,-2.050997,0
-1.183120,-1.042456,0
-3.117906,0.050119,0
-1.243861,-1.164382,0
-1.789662,-1.746037,0
0.110239,-0.031265,0
-0.415020,-0.526374,0
-1.528885,0.241132,0
0.520926,-2.644679,0
0.839150,-1.467784,0
-0.302712,-0.937860,0
0.288740,0.476045,0
-0.530575,-2.056833,0
-1.203333,-0.497373,0
-1.545621,-2.082778,0
0.794684,-3.191713,0
-1.183712,0.330736,0
-0.557918,-1.612247,0
-3.234207,0.441833,0
-4.092157,-0.770287,0
-4.191949,-0.129815,0
-0.596595,0.666965,0
-1.859212,-1.414839,0
-0.306441,-1.057104,0
1.139758,-1.812452,0
-1.255667,0.018675,0
0.309861,-2.056423,0
-1.403365,-1.045944,0
-0.953405,-2.550922,0
-1.563687,0.916433,0
-1.839052,0.236798,0
-1.033491,-1.717485,0
1.200240,-1.714270,0
1.612218,-2.249656,0
-0.507630,1.766730,0
-1.452503,-1.365514,0
-0.053101,-0.510162,0
0.418618,-1.504244,0
-3.169985,-2.545293,0
-2.433499,-0.795159,0
-0.943519,2.308269,0
-0.737160,-0.168139,0
-0.869946,-0.962332,0
-1.102295,-0.506823,0
0.558234,-0.988815,0
-2.709472,-0.828959,0
-0.543841,-1.014277,0
0.587000,-2.497789,0
-1.680501,-2.453941,0
-0.949831,-1.397252,0
0.041190,-0.305920,0
-1.085622,-0.763116,0
-1.495132,-0.056780,0
-1.173589,0.081203,0
-1.233906,-1.595451,0
-0.598189,-1.349960,0
-2.326625,-0.790765,0
-1.046317,-0.909037,0
-0.894708,-1.096359,0
-0.618332,-0.006115,0
-0.107588,-0.084385,0
-3.330019,-0.436260,0
-1.345233,-0.331273,0
1.065159,-0.117352,0
-1.450463,0.188616,0
0.529750,-1.933877,0
0.111961,-1.900652,0
-0.112319,0.064233,0
-1.349964,0.009026,0
-0.285907,-2.389932,0
0.122915,-3.082285,0
-1.398792,-0.527336,0
0.091063,-1.541155,0
-1.532810,-0.195324,0
-0.588445,-0.819279,0
-3.939480,-0.589886,0
-1.205505,-3.360431,0
-2.162817,-0.799268,0
-1.627971,-0.388289,0
0.735030,-1.184236,0
-0.826207,0.524150,0
-0.946660,-0.293005,0
-1.127429,-1.501619,0
0.055974,-0.501878,0
-0.430878,-2.816433,0
0.897699,-0.751989,0
-1.256867,-2.554728,0
-0.928127,-0.659844,0
-1.739863,-0.151367,0
-0.636135,-1.532926,0
-0.170549,-2.011666,0
-2.214770,0.098257,0
-3.511218,-1.924166,0
-0.887364,-1.454555,0
-3.572784,-1.583014,0
-3.212189,-0.556754,0
-3.306950,-1.919051,0
-2.048629,0.062185,0
0.780605,-1.072192,0
-2.002423,-1.189505,0
-0.813098,-2.224231,0
-0.375521,-1.069399,0
-0.734749,-0.597430,0
-1.045594,1.367219,0
-2.777159,-0.807800,0
-1.281246,-2.153685,0
-2.024884,-2.409326,0
-1.627960,-2.328245,0
-2.338306,-1.954521,0
0.491973,-2.474065,0
-0.647032,-0.635491,0
1.217408,-0.533872,0
0.484036,-1.690664,0
0.709662,0.428227,0
0.106115,-2.360107,0
-1.701865,-1.314227,0
0.839202,-0.951846,0
-0.197506,2.538037,0
-0.586122,0.161046,0
-0.281296,-1.725731,0
-1.962638,-1.095272,0
-2.411305,-1.561536,0
-0.487729,1.132150,0
-1.977229,-2.718346,0
-0.558716,-1.227607,0
-1.894280,-0.192008,0
-1.198271,-2.137949,0
-1.347771,-1.711920,0
0.032135,-2.771617,0
-1.676542,-0.335415,0
-1.804119,0.084595,0
-0.849635,-1.890817,0
-0.475865,-0.817611,0
-0.134916,-1.101156,0
-0.380469,1.059125,0
-0.579864,-0.602392,0
-0.182520,-0.533314,0
-0.986704,0.196832,0
-2.082905,-1.813484,0
-0.346708,-1.974019,0
-2.203778,-0.341421,0
0.759165,-1.166457,0
-1.508646,-1.455039,0
-0.967919,-1.799347,0
-2.292771,-2.315658,0
-1.825456,-0.935852,0
-0.846069,-1.395024,0
-1.808292,-0.887611,0
-0.829894,-0.595422,0
-0.362942,-0.251809,0
0.938347,-0.781025,0
0.481986,-0.673703,0
-1.757768,-1.136151,0
-0.780960,-1.645683,0
-1.834514,-0.740789,0
-0.176210,0.027386,0
-1.487365,-0.649225,0
-0.461883,-2.495072,0
-0.702764,-3.296595,0
-0.109007,0.634390,0
-1.374955,-0.662786,0
-2.393759,-1.792035,0
-2.893842,-2.396957,0
-2.704371,-1.626586,0
-2.936246,-0.273646,0
-1.534946,-1.334522,0
-1.339646,-0.683741,0
-1.049583,0.770957,0
-1.771382,-2.654166,0
0.359860,-2.032291,0
-1.011380,-1.433996,0
-1.645573,-0.247299,0
-2.319906,-0.702433,0
-1.657915,-0.462955,0
-0.820203,-2.281536,0
0.729953,-1.583246,0
-1.261734,-0.438666,0
-0.641027,-1.628396,0
-0.505830,-0.525535,0
-1.607441,-0.917940,0
0.346960,-0.224473,0
-0.440658,1.986452,0
-1.082240,-1.016111,0
-0.683775,0.293924,0
0.824340,-0.582585,0
0.673587,-1.157276,0
-1.400536,-0.092765,0
-3.209405,-2.611548,0
-2.009836,-2.045173,0
0.569637,-1.227139,0
-0.995922,-2.053170,0
-0.748635,0.791988,0
-0.804903,-1.309886,0
-1.586588,-1.409242,0
0.019419,-0.261842,0
-1.044057,-2.434154,0
-0.750625,-0.553083,0
-0.458726,-0.886448,0
-0.061270,0.917396,0
1.854400,0.003698,0
0.439383,-1.202247,0
-1.164548,-1.483409,0
-1.327749,-0.388230,0
-2.497776,-1.322758,0
-3.028062,-2.131455,0
-1.842985,-0.886351,0
-0.550853,-0.769262,0
-1.170412,-1.201629,0
-1.640152,-0.818625,0
-1.436431,-1.959498,0
0.093291,-0.468204,0
-1.849488,-1.291430,0
-0.174226,0.275115,0
-0.664892,-0.024134,0
-2.114277,-1.020407,0
0.699656,-0.689736,0
-0.966208,-1.441121,0
-0.438376,0.279615,0
1.735403,-2.289974,0
-1.413446,-0.739130,0
0.447945,0.424688,0
0.551384,-1.348765,0
-0.151110,0.692835,0
-0.745217,-0.442495,0
-1.036544,-1.807281,0
-1.961232,-2.438372,0
-1.245779,-1.848105,0
0.175757,-0.545538,0
-1.905317,-0.677618,0
-0.850655,-2.630816,0
-1.041944,-0.124980,0
0.041609,-1.048693,0
-0.911151,-1.619300,0
-1.397300,-1.740200,0
-1.623109,-1.230521,0
-0.986950,-2.226468,0
-0.979485,-0.703518,0
-1.021972,-1.974015,0
-2.021300,-1.436731,0
-0.387794,-1.106138,0
-1.041897,0.211098,0
0.929570,-2.046395,0
-0.314141,-0.621442,0
0.542871,-0.565098,0
-0.868611,-2.510773,0
-1.827799,-0.410621,0
-1.620277,-1.810905,0
0.846349,-1.172489,0
0.846967,-1.273610,0
-2.583690,0.888545,0
-1.114164,-1.701720,0
-1.952354,-0.873964,0
-2.805523,-1.031534,0
-0.359319,-2.697015,0
-1.786983,0.206650,0
-1.846106,-1.512366,0
-1.437327,-1.464333,0
-0.425037,-1.252977,0
-0.780969,-2.340448,0
-0.184116,-0.842981,0
-0.303595,-2.046149,0
-1.219215,-1.545393,0
-0.289282,-0.584107,0
0.594837,-1.918331,0
-0.429709,-0.807522,0
1.138608,-2.766981,0
-0.554380,-2.067001,0
0.577734,-0.333480,0
-0.061193,-0.593201,0
-0.021647,-2.783098,0
-1.449623,-0.195005,0
-0.528234,-0.100352,0
-2.005366,-0.920318,0
-1.135695,-0.150602,0
-3.394759,0.072987,0
-0.751990,0.187809,0
0.157754,-0.469284,0
0.763779,-0.031941,0
-1.077781,-1.936762,0
-1.689546,-0.168975,0
-1.937383,-0.573008,0
-2.011201,-0.853678,0
1.291177,-2.563039,0
-2.263826,-3.376472,0
-4.234484,-2.857874,0
-0.504425,-2.157600,0
0.438175,-1.627634,0
-0.531856,-2.338836,0
-0.593892,-1.077060,0
-0.519774,-3.173906,0
-1.091802,-0.656673,0
-0.014900,0.327087,0
-0.932195,-0.648996,0
-1.499641,0.693627,0
0.652782,-1.735359,0
-3.778388,-1.679122,0
-1.719157,-1.080243,0
-0.491416,0.199291,0
-1.193969,-0.367626,0
-0.737590,0.342291,0
-1.695665,-1.170793,0
-0.186204,-2.518072,0
-0.922769,-0.654479,0
-0.223479,-0.827338,0
0.558819,-2.825799,0
-0.654821,-0.688878,0
-2.022506,-2.080390,0
0.250867,-1.895357,0
-1.367948,-2.907726,0
-2.086826,0.554955,0
-0.238553,-1.072287,0
0.297796,-1.487140,0
0.077661,0.485746,0
-0.678795,0.785206,0
-2.053459,-1.173051,0
-0.739139,-1.693745,0
0.356443,-1.456937,0
-2.888084,-0.830625,0
-1.932142,-2.382955,0
-4.164932,0.179359,0
-1.602517,-1.315337,0
-1.590002,0.430221,0
-0.921166,-0.918528,0
-0.024880,-0.695549,0
-2.805494,-0.302185,0
-0.671089,-2.127707,0
-1.447471,-0.774379,0
-0.435363,-0.168371,0
0.019281,-1.490453,0
-0.895619,-1.819853,0
0.221632,-0.395683,0
0.236064,-1.326706,0
0.521540,-2.217255,0
-0.007996,-0.858525,0
-2.174935,1.039418,0
1.103286,-0.215425,0
