-0.504310,1.632670,1
1.028460,1.711399,1
3.580420,-0.418791,1
0.317679,1.694887,1
0.228117,0.615926,1
0.856410,1.132160,1
0.607360,1.041001,1
0.417716,0.750771,1
2.175934,1.866096,1
-0.386425,0.540995,1
1.379778,1.783950,1
-0.415284,0.392095,1
0.557090,-0.296830,1
3.219184,2.455187,1
-0.162024,1.507999,1
0.779724,0.655139,1
-0.114052,0.731226,1
3.146232,2.082821,1
0.070511,1.920689,1
0.027817,1.566294,1
0.711959,1.689914,1
0.677745,1.629254,1
-0.206491,2.580512,1
2.057291,0.793420,1
-0.047461,2.265499,1
1.021338,0.079701,1
1.779246,2.005802,1
1.525876,0.098485,1
1.579700,0.003011,1
-0.583763,2.747012,1
3.277298,0.711794,1
0.084312,0.194831,1
0.721934,-0.644337,1
-0.236346,2.902518,1
0.553061,-1.018436,1
0.504744,1.221853,1
-1.154014,3.134674,1
-0.095239,1.018484,1
-0.004235,0.882421,1
0.341243,0.807591,1
2.377910,3.340140,1
1.793396,0.619658,1
1.231625,1.107287,1
0.461299,0.495074,1
0.459412,-0.704379,1
1.993012,2.197076,1
3.928634,1.117236,1
1.517129,1.179513,1
-0.347812,2.130674,1
-0.604709,0.280576,1
0.390120,1.201174,1
1.188893,0.828320,1
0.590278,0.879544,1
0.883416,0.992947,1
0.287799,1.753861,1
0.443596,1.026993,1
0.801753,-0.399605,1
1.052471,1.554601,1
1.196931,0.193402,1
1.476256,2.098649,1
2.150819,2.017552,1
1.401923,0.890102,1
0.531867,2.124968,1
2.233689,-0.745690,1
0.899916,1.501515,1
3.305977,0.428112,1
-0.827247,1.753946,1
0.940488,0.618801,1
-0.239412,-0.537617,1
1.109740,1.678852,1
2.271787,0.577392,1
0.129654,1.228565,1
-0.516061,0.247430,1
-0.809248,1.826218,1
0.871058,2.044678,1
-1.270931,-0.895500,1
0.728867,2.248507,1
1.339252,-0.397689,1
0.019639,0.921209,1
-0.716484,1.897987,1
-0.258703,0.982867,1
1.509958,2.009149,1
2.549857,1.253023,1
3.595865,1.324370,1
-0.736166,0.064622,1
2.389714,0.018097,1
1.520351,2.633887,1
1.636071,0.104211,1
0.206823,0.926360,1
-1.704408,0.864772,1
-0.396432,0.660382,1
-0.182947,-0.137266,1
0.402818,-0.588546,1
1.169561,0.248624,1
0.053500,0.451445,1
0.359247,0.529413,1
0.824483,1.986666,1
1.896718,-0.070892,1
0.595793,-0.314859,1
3.506441,0.868544,1
0.378549,2.320079,1
2.128059,1.930329,1
2.031666,-0.334329,1
2.159056,-1.080693,1
-0.040353,2.365946,1
0.262184,0.277800,1
2.606274,0.298683,1
0.982035,1.871586,1
3.011120,1.494898,1
2.930517,1.014666,1
-0.192658,2.018179,1
1.749058,0.823355,1
1.937924,1.429570,1
0.936691,-0.047349,1
1.116171,1.627892,1
-0.270309,2.204266,1
2.387733,3.182212,1
-0.788408,0.296465,1
1.099588,3.149316,1
2.543007,-0.072677,1
1.660857,1.511627,1
1.019725,1.766219,1
0.906357,1.685290,1
1.257474,1.786738,1
0.767591,2.228861,1
1.450477,1.819160,1
0.833661,0.472376,1
1.767019,-0.150561,1
1.091183,0.044967,1
2.433543,1.128143,1
0.140494,0.594216,1
2.616898,1.985308,1
1.574563,1.691510,1
1.538857,-0.135477,1
2.343543,0.518800,1
0.086294,1.239761,1
3.055855,3.172011,1
1.279967,3.649088,1
2.700677,2.105322,1
-1.527539,1.561793,1
1.829544,0.685716,1
-0.281226,1.046802,1
1.898696,2.053360,1
1.402960,2.270577,1
-1.099487,-0.329433,1
1.595527,1.361125,1
1.668278,0.849452,1
-0.473919,1.620390,1
-0.583084,0.764177,1
2.941759,1.788894,1
1.371569,2.717524,1
0.834941,-0.194997,1
0.068433,2.917798,1
1.930387,1.881322,1
1.241391,1.797202,1
0.698141,1.100083,1
1.748704,1.103781,1
1.919209,1.814556,1
0.574267,1.434483,1
0.104311,1.176003,1
1.873865,0.351265,1
2.450496,1.059977,1
2.271842,0.237463,1
1.727958,1.763086,1
1.933522,1.076805,1
2.753193,-0.190230,1
2.631038,1.138551,1
1.155433,1.416975,1
1.458180,2.839313,1
2.521148,3.338310,1
1.097502,1.081610,1
2.311707,0.166757,1
2.252983,-0.935949,1
0.918398,-1.630820,1
1.932821,-1.316218,1
-0.561327,3.422115,1
1.210395,2.791194,1
1.313249,-0.035547,1
1.736110,2.818005,1
-0.085050,1.910103,1
0.776111,2.692859,1
0.958194,1.015508,1
3.202172,2.196033,1
2.318704,-1.597904,1
1.405620,1.046703,1
0.979991,-0.027074,1
2.352714,1.572416,1
0.691718,-0.195964,1
1.859457,0.667701,1
-0.152204,1.255289,1
1.190827,0.391933,1
1.298161,0.592987,1
-1.291463,1.591969,1
-1.804720,2.166694,1
0.489640,0.340073,1
0.408990,1.821446,1
1.555316,0.747984,1
1.934176,1.196164,1
-1.542181,0.922380,1
1.028026,1.745628,1
2.187049,0.831419,1
1.189463,1.360111,1
0.272665,1.183824,1
1.171792,1.262210,1
1.939220,1.795832,1
0.927764,0.066950,1
2.505081,1.205930,1
1.077300,-0.333651,1
-0.460192,1.668832,1
0.515073,1.366151,1
1.226397,0.307490,1
0.619306,1.762546,1
1.562617,0.141622,1
0.542823,1.091267,1
1.247296,0.359138,1
1.506960,0.175506,1
1.704549,1.892672,1
0.927691,0.576112,1
1.557316,0.362904,1
1.452371,1.740168,1
1.050563,1.795982,1
-0.716768,1.728812,1
1.400995,-0.507913,1
2.185956,-0.646300,1
2.952680,1.799828,1
2.100892,-0.278819,1
0.796543,-0.852680,1
2.367078,1.324994,1
0.482146,0.090513,1
1.072108,1.237379,1
2.467481,1.721347,1
4.123886,2.074702,1
3.666763,-0.727903,1
1.712761,0.460094,1
1.870767,2.099239,1
1.272786,1.355394,1
0.135059,1.834618,1
0.298211,2.016058,1
1.236827,3.132709,1
2.452744,1.394639,1
1.392946,1.457156,1
-0.566441,-0.792453,1
0.197330,2.242060,1
-0.134848,-0.001222,1
1.043339,0.697510,1
0.895349,0.559001,1
3.781969,0.665521,1
0.905717,1.000652,1
0.307196,-0.096462,1
0.899399,0.132052,1
1.470762,2.048069,1
0.982340,-2.958022,1
2.221685,1.324029,1
3.062228,-0.091864,1
4.008629,0.004817,1
1.086574,1.636249,1
1.481348,1.539493,1
0.900630,0.777242,1
3.420121,0.055661,1
1.801117,0.723623,1
0.859457,0.812001,1
1.317398,1.639677,1
0.950859,1.263776,1
1.365203,1.247582,1
-0.205167,2.275645,1
3.020718,1.274482,1
2.054569,0.720662,1
2.187110,-0.851390,1
0.158612,0.675014,1
3.524293,1.106513,1
0.832651,0.435999,1
0.825431,2.885767,1
-1.925599,0.222560,1
-0.171215,1.785558,1
-0.103225,0.866756,1
-0.130642,3.568074,1
0.571977,2.242788,1
-0.299277,-0.754290,1
3.233383,0.155367,1
1.597012,-0.214955,1
1.339938,1.437011,1
1.438596,2.708860,1
3.132730,0.965774,1
1.244313,1.266677,1
1.378445,3.069900,1
0.458790,-0.312140,1
0.951087,2.157432,1
0.096539,0.725636,1
-0.111527,0.303755,1
1.615089,0.516916,1
1.304290,3.260217,1
0.601884,-0.862211,1
0.912470,2.636966,1
-1.086054,0.536810,1
0.147764,0.833149,1
0.119161,1.136202,1
1.264081,0.840483,1
1.845608,1.137394,1
1.120404,-0.366894,1
0.747867,2.008285,1
1.405867,1.973639,1
2.954436,2.211466,1
1.051847,0.825850,1
1.077381,0.901284,1
1.593890,1.594355,1
1.305522,0.122856,1
2.430519,0.673085,1
2.361643,0.128694,1
0.735123,0.230867,1
1.526524,2.811033,1
1.575209,1.299287,1
2.501528,1.122574,1
2.373314,2.272887,1
2.326265,2.593368,1
1.921067,0.892422,1
1.285510,2.608241,1
0.767774,2.993276,1
0.807301,2.049210,1
0.312393,-0.439453,1
-0.720113,1.486395,1
1.547607,0.039569,1
2.211746,0.187384,1
-0.939417,1.913479,1
-1.243747,2.497831,1
1.682692,0.400951,1
2.133895,1.724044,1
0.971461,3.089413,1
0.194378,0.531164,1
1.874694,0.381188,1
2.127496,1.207105,1
0.562954,0.805572,1
0.034922,-0.534343,1
1.245510,0.913941,1
2.103047,2.070515,1
-0.622618,-0.257965,1
3.386382,0.509665,1
-1.036061,1.035316,1
1.190620,1.835534,1
-0.323482,1.829416,1
0.309195,0.866037,1
1.316081,-0.309850,1
1.847005,2.142149,1
1.563372,0.083320,1
1.472639,0.836161,1
0.539659,2.785241,1
1.255854,1.151461,1
0.719027,1.783687,1
-0.403986,0.535471,1
0.546684,-0.787725,1
2.019819,-0.175211,1
1.039099,0.180299,1
0.580792,0.072280,1
-0.755786,-0.655220,1
-0.418404,0.783288,1
-0.499442,0.745548,1
0.616177,0.755282,1
0.136865,-0.792911,1
0.064415,1.336884,1
0.302836,0.155321,1
-0.583643,-1.896866,1
0.915734,-0.896524,1
1.786857,-0.089734,1
1.617119,-0.160826,1
1.164302,1.793730,1
1.802655,1.445092,1
-0.671863,1.148780,1
1.770670,2.855064,1
3.247819,0.053395,1
3.188254,0.944529,1
3.004109,3.383299,1
0.966353,-0.417394,1
1.091522,1.775983,1
-0.433538,0.929576,1
1.816346,1.134362,1
-1.642376,1.914999,1
1.585155,0.487546,1
0.225902,2.901384,1
1.021100,1.155494,1
0.357849,-0.091352,1
-0.094450,2.138213,1
2.137261,1.194310,1
1.909421,0.889172,1
-0.328250,1.629516,1
-0.394419,1.079955,1
-0.135144,3.126462,1
0.449804,-0.383083,1
0.929916,-0.091611,1
-1.043535,-1.342755,1
1.800453,1.865539,1
2.133416,0.150687,1
1.611821,-0.827817,1
1.643837,-0.399843,1
0.572376,0.559806,1
-0.676752,1.282210,1
0.607781,-0.944556,1
1.112212,1.388365,1
1.722178,1.751493,1
0.805222,1.330535,1
-0.650740,3.228511,1
1.800198,-0.249190,1
0.603255,-0.771277,1
0.335901,-0.360560,1
0.970926,-1.139968,1
0.597257,-0.611030,1
0.617379,1.681722,1
-0.971479,-0.601736,1
1.590398,0.633887,1
0.833134,2.903834,1
-0.767190,1.193524,1
0.754732,-0.188176,1
0.711623,0.749232,1
1.190899,0.849767,1
-0.513538,2.503923,1
0.282545,0.239200,1
-0.343722,-0.259100,1
1.573743,0.914194,1
2.667359,2.755161,1
0.142921,0.170450,1
-0.451798,1.024964,1
-0.220737,1.097169,1
0.367870,0.573776,1
1.791760,-1.744169,1
1.430799,1.397582,1
1.631553,1.756740,1
1.879097,-0.653246,1
1.757644,1.304810,1
1.674551,-0.381024,1
2.087681,0.807929,1
2.585199,-0.425209,1
0.864395,0.775249,1
1.553355,-1.407212,1
-0.328187,-0.464353,1
0.110847,0.078124,1
2.206980,1.555565,1
-0.744712,2.686957,1
0.133954,1.810343,1
1.037232,1.157495,1
0.261657,0.625471,1
2.774851,0.161423,1
-0.557422,1.049408,1
2.381897,-0.699301,1
0.777467,-0.157452,1
1.156094,-0.606949,1
-0.574558,-0.235611,1
1.458064,2.542631,1
2.807007,1.582216,1
1.993800,0.782074,1
2.579956,0.401564,1
0.555587,0.341507,1
1.463697,0.629339,1
0.108995,-0.109905,1
-1.655099,0.084390,1
0.751290,1.525810,1
2.832117,0.682946,1
1.538561,1.225491,1
1.642495,0.267237,1
1.069491,0.548590,1
2.877163,1.106012,1
1.860309,1.904254,1
0.947129,0.165925,1
0.002276,3.033249,1
1.714392,0.126468,1
0.512089,0.855777,1
2.094924,1.612958,1
1.277947,0.778922,1
1.321652,1.988898,1
1.590631,0.670962,1
0.525575,2.006745,1
1.918697,-0.398574,1
2.793996,1.233183,1
0.486140,-0.356291,1
0.828541,0.716425,1
0.922443,-0.369558,1
0.844565,1.507328,1
1.290798,0.058721,1
1.238168,1.940468,1
2.249973,0.233061,1
2.771154,0.789259,1
0.348350,0.981019,1
0.983693,2.943588,1
0.399705,-0.071074,1
1.726611,1.482817,1
1.343833,-0.256627,1
-1.516809,-0.119725,1
0.874755,1.971320,1
1.916547,-1.096777,1
-0.211130,0.546080,1
1.789024,-1.147428,1
4.403671,-0.837887,1
1.924319,0.841801,1
1.671483,2.196082,1
5.413918,2.156317,1
1.211653,1.538403,1
0.093394,0.137823,1
-1.664909,2.819055,1
-1.527011,-0.234628,1
1.929835,0.294867,1
0.713004,1.564007,1
0.850703,1.223831,1
0.164242,0.585334,1
1.553420,1.587608,1
1.756585,0.539279,1
-1.648013,2.817827,1
0.724253,1.760676,1
0.939536,3.130391,1
0.863440,1.921108,1
2.443897,2.221009,1
1.982474,1.166480,1
2.144806,-0.470530,1
2.084972,2.883175,1
1.630562,3.693812,1
0.905933,1.141040,1
0.790319,0.892981,1
-0.167110,1.108124,1
1.524821,2.681029,1
0.129738,1.038967,1
0.058021,2.196946,1
-0.320069,2.594921,1
1.663667,0.894775,1
1.893845,1.327662,1
1.406019,1.143909,1
0.352497,2.830800,1
0.859063,0.579363,1
-0.919386,0.421792,1
0.765133,0.619379,1
-0.194013,-0.812330,1
-0.902811,0.899857,1
0.489993,-1.871944,1
1.714356,1.866997,1
1.041998,1.152894,1
3.384758,3.167328,1
2.646871,1.625209,1
-0.025744,0.785278,1
0.478371,0.908388,1
0.429996,2.451867,1
0.270664,0.896631,1
2.998987,0.681315,1
0.362734,1.088367,1
2.618721,2.282579,1
2.569502,2.643298,1
1.987843,-0.343883,1
0.540302,0.654527,1
0.063934,0.204178,1
-0.000398,2.323375,1
-0.163246,1.091117,1
-0.564114,0.032193,1
-1.153259,2.573164,1
1.834315,3.372281,1
1.084457,2.033811,1
0.058551,-0.492937,1
2.032143,1.561242,1
0.549183,2.111224,1
-1.303670,1.638809,1
0.557512,1.591530,1
-0.410276,0.418059,1
0.684611,0.122647,1
0.199030,1.180484,1
0.105347,0.322795,1
2.596098,-0.958423,1
-1.494711,1.131693,1
1.213642,1.739688,1
0.934305,0.074972,1
2.031443,1.953169,1
1.423516,0.176531,1
-0.837987,1.749789,1
-0.119323,-0.953270,1
0.336491,2.367256,1
-1.022288,-0.470951,1
0.299377,0.910265,1
-0.434255,0.959748,1
-0.478150,-0.829367,1
1.578856,1.288728,1
1.397302,0.864475,1
2.523521,1.726632,1
1.479501,0.879961,1
0.189962,2.539159,1
1.113621,1.667203,1
1.323781,2.041731,1
2.614218,1.547032,1
-0.241194,2.081672,1
-0.252990,-0.424019,1
2.555090,2.581086,1
0.892521,0.720096,1
2.987061,1.387515,1
0.957321,1.236039,1
0.207843,0.526212,1
0.725193,0.015829,1
4.111242,3.169768,1
1.176119,2.355037,1
0.211529,-0.539501,1
3.158632,-0.460326,1
1.222216,1.518530,1
2.342403,0.499187,1
0.663808,1.541222,1
1.133715,1.167585,1
0.261932,3.096409,1
1.455027,3.031950,1
2.904377,2.158060,1
1.211693,1.923804,1
0.943021,1.688545,1
0.285884,1.756083,1
-0.592387,0.430106,1
2.278667,0.780725,1
-0.496992,-0.457042,1
1.776638,-1.051142,1
1.764276,0.397830,1
1.685604,-0.043912,1
-0.373603,2.246456,1
0.615419,-0.388087,1
-1.119163,0.551818,1
1.484695,-0.105117,1
0.320646,0.026378,1
0.892811,0.690908,1
0.740326,3.688743,1
1.691600,-0.174876,1
2.568183,2.113087,1
-1.279019,-0.706935,1
0.987474,0.894735,1
1.738171,2.018403,1
0.855889,1.147707,1
1.452215,0.000675,1
2.337307,0.357760,1
0.985079,1.207260,1
0.111851,0.067330,1
0.480053,2.920414,1
1.643016,2.740528,1
2.573372,0.677369,1
2.901022,-3.041490,1
2.182790,-0.126314,1
1.608968,3.611448,1
2.159566,1.515732,1
0.503163,0.627421,1
-0.796066,1.156644,1
2.738507,0.854701,1
0.316191,0.786957,1
0.608910,-0.092187,1
1.040854,1.912934,1
0.432323,3.157714,1
1.125252,1.024240,1
-0.145809,-0.151273,1
1.211465,2.296595,1
1.345938,0.814589,1
1.390232,-0.559759,1
1.392585,0.812030,1
1.749674,-0.699354,1
3.574449,-0.109738,1
0.002794,0.181688,1
1.304457,0.308423,1
1.835050,2.384669,1
-0.019922,0.510934,1
-0.620392,1.405298,1
1.254793,1.350732,1
1.408848,2.064315,1
0.108151,0.123137,1
-0.369050,0.735377,1
1.650326,-0.169076,1
0.149396,0.795261,1
1.371367,1.880251,1
-0.577343,0.790360,1
0.411310,1.564345,1
0.665668,-0.007396,1
0.576227,-1.483339,1
-2.382715,0.717594,1
0.042494,1.800235,1
0.600694,0.411899,1
0.056539,-1.056458,1
1.242412,0.878109,1
2.468346,-0.494729,1
0.537875,1.715627,1
0.223693,0.023469,1
1.127736,2.473390,1
2.701485,1.629743,1
2.004766,0.478124,1
0.757340,1.511921,1
0.940297,-0.125676,1
1.773151,0.426717,1
1.175073,-0.881501,1
0.913105,0.347190,1
2.106594,-0.796079,1
0.600626,-0.048723,1
0.533537,0.265423,1
1.827946,1.322682,1
1.297951,0.298001,1
0.414227,0.672741,1
-0.534916,1.020113,1
1.949669,1.940964,1
0.225171,-0.262296,1
0.643971,1.421524,1
1.511262,0.192766,1
-0.620789,0.698282,1
1.585325,1.593877,1
0.526171,0.605085,1
0.651909,0.488375,1
1.003514,-0.971657,1
1.527301,-0.513846,1
3.630093,0.669398,1
1.044427,1.805907,1
1.239740,2.532406,1
1.960783,-0.828178,1
0.494712,2.173713,1
0.753621,2.289584,1
2.712772,-0.295947,1
-0.063510,1.689581,1
1.893078,1.774889,1
0.716497,-0.578961,1
2.884885,1.495731,1
-0.349221,2.139773,1
0.658967,1.463849,1
1.784415,-0.379405,1
1.845077,0.837645,1
0.868688,2.177902,1
0.985660,2.337478,1
0.161837,1.406474,1
-0.988565,0.450444,1
1.216270,-0.565034,1
0.677178,1.455547,1
2.774573,1.206403,1
3.070276,0.158661,1
2.886666,-2.119593,1
-0.064484,1.816312,1
-0.166082,2.034899,1
1.211334,0.325244,1
2.718290,2.275632,1
1.576506,4.168642,1
0.781566,2.261252,1
0.243429,0.836940,1
-0.878231,1.888400,1
1.101505,0.173665,1
1.317367,-2.558625,1
0.279387,0.101354,1
1.548943,0.619019,1
2.229244,1.819148,1
2.373436,-0.535700,1
0.788138,-0.160755,1
1.633484,-0.518243,1
1.212326,0.368853,1
-0.340016,1.061351,1
1.669575,1.654966,1
0.391789,1.650849,1
1.161229,0.196324,1
2.145920,0.811390,1
2.094252,0.313503,1
1.799727,1.541025,1
1.267706,-0.072332,1
0.771208,0.463506,1
1.042453,1.548884,1
0.155598,2.179854,1
1.223629,0.209860,1
-0.715220,0.460761,1
0.248746,1.221447,1
1.777873,1.518665,1
1.532080,0.879804,1
0.831714,0.249153,1
3.147855,0.618052,1
1.440086,1.962784,1
-0.190092,1.043200,1
1.399746,0.230492,1
1.343802,2.063227,1
2.897492,1.827493,1
1.060827,0.857221,1
-1.281017,1.203476,1
-0.475666,1.047528,1
0.616625,1.660191,1
1.601334,1.443410,1
1.779733,1.308061,1
1.631821,1.777756,1
0.494171,1.754967,1
-0.531987,0.487799,1
1.506727,1.409067,1
-0.588667,1.080402,1
1.460968,1.146050,1
0.019096,2.678634,1
-0.345806,0.351423,1
1.776179,0.286469,1
1.560443,0.160862,1
1.666984,-0.292237,1
1.345646,2.974220,1
1.368163,1.663974,1
0.193489,0.759770,1
-0.412161,-0.063149,1
1.117045,2.286802,1
0.643868,2.258486,1
0.919234,-0.980811,1
-0.860201,3.781804,1
-1.488160,1.410906,1
2.167348,0.253285,1
1.623069,0.647376,1
-0.927968,0.959583,1
-0.075669,0.700958,1
0.844346,-1.242462,1
0.878100,0.263536,1
0.960224,0.685702,1
1.375923,0.371345,1
-0.205019,-2.148542,1
2.080800,-0.180056,1
1.805588,0.199435,1
0.563367,0.791325,1
0.452184,0.553099,1
1.226558,0.059736,1
2.003584,1.020612,1
1.894143,-0.062350,1
-0.380220,0.684357,1
1.142718,1.556880,1
2.363033,0.076825,1
2.328235,0.484796,1
0.211091,1.526007,1
2.003613,1.955851,1
2.277227,1.232610,1
3.236434,0.903441,1
1.607312,1.378727,1
0.292018,1.571707,1
0.526162,1.793402,1
1.465189,0.808423,1
1.447093,0.668667,1
1.320928,1.273452,1
0.907310,-1.206486,1
0.013896,0.206092,1
1.267920,-0.171883,1
1.130866,1.038173,1
1.274969,0.262615,1
-1.068276,2.878931,1
2.888316,3.044086,1
0.898606,-2.312582,1
2.014483,1.155964,1
1.217736,3.837346,1
0.524027,1.620065,1
1.105797,0.512796,1
-0.824435,-1.142244,1
3.100425,1.433576,1
0.182432,1.140236,1
2.170685,2.534924,1
2.375184,0.332062,1
-0.383939,0.418785,1
0.404150,1.080152,1
1.887806,1.846782,1
-0.514815,0.066938,1
1.023504,1.789542,1
1.832847,-0.414918,1
1.689234,0.416657,1
0.773513,0.485366,1
0.174315,-0.239551,1
0.687703,0.365555,1
3.272573,0.744096,1
1.816290,-1.366726,1
1.519315,-0.224032,1
0.582329,2.061337,1
1.705469,-0.205703,1
1.131506,-0.822388,1
-0.068417,0.678065,1
-0.950034,1.340892,1
2.846176,0.698777,1
1.147333,0.372786,1
0.191334,1.864627,1
2.033953,-0.770900,1
2.325207,1.582786,1
0.644985,2.629860,1
0.790363,0.703241,1
0.918172,1.198293,1
2.084830,-0.742859,1
0.053914,3.163051,1
0.995559,1.643689,1
0.524413,2.693836,1
0.941283,2.028291,1
1.531478,-0.144613,1
0.751477,0.027119,1
1.003264,3.837116,1
0.621009,1.009872,1
0.523758,0.135344,1
0.604985,0.057351,1
0.812170,1.612556,1
2.324905,-0.457362,1
1.667752,0.531815,1
0.638996,1.901814,1
0.075144,2.257205,1
1.598944,-0.626334,1
0.968861,-0.115941,1
1.901773,2.490026,1
1.710661,1.578772,1
0.287512,1.496817,1
1.713539,0.862385,1
1.028930,-1.308598,1
0.817583,1.751550,1
0.747590,2.169086,1
0.855461,0.727880,1
3.659496,0.351510,1
2.681555,-0.378807,1
0.353087,0.254035,1
2.766871,1.737099,1
0.356946,-0.118492,1
0.309672,0.241497,1
-0.616663,0.720897,1
1.055151,1.546877,1
1.259186,0.392566,1
3.047916,3.498951,1
-0.079625,-0.753447,1
2.169038,-1.189587,1
0.460384,0.492750,1
0.453289,1.599834,1
0.995611,3.169521,1
1.221855,0.759937,1
2.937788,1.658287,1
1.268080,0.497869,1
2.561723,1.870801,1
2.506104,0.681946,1
1.476653,1.139333,1
0.570507,0.693389,1
-0.207059,0.677941,1
0.518480,-0.020778,1
0.542620,-0.169409,1
0.621889,0.482676,1
0.433284,1.062332,1
0.469157,0.256563,1
-0.469646,2.627860,1
-0.470615,-1.017662,1
0.007826,1.210918,1
1.116269,1.348243,1
0.494080,-1.178000,1
-0.815420,1.984789,1
1.917748,1.298897,1
0.379835,-0.163375,1
0.155195,2.129678,1
2.038829,1.729236,1
1.145347,1.324788,1
0.586163,1.504742,1
1.146306,1.992855,1
1.795840,0.690096,1
0.369211,-0.587674,1
1.983701,2.273173,1
3.768307,1.666522,1
0.805666,-1.336988,1
0.157078,1.917255,1
1.579985,0.322671,1
0.346053,0.272146,1
0.276091,1.271948,1
0.375795,0.713680,1
0.234764,0.492117,1
1.169051,1.082785,1
2.388770,-1.520622,1
0.419577,0.686254,1
0.934494,0.701214,1
2.063049,0.908683,1
1.739737,0.758668,1
0.222100,1.211354,1
-0.085703,1.081262,1
-0.369023,-1.522719,1
0.577068,-0.624695,1
1.389641,1.143922,1
2.096025,1.540038,1
1.457320,-0.446615,1
2.328811,0.711097,1
3.258250,-0.689919,1
1.915032,0.492623,1
-0.131776,3.247067,1
0.361282,2.931646,1
0.368058,0.418588,1
0.838876,0.136796,1
-0.492302,-0.266252,1
2.710710,1.998680,1
1.023703,0.808384,1
3.049648,-0.749564,1
1.648535,1.812111,1
-0.064699,1.514842,1
1.055884,0.921897,1
0.533481,0.152128,1
-0.290462,1.278463,1
-0.440975,2.339752,1
0.965444,3.206063,1
1.147338,0.783919,1
-0.386544,0.896332,1
2.421966,2.085003,1
2.267928,-1.037747,1
1.879231,0.926597,1
-0.763107,-0.222852,1
2.721479,-0.183924,1
1.658148,0.549239,1
-1.987118,0.306458,1
-0.835564,0.532148,1
2.262154,-0.352063,1
1.671877,2.829105,1
1.011498,1.458951,1
2.132400,0.017866,1
1.506963,0.836438,1
1.688250,0.854456,1
0.707817,0.276397,1
1.034123,2.826692,1
0.689760,3.818875,1
-1.032855,2.067947,1
2.460555,-0.916154,1
0.775989,2.127840,1
1.258763,2.467581,1
1.604337,1.625812,1
1.418491,2.532225,1
1.656919,2.541411,1
1.871174,1.548043,1
0.871245,2.700636,1
2.174682,-0.413511,1
2.084173,3.191583,1
1.960941,3.225448,1
0.221096,2.563778,1
0.274567,1.062175,1
0.308463,1.770813,1
0.791493,1.506764,1
-0.201675,-0.660600,1
1.412307,1.230306,1
0.566760,0.546882,1
0.654878,0.616999,1
0.321966,1.711504,1
0.848528,0.919254,1
-0.066785,0.951331,1
1.810227,1.437050,1
0.687044,0.952413,1
0.119429,0.910975,1
0.562559,2.021777,1
-0.502537,0.145631,1
1.662618,0.750252,1
0.160367,0.778869,1
1.847459,-0.162460,1
-1.326942,1.635852,1
2.058683,-0.452185,1
2.180288,1.017386,1
2.247507,1.838280,1
1.978719,0.614521,1
0.785364,1.981127,1
2.785904,0.706257,1
0.906879,1.513417,1
1.686384,0.986414,1
1.195196,0.415575,1
0.231523,0.399500,1
1.177050,1.383205,1
2.401332,0.569114,1
1.412422,0.614936,1
-0.472106,1.012199,1
-0.134744,-0.621757,1
1.318150,1.686270,1
2.449965,0.184252,1
-0.991132,1.587994,1
1.379535,-0.250093,1
1.108876,1.046279,1
1.581589,0.522866,1
2.006361,0.290126,1
-0.582165,0.753779,1
1.831822,0.909842,1
1.259420,2.014684,1
-0.797902,-0.010040,1
0.018311,0.309694,1
0.584354,0.167874,1
0.516097,0.137723,1
0.886018,0.549350,1
1.590278,-1.823822,1
-1.238008,1.224250,1
0.079713,2.172228,1
1.755007,0.472762,1
0.038232,1.919568,1
1.143082,-0.074131,1
2.041736,1.010656,1
-1.424272,1.510825,1
1.259220,0.450068,1
2.670647,1.768592,1
-0.286387,-0.403920,1
1.707392,2.470280,1
0.094579,-0.176687,1
-0.428077,2.177349,1
0.208605,0.664138,1
1.827533,1.698881,1
1.763647,2.083621,1
-0.311363,0.587658,1
0.666110,0.248262,1
0.292278,0.908441,1
0.393524,0.855856,1
1.178851,0.197210,1
2.293422,1.864796,1
1.398112,2.583670,1
1.288639,-1.471790,1
-0.029337,1.090102,1
1.779090,1.030917,1
0.896406,1.633408,1
0.361830,1.754052,1
2.495618,2.888418,1
2.184980,1.037989,1
-0.514712,0.728517,1
1.853754,2.088688,1
1.710072,0.404432,1
0.936446,0.366393,1
0.771641,0.324650,1
1.664919,1.113414,1
-0.486412,1.886783,1
1.748549,1.824642,1
1.593047,0.563957,1
1.266171,1.713367,1
1.126691,0.490747,1
1.108113,1.278807,1
0.295028,0.501448,1
1.127753,0.672032,1
1.858680,1.623552,1
3.030689,1.473047,1
1.314762,1.306973,1
2.219017,1.656541,1
1.268638,1.078131,1
2.024569,0.070799,1
1.566422,2.718255,1
0.450784,1.166392,1
0.057121,2.106017,1
1.955325,-0.361568,1
2.650797,2.556996,1
-0.683068,2.114347,1
-0.232526,0.474349,1
2.253319,0.889739,1
0.717130,0.949365,1
0.873638,1.832318,1
1.127550,2.351288,1
2.077096,0.036261,1
1.324956,2.743360,1
0.901599,-0.128938,1
0.474543,0.270524,1
1.858536,1.126300,1
1.255966,0.543078,1
-0.171111,1.585025,1
1.296541,1.217953,1
1.319726,1.334355,1
-0.089128,2.415760,1
0.666131,-0.618419,1
-0.153893,1.599715,1
0.586297,0.304635,1
-0.160556,1.781849,1
1.909892,1.266363,1
1.210872,0.498274,1
1.218720,-0.251456,1
0.967868,0.904734,1
1.330231,1.419216,1
0.750442,0.997423,1
0.929499,1.376081,1
-0.542051,1.577029,1
-0.643625,1.017741,1
0.351597,-1.015996,1
3.090506,0.842046,1
1.960133,-0.611878,1
0.814034,0.717844,1
-0.548073,-0.655677,1
0.628705,0.532736,1
2.227832,2.444590,1
1.479899,0.811143,1
-0.488368,0.732332,1
1.196202,0.403190,1
1.054321,1.514468,1
1.105223,2.588709,1
0.952420,-0.761620,1
1.827626,2.322552,1
1.416324,0.085153,1
1.890265,1.307971,1
-1.944205,1.983196,1
-0.199640,1.621114,1
1.427988,1.579355,1
-0.602778,0.707484,1
0.848659,0.607373,1
1.193465,1.576197,1
0.617797,0.286820,1
1.223353,0.674017,1
0.712729,2.284691,1
2.159581,0.724942,1
0.575254,0.157173,1
0.313906,2.041007,1
-0.181965,1.981747,1
1.109539,1.829241,1
1.464441,3.159643,1
0.904837,-0.303529,1
1.132226,1.582149,1
0.288385,-1.072767,1
2.013511,2.480328,1
2.104047,0.807370,1
3.575694,0.167895,1
-1.723280,0.820296,1
-0.057440,1.525308,1
0.421534,1.634972,1
1.542552,1.785828,1
0.772783,2.882167,1
0.992805,1.676072,1
0.582190,1.720512,1
-0.192700,-1.001724,1
0.487552,0.941173,1
1.296330,1.969153,1
1.420330,1.754594,1
0.084085,-0.055468,1
1.008401,-0.235816,1
0.908278,1.350910,1
1.276169,0.403483,1
3.165016,0.532521,1
-1.247241,-0.705696,1
0.939025,2.712276,1
1.433883,1.442927,1
1.004101,3.278194,1
1.082909,1.450445,1
-2.289677,-0.157774,1
1.297840,0.015836,1
0.995530,1.961540,1
1.797107,1.382774,1
2.707396,1.865992,1
1.718514,0.111089,1
0.535871,1.154195,1
-1.044852,1.013595,1
-1.869884,2.169248,1
0.565579,1.796176,1
0.227310,1.121603,1
-0.146549,0.787718,1
0.641443,0.537382,1
-0.845198,0.833379,1
2.427406,0.070017,1
1.090458,-0.289128,1
-0.461394,1.272742,1
-0.715106,2.128931,1
1.905707,1.520754,1
0.198001,2.003155,1
1.512744,-1.243655,1
2.319063,2.121227,1
1.202742,1.757532,1
1.986229,0.488796,1
1.097958,0.838019,1
0.137415,1.418053,1
1.375810,-0.989762,1
0.057381,1.445551,1
1.194272,-0.358742,1
0.209748,2.942703,1
0.811902,0.507632,1
0.364719,2.820415,1
1.342590,0.278974,1
2.049919,1.034292,1
2.173697,0.770831,1
1.401898,1.352133,1
1.345452,1.751020,1
0.408999,-0.987790,1
1.979059,0.774905,1
2.135664,-0.708514,1
1.136146,1.734316,1
1.248362,1.925448,1
0.827853,0.874807,1
0.514988,-0.150260,1
-0.615282,-0.028465,1
0.759457,-1.254169,1
0.864310,-0.348519,1
2.114762,3.414089,1
1.193590,0.762476,1
-0.616037,-0.682168,1
-1.441902,0.198914,1
2.033489,0.769168,1
2.304596,2.479326,1
0.367777,-0.652840,1
0.948291,-0.379598,1
1.649311,2.729094,1
1.332027,1.544823,1
2.662396,0.206856,1
1.953609,-1.858265,1
2.545290,2.685373,1
0.615109,1.721395,1
0.720651,0.857005,1
1.353480,0.048177,1
0.232900,1.368425,1
1.317573,-0.296707,1
1.846741,-0.129400,1
1.365714,3.511880,1
0.505796,1.157148,1
0.184159,1.220384,1
1.098697,0.391048,1
1.241997,0.655613,1
2.785336,1.455789,1
1.284085,1.721222,1
1.253072,1.141227,1
0.475347,2.679076,1
1.084603,1.759855,1
2.653896,2.294974,1
3.877726,0.091838,1
2.217988,-0.022760,1
1.338408,0.385732,1
1.303429,1.924877,1
0.314018,0.797780,1
1.919039,0.087246,1
-0.339782,1.538857,1
0.632092,2.064591,1
1.549438,1.046938,1
2.179429,1.003227,1
-0.068959,0.801823,1
0.431016,3.138689,1
1.532846,1.095414,1
0.551027,0.016146,1
1.389251,1.277308,1
1.379145,-0.005511,1
2.163423,0.933269,1
0.836259,-0.692299,1
0.706710,2.511751,1
0.042076,1.288869,1
1.622248,0.418688,1
-0.311754,1.408386,1
0.391630,1.895639,1
1.060469,0.716555,1
0.279863,1.587391,1
0.752592,1.250085,1
1.001023,0.583031,1
1.274729,1.843566,1
-0.248277,0.483404,1
0.779816,-0.029596,1
1.293361,1.014946,1
-0.309186,0.494750,1
0.885724,-0.051017,1
0.366432,1.454116,1
1.278071,1.529872,1
1.263896,0.518494,1
0.567291,0.828418,1
3.111469,0.831346,1
1.159605,2.605635,1
0.540701,-1.245156,1
0.549385,1.264585,1
2.584683,0.276638,1
2.396758,0.092346,1
1.350259,0.407489,1
-0.459065,2.563753,1
1.738758,0.168559,1
2.884753,0.919747,1
1.128940,0.538253,1
1.902998,1.979718,1
2.027910,2.295683,1
0.841711,0.433429,1
2.353596,-0.045051,1
3.830580,0.421409,1
0.731224,0.527552,1
1.100272,0.064199,1
-0.082405,0.421181,1
1.663303,-0.086613,1
0.443902,-0.359794,1
-0.285788,1.571446,1
0.452481,0.794464,1
1.281532,1.487434,1
1.435433,2.434655,1
0.604466,2.132303,1
0.548245,1.178626,1
2.485661,0.913029,1
1.360580,0.353153,1
3.241841,-0.646434,1
0.151231,3.746388,1
2.159449,-1.180507,1
0.367029,1.797845,1
2.949792,1.175799,1
0.526392,2.008165,1
1.536575,0.374567,1
2.868905,-0.367933,1
0.509490,-0.749280,1
1.753052,1.526772,1
-1.209794,0.384928,1
-0.840494,1.473549,1
2.460581,1.604377,1
0.971799,1.154652,1
0.174693,1.877069,1
0.969937,2.169866,1
1.897744,1.599359,1
-0.116540,1.288011,1
3.466464,1.151426,1
0.116489,-0.241018,1
-0.999738,1.264703,1
1.057497,0.182212,1
-0.382509,1.046015,1
0.606910,0.588598,1
1.234214,1.227505,1
1.176497,0.349172,1
1.323422,1.450887,1
0.647595,1.253979,1
1.294402,2.861443,1
2.121196,2.119020,1
1.609018,1.741365,1
1.208735,1.694637,1
0.276908,0.823062,1
-1.070581,1.836704,1
-0.175502,-0.005376,1
1.804971,1.500017,1
2.305587,1.363333,1
2.638835,1.644239,1
2.320227,0.862569,1
0.696368,2.893868,1
1.753906,2.381539,1
2.125155,1.949713,1
0.611871,0.979475,1
-0.082791,1.199345,1
0.095541,1.846660,1
1.105976,2.767430,1
1.125539,2.319601,1
0.130001,-0.547942,1
1.136922,0.629660,1
-0.361205,1.564481,1
0.658225,0.541402,1
1.894459,1.131685,1
2.213086,1.900377,1
1.055368,0.903951,1
0.293285,1.441160,1
1.576489,3.226277,1
1.944373,2.180857,1
0.468678,0.839036,1
1.136557,0.512046,1
-0.450236,0.215910,1
-0.865657,1.704186,1
1.089217,1.723854,1
2.049983,-0.050598,1
2.917298,-0.530021,1
2.476583,0.482041,1
1.316027,0.849313,1
1.709590,1.275924,1
0.143796,1.137361,1
1.777112,1.622510,1
-0.408095,0.515579,1
0.524914,-0.108192,1
-0.904228,1.772720,1
-0.081295,1.513418,1
0.855567,1.883430,1
0.685772,-0.359816,1
3.656169,-2.230440,1
1.054574,0.988564,1
1.542376,1.428661,1
0.498062,1.426353,1
1.952213,0.714570,1
0.545498,1.297747,1
-0.349567,1.631677,1
-0.118256,1.081690,1
2.184511,1.479455,1
0.837615,1.021487,1
3.108996,1.726524,1
0.203880,0.232805,1
1.063944,0.598689,1
-0.609864,2.314397,1
0.012240,0.910063,1
0.918649,0.832978,1
0.746682,0.790189,1
-0.210132,1.486120,1
0.222135,1.310166,1
0.475016,-0.327340,1
2.437630,2.307087,1
-0.740883,0.183829,1
0.164258,2.965063,1
4.161530,0.952815,1
0.549544,1.638826,1
1.699247,-0.458236,1
2.496561,0.521461,1
-0.036595,-0.887330,1
-1.104261,1.956791,1
0.637830,2.699989,1
1.014309,1.879128,1
2.398194,2.382127,1
-1.541942,0.426757,1
1.304221,-1.359201,1
1.581226,-1.803970,1
1.644277,1.053182,1
1.821236,1.090795,1
0.190095,1.538870,1
0.722996,0.169344,1
1.336346,2.501780,1
2.700634,2.686369,1
3.816464,2.028502,1
1.516272,0.874111,1
1.395008,1.913783,1
1.924177,0.865049,1
0.701029,1.280764,1
2.377710,0.561586,1
-1.272778,0.458278,1
0.316435,3.106346,1
-0.210243,-0.884936,1
-0.272471,3.407215,1
0.660864,1.246869,1
1.330459,0.819511,1
0.948416,-0.967448,1
0.892341,1.112425,1
-0.628429,1.608493,1
0.212835,0.537270,1
-0.664235,1.513703,1
1.708140,2.994967,1
-0.103432,0.867602,1
0.503627,3.425594,1
0.399317,0.817061,1
2.295931,2.018317,1
-0.694232,0.124507,1
2.906370,0.165865,1
1.889082,0.975830,1
1.784614,-0.240696,1
-0.595375,2.676987,1
1.092642,1.011951,1
-0.031350,-0.857684,1
2.811180,1.104531,1
2.328920,0.625953,1
0.057884,0.231474,1
1.368013,0.143430,1
2.336612,1.505525,1
1.730588,-0.540295,1
1.324725,1.541538,1
-2.686180,0.125898,1
0.416092,0.431057,1
1.838888,2.442869,1
0.743352,1.411111,1
-0.055618,1.484617,1
-0.302931,1.962539,1
1.953595,-0.973925,1
1.297786,1.497661,1
0.702445,0.192343,1
-1.415669,2.310361,1
-0.197595,2.063837,1
2.415007,2.906956,1
-0.385335,0.493824,1
1.888979,0.564360,1
0.377789,0.740160,1
0.548900,0.747448,1
1.227664,1.103166,1
2.940390,1.688677,1
0.320326,0.153247,1
1.401372,-0.007063,1
-0.413101,0.536426,1
2.379013,1.025295,1
4.304296,1.386592,1
0.323536,0.097603,1
0.947263,-1.532465,1
-0.522254,2.654254,1
3.571312,1.087131,1
-0.102621,0.998303,1
1.121149,-0.631369,1
0.731850,0.131855,1
1.615904,0.216230,1
-0.690141,2.008139,1
-1.311254,1.007605,1
1.856416,0.705368,1
0.834280,2.324462,1
1.038430,-0.258636,1
-0.252206,0.661101,1
2.170360,1.264402,1
-0.211402,-0.017202,1
1.825467,-0.298222,1
-0.044952,2.384983,1
1.855249,3.144673,1
0.724750,-1.241837,1
1.719313,0.551322,1
1.585575,0.404476,1
0.592354,0.765273,1
2.590833,-0.169585,1
2.233769,2.664903,1
1.075933,0.651215,1
1.232962,0.729936,1
1.838825,-1.330490,1
0.956635,2.806812,1
0.095190,0.917454,1
-0.041040,0.365742,1
1.101848,2.370559,1
0.214772,1.925385,1
2.552942,1.880973,1
0.247258,0.567071,1
1.163487,0.439604,1
1.766828,0.833491,1
0.313956,1.258154,1
0.836894,1.849773,1
3.235149,2.177865,1
-0.223557,0.979820,1
4.042713,0.156265,1
1.167088,-1.202586,1
0.703916,1.113863,1
0.456524,0.369589,1
0.764693,0.551252,1
1.993521,0.686208,1
-0.439323,2.074404,1
1.309014,0.478733,1
2.245940,1.554808,1
1.499276,2.395560,1
0.241750,1.221948,1
2.836306,2.370248,1
-0.027860,0.735973,1
0.708584,2.782763,1
1.150236,1.116246,1
0.566181,1.584195,1
0.307862,-0.253234,1
-0.826809,0.941982,1
1.143285,2.318416,1
-0.133296,0.937798,1
0.549307,0.659516,1
2.288360,-0.189461,1
0.637741,1.749716,1
1.769038,0.612625,1
1.225079,0.926561,1
0.324108,0.121985,1
1.677464,3.363911,1
-0.154313,1.092449,1
0.948118,3.190620,1
1.305608,2.085827,1
2.421125,0.501579,1
-0.122020,2.603012,1
1.293065,2.440734,1
1.282540,0.004987,1
1.171425,1.847862,1
0.401788,-0.759626,1
0.924506,2.843117,1
2.192841,-1.612400,1
0.481540,0.918293,1
0.223674,2.076711,1
0.130030,2.475752,1
0.157641,1.262521,1
2.962679,0.545972,1
2.089783,0.194365,1
0.390971,-0.397489,1
0.852169,0.686262,1
1.022779,1.361267,1
0.485856,1.789486,1
1.258471,-1.419435,1
0.652373,0.577135,1
0.486087,-1.256030,1
-0.032308,1.203378,1
1.574860,1.028400,1
2.176814,1.430089,1
-0.354025,1.179805,1
-2.072296,0.426130,1
1.340871,0.195529,1
0.046429,0.764228,1
0.557286,-0.083523,1
0.572434,-1.014896,1
1.475800,0.314763,1
0.417044,2.250779,1
2.202743,0.558511,1
1.081531,1.626043,1
0.326980,1.415580,1
1.477902,2.329501,1
0.355984,-0.350367,1
1.576950,2.282500,1
0.347105,0.554377,1
0.887206,1.146351,1
2.621707,1.142874,1
0.245275,-0.146916,1
1.273821,1.691459,1
0.315618,1.988383,1
2.285702,1.233563,1
0.628707,0.094623,1
0.649138,2.572242,1
0.401682,1.827232,1
0.288814,2.129150,1
3.104684,0.549756,1
-0.295414,0.932089,1
0.644176,0.902973,1
1.427574,2.152327,1
2.575843,0.044509,1
2.569367,1.246026,1
-0.327297,-0.105887,1
2.308212,0.893035,1
-0.212235,-0.380354,1
3.349145,2.725243,1
0.880797,2.838162,1
1.666080,2.084362,1
1.625529,2.307559,1
1.116445,1.179526,1
-0.101846,2.877467,1
0.026975,1.539778,1
-0.362348,1.010841,1
1.140797,0.627573,1
1.239228,0.801347,1
0.248208,1.212040,1
-0.334875,-0.101154,1
1.588284,2.364975,1
1.083270,1.068995,1
1.581160,0.085901,1
1.428824,0.298174,1
-0.058882,1.396308,1
2.452337,-0.455285,1
-1.265680,0.760054,1
0.580551,1.756649,1
2.063393,0.168198,1
0.022652,1.674355,1
1.428333,0.672810,1
-0.040116,1.450076,1
3.789510,-0.221287,1
1.327136,1.372754,1
0.955525,-0.119271,1
0.570136,2.084707,1
1.941005,0.113341,1
1.725101,1.675106,1
0.398041,0.749579,1
1.814998,0.026218,1
0.531379,2.873309,1
0.758038,2.485337,1
1.115787,-0.497006,1
0.661618,3.134590,1
-0.206467,2.356695,1
2.050512,-0.676342,1
0.648697,0.120189,1
0.821587,1.859964,1
0.559630,1.944504,1
-0.191451,2.126633,1
0.670715,-1.354541,1
2.053240,1.647305,1
2.559057,0.633204,1
1.293513,1.665837,1
-0.146433,1.486351,1
1.540254,1.159566,1
2.732810,1.354086,1
0.842138,0.083454,1
1.648960,-0.480194,1
1.570307,-0.656755,1
1.308012,0.632909,1
1.599266,0.114849,1
2.069499,2.944783,1
1.016189,0.858522,1
0.476705,2.828167,1
1.745191,-0.324162,1
0.516507,-1.618947,1
2.982582,1.298646,1
2.260908,-1.603023,1
1.391249,1.611316,1
1.461060,0.940003,1
1.158166,0.266094,1
1.730882,0.465643,1
0.340789,0.424704,1
2.357396,2.230273,1
-0.069033,2.067994,1
0.594514,0.856914,1
0.979146,1.892134,1
0.579792,-0.329035,1
-4.112575,-1.090770,1
3.395009,-0.266353,1
1.004726,0.904353,1
0.068289,0.779781,1
-0.964068,1.817247,1
0.448239,-0.327371,1
-0.423490,1.392375,1
0.254171,1.040743,1
1.043347,0.512454,1
1.675266,4.248767,1
0.456347,2.609613,1
-0.074264,0.581507,1
1.325462,0.574362,1
0.206805,0.451805,1
0.485188,0.128779,1
0.164994,1.555798,1
0.035658,0.025192,1
1.872677,2.980971,1
-0.731815,0.789534,1
-1.830020,1.871296,1
1.872113,1.824916,1
-1.291273,-1.953936,1
1.457636,1.171519,1
0.840781,2.109316,1
-0.022472,0.797523,1
2.200203,1.179585,1
0.236524,1.702612,1
0.766583,-0.773786,1
-1.972376,1.576717,1
0.880351,0.010322,1
1.588717,1.936440,1
0.007436,1.888227,1
1.777750,2.996240,1
1.028552,0.271761,1
0.007585,0.857148,1
1.826219,2.880011,1
1.509440,0.158066,1
0.097654,2.335360,1
0.741493,-1.793160,1
0.263026,1.315493,1
1.556498,0.494747,1
2.009200,-0.680513,1
0.869822,4.132155,1
0.534815,1.042820,1
0.122420,1.159085,1
0.776558,0.609580,1
2.720679,3.358942,1
1.831644,0.031349,1
1.720661,0.761429,1
1.219200,-0.413774,1
1.228808,0.799444,1
1.169988,1.031640,1
2.225539,2.184377,1
-1.179714,1.822888,1
2.172283,4.296207,1
1.500997,1.993478,1
-0.534761,1.079522,1
1.274496,2.031840,1
2.479197,-0.162478,1
0.180963,1.944548,1
2.391215,-0.060187,1
-0.713709,0.290374,1
0.018654,-0.933903,1
1.862476,1.769212,1
0.122123,2.645131,1
2.091444,-0.303653,1
2.570994,0.473907,1
1.403882,2.728576,1
2.803172,-0.275800,1
1.201943,-0.892781,1
0.167222,1.999837,1
2.319030,0.826157,1
0.297252,0.709642,1
1.830496,2.244205,1
0.614174,1.557988,1
0.562297,0.113749,1
2.450200,2.076836,1
0.526391,2.062512,1
0.384798,2.507594,1
2.302697,3.369504,1
1.057375,1.106201,1
-0.495077,3.990103,1
0.327963,1.139110,1
1.870356,3.386123,1
1.658651,1.563505,1
-1.068756,1.147826,1
0.361717,0.968126,1
0.903074,-1.197398,1
1.017818,1.269449,1
0.654116,-0.418687,1
1.573601,0.918773,1
-2.112709,1.328210,1
3.813358,0.936327,1
1.383824,1.718979,1
0.907055,0.739590,1
0.445885,1.027618,1
3.537651,2.225597,1
1.340143,1.037636,1
2.206035,1.027711,1
2.700660,2.429571,1
-0.247623,-1.566544,1
-0.161801,-0.602290,1
-0.419042,2.531160,1
1.374070,-0.369865,1
1.251562,-1.544578,1
1.374026,0.170862,1
0.064221,-0.909988,1
1.557791,0.117182,1
-1.968241,-0.076743,1
1.128959,0.613054,1
1.688768,1.821565,1
2.492204,0.994747,1
0.813717,0.111354,1
-0.035715,-0.125156,1
0.067821,-0.176414,1
1.033610,2.028254,1
1.530321,1.065775,1
0.194125,1.486725,1
1.420042,1.431500,1
1.792281,-0.532831,1
0.046738,1.215036,1
1.443050,1.395994,1
0.777935,-0.925737,1
1.426738,1.651911,1
1.226145,0.461414,1
0.388397,-0.653426,1
1.064161,1.592686,1
2.587640,1.873543,1
0.991667,-1.374529,1
1.496427,1.705305,1
1.358191,1.820361,1
0.182736,2.890402,1
2.136034,0.048002,1
-0.425450,0.796926,1
1.784568,0.265471,1
3.560624,2.195153,1
1.633709,1.474871,1
1.241722,-1.148694,1
0.419278,2.388070,1
1.836188,1.108849,1
1.090190,1.257790,1
-0.358860,2.446305,1
0.196484,0.742244,1
-2.162076,0.826154,1
2.749091,1.742682,1
0.135657,0.418645,1
3.377229,0.435260,1
2.028644,-0.245401,1
0.275273,1.938061,1
-0.421540,0.810216,1
1.306197,0.833127,1
1.309686,1.697565,1
0.435307,1.126614,1
1.461485,-0.315658,1
1.424362,2.536217,1
-0.008188,0.430932,1
1.784538,1.642858,1
0.750119,0.530620,1
-0.675632,2.002572,1
0.584403,1.351553,1
2.760212,1.352514,1
0.956050,1.063590,1
-0.052968,0.310936,1
1.954189,1.800496,1
1.641678,1.460023,1
1.305655,1.294644,1
3.368249,2.082154,1
1.095909,0.036998,1
-0.551030,1.379806,1
0.587552,2.183890,1
1.511045,2.842156,1
-0.093969,0.304515,1
0.786053,2.967179,1
-0.568898,0.098069,1
2.466743,1.852384,1
2.021639,1.593728,1
-0.008391,-0.460665,1
1.555801,2.588811,1
-0.014840,-0.315582,1
0.207984,1.701338,1
-0.155581,0.338686,1
0.804154,0.657214,1
1.652111,0.929052,1
1.140049,1.850687,1
-0.430018,-0.207732,1
2.736517,-0.413901,1
-1.673600,1.145592,1
1.550929,-0.325540,1
2.066953,1.536810,1
1.388882,0.226589,1
0.315144,0.792670,1
-0.459007,2.032700,1
1.714668,0.173007,1
1.789818,1.507504,1
1.597284,-0.096704,1
0.786997,0.853635,1
1.884541,-0.285968,1
0.933223,-0.821084,1
0.689807,-1.592621,1
1.096326,1.191046,1
0.663571,3.481470,1
2.190115,2.298379,1
0.535924,-0.467740,1
1.432117,1.297969,1
0.256333,-1.327463,1
1.152495,0.857503,1
0.698895,-0.256793,1
-0.247861,1.319816,1
2.270317,1.115121,1
0.084113,2.013108,1
0.430149,1.820246,1
2.962202,0.480708,1
1.316920,1.958766,1
0.250436,2.680954,1
-0.765930,0.956179,1
0.852875,1.075838,1
1.152084,0.372830,1
2.971297,0.547260,1
1.144903,2.401763,1
1.412327,-0.078616,1
0.010707,2.032472,1
-0.552900,1.569698,1
1.720448,0.701666,1
0.798012,-1.021827,1
-0.413551,0.767387,1
1.234621,2.343487,1
0.260568,1.454763,1
0.566184,0.598137,1
1.231673,1.602878,1
-0.440542,0.438682,1
1.434138,2.281431,1
3.066756,-0.536860,1
1.148207,1.745121,1
-1.320398,2.034960,1
3.230262,2.866211,1
-0.495841,0.391548,1
1.659056,0.554081,1
1.920175,1.435672,1
0.957937,2.882629,1
1.084562,0.685444,1
-0.866785,0.045949,1
0.447808,-0.566753,1
2.562590,0.466222,1
2.245679,0.134040,1
1.338301,0.575383,1
1.746932,1.931184,1
1.342101,1.215161,1
0.817228,0.516921,1
-0.053929,0.831006,1
-0.617129,2.645912,1
-0.626567,1.023752,1
1.410753,-0.325289,1
2.736224,1.113826,1
-0.407020,0.661198,1
0.087183,0.849708,1
0.225149,1.280641,1
0.868687,1.367032,1
-0.497936,0.958087,1
0.620869,0.677635,1
-0.355620,1.684253,1
0.833023,2.280532,1
0.426466,0.951140,1
-0.702904,1.034918,1
1.172025,2.545777,1
1.554995,1.143398,1
1.847230,1.236529,1
1.710727,-0.289132,1
-1.093508,1.271180,1
2.183808,0.198199,1
2.039442,1.576469,1
2.583524,4.842269,1
-0.121343,0.677424,1
1.811498,1.615357,1
0.392873,0.639932,1
-0.077392,1.836978,1
1.094774,1.521072,1
2.254009,0.476939,1
0.393325,0.453844,1
1.514536,0.683177,1
0.678672,1.485101,1
1.245882,1.721738,1
0.793547,2.330128,1
0.197338,-0.637442,1
1.313989,1.466412,1
1.395563,2.266207,1
-0.708969,0.811318,1
0.689316,0.290027,1
1.377369,3.321036,1
1.230918,2.963249,1
1.668039,0.480653,1
0.052784,2.078010,1
-1.483210,-3.474662,0
-0.843719,-1.275804,0
-2.794215,-1.826729,0
-0.711201,-1.012102,0
-1.978326,-0.696327,0
-1.957059,-1.522973,0
-0.275566,0.247267,0
-2.358157,-2.056100,0
-0.222162,0.565543,0
-2.404833,-2.781017,0
-1.435822,-0.485379,0
-0.078459,-0.517174,0
0.414438,0.383148,0
0.841165,-1.859100,0
-1.484626,-2.124172,0
-1.748315,-2.011012,0
-3.037497,-0.351084,0
-0.748080,-1.588513,0
-1.305233,-2.720164,0
0.089019,-0.938669,0
-0.741391,-1.030329,0
2.376161,-1.794081,0
-2.116061,-0.472385,0
-0.872889,0.059837,0
0.919142,-2.239041,0
-1.595713,-0.782217,0
-1.228260,0.482135,0
0.043846,0.093321,0
-0.626215,-0.527176,0
-0.774842,-1.179443,0
-0.522661,-1.239831,0
-1.079114,-1.798338,0
-1.828780,-0.623961,0
-1.661072,-1.237661,0
-0.311168,-1.066491,0
-1.117109,-1.961835,0
-0.350746,-0.569187,0
-0.662534,-0.638568,0
-0.778176,0.252894,0
-0.703527,-1.287181,0
-0.749298,-0.653825,0
-1.397549,-1.299213,0
-2.025087,-1.281137,0
-1.027712,-0.319358,0
-0.985598,-0.510794,0
-1.046215,-1.887768,0
0.926655,-1.746868,0
0.246310,-1.364761,0
-1.602309,-1.696300,0
-1.014967,-2.731044,0
-2.134992,-1.622681,0
0.367617,-0.780684,0
-0.497725,-2.796211,0
-1.271863,-0.096796,0
-4.100571,-0.382492,0
-2.708261,-1.742584,0
-2.311911,0.101177,0
-1.834545,-1.035459,0
-0.210012,0.330555,0
-0.405537,-3.350641,0
-2.159009,-0.782863,0
-0.464283,-2.685983,0
-0.700008,-0.170556,0
-1.135145,-1.505815,0
-1.640549,-0.490736,0
-0.876977,0.172968,0
1.089498,0.190817,0
-2.919516,-3.378922,0
-2.455873,-0.459583,0
-1.249308,-1.524755,0
-1.527241,-0.328382,0
-1.004936,-0.264465,0
-1.522029,-0.541183,0
-0.996207,-2.173020,0
-0.187052,-1.205861,0
-0.975296,-1.290785,0
1.603456,-0.941331,0
0.626444,-2.430666,0
1.074419,-0.213998,0
1.481079,0.003248,0
-1.673169,-1.189705,0
-1.286428,-1.000466,0
-1.258733,-0.683890,0
-0.485367,0.305004,0
-1.343712,-0.574258,0
0.316165,0.879843,0
-0.140089,-0.763306,0
-0.916505,-1.602869,0
0.013524,-0.013438,0
-1.818261,-0.118805,0
-0.818343,-0.064706,0
1.490663,0.529646,0
-2.175370,-0.852389,0
-0.987495,-1.964678,0
-0.657564,-1.248751,0
-1.762243,-1.303005,0
-0.628606,-0.556455,0
-0.265330,-0.278787,0
-2.092551,-1.334946,0
-0.987353,-0.534227,0
-0.866632,-1.941906,0
-0.117356,-0.766145,0
0.250092,-0.286709,0
-0.199099,-0.127206,0
-0.206830,-0.268933,0
1.204826,-2.294400,0
-0.825131,0.538842,0
-2.589787,1.033264,0
-0.532056,-1.415036,0
-1.119704,-0.244010,0
-0.313407,0.065839,0
-0.931780,-1.880443,0
0.206064,-2.542489,0
0.035176,-0.993986,0
-0.797567,-2.215991,0
-3.700120,-1.508732,0
-0.994520,-0.196994,0
-1.472809,-1.564116,0
-2.625516,-2.378689,0
-4.276297,-1.731109,0
-0.342746,-0.050051,0
-1.453086,-1.143921,0
-0.962440,0.348972,0
-1.784331,-1.899585,0
0.372792,-0.787296,0
-0.591418,-0.110559,0
0.553145,-0.871546,0
-0.996060,-0.786719,0
-0.648790,-1.792907,0
-1.374692,-1.226577,0
-0.441759,-1.792909,0
-1.271312,-0.398430,0
-2.481133,1.549350,0
-1.111622,0.195338,0
-2.178234,-0.200400,0
0.999425,-1.434814,0
-2.257584,-1.756053,0
-1.893790,-0.863343,0
-2.556155,0.091199,0
-1.258184,-1.834030,0
0.294133,-0.812065,0
-0.083560,-2.603795,0
-1.106519,-2.251616,0
-2.485584,-1.028301,0
-2.286178,-1.459410,0
-0.469180,-1.687788,0
0.821840,-0.280266,0
-2.333884,-0.794076,0
-0.652233,-2.794426,0
-1.909133,-0.092639,0
0.027190,-1.173311,0
-0.530443,-1.376920,0
0.040161,-0.431466,0
0.657409,-1.111730,0
-1.922890,-2.295060,0
0.189403,-0.321667,0
1.506638,-1.303212,0
0.001995,-1.436173,0
0.190698,-2.658241,0
-1.561948,-0.455056,0
-1.508323,-0.966392,0
-1.972546,1.055211,0
-2.673421,-1.173373,0
-1.101486,-2.191212,0
-2.735971,-1.310701,0
-1.103328,-3.111751,0
-2.110312,-0.182670,0
-2.744167,-1.445013,0
-1.919902,-0.379293,0
-1.318157,0.014877,0
-0.516120,-0.325133,0
-1.162432,-0.077622,0
-2.306137,-1.794338,0
-0.564046,1.148594,0
-0.321676,-3.088979,0
-1.867658,-0.691136,0
-2.618553,-1.255055,0
-1.216399,-2.856142,0
-1.798808,-0.406841,0
-3.173381,-2.107889,0
-1.466964,-1.379397,0
-0.973493,0.569248,0
-0.733803,-1.891659,0
0.497954,-0.727640,0
-1.043503,-1.240789,0
-0.794712,0.028186,0
-1.844916,-2.836063,0
-0.732300,0.133204,0
-0.760996,0.149911,0
0.488826,0.483493,0
-1.245306,-2.307092,0
-0.524718,-1.691523,0
-2.712261,0.398516,0
-2.067070,-0.985032,0
-0.705506,-1.113905,0
-0.567177,-3.335186,0
-1.210515,-1.575648,0
-0.979219,0.152536,0
-0.954804,-2.075758,0
-0.906538,0.741401,0
1.002901,-1.110535,0
-0.497192,-1.496576,0
-1.380030,0.989822,0
0.477931,-1.406421,0
-2.073438,0.998018,0
-3.260050,-0.641682,0
-0.021499,0.396467,0
-0.634317,0.025731,0
-1.993527,-2.113955,0
-1.833747,-0.607926,0
-0.477759,0.106727,0
-2.145138,-0.123180,0
-1.501411,-0.947233,0
-0.461605,0.228465,0
-2.002029,-0.666324,0
-0.442885,-2.429878,0
-1.149714,1.586831,0
1.315634,-1.811715,0
-1.630645,-2.114843,0
-1.845165,-0.790387,0
0.641274,-1.173961,0
0.765424,1.027804,0
-0.141380,-1.702614,0
-3.091297,-0.947120,0
-2.356407,-1.238999,0
0.179337,-1.003576,0
0.385017,-1.546515,0
-0.878917,-2.333186,0
1.483641,-1.315797,0
-0.195136,-1.172299,0
0.816718,-2.064950,0
-3.003260,-2.956688,0
-0.737566,-1.347706,0
-1.323258,-1.681232,0
-2.360913,-1.439421,0
-2.548212,-1.157277,0
1.801903,-0.048664,0
0.639818,-0.320949,0
0.336596,-1.775612,0
-1.872752,-1.303250,0
-1.830684,-0.296384,0
-3.197300,-1.199667,0
0.248038,-1.134012,0
-2.700736,-1.755212,0
-2.926783,1.259218,0
1.169861,0.279145,0
-2.014484,-1.200382,0
-2.061691,0.558859,0
-1.110354,-0.368430,0
-0.398582,-3.339164,0
0.096020,0.579135,0
-1.532776,-0.471423,0
-0.484805,-0.423484,0
-1.884979,-0.198758,0
-1.084673,0.360140,0
-2.070677,0.092859,0
-0.632160,-2.378357,0
0.253392,-0.987863,0
0.040738,-1.504976,0
-2.160977,-0.810292,0
-2.008223,0.490032,0
-1.248930,0.234676,0
0.018737,-1.405768,0
-0.327510,0.448746,0
1.225895,-1.174606,0
-1.249140,-1.614692,0
-1.760133,-1.359779,0
-0.968647,-0.377906,0
-1.313101,-1.210140,0
-1.750625,-1.489592,0
-0.326921,-1.233673,0
-1.997920,-0.130347,0
0.305831,-2.975440,0
-1.118525,-3.129421,0
-0.849825,0.448706,0
-1.522888,-0.672517,0
-1.019047,-1.232434,0
-0.687785,-0.577208,0
-0.374986,-0.848156,0
-2.026155,-2.803903,0
-2.980882,-1.686674,0
-0.393170,-0.700018,0
-0.647372,-1.056173,0
-0.860959,-0.940748,0
-1.003498,-0.613407,0
-2.924899,-0.390066,0
0.361669,1.309751,0
-2.741563,-1.100593,0
-1.783498,-1.100076,0
-0.205528,-0.121880,0
-0.732137,-0.165226,0
0.599106,-1.836255,0
-1.300343,-0.439808,0
-2.231935,0.108929,0
0.338291,-0.940547,0
-1.383835,0.062031,0
-2.327658,-0.260186,0
-1.180082,-2.629249,0
-1.294725,-0.746378,0
0.312183,-1.072831,0
-0.343707,-2.238729,0
-2.164171,-1.619438,0
-1.165578,-0.771366,0
-0.496287,-0.207591,0
-2.799147,-0.087597,0
-2.729191,-1.663559,0
-0.289331,-0.672116,0
-0.415571,-1.201511,0
-1.519072,-0.984141,0
-1.180170,-1.706967,0
0.171752,0.690453,0
-1.577841,-1.296250,0
-2.478702,-1.510533,0
-2.570515,-1.659105,0
0.044496,-0.759442,0
-1.172622,-1.132979,0
-1.204435,0.029238,0
-1.527445,-2.277148,0
-1.596007,-0.683734,0
0.820807,-1.561822,0
-1.455271,-1.263413,0
-2.159230,-1.036026,0
-0.761027,-0.773953,0
-0.958397,-0.430327,0
0.547542,1.760075,0
-1.423246,-2.676652,0
-2.791761,-1.081540,0
-0.020940,-2.685447,0
-2.640516,-2.175606,0
-2.156070,-0.344892,0
-1.838967,-1.333660,0
-1.487420,-2.379923,0
-1.992375,-1.126184,0
-1.651073,0.655090,0
0.027899,-0.523675,0
0.750956,-2.369114,0
-2.548801,-0.380089,0
-1.786903,1.667059,0
-1.337317,-0.445679,0
-2.775006,1.025781,0
-1.317677,-0.000588,0
0.045516,0.244478,0
0.505354,-2.682015,0
-2.994509,-0.351374,0
-1.471051,-1.450821,0
0.470128,-0.173643,0
-3.340884,-1.928052,0
-0.879137,-1.093716,0
-1.661034,-0.221590,0
-1.727722,-2.554779,0
0.822088,-1.352323,0
-1.731945,-2.110524,0
-2.160440,-1.045115,0
-1.067083,-1.670516,0
0.606349,-3.564371,0
-1.742308,-1.347304,0
-3.053173,-3.236473,0
-0.944964,1.184260,0
-1.044773,-0.831092,0
-1.684752,-1.623705,0
-2.597413,-1.564359,0
0.091005,0.446039,0
-2.342657,-0.819170,0
0.573751,-3.063406,0
1.095874,-0.737071,0
-0.938528,-0.940537,0
-0.319882,2.309459,0
0.656396,-1.360535,0
-1.024868,-0.057413,0
-0.611691,-2.787110,0
-0.661982,-0.401801,0
-1.237919,-2.449627,0
-3.602771,0.317056,0
-0.208201,-0.789173,0
0.750013,-3.298518,0
-0.212521,-0.866700,0
-0.440065,-2.472984,0
0.340242,-0.828096,0
-2.684147,-1.115399,0
-0.084953,-0.246126,0
-0.175319,0.502406,0
-1.510252,-0.185373,0
-3.673890,-0.098837,0
-1.199198,-0.437861,0
-2.663242,-1.053723,0
-1.674572,-0.732570,0
0.508837,-1.102873,0
0.289363,1.632929,0
-1.341559,-2.716885,0
-0.401879,1.450701,0
-1.619114,0.530823,0
-1.182399,-1.195218,0
-1.559042,-1.224933,0
-1.954650,-1.233531,0
-1.505643,-0.971225,0
-0.321166,-1.866511,0
-0.883723,0.148634,0
0.021359,-0.970532,0
-1.812121,-1.128382,0
-0.257085,-1.059235,0
-1.255331,-1.200762,0
-0.327291,0.075013,0
-0.468693,0.023277,0
-0.964992,-1.455077,0
-0.290489,-2.340083,0
0.364016,-2.737866,0
-0.488403,-1.899326,0
-0.453498,-0.061378,0
-0.261361,-0.724038,0
-0.482406,-0.622211,0
-0.599992,-4.612804,0
-1.891256,-1.485846,0
-2.062842,-0.699007,0
0.970173,-2.949522,0
0.835808,-2.435344,0
-0.779936,0.039958,0
-0.995436,-1.631321,0
-0.661524,0.530187,0
-1.666065,-0.967114,0
-2.285349,0.610222,0
0.174691,-2.079285,0
-1.165882,-1.673415,0
-1.851177,0.100765,0
-1.366400,-1.906444,0
-1.233124,-2.375210,0
-0.552252,-2.933938,0
-1.089799,-0.300462,0
0.826763,-0.757914,0
-1.211477,-1.202467,0
-1.647247,-1.288146,0
-2.247567,0.461573,0
2.401916,-1.158369,0
0.473105,-1.094526,0
-1.894649,-0.651430,0
-2.385573,-0.059292,0
-5.033980,-0.715396,0
-0.759568,-0.125841,0
-0.136534,-0.626551,0
1.711974,-0.165420,0
-1.198405,-1.915046,0
-1.297280,-1.449399,0
0.029922,0.258535,0
-1.590338,0.772836,0
-2.373712,-2.063032,0
0.133045,-1.749633,0
1.657030,-1.483652,0
-0.674393,-0.668774,0
-3.072218,-1.276400,0
-0.316589,-0.084536,0
-0.707035,-2.780676,0
-1.409838,-0.273437,0
-1.139783,-0.221411,0
0.817658,-1.637229,0
1.104686,-0.163515,0
0.170363,-1.967806,0
-0.979302,-0.185235,0
-5.571072,-1.863961,0
-0.551991,-0.530890,0
-2.230969,-0.957320,0
-0.465200,0.148124,0
-0.876574,-0.626044,0
-0.762534,0.623750,0
-1.087887,-0.070790,0
-3.486741,-1.645495,0
-2.164949,-1.416931,0
0.097694,-1.835620,0
0.133474,0.138500,0
-0.325960,-2.410017,0
-1.416470,-2.071507,0
0.491903,-1.087678,0
-0.617544,-0.414665,0
0.374389,-0.615255,0
-1.645044,-1.470567,0
-0.938462,-1.844457,0
-0.334759,1.408666,0
-0.945785,-1.964678,0
-1.518462,-2.423572,0
-0.303094,0.015433,0
-2.410344,0.428566,0
-0.452015,-2.628175,0
-0.885120,-3.267842,0
-0.612566,1.876177,0
-0.918161,-1.421869,0
0.101410,-1.295696,0
-2.781149,0.722961,0
-1.463927,-1.817085,0
1.194695,-3.273761,0
-1.377783,-0.042864,0
-1.595360,-1.249334,0
-3.310867,-1.857851,0
-1.160979,-2.427940,0
0.527910,-3.170160,0
-0.628744,-1.354791,0
0.528884,-1.806095,0
-1.541692,0.011204,0
-1.179558,-1.034838,0
-1.897970,0.043930,0
-2.251800,-1.648076,0
-1.573119,0.018994,0
-0.933911,0.568986,0
-2.909044,-0.880827,0
0.390191,-2.475221,0
-0.467198,-0.432847,0
-0.476524,-1.704644,0
0.057166,-1.984341,0
-0.130405,-0.108094,0
-2.762530,-0.925627,0
-1.001390,-1.554652,0
-0.352426,-1.721844,0
0.974286,-1.441077,0
-1.462410,0.699351,0
-0.600946,0.293151,0
-3.148903,-0.984566,0
0.496820,-2.242407,0
-1.163276,-0.891054,0
-1.294978,-2.358451,0
-0.728047,-0.467012,0
-0.897538,0.466095,0
-1.293604,-1.542628,0
-0.519501,-1.253974,0
-3.180578,-0.778125,0
-0.762667,-1.214359,0
-0.331378,-1.063506,0
-1.351090,-1.421975,0
-1.835656,-0.867436,0
-0.545850,-1.995452,0
-1.473930,-0.818220,0
-1.526280,-1.137099,0
-2.256380,-0.254896,0
-1.365987,-2.049018,0
-0.344037,0.070563,0
-1.299942,-1.028655,0
-0.278573,-1.968455,0
-1.389369,-1.188505,0
-3.396728,-0.651576,0
-2.209051,-1.222085,0
0.033587,-1.669433,0
-0.736231,-1.360367,0
-1.205071,-3.867586,0
-0.888678,-1.015805,0
-0.682194,-0.928596,0
-0.566817,-2.534654,0
-1.073453,-2.243894,0
-0.139426,-0.939538,0
0.159833,1.238096,0
-1.920551,-0.387271,0
0.045063,-1.693746,0
0.370775,-1.809682,0
0.413259,-1.158483,0
1.101853,-1.108431,0
-0.437540,-1.701359,0
0.763200,-1.291615,0
0.387392,-0.249998,0
-0.864393,-1.334391,0
0.651019,-0.010195,0
0.550993,0.409736,0
-0.342474,-1.443467,0
0.376105,-1.802099,0
0.131719,-1.839851,0
-0.693414,-1.030960,0
-1.984813,-3.088339,0
-1.236587,-1.800100,0
-1.140527,-0.179243,0
0.181234,-2.846655,0
-2.513376,-2.292666,0
-2.183491,-2.281074,0
-1.722645,-0.500474,0
-0.935092,-2.614012,0
0.936264,-1.844571,0
-0.691294,-0.762826,0
-1.767979,0.156936,0
-0.282045,-0.217807,0
-0.925137,-1.283383,0
-1.201196,0.210299,0
0.854891,-0.166241,0
0.058615,-1.291512,0
0.545555,-0.579316,0
-1.740472,-0.101685,0
-2.700494,-0.243880,0
-2.339615,-0.919963,0
1.897890,0.167700,0
0.866506,-1.595451,0
-1.349104,-1.850448,0
-0.330630,-0.287377,0
-4.651150,-0.696844,0
-0.282803,-1.196773,0
-0.206575,0.304462,0
-1.444654,-0.041887,0
-0.769358,-0.328640,0
-0.670772,0.589996,0
-2.250489,0.665989,0
-0.988318,-2.449733,0
0.826805,-0.322297,0
-0.003425,0.351472,0
-1.441133,-2.463810,0
-0.606976,-0.831345,0
-0.836251,0.433398,0
-0.254021,-1.043263,0
-0.568339,-2.422691,0
-0.655907,0.300478,0
-0.281978,-0.887128,0
-2.385124,-0.699990,0
-1.683542,-0.810010,0
-0.824414,-0.887928,0
-1.603518,0.890321,0
0.564816,-1.383660,0
0.088865,-2.917877,0
-0.698866,-0.372601,0
2.155142,-0.270482,0
-0.378230,-2.139232,0
-0.914541,-1.663564,0
-1.380866,-0.447059,0
0.444964,0.657004,0
-0.926791,-1.077808,0
0.172924,-0.046661,0
-2.700523,-1.031773,0
0.675538,-1.555886,0
-0.627289,-1.600874,0
-0.977369,-0.955158,0
-1.441966,-1.197733,0
-0.049901,-1.372252,0
-1.948314,-1.779300,0
0.342589,-1.474670,0
-1.464669,-2.171280,0
0.603956,-3.241981,0
-1.234628,-1.892779,0
0.023333,-2.374713,0
-2.118268,-1.570020,0
-0.210005,-2.369820,0
-0.594352,-2.583620,0
-3.315613,-1.315478,0
-1.363289,-0.560170,0
-1.619800,1.055004,0
-1.596520,-2.297248,0
-0.354207,-1.167467,0
-2.217310,-0.567791,0
-1.008956,0.788337,0
-1.422326,-0.845499,0
0.115565,-1.108177,0
-0.342642,-0.450890,0
-1.874743,0.462614,0
-0.088694,-1.497213,0
-0.242777,-1.816598,0
-1.827244,-1.187022,0
-1.105135,-0.634563,0
-0.659800,0.575204,0
-1.703262,-1.730516,0
-0.342355,-1.206076,0
-3.017605,-0.569338,0
0.650251,-1.937037,0
-1.364627,-2.075137,0
-1.247098,-3.240372,0
-1.196847,-0.839854,0
-0.675075,-0.302633,0
-2.096048,-2.166477,0
0.020131,0.218653,0
-0.147587,-2.748480,0
-0.434946,-0.481573,0
-0.234224,-1.689461,0
-1.503672,-1.489025,0
-0.806001,-1.725059,0
-1.383631,-0.676411,0
-0.541633,-1.406459,0
-2.213045,-0.321696,0
-1.081750,0.559390,0
-1.307908,-0.413507,0
-2.164377,0.282467,0
-0.174534,-1.580159,0
-2.572240,-0.143132,0
-1.185984,0.467727,0
-0.545437,-0.614468,0
-1.410378,-1.645667,0
-0.672303,-0.780613,0
1.010313,-2.416947,0
-0.526256,-0.226507,0
-1.176159,-1.371123,0
0.983742,-1.656257,0
-1.660595,-2.750206,0
-2.075461,-1.301279,0
-1.889918,0.450048,0
-1.536835,-2.184429,0
-2.164852,0.003666,0
-0.954739,-0.680289,0
-2.455011,-1.506064,0
-1.387013,-1.986714,0
-0.048080,0.356825,0
-1.036208,-0.137138,0
-1.841613,-0.970627,0
-1.660481,-2.327179,0
-0.221668,-0.104850,0
-0.171368,-3.216622,0
-1.246796,0.639976,0
-2.531534,-2.015219,0
-1.517075,-1.237078,0
0.383010,-3.400021,0
-0.766013,-0.666912,0
-0.589486,-0.668364,0
-2.847457,-2.020592,0
0.423286,-0.636321,0
0.072141,-0.135465,0
-0.803639,-0.662736,0
-0.567735,-2.320895,0
0.386742,-1.538006,0
-0.280192,-1.519041,0
-0.980826,0.249732,0
-2.408379,-1.107685,0
0.273525,-1.856459,0
-3.066068,-0.635901,0
-0.578619,-0.745209,0
-1.274131,-0.764175,0
-1.751639,-0.674724,0
-0.978897,-1.035516,0
-0.462123,-0.129401,0
-0.444518,-1.997896,0
-2.772792,-0.687892,0
-1.931671,-2.536437,0
-0.110518,-0.598040,0
-0.587158,-0.520802,0
-2.421370,-1.253629,0
-1.007236,-2.533599,0
-0.418973,-1.599396,0
-2.716604,-2.149667,0
-0.459207,-1.104361,0
-1.433762,1.143476,0
-0.275945,-0.228407,0
-0.320563,-0.151849,0
-0.216721,-2.599176,0
0.367838,1.861116,0
0.432040,-2.093641,0
0.124622,-0.945955,0
-1.651387,0.332011,0
-0.418763,-0.273377,0
-2.872445,-0.583816,0
0.191438,-1.088808,0
-1.329951,-2.637770,0
-2.280484,-1.678396,0
-0.478735,-0.556488,0
0.256335,-0.988263,0
-0.399112,-2.487901,0
-1.878765,-2.263754,0
-1.246957,-1.463081,0
-1.145207,-1.910349,0
-1.205655,-0.960434,0
-0.821645,-0.572818,0
-0.976741,-0.840059,0
-4.288347,-0.598988,0
-2.134064,-2.293293,0
-1.078999,-1.773520,0
-1.214779,0.297268,0
-1.505190,-1.826058,0
-4.292529,-1.279805,0
0.488835,-0.959268,0
0.290249,-0.063443,0
-0.815931,-3.533116,0
-1.183992,-0.182744,0
0.344561,-0.683539,0
-2.407569,-1.402622,0
-0.750052,-0.400023,0
-1.148421,-0.916634,0
-1.068540,-1.231812,0
-1.604248,-1.008903,0
-0.616063,-0.158888,0
-1.662945,-1.910282,0
-1.013138,0.468427,0
-1.758683,0.109904,0
-0.639120,-0.945131,0
-2.718949,0.163336,0
-2.350815,-0.001728,0
0.389570,-1.468497,0
-1.929779,-1.261718,0
-1.909105,0.829106,0
-1.635320,-1.983944,0
-0.199552,-1.352906,0
1.706952,-1.435558,0
-0.401719,-2.647749,0
-0.805293,1.215912,0
-0.850968,-0.811899,0
0.107656,-1.040873,0
-1.827170,-0.208896,0
-1.680412,0.397738,0
0.320391,-1.387215,0
-1.491258,-2.370844,0
-1.896896,-1.634133,0
-1.170746,-1.872259,0
-1.224665,-0.217795,0
-2.225678,-1.218355,0
1.042299,-1.557081,0
-3.347441,-1.819124,0
-0.880696,-1.162711,0
0.438764,-0.986104,0
0.554612,-0.211545,0
-1.906789,-0.302400,0
-0.831723,-0.668780,0
-2.668055,-0.826767,0
-0.579458,-0.556598,0
0.066653,-3.086539,0
-1.065347,-2.312948,0
-1.888965,-0.542627,0
0.348285,0.023014,0
-2.084262,-1.356487,0
0.375877,-0.890421,0
-1.826826,-2.344201,0
-2.313298,-1.747691,0
1.003660,-1.703543,0
-2.140619,-1.418594,0
-0.668934,-0.192701,0
-0.481794,-0.604802,0
-1.304554,0.540479,0
-2.103781,-2.017713,0
-0.605334,-1.420812,0
-0.609707,-0.588639,0
-1.715182,0.186350,0
-0.995317,1.522621,0
-0.016192,-0.030104,0
-2.363844,-1.056244,0
-2.866613,-0.180511,0
-0.819933,-0.092865,0
-1.183367,-1.203044,0
0.792903,0.831957,0
0.740249,-2.571892,0
-2.690175,0.204129,0
0.168938,-1.247323,0
-1.258014,-2.077578,0
-0.867275,-1.635771,0
-3.075007,-2.956917,0
-1.487948,-2.385680,0
-2.309961,0.796553,0
0.764645,-0.283611,0
-1.742141,1.130482,0
0.306418,-1.334374,0
0.474394,-3.080423,0
-1.363921,-0.622855,0
-1.174181,-0.609816,0
-2.035414,-0.106185,0
-0.469791,-1.255760,0
-5.153802,-2.313605,0
-0.988203,0.328613,0
-0.939759,-2.768108,0
0.226616,-1.029848,0
-2.401020,-2.335882,0
-1.264326,-3.166968,0
0.115735,-0.285812,0
0.640220,0.645855,0
0.181832,-3.136535,0
-2.370088,-0.712693,0
0.115307,-0.944911,0
0.166763,-1.983619,0
-1.689930,-1.166719,0
0.675055,-2.115570,0
-0.360190,0.053847,0
-1.864847,-2.251027,0
-1.254621,-0.308050,0
-0.430793,-1.235328,0
-1.790685,-2.706347,0
0.828990,-2.245304,0
-3.623656,0.086258,0
-0.796522,-1.101627,0
-3.000197,-1.654940,0
-0.568147,-2.448694,0
-0.931103,-0.367767,0
0.120143,0.152303,0
-1.143275,-2.175682,0
0.022292,-0.565182,0
-1.496421,-0.492027,0
1.737254,0.195360,0
-1.144130,-1.437622,0
-0.234516,-1.490420,0
-2.052776,0.009912,0
1.338863,0.571355,0
-1.779244,-2.000114,0
0.190062,1.981791,0
-1.140872,-1.539764,0
-1.820166,-0.716544,0
-0.795263,-1.309088,0
-0.514669,-1.420478,0
0.108419,-1.421229,0
-1.202838,0.248017,0
-0.436541,-0.811727,0
0.033605,-1.746878,0
-2.479608,-0.252914,0
-0.142877,-0.579329,0
-0.679036,-1.851877,0
-4.422662,-1.879406,0
-2.119210,-2.690172,0
1.016818,-1.058886,0
-0.570783,0.979566,0
-1.136317,-2.301488,0
1.071153,-0.885673,0
-0.856009,-3.049686,0
0.688998,1.245833,0
-0.786237,-1.516588,0
-1.155646,-2.497661,0
0.370657,-0.617140,0
-2.359682,-3.544478,0
-1.152586,-0.065629,0
-3.688441,0.225749,0
-0.919586,-0.298069,0
-3.397608,0.757604,0
-1.632557,-2.382690,0
-2.182636,-1.883215,0
-1.444111,-1.227858,0
-0.864297,-0.549200,0
-0.892375,-1.941342,0
-0.776533,-0.260112,0
-0.067575,-2.600760,0
-0.735693,-3.018628,0
-2.018956,-1.420528,0
-2.647820,-1.296596,0
-2.054128,-1.223503,0
-0.751495,0.104361,0
-1.802003,-0.628885,0
-1.186180,-1.525551,0
-0.501398,-3.039873,0
1.096030,-0.449061,0
-1.200495,-1.109020,0
-1.713251,1.035617,0
-0.917932,-1.188082,0
-0.793398,0.378342,0
-0.784932,0.821834,0
0.830569,0.176660,0
-1.342754,-0.965790,0
-0.053748,-0.470460,0
-2.914316,0.448247,0
-1.567873,-0.585287,0
-0.950387,-0.852908,0
-1.360102,-0.342486,0
-1.270058,-1.010517,0
-0.489781,-2.770576,0
-0.782494,-0.449044,0
1.660505,-1.188232,0
-2.715881,-0.963183,0
-0.484970,-2.978306,0
-0.231251,-1.163000,0
-1.900491,-0.390730,0
-1.419922,-2.096368,0
0.307219,-2.672149,0
0.035094,-1.420972,0
-2.273918,-1.927915,0
-0.442641,0.557238,0
-0.972511,0.776052,0
-3.870519,-2.421077,0
0.743286,-2.712579,0
-0.516605,-1.921810,0
-1.006552,-2.070584,0
-0.549073,-0.940516,0
-1.619522,-0.208722,0
1.581855,0.271614,0
-1.940802,-0.223812,0
-0.339795,1.095387,0
-0.932465,-2.124463,0
0.001700,-0.285969,0
-1.642772,-0.360151,0
0.200096,-2.573022,0
-0.579752,-1.347649,0
-1.273682,-2.577807,0
-1.914698,0.842105,0
-0.928800,-2.367926,0
-1.083182,1.346384,0
0.145343,-1.503949,0
-1.039803,0.037012,0
-0.905350,-1.996624,0
-1.914080,-0.647760,0
-1.494647,0.261484,0
-1.495927,-0.784600,0
-0.338608,-1.571907,0
1.135698,-0.196189,0
-2.335753,-0.421779,0
-1.015740,0.306553,0
-0.173240,0.083747,0
-1.769841,-1.277155,0
-0.146227,-2.486831,0
-2.455245,-1.744140,0
-0.589938,-1.456174,0
-1.878717,-0.617680,0
-2.831068,-1.334119,0
-1.245181,-1.932280,0
-3.453426,-1.220389,0
-2.032662,-1.332181,0
-0.519788,-2.863468,0
-2.057744,-2.100944,0
-0.048869,-2.769150,0
-1.219748,-0.795010,0
-0.115423,-1.592275,0
-0.467880,-1.819004,0
0.453820,0.625006,0
-0.458306,-2.158478,0
-0.832751,-0.944250,0
-0.832344,-0.706571,0
0.075620,0.117502,0
0.148695,-0.340132,0
0.013795,-1.536978,0
-2.673663,-3.076758,0
-1.483282,-0.972289,0
-1.560123,2.234978,0
-3.802305,-3.034627,0
-0.717749,1.217235,0
-1.982375,-1.720382,0
-0.735499,0.290002,0
-1.720632,0.680256,0
-2.036284,0.817834,0
-2.503827,-1.619555,0
-0.240456,-0.753746,0
-1.693415,-0.618608,0
-1.977890,0.501669,0
-0.182879,-2.238390,0
-0.007052,-1.220637,0
-2.218085,-1.655491,0
-0.702789,-1.381807,0
-0.657864,-0.611696,0
-0.573381,-2.214086,0
-1.119926,-2.471187,0
-1.054952,-0.233567,0
-1.003517,-1.035756,0
0.368500,-1.242184,0
-1.580499,0.225400,0
-1.238525,-1.505537,0
-1.362929,-0.352177,0
-1.242210,-3.322836,0
-0.924414,-1.193863,0
-1.602398,0.117178,0
-1.149539,0.166254,0
-1.198214,-0.339970,0
-0.522281,-1.594040,0
-2.494213,-1.275835,0
-0.364246,0.189827,0
-3.397220,-1.438465,0
-0.921164,-1.280595,0
-0.759952,0.597117,0
-2.932334,-2.021623,0
-1.076975,0.432396,0
-1.153992,-3.563566,0
0.790346,-0.940095,0
-2.008773,-0.527295,0
-0.215602,-0.783022,0
-0.321504,0.100218,0
-1.796238,-0.606992,0
-1.004542,-0.548001,0
-1.109531,-0.445741,0
-0.381350,-2.207385,0
-1.759222,-2.780137,0
-2.768063,-1.199265,0
0.620389,-1.982368,0
-2.493328,-0.920362,0
-0.816634,-0.761074,0
-1.606643,-1.562213,0
-1.765223,-0.509826,0
-0.818615,0.785292,0
-0.623258,-0.481617,0
0.189364,-2.151091,0
-1.590861,-1.317142,0
-0.836510,-0.126346,0
0.934641,-1.061186,0
0.792457,0.258565,0
-1.235927,-0.493484,0
-1.047685,1.718750,0
-1.568036,-2.219022,0
-1.034667,-2.319750,0
-2.269868,-1.596711,0
-1.152379,0.069610,0
-2.109015,-2.378078,0
-2.907105,-2.081823,0
0.092982,1.684501,0
-1.942194,-1.335991,0
-0.176240,-1.674592,0
-0.576205,0.780729,0
-2.129066,-0.862608,0
-1.216365,-1.910127,0
-0.309501,-2.018027,0
-0.582597,-0.737487,0
-1.961646,-0.819225,0
-0.869206,-2.738035,0
-0.668045,-2.605428,0
-1.828652,-0.923939,0
-2.533390,-1.930290,0
-3.901703,-2.432990,0
0.258525,1.397296,0
-1.539345,-2.110571,0
-2.773585,-0.184872,0
-1.607455,-0.907299,0
0.133772,-0.160559,0
-1.895866,-1.031324,0
-1.659659,-1.676921,0
-0.548439,-2.471456,0
-3.050005,-1.121277,0
0.494500,-0.658825,0
-1.775700,-1.086865,0
-1.929757,-1.766178,0
-1.473790,-1.351389,0
-1.151781,-0.704444,0
-3.051310,-1.570119,0
-4.178243,-1.624386,0
-0.867493,-0.186529,0
-2.743532,-0.050001,0
-0.961437,-2.017080,0
0.676453,-0.454710,0
1.800047,-2.128605,0
-2.636233,-1.321864,0
-0.439061,-2.304002,0
0.093970,-0.412055,0
-1.425842,0.697953,0
-2.247250,-1.369108,0
-0.654199,-2.361115,0
-2.499251,-1.371119,0
-0.642831,0.170170,0
-0.953839,-0.807013,0
-3.627277,0.997663,0
-0.680109,-1.849946,0
-2.284788,0.204370,0
-1.366488,0.503666,0
-1.569365,-1.466888,0
-1.371688,0.375738,0
-1.136951,0.466806,0
0.621656,-2.937911,0
-0.230757,-0.739668,0
-2.547805,-1.418237,0
-0.052557,-0.609162,0
-1.051780,-1.164123,0
-1.604559,1.271154,0
-0.157449,-0.763990,0
-1.279020,-0.892900,0
-1.068171,-0.831456,0
-0.431503,0.127327,0
-0.100534,0.485623,0
-1.165931,-0.616971,0
-2.604455,-1.242422,0
0.914598,-0.047499,0
-1.877632,-2.781936,0
-1.679321,-2.002316,0
-1.254601,0.467907,0
-0.099187,-1.205370,0
-3.310878,-0.782406,0
0.617039,0.333487,0
-0.069880,-1.883306,0
0.956919,-1.395687,0
-1.442404,0.565566,0
0.914916,-0.457083,0
-1.846119,-1.727652,0
-0.659992,0.762274,0
-1.118677,-2.699505,0
-2.183051,-1.271597,0
-1.765130,0.383691,0
-0.616523,-1.029444,0
-2.259658,-1.962556,0
-1.157488,0.533394,0
-0.161985,-0.149949,0
0.081641,-1.696245,0
0.490794,-0.979603,0
0.537171,0.459133,0
-0.212541,0.435792,0
-1.608054,-1.908894,0
0.334671,-1.983002,0
0.194242,0.426366,0
-0.886821,-0.473280,0
-1.824435,-1.640018,0
-0.517355,0.750327,0
0.236415,-0.235370,0
1.093266,-0.069639,0
-0.643665,-1.302363,0
-1.245716,-0.436377,0
-1.211376,-1.261045,0
-2.787087,-0.973091,0
-0.411030,-2.622718,0
1.008979,-1.095889,0
-0.732074,0.681626,0
-0.968909,-0.878595,0
-0.500059,-0.896799,0
0.656531,-3.232084,0
-1.017485,0.207803,0
-0.608748,2.114863,0
-1.706083,-0.552615,0
-0.716601,-0.919702,0
-0.818438,-0.352725,0
-2.814712,-1.917602,0
-0.171444,-0.020431,0
-3.408379,-0.999187,0
-2.995828,-0.223829,0
-0.698253,-1.432878,0
-1.791009,-0.740603,0
0.723999,-2.542520,0
-0.701959,-0.631034,0
-0.908895,-1.815147,0
-3.082646,1.421761,0
-0.992611,-1.000790,0
-1.560554,-0.496103,0
-0.829739,-0.610690,0
-1.243252,-2.313021,0
-2.476181,-1.485126,0
-1.913755,-1.963921,0
-1.002901,-0.434897,0
0.143998,-0.378171,0
-0.245324,-0.229367,0
-2.018472,-1.252708,0
-1.176530,-0.707377,0
0.718149,-1.607033,0
-1.309775,-0.806112,0
-1.822788,-1.327386,0
-0.763516,0.059156,0
-1.271195,-2.766791,0
-1.426171,-0.952202,0
-1.238573,-0.334544,0
-2.331828,-1.460689,0
-1.210995,-0.672963,0
-1.664698,0.577337,0
-1.120516,-2.437393,0
-0.554651,-1.667088,0
-1.927908,-2.091301,0
-1.428072,-2.994692,0
-1.284964,-0.872195,0
-1.412027,-1.103551,0
-0.171840,-0.794934,0
-1.217346,-3.274993,0
-0.877816,-1.438136,0
-1.879264,-0.124925,0
-0.809945,-1.397207,0
-0.746724,-1.243240,0
-2.437671,1.656328,0
-2.224381,-1.793206,0
-2.005454,-0.928520,0
-1.229428,-0.818720,0
0.671308,2.037376,0
-0.603502,-0.271430,0
0.011703,-0.732940,0
-2.321830,-0.893818,0
-1.686236,-2.515935,0
-2.396958,-2.701896,0
-0.751195,-3.882069,0
-1.720936,-2.186269,0
-3.520127,-1.761909,0
0.854889,-2.288779,0
0.426514,-1.530558,0
-0.937039,-1.386469,0
-2.343241,-0.831059,0
-1.486542,-1.525787,0
-1.000017,-2.504780,0
0.200865,-0.918164,0
-2.215548,-0.262255,0
-0.005571,-2.101099,0
-2.154565,0.859117,0
-2.099765,0.097946,0
0.069309,-0.806844,0
-0.427377,-3.089072,0
-1.654619,-2.498592,0
-2.124432,-0.393532,0
-2.140031,-0.478731,0
-1.227775,-0.851285,0
0.140587,-1.931252,0
-1.302399,-1.661459,0
-1.860500,0.173865,0
-0.752625,-0.914167,0
-1.674649,-0.386785,0
0.844913,-0.170744,0
-1.590420,-0.816295,0
-0.907638,-3.131305,0
-0.693050,-2.984351,0
-2.248325,0.385946,0
-0.328983,0.036826,0
-2.890873,-0.186302,0
1.029330,-1.539230,0
0.275597,-1.008123,0
-0.941787,-0.283429,0
-1.245401,-1.204975,0
-0.770549,-1.726814,0
-0.845758,-1.283684,0
-2.019314,-0.344187,0
-2.191555,-1.158111,0
0.271064,-0.752886,0
-0.714696,-1.634859,0
-0.977953,-1.331605,0
-1.433374,-0.906783,0
-0.283824,-0.331039,0
0.983240,-0.873707,0
-2.442158,-1.674738,0
-0.842309,-1.833667,0
-1.131460,-1.548814,0
-1.911394,0.249829,0
-0.108508,0.118547,0
-1.963785,-2.710692,0
-0.231264,-0.799462,0
-0.669528,-0.803333,0
-2.687923,-1.057300,0
-0.286990,-2.719254,0
-2.911956,-1.689803,0
-1.824627,-1.191636,0
-0.945392,0.736434,0
-0.503512,-0.341874,0
-0.906469,-3.340636,0
-1.549013,-1.457133,0
0.915570,-0.433653,0
-1.712250,-1.795084,0
0.038434,0.660924,0
-1.900997,-0.937516,0
-1.307788,-0.688451,0
0.497179,-1.129888,0
-0.738786,-1.376316,0
-1.301828,-1.375920,0
-2.625702,-2.086126,0
-2.636240,-0.789943,0
0.409972,-1.017232,0
-1.480981,-0.089891,0
-1.850165,-2.343187,0
-1.067224,-0.756883,0
-0.479819,-0.375549,0
-0.175055,0.832162,0
-0.186214,-0.168459,0
-1.086701,-2.696912,0
-2.048188,-1.339267,0
-0.776777,0.280627,0
-2.654379,-0.412615,0
-0.945249,-0.217238,0
-0.346230,-0.916932,0
-1.547030,-2.741318,0
-0.256163,-0.627337,0
-0.462732,0.364449,0
-0.839203,-0.159109,0
-1.035846,0.351280,0
0.012349,-0.665122,0
-2.483684,-1.347991,0
0.001525,0.404627,0
-1.157554,-2.266804,0
-0.474251,-0.718560,0
0.558508,-1.830130,0
-0.258861,0.304608,0
-1.332444,-0.892047,0
-1.813106,-1.345958,0
-0.868825,-0.619652,0
-0.898115,-1.396859,0
-1.951612,-2.055283,0
-0.815132,0.616553,0
1.642425,-1.434638,0
-0.825868,-2.135209,0
-1.479951,-0.750639,0
-2.213936,-2.100430,0
1.593696,0.710911,0
-1.336617,0.458017,0
-0.392370,0.285160,0
-1.650979,-1.946586,0
-0.169604,-1.518080,0
-0.955516,0.213961,0
-3.117721,0.694252,0
-0.814155,-1.811686,0
-1.555644,-1.266228,0
1.200938,-1.315083,0
0.325841,-0.535512,0
-0.018731,-0.873630,0
-1.227998,-1.463094,0
0.263356,-1.213512,0
-0.615831,-1.474652,0
0.028256,-0.599491,0
-2.763734,-1.055799,0
-0.390923,-1.264745,0
-3.494092,-0.490386,0
0.402712,-1.221964,0
-1.073492,-0.420306,0
-0.734550,-0.966419,0
-1.476486,-0.867483,0
-1.653185,-0.749102,0
-0.884288,-0.154820,0
0.914763,-2.734933,0
-0.030374,-2.175474,0
-1.551353,-1.157279,0
-0.900505,-2.095306,0
-1.807460,0.186757,0
-2.272463,0.930807,0
-2.253812,-2.064769,0
-0.875144,-2.827551,0
-2.721712,-3.175194,0
-1.496925,2.252204,0
-1.947892,-0.365693,0
-0.348106,-0.280005,0
-0.250716,1.060247,0
-2.057386,-2.175930,0
-0.680272,-0.525037,0
-2.480879,-1.067630,0
-1.049991,-0.158088,0
-1.797641,-0.904440,0
-3.704464,-2.174772,0
0.633109,-0.519767,0
-2.849809,-2.641884,0
-1.263170,-2.414438,0
-1.872705,-2.464875,0
-1.580709,-0.972900,0
0.539301,-3.029208,0
-1.298198,1.976111,0
-0.679257,-1.419257,0
-1.732024,-0.389867,0
-0.799230,-2.060313,0
-0.591206,-1.352479,0
1.143511,-0.836635,0
-0.738729,0.947322,0
-3.147832,-1.366763,0
-2.424869,-0.659602,0
-0.681523,-1.586949,0
-0.630381,-0.841266,0
-2.865743,-1.421702,0
-1.776240,-1.485316,0
-0.432902,0.235072,0
1.134541,1.038800,0
0.205123,-0.681832,0
-1.733390,-2.123604,0
-0.522850,-2.459183,0
-3.158360,-0.856389,0
-0.539440,-0.198554,0
-1.043313,-0.457659,0
-1.037731,-0.110855,0
0.085561,0.159279,0
-1.015444,-1.221812,0
0.048648,-1.546305,0
-2.409213,-0.931404,0
-1.080217,-2.265031,0
-0.384949,-0.479876,0
-3.002280,1.043322,0
-2.159083,-0.758904,0
-0.351237,-2.583556,0
-1.375664,-1.735119,0
-1.768044,-1.720842,0
-2.141778,-1.622836,0
-1.046727,-1.397822,0
-1.955092,-1.512560,0
0.206143,-1.564188,0
-2.014055,-0.952417,0
0.017310,-0.428153,0
-2.275704,0.554421,0
-0.930669,-0.358585,0
-1.286206,-0.952805,0
-0.227046,0.592911,0
-1.308990,-0.319506,0
-1.976925,0.885830,0
-0.034186,-0.928994,0
-1.633226,-1.036399,0
-1.086935,-1.505904,0
-2.691762,-2.363706,0
-0.005553,-1.676386,0
-0.401586,-2.261219,0
0.473363,-0.441408,0
1.756771,-1.344238,0
0.901153,0.089775,0
-0.900635,-1.667253,0
-1.278506,-0.240147,0
-1.330480,-1.472277,0
-1.332133,-0.022699,0
-1.655582,-1.651199,0
-0.853448,-1.393260,0
0.092758,-0.361645,0
-0.929892,-2.084883,0
1.041587,-1.873983,0
-1.215350,-3.701053,0
-0.173868,-2.161186,0
-2.022729,-1.814048,0
-0.963429,-1.349589,0
-1.715604,0.352054,0
-0.784830,-1.904721,0
0.147262,-1.998239,0
0.028525,-0.836722,0
-2.074674,-0.344741,0
1.703374,-1.516428,0
0.559776,-0.019142,0
-2.595151,-1.330184,0
-1.533130,-1.479911,0
-0.934321,-1.015572,0
-1.878012,-2.715690,0
-1.136549,-1.355211,0
-1.395976,-1.118293,0
-2.518957,0.113363,0
-1.472532,-0.317587,0
-0.024206,-1.538373,0
-1.376454,-0.081577,0
-1.373715,-1.358098,0
-0.187329,-0.402661,0
-0.296639,-1.408391,0
-0.622103,0.253521,0
-1.840156,0.092219,0
-3.111819,-0.388311,0
-0.303773,0.701921,0
-1.461642,-1.775644,0
-1.433478,-0.042246,0
0.819613,1.634333,0
-1.159733,-1.364367,0
-3.014561,-0.929539,0
-0.605805,-1.646138,0
-3.071670,-1.789848,0
0.013272,0.482930,0
-1.749709,-3.620086,0
-1.543957,-1.530678,0
-0.173424,-1.712730,0
-1.526415,-0.345361,0
0.053153,-1.129365,0
-1.717699,-0.962996,0
-1.576095,-2.457145,0
-2.735457,0.992989,0
-0.112858,-3.109359,0
-1.860486,-0.721391,0
1.291930,1.083554,0
-0.848843,0.312531,0
-0.912409,-1.290970,0
-0.270737,-2.451545,0
-1.331570,0.243301,0
0.783020,-0.696471,0
-1.204176,-0.849548,0
0.855677,0.432303,0
-0.426297,-3.662350,0
-1.317687,-2.735504,0
-0.472438,-1.121188,0
-0.522429,-0.710929,0
-1.201290,-0.220282,0
0.024697,-1.472024,0
-2.376350,-1.044780,0
0.069222,1.906296,0
-1.745411,-0.959923,0
0.133749,-1.990311,0
-0.352327,-0.968129,0
-2.906819,-0.961537,0
-0.265021,-2.009561,0
-1.801854,-1.017296,0
-0.284707,-2.305553,0
0.838021,0.302737,0
-0.264944,-1.167025,0
0.938065,-0.590321,0
-1.515381,-0.604017,0
-0.516840,-0.230196,0
-0.568924,-1.716637,0
0.624537,-1.633675,0
-1.655521,-0.674415,0
-0.275691,-2.102862,0
-0.669643,-0.974944,0
-0.825140,-3.513073,0
-2.785189,-2.329366,0
-1.464254,-1.912226,0
-2.166351,-0.217467,0
-0.659813,0.410706,0
-1.729902,-1.740344,0
-0.897551,-0.884556,0
-1.576579,-0.136882,0
-1.963266,-1.342839,0
-2.045250,0.346273,0
-1.913186,0.427309,0
-1.770918,-1.847356,0
-0.877636,-0.410054,0
-1.092363,-3.849988,0
0.473793,-0.393422,0
-0.830089,-2.180548,0
-1.266017,-0.466870,0
-2.753554,-1.242751,0
-0.415856,0.677747,0
-1.075169,-2.117986,0
-1.476266,-1.123590,0
0.706849,-2.122906,0
0.073365,-1.593106,0
0.191367,-2.252567,0
-0.121210,-0.790918,0
0.095062,-1.855148,0
-1.732807,-1.835762,0
0.702643,-0.377317,0
-1.478364,-0.778028,0
-3.170432,-1.192968,0
0.256182,-0.998976,0
-0.161325,-1.408372,0
0.137177,-1.655465,0
-0.958796,-0.622678,0
-0.498195,0.233759,0
0.122884,-1.441079,0
-3.543570,-1.185388,0
-2.026587,1.485650,0
-1.330474,-1.312802,0
0.276542,-0.675575,0
0.486602,0.664858,0
-0.418080,-0.628768,0
-2.956589,-2.513051,0
-1.544199,-2.986784,0
1.051753,0.612037,0
-1.295944,-1.169859,0
2.030306,-1.297956,0
-1.692956,-2.604586,0
0.225795,-2.373757,0
-3.047884,-1.466758,0
0.054678,-1.300405,0
-0.716396,-1.053457,0
-1.754142,-0.358257,0
-2.003625,-0.761427,0
0.446669,-1.154921,0
-0.255144,-0.487321,0
-1.451128,-2.428437,0
-0.209568,0.651297,0
-1.987804,-0.647857,0
1.124156,-1.316288,0
-0.644413,-2.000916,0
-1.445765,-2.001399,0
-0.616572,-1.287096,0
-1.872201,2.446054,0
0.140299,-1.099329,0
-0.369021,-2.254893,0
-1.850414,-0.420622,0
-1.406631,-0.880589,0
-0.341931,-1.354521,0
-1.855357,-1.810888,0
-0.461380,-1.154556,0
-0.258149,-1.556307,0
-0.192653,-0.397654,0
-0.604183,-2.831150,0
-1.274154,-1.300009,0
-1.881371,-2.349482,0
-1.658618,0.485439,0
-1.483168,-1.772616,0
-3.145754,-0.438004,0
-3.134867,-0.054534,0
-1.162751,-1.397845,0
-0.683680,1.022012,0
-0.475543,0.552718,0
-1.451970,-2.582453,0
-2.048324,-0.011123,0
-0.707271,1.977197,0
0.002899,-1.746446,0
-3.601687,-1.156848,0
0.505141,-1.147842,0
-1.944556,-2.461246,0
1.275497,-0.620013,0
-0.946187,-1.594089,0
1.096788,-1.360815,0
-0.405226,-0.685783,0
-2.574211,-0.073208,0
0.764980,-1.011929,0
-1.374024,-1.493354,0
-0.194560,-0.800432,0
0.313990,0.910640,0
-1.360253,1.249700,0
-0.918505,-0.838224,0
0.566533,0.296390,0
1.212798,1.565256,0
-1.949360,-0.639816,0
-1.757418,-2.103353,0
-1.646115,-1.966322,0
-0.603441,0.226850,0
-0.692787,-1.604561,0
1.208157,-2.165673,0
-1.490387,-1.450569,0
-1.357645,-0.144755,0
-2.498274,-0.870610,0
-0.313660,-1.261015,0
-3.277268,-1.742480,0
-1.654455,-1.752301,0
-1.950583,-1.421164,0
-1.785560,-2.245988,0
-1.670470,-0.559757,0
0.041785,-0.260218,0
-1.585613,0.178766,0
-1.329668,-0.165072,0
0.252385,-0.847534,0
-0.659202,0.498363,0
-1.238345,-1.127736,0
-0.371028,-1.467566,0
0.765138,-1.019307,0
-2.867699,-0.594555,0
-0.852539,-0.145659,0
-0.657411,-1.100203,0
-2.040471,-1.193816,0
-2.295357,1.840961,0
-1.316847,-1.478550,0
-0.723944,-1.379889,0
-0.378109,-1.511542,0
-0.399619,-2.035712,0
-1.553150,-0.519705,0
-0.683637,-0.519809,0
-1.613874,0.561426,0
0.925460,-1.158522,0
-0.520889,1.159243,0
-0.975192,0.361128,0
-1.775508,-0.549631,0
-1.007711,-0.104531,0
0.491286,-1.858663,0
-1.370657,-1.387676,0
-2.079924,-1.893861,0
-0.186957,-1.600347,0
-1.315050,-0.545654,0
2.086582,-1.646343,0
-3.396793,-0.298056,0
-1.325293,-1.409846,0
-1.459754,-0.993086,0
0.023850,-1.263503,0
-0.032093,-0.537310,0
-0.763634,-0.746679,0
-1.207012,-0.890683,0
1.273378,-1.243733,0
0.145676,-1.825409,0
-0.070089,-0.644905,0
-2.565013,0.009112,0
0.341727,-0.245861,0
-2.045403,-0.585913,0
-1.660117,1.296808,0
-1.509189,-0.675242,0
0.831814,-0.627410,0
0.789837,-0.020488,0
-2.847910,-0.581185,0
-1.297255,-1.007763,0
-0.513821,-1.098408,0
-0.889709,-2.503542,0
-1.025946,-1.214073,0
0.061221,-0.632585,0
-0.424002,-1.872644,0
-0.819990,-2.579773,0
1.693947,-0.020530,0
1.190709,-0.158784,0
0.516550,-1.986238,0
-0.747370,-0.836786,0
-0.108708,1.616816,0
-0.027518,-1.547867,0
-0.295267,0.455768,0
-1.109859,-1.419993,0
-0.405246,0.277190,0
-1.906248,0.464281,0
0.314368,-0.109426,0
-0.636756,-0.910472,0
1.593724,0.037037,0
-1.730712,-1.461408,0
-0.700739,-0.968308,0
0.326137,0.207974,0
0.741691,-2.070764,0
-0.675353,-1.245991,0
-1.421013,-2.858210,0
-0.635061,-0.592435,0
-0.173715,-0.557910,0
-1.458827,-0.609665,0
-2.646187,0.251569,0
-2.096889,0.872580,0
-0.704131,1.041533,0
-1.547881,-0.021938,0
-0.583830,-1.025537,0
-1.226279,-1.154408,0
-0.641312,-2.915156,0
-0.885998,-0.526032,0
1.025224,-2.487522,0
-1.228207,-0.350856,0
-0.689154,-2.775217,0
-1.276095,-0.710953,0
-0.520265,-0.858813,0
-1.662217,-1.254255,0
0.058445,-0.724872,0
-4.182239,0.315766,0
-1.106887,0.359482,0
-3.686482,-2.242895,0
-0.739757,-2.272292,0
-0.780020,-0.830139,0
-1.266924,-0.876542,0
-1.757875,-1.696888,0
0.529873,-1.471112,0
-0.533722,-0.634520,0
-1.079836,-1.007558,0
-4.094394,-0.343686,0
-1.029289,-2.606567,0
-1.070789,-0.665299,0
-2.569245,0.874317,0
-0.557207,0.132709,0
-1.584060,0.493609,0
-0.597824,0.981008,0
-0.434942,-1.942079,0
-1.523211,-1.683699,0
0.051386,-2.733255,0
0.945948,0.346388,0
-1.761732,-2.340235,0
0.119589,-0.558709,0
-0.822482,-2.516953,0
-2.678984,-1.094457,0
-0.610650,-1.280829,0
-1.860736,-0.272961,0
-2.230998,-1.114721,0
-1.309619,-2.026619,0
-1.332336,0.118695,0
-0.058167,-0.885347,0
-0.583539,-0.037063,0
0.951493,-1.086297,0
-0.715774,-1.220033,0
-1.550477,-3.909025,0
-1.772357,-0.089321,0
-1.427340,-0.478471,0
-1.891968,-2.026442,0
-1.300455,-1.802600,0
0.059469,1.128500,0
-1.819183,-1.668481,0
1.087948,-2.260116,0
-1.283773,-0.428243,0
0.273682,-0.364657,0
-1.429234,-1.577688,0
-0.937206,-0.990001,0
-1.004257,-0.698113,0
-0.412714,1.049023,0
-1.852698,-1.865251,0
-2.576722,-0.474555,0
-1.838404,-2.049264,0
-1.186286,-1.592079,0
-2.554354,-1.458034,0
-1.387517,-1.100043,0
-1.313961,-0.287353,0
-2.503891,-0.570758,0
-0.167481,-1.372438,0
-1.069607,-3.966508,0
-0.666666,-1.535870,0
0.233865,-1.626012,0
-0.329847,-0.296940,0
-0.551779,-2.237586,0
0.219969,0.506854,0
-0.749478,-2.953141,0
-1.018268,-0.575962,0
-1.603839,-0.373133,0
-0.510016,0.207674,0
-0.139258,-2.946064,0
-1.931842,0.221628,0
-2.426520,-1.182138,0
-0.669694,-2.544593,0
0.571726,-0.756172,0
-2.377077,-2.507541,0
-1.266999,-0.081024,0
-1.683631,-1.980518,0
1.086791,-0.619213,0
0.284328,-0.546122,0
-0.977722,0.249784,0
-0.820728,-2.795326,0
-3.090164,-0.440935,0
-1.136477,-1.464851,0
-0.081808,0.312025,0
-0.650679,-0.184561,0
0.585257,0.419633,0
0.565901,-1.915278,0
-0.990956,0.985655,0
-2.189755,0.000694,0
-0.673983,-1.847370,0
0.318663,-0.886746,0
-1.862964,-1.108890,0
-1.913205,-0.966906,0
-0.595973,-0.547656,0
-0.908035,-0.612192,0
-1.347594,-0.062779,0
0.176512,-1.974669,0
-3.731052,-0.249507,0
-0.399457,-1.044463,0
-0.515869,-0.783861,0
-2.373370,0.320487,0
-0.563378,-2.573455,0
-2.086071,-1.836684,0
-0.832341,-2.948814,0
0.302188,0.188435,0
-1.535238,-0.820402,0
-0.223767,-1.586931,0
1.412088,-2.308624,0
-1.617649,-2.884753,0
-5.105804,-0.801952,0
-1.944048,-0.674767,0
0.322239,-1.295926,0
-0.499997,-2.271233,0
0.596281,-0.489341,0
-1.587963,-1.052490,0
-0.916170,1.865340,0
-2.616444,-0.948081,0
-2.274987,-0.978640,0
-3.699178,-3.235777,0
-0.426195,-0.231930,0
-1.414373,-1.533215,0
-2.268773,0.509111,0
-2.899816,-1.402836,0
-0.290727,-1.871655,0
-1.034331,-0.587968,0
-0.965802,-1.255409,0
-2.333732,-2.502538,0
-1.302766,0.247680,0
2.039840,-1.507898,0
-2.875175,1.213431,0
-0.104330,-1.244836,0
-1.270977,-1.396026,0
-0.282893,-1.636852,0
-0.208429,-0.978655,0
0.913437,-2.569319,0
-0.163011,-1.288797,0
0.498198,-1.156722,0
0.869988,-1.762096,0
-1.596132,-1.571390,0
1.952952,-0.487233,0
-1.713569,-2.706455,0
-3.421633,0.120295,0
-2.055533,-0.452413,0
-2.084800,-1.097158,0
0.014344,-2.800284,0
-2.005937,-0.913448,0
-2.344653,-2.577028,0
-1.566009,-3.268623,0
-1.027208,-2.474211,0
-1.006589,-2.145678,0
-0.978087,-3.091960,0
-1.330319,0.095388,0
-1.226806,-1.879771,0
-1.354169,-1.283478,0
-2.631216,-0.716698,0
-0.403931,-1.217965,0
-1.003947,-1.020373,0
-0.858044,-1.438977,0
-0.933554,-0.630670,0
-1.320844,-0.667144,0
0.116223,-1.060386,0
-2.133179,-2.020518,0
-2.277307,-2.495721,0
-2.621216,-2.501104,0
-0.262350,-1.185339,0
-0.258490,-1.265256,0
-0.260296,-2.271504,0
-0.640776,-1.164318,0
-0.088999,-0.220261,0
-0.757537,-1.475694,0
-1.044845,-1.315252,0
-0.178656,-0.841701,0
-1.615227,-1.713785,0
-1.078835,-2.406458,0
-0.874424,-1.164973,0
-0.654084,-3.979979,0
-2.041446,-1.224512,0
-2.295908,-0.075795,0
-0.147680,-0.347527,0
-1.327746,-0.330216,0
-0.623562,-1.011034,0
-1.205374,-1.139640,0
0.878398,-0.382828,0
-0.868316,-0.507586,0
0.166345,0.051313,0
-0.239414,-1.739413,0
-1.579922,-2.005469,0
-2.625032,-3.602210,0
-2.006891,-0.932978,0
-1.792446,-0.648810,0
-1.130669,-1.804304,0
-0.706608,-2.815521,0
-2.762120,-0.743915,0
-2.764920,-0.232256,0
-1.480519,-2.105350,0
-2.885671,-1.234038,0
-2.671958,0.781901,0
-0.228100,-1.418529,0
0.852255,-1.301574,0
-2.190705,-1.649675,0
-0.300233,-0.749485,0
0.649693,-0.789046,0
-0.701513,-0.889652,0
0.879060,1.093614,0
-2.265105,-0.644575,0
0.006914,-2.014442,0
0.621255,-2.714629,0
0.457081,-0.312778,0
0.065728,-0.569928,0
1.712902,-2.667829,0
-0.507355,0.868718,0
-1.306872,-0.335874,0
-1.586291,-1.135846,0
-0.412558,-3.207468,0
-1.846167,-2.983418,0
-1.641451,-1.404912,0
0.817785,-0.465549,0
-2.840391,-2.843578,0
-2.916511,-1.486685,0
-0.344516,1.289799,0
-1.567065,0.267000,0
-0.826525,0.239614,0
-1.228400,-1.965463,0
0.825155,-0.735958,0
2.116265,-0.479751,0
-0.383401,-0.931723,0
-2.164060,-2.348906,0
-2.534957,-1.750266,0
-1.664707,-0.675088,0
-2.635394,0.427989,0
-0.454510,-2.452845,0
-2.367283,-0.155742,0
-1.684007,-1.451725,0
0.181383,-2.745162,0
-2.761904,-1.918083,0
0.275504,-0.043238,0
-0.244954,-0.195252,0
-1.986575,-1.224253,0
-1.346552,-1.147837,0
-0.941341,-1.472545,0
-1.034077,-3.247483,0
-1.830516,-0.302182,0
1.350017,-0.278875,0
0.588249,-0.117943,0
-1.437916,1.089943,0
-0.584675,-1.979781,0
-3.272511,-0.866046,0
-1.878525,-0.748174,0
-1.360714,-2.979734,0
-0.712909,-1.193348,0
-1.381106,-0.371125,0
-1.133043,-1.368918,0
-1.132944,0.582481,0
-1.797310,0.328667,0
-0.910974,-1.169134,0
-2.077870,-1.999998,0
-0.645428,-2.155908,0
1.293672,-1.129428,0
-1.052118,0.463857,0
-2.739387,-2.198738,0
0.591917,0.050388,0
-0.144759,0.510653,0
-2.130476,0.558755,0
1.867819,-1.826481,0
-1.021285,-2.379121,0
-1.887031,-2.176975,0
-2.112959,-1.251999,0
