0.405350,-0.299978,1
-0.786130,-0.122121,1
2.343898,3.628836,1
0.883478,2.877927,1
1.584647,-1.608864,1
-0.642974,0.862837,1
2.528920,0.120112,1
0.310582,3.037735,1
1.874746,1.808216,1
1.013747,1.539305,1
1.408785,1.064821,1
0.339100,0.435837,1
2.495787,1.209689,1
1.515596,0.993019,1
1.096104,0.998670,1
1.456191,0.520585,1
0.629936,1.206876,1
-0.488943,1.652847,1
2.442749,2.050164,1
-0.912293,0.622074,1
-0.910210,0.283774,1
2.895590,1.725563,1
-0.548977,4.330308,1
-0.441889,1.932257,1
1.405673,-0.104860,1
3.244904,0.147559,1
2.287905,1.864125,1
1.015027,1.283673,1
-0.427072,0.567254,1
2.600645,-0.415423,1
0.890257,2.065459,1
2.456148,-0.562114,1
0.917047,0.446995,1
1.822104,0.072347,1
-0.418970,-0.529088,1
0.168400,0.483534,1
2.192581,0.201864,1
1.735315,0.759987,1
-0.081239,-0.417961,1
1.036501,0.308493,1
-0.517097,2.508309,1
-0.962791,2.195466,1
0.512817,2.112708,1
0.021107,-0.380153,1
2.483516,1.533587,1
-0.279290,1.422249,1
0.497037,1.950196,1
1.197445,-0.648219,1
0.954268,-0.327421,1
0.896980,1.114757,1
1.410301,1.046936,1
1.965662,-0.128572,1
3.054903,0.438470,1
0.030916,0.875847,1
1.074772,0.432972,1
1.582745,1.675639,1
0.437147,2.584511,1
-0.045358,-1.392412,1
1.939173,1.519169,1
0.478003,1.331921,1
1.769688,1.028994,1
-0.633473,0.253977,1
0.977036,1.023545,1
1.002150,3.871271,1
1.883138,0.040435,1
1.257171,1.539069,1
0.082064,2.299459,1
1.560078,1.336729,1
1.719387,0.423509,1
2.786509,0.500006,1
2.393934,0.385012,1
3.114045,-0.182831,1
1.165391,1.780850,1
0.953733,0.937424,1
1.292735,0.013938,1
2.200242,1.231582,1
2.347279,1.910002,1
0.480873,-0.673410,1
0.117140,1.156237,1
-1.042268,2.629170,1
0.012010,1.372547,1
2.438564,0.538559,1
0.987282,-0.330308,1
4.177566,1.774478,1
-0.923189,0.441849,1
0.221968,1.964011,1
1.076382,2.360649,1
0.339585,1.023110,1
2.393113,0.321235,1
1.448980,2.735279,1
1.617672,0.904112,1
2.672038,-0.708872,1
1.604678,-0.858032,1
-0.337614,-0.615284,1
0.180141,-0.441634,1
0.389848,0.091727,1
0.191516,1.071143,1
-0.001454,0.874327,1
0.553172,1.415518,1
0.441482,-0.721428,1
2.202669,2.854395,1
1.181768,0.869818,1
0.725870,1.402909,1
1.321172,1.247288,1
-0.506073,1.814880,1
1.369689,1.845024,1
2.998187,2.046858,1
3.035050,1.231039,1
1.241211,1.619039,1
-0.229057,0.743527,1
1.706884,0.683593,1
1.117003,1.449793,1
-0.094974,1.691109,1
2.681556,2.294077,1
0.536480,2.446137,1
0.146154,2.702916,1
1.436999,-1.299821,1
2.182033,1.142658,1
1.397846,1.766871,1
1.394094,-0.806241,1
0.570601,-0.447121,1
1.343356,1.161980,1
2.201033,-0.900264,1
1.785031,0.112700,1
0.843930,1.054830,1
1.093804,1.144958,1
2.740655,-0.017661,1
1.400477,-0.256683,1
-1.012298,1.390091,1
0.938716,1.738980,1
-0.010141,1.413373,1
1.163737,0.489931,1
0.110710,2.614200,1
2.726011,-0.823916,1
0.992316,1.944470,1
2.923633,1.549463,1
0.757930,1.052975,1
0.688887,1.166838,1
2.659849,1.721348,1
2.765027,1.143134,1
1.069291,-0.759566,1
1.650342,2.498975,1
1.195090,0.459719,1
1.287963,0.245605,1
0.711759,2.375818,1
0.505489,2.119056,1
0.750589,1.187979,1
-0.290194,1.463911,1
1.926676,0.764707,1
1.324440,-0.245700,1
-0.350173,-0.329277,1
0.585440,0.713997,1
0.892359,2.413924,1
-0.239352,-0.035771,1
0.426810,-0.218137,1
2.463299,0.819739,1
2.719827,0.554671,1
1.600017,3.443898,1
0.207035,0.871808,1
2.905687,-0.315755,1
1.703036,-0.358624,1
-1.279915,1.976542,1
1.766839,-1.030371,1
-1.180732,0.769617,1
1.802131,0.450462,1
2.131508,0.320446,1
0.319292,-0.762151,1
0.681060,-0.105124,1
2.354683,0.898062,1
2.221587,2.225585,1
0.668205,2.109700,1
1.610973,1.114612,1
1.064827,0.469571,1
0.096204,0.636213,1
2.018655,-2.027937,1
1.843480,0.545217,1
2.097003,2.150714,1
1.668469,0.237836,1
0.336714,1.413899,1
-0.554898,0.497685,1
2.585930,1.685788,1
0.884429,-0.142121,1
0.718663,-0.562201,1
0.654711,1.597484,1
0.384622,2.214530,1
1.282372,-0.126845,1
0.791117,-1.209190,1
1.783993,1.924788,1
0.645542,1.996939,1
0.769641,2.158632,1
0.367991,-0.059990,1
-0.014281,-0.981578,1
1.439651,-1.108477,1
2.137145,1.779603,1
0.656494,2.579793,1
2.082842,1.384349,1
2.841365,2.160830,1
0.866275,0.423013,1
1.933127,0.641163,1
2.089390,1.654852,1
-0.322877,1.857829,1
0.534056,0.997634,1
1.757540,0.708915,1
0.564977,-0.454415,1
1.154619,-1.710215,1
-0.217496,1.514637,1
0.687964,-0.513975,1
0.988371,1.562491,1
-0.999536,0.431450,1
0.370707,1.480487,1
1.209744,1.558914,1
-0.126536,0.703265,1
1.294346,1.685592,1
1.406628,-0.108537,1
1.837197,0.561333,1
2.355082,1.388486,1
-0.023365,0.192617,1
-0.365029,1.314093,1
2.343583,2.464841,1
2.436610,1.570515,1
0.241154,0.821951,1
0.540034,2.204245,1
0.052999,-0.343197,1
0.144734,0.975082,1
1.249263,1.654725,1
-0.266776,0.828553,1
1.446825,0.417611,1
-0.022020,-0.647477,1
0.362829,-0.022781,1
1.020456,1.788113,1
-0.104802,0.019163,1
1.405832,-0.070512,1
-0.317809,0.725671,1
2.108629,-0.764958,1
0.865259,3.437879,1
1.180064,-1.347530,1
2.105299,-0.430932,1
1.394306,2.718360,1
0.004525,0.402686,1
0.134959,0.427560,1
0.260185,2.041728,1
1.934629,0.288097,1
1.754455,0.783153,1
0.814840,1.350342,1
0.769888,0.515849,1
-0.961800,2.208746,1
1.059638,0.323001,1
1.169452,0.975228,1
1.664943,2.017071,1
1.228067,1.233388,1
1.924750,-0.977438,1
2.506735,0.121797,1
-0.581731,2.782594,1
1.696268,-0.968427,1
0.515225,0.443088,1
2.397765,3.173163,1
0.234631,1.208378,1
1.538387,1.351854,1
-0.070038,0.103309,1
0.518999,3.166245,1
-1.007256,0.232500,1
1.884587,-0.576317,1
1.511066,0.751964,1
-1.387029,-0.552635,1
0.107177,1.817192,1
2.696912,1.613509,1
1.183485,1.746715,1
0.282159,-0.254549,1
2.574216,-0.404864,1
1.021828,1.493497,1
-0.192334,2.558224,1
2.097228,1.510958,1
0.689463,-0.134844,1
1.396003,1.131200,1
-0.342477,0.564075,1
2.103307,1.231047,1
1.479985,1.132122,1
-0.394057,0.390066,1
1.405138,-0.847173,1
2.413177,0.422860,1
1.259623,0.841784,1
-1.917985,0.203466,1
2.182859,-0.060260,1
0.200607,1.278354,1
0.056899,0.184326,1
-0.559077,2.554872,1
-1.357064,0.217835,1
0.172249,1.242394,1
0.409363,1.157429,1
2.478738,0.906652,1
3.027005,-1.036370,1
-0.505454,1.946629,1
0.673868,1.617902,1
2.717172,2.336762,1
2.453477,2.993605,1
0.264724,0.203229,1
-1.185651,1.027873,1
-0.285316,1.286605,1
1.798514,0.385510,1
3.584414,2.049166,1
0.286470,0.547788,1
1.032154,0.518672,1
-0.282296,1.067309,1
1.060527,1.365026,1
-1.405240,1.164107,1
-0.482882,1.050433,1
0.611194,1.371734,1
-0.906440,0.933289,1
-0.486008,2.326350,1
1.702254,1.143399,1
1.069128,-0.105457,1
-0.658396,-1.386213,1
0.300046,1.222684,1
0.301035,1.118127,1
1.556029,-0.465619,1
1.287595,0.297615,1
2.326313,0.957437,1
-0.989723,1.351186,1
1.826159,1.420276,1
-0.084115,1.340497,1
-2.382193,1.026903,1
-1.551193,0.518149,1
1.938433,-0.154588,1
0.856528,-0.757545,1
2.091967,0.585427,1
1.080370,0.031524,1
1.373849,1.167533,1
0.753095,1.769339,1
0.831102,0.353284,1
1.038563,1.846485,1
-0.452931,1.012761,1
-0.689245,2.353923,1
1.446630,1.878597,1
2.231419,1.420715,1
-1.725319,0.142687,1
1.416482,1.011729,1
1.592080,1.039618,1
1.053558,-0.340207,1
0.520949,0.216258,1
0.602481,0.988689,1
1.212282,2.449245,1
1.526796,1.788118,1
0.493892,1.355751,1
2.671376,-0.925471,1
3.310442,2.186552,1
0.906924,1.251853,1
1.186680,0.468045,1
1.352027,2.760641,1
1.020678,-0.003680,1
0.835127,2.169351,1
0.143248,-0.241510,1
1.404141,1.666629,1
0.518043,3.034804,1
1.229022,0.524278,1
1.553015,1.360612,1
3.846498,2.465622,1
2.272756,1.636915,1
2.236707,2.718645,1
2.032876,1.896996,1
0.729956,2.433369,1
0.316811,0.339310,1
1.408775,-0.336500,1
0.603993,0.472975,1
1.296294,2.486547,1
1.249667,2.158921,1
-0.950154,0.052140,1
2.300066,-0.749064,1
0.782856,2.039916,1
0.863056,-1.032493,1
-2.102247,0.364113,1
1.204503,-0.031128,1
0.380181,1.811897,1
-0.978003,-0.320066,1
0.019964,1.097775,1
1.907584,1.726079,1
1.534878,2.094983,1
3.246474,-0.792356,1
-2.049542,-1.237836,1
-0.797394,0.285318,1
1.050064,1.764670,1
1.872859,-0.032935,1
0.754384,0.830657,1
-0.134504,2.975899,1
-1.287959,1.474846,1
0.399616,2.522971,1
1.152019,0.996288,1
1.699564,1.991554,1
0.516118,2.442296,1
0.482423,-0.195960,1
2.809256,1.700304,1
-1.748411,2.194178,1
1.985907,2.357585,1
2.934565,1.137919,1
-0.538110,2.037791,1
-0.948854,0.091551,1
1.023945,1.523451,1
-2.431651,0.751391,1
1.383085,-0.069554,1
-0.009294,1.841797,1
0.376245,-0.260913,1
0.447622,0.464415,1
2.357642,0.599799,1
2.239272,1.268443,1
1.615689,1.606216,1
0.656801,0.640329,1
1.058282,2.419672,1
2.395213,1.803631,1
1.834740,0.644844,1
0.714615,1.421752,1
0.846822,0.031657,1
2.917463,0.845413,1
0.240983,-1.187326,1
0.415723,0.510501,1
0.706001,2.011642,1
-0.302209,-0.148148,1
1.454888,0.430870,1
0.865945,0.023548,1
0.975876,0.209115,1
1.588949,2.756275,1
3.243382,3.741439,1
0.104596,1.557483,1
0.263271,1.761713,1
1.247443,0.008621,1
0.807789,1.241166,1
0.737760,1.645669,1
2.020436,-1.295208,1
0.649646,1.427271,1
0.401585,1.657732,1
0.478762,1.502784,1
0.659909,0.288917,1
0.897174,1.177107,1
-0.128175,0.480406,1
2.518916,-0.148711,1
-0.573152,2.088104,1
1.031093,1.716663,1
1.636846,3.541720,1
0.610207,-0.806888,1
1.520143,3.311528,1
0.403734,1.729801,1
1.221327,1.376034,1
3.453726,0.443782,1
0.219122,2.282203,1
0.568899,4.078310,1
0.984032,1.753768,1
0.819020,2.507869,1
0.899434,2.278003,1
-0.959227,-1.308334,1
0.001411,0.161110,1
0.326136,1.365410,1
-0.681507,0.978991,1
0.478460,0.790885,1
3.606664,0.597083,1
-0.101107,-0.264764,1
2.543495,0.696176,1
1.023537,0.661371,1
1.770050,0.020872,1
-0.005054,1.184825,1
2.663683,-0.257426,1
0.663076,0.695618,1
0.361718,1.319956,1
1.819129,1.025886,1
1.642374,0.787700,1
0.263618,1.353746,1
-2.032007,0.396935,1
0.095314,-0.316542,1
0.750454,1.965247,1
1.887649,2.226573,1
0.438404,2.630713,1
1.473672,1.409854,1
0.922081,0.657437,1
0.224686,1.839940,1
2.056201,1.054553,1
-0.449487,2.551638,1
-0.385605,0.837064,1
1.020218,1.398029,1
0.836579,1.101009,1
0.660661,0.657156,1
3.307660,1.700219,1
-1.087153,1.121938,1
1.850421,0.482062,1
1.657659,2.572844,1
0.379912,1.109892,1
0.102067,1.029663,1
1.387561,-0.066106,1
1.730229,1.464797,1
1.150227,-0.665067,1
1.336181,2.240169,1
-0.508112,0.631044,1
1.912389,1.814353,1
-0.082732,0.719890,1
1.561760,0.535188,1
2.015008,1.081483,1
2.592811,0.557353,1
1.209442,-0.640851,1
-0.093297,0.472477,1
0.610680,1.856015,1
0.121753,1.225007,1
1.782904,1.603144,1
0.207638,-0.193582,1
-0.069444,-0.054481,1
-0.627540,1.213363,1
0.360785,-0.023513,1
-0.414432,1.186948,1
-1.885494,1.694285,1
3.203134,0.327412,1
0.723189,0.040016,1
-1.315458,0.686485,1
0.243008,0.933180,1
-1.634465,-0.634799,1
0.821269,0.153284,1
1.305759,-0.884448,1
1.772545,1.210932,1
0.762220,1.966080,1
-0.683587,1.115831,1
-0.304627,2.350431,1
0.592062,1.071331,1
2.263025,1.465796,1
-0.512903,0.219062,1
-2.293337,1.173607,1
0.875115,0.808728,1
0.416648,0.045940,1
-0.182397,1.589607,1
-1.253251,1.327116,1
3.506786,2.195494,1
1.366836,2.822805,1
-0.669066,3.212334,1
1.180783,1.455069,1
3.045048,0.607348,1
1.849353,0.684203,1
0.872084,1.279850,1
0.770547,1.578452,1
0.308600,1.060562,1
-0.380701,2.513488,1
2.118517,-1.160477,1
0.500155,1.110379,1
-0.508925,0.278920,1
1.372742,0.485287,1
-0.854750,2.131112,1
0.140223,0.125189,1
-0.014774,0.789918,1
1.098465,2.324778,1
0.454197,2.675774,1
0.408867,0.901727,1
1.379693,-0.317938,1
3.545626,1.317309,1
0.413482,2.645474,1
1.480177,0.511774,1
2.225680,-0.066535,1
2.930659,-0.061442,1
1.793675,-0.787415,1
1.090220,0.877758,1
1.207212,0.982749,1
1.244936,-0.657450,1
1.787812,1.464278,1
0.667179,0.681224,1
0.419336,-0.015072,1
1.629911,-0.821265,1
0.907603,-0.260812,1
1.095024,0.532942,1
0.044909,0.853985,1
1.129727,1.528273,1
3.118379,1.555050,1
0.646197,3.876339,1
0.819292,0.993670,1
0.878444,1.997475,1
1.805156,0.224063,1
1.204067,-0.981404,1
2.429828,1.926005,1
0.289836,2.574018,1
2.192583,2.276536,1
1.544796,-0.834908,1
0.419395,1.017076,1
0.034614,0.615434,1
-0.397515,0.672183,1
0.251022,0.077409,1
0.599333,1.351223,1
1.725682,1.972937,1
1.560622,-0.125672,1
2.120810,2.437525,1
1.822328,2.893296,1
-0.610356,2.663345,1
-0.197769,2.286488,1
-0.148143,-0.039522,1
3.035270,0.542370,1
-0.348877,2.693976,1
0.183642,-0.148766,1
0.880952,-0.625988,1
0.378960,0.095313,1
0.308396,0.407299,1
2.623172,1.566131,1
1.373146,-0.553445,1
-0.505278,2.060905,1
-1.175153,-0.736974,1
0.925159,1.627896,1
-0.651607,1.178250,1
-1.250012,1.670249,1
0.259690,1.307646,1
0.306243,2.110506,1
2.085285,1.584321,1
1.755281,-0.716417,1
1.837470,1.219429,1
0.592895,1.284980,1
2.384301,1.675562,1
2.476780,3.183633,1
-0.249351,0.260159,1
-0.127101,1.328299,1
4.109895,2.418275,1
0.956225,4.226782,1
2.078620,0.314449,1
0.333950,0.235794,1
2.044625,0.383766,1
0.886366,1.289241,1
0.214310,-0.407204,1
1.432143,0.106830,1
2.848619,1.649454,1
1.323870,3.157392,1
1.590155,0.611699,1
0.029730,0.469786,1
0.344748,1.469948,1
0.135857,2.073658,1
0.672525,1.563237,1
0.800198,-1.484339,1
0.992623,0.629608,1
1.511608,2.079487,1
-0.127223,-0.123526,1
0.806879,1.480664,1
-0.482444,0.755107,1
1.831374,1.525115,1
0.982104,-0.053943,1
1.484656,0.634677,1
-0.295003,0.845510,1
1.210522,0.321922,1
2.188530,0.361756,1
3.082339,1.050998,1
2.091244,1.816341,1
1.638700,-1.079328,1
2.763855,0.803434,1
2.098744,-0.029959,1
-0.066973,0.473680,1
1.404532,1.842765,1
0.576979,4.695189,1
2.772651,1.290657,1
0.860755,-1.945697,1
1.774774,0.498736,1
2.023703,-0.063065,1
0.676932,1.039519,1
0.094785,1.457669,1
0.677336,0.139929,1
1.354479,0.264434,1
-0.378141,0.837506,1
0.797818,-0.023226,1
1.666299,2.205418,1
1.023392,-0.804718,1
0.360138,1.673017,1
0.525167,4.248889,1
1.206123,0.774747,1
-0.703759,1.600774,1
0.504459,0.835157,1
2.451884,0.559567,1
3.255417,-0.320583,1
1.873873,2.791251,1
2.916049,2.106351,1
2.603771,2.519387,1
-0.600195,-0.993989,1
1.056778,0.683978,1
-0.256760,0.551492,1
-0.372605,2.688188,1
0.286309,0.498323,1
2.442560,0.142831,1
0.274478,2.254706,1
1.606062,-0.680955,1
1.401497,2.029057,1
2.704769,1.950578,1
0.349143,1.322663,1
1.492573,3.511388,1
0.664600,0.975037,1
-1.008219,0.849217,1
-0.241819,1.470949,1
2.274520,1.038303,1
1.427416,0.734710,1
-0.175168,-0.096903,1
0.724753,1.598316,1
-1.720835,1.874235,1
0.066796,2.852211,1
1.236508,1.151256,1
-0.617457,0.586937,1
-0.173192,0.348744,1
-1.353683,1.605756,1
-0.949855,0.304164,1
-0.114783,2.487864,1
0.160991,0.831876,1
-1.267821,-1.877763,1
1.078470,0.694342,1
0.128484,0.538281,1
0.849231,-0.669531,1
1.163031,0.842724,1
0.286930,1.876566,1
1.452415,0.719919,1
0.235397,0.594799,1
0.895743,0.493882,1
0.647689,1.168827,1
0.225922,0.928506,1
1.982762,3.185101,1
0.273469,3.216183,1
0.689885,2.442408,1
-2.146876,3.291524,1
1.403094,0.505373,1
0.059870,2.695996,1
1.860709,0.788536,1
2.034251,0.814009,1
-0.581215,-0.013496,1
-1.146773,1.084509,1
1.230306,1.469192,1
1.235679,1.329997,1
3.111319,1.035558,1
2.312229,2.693681,1
-0.527525,2.450665,1
1.743770,2.389900,1
0.733775,1.933299,1
0.259584,2.040126,1
1.747159,2.768507,1
1.116343,1.013451,1
1.133995,2.054601,1
2.459840,2.855230,1
3.866906,3.213096,1
0.298878,0.973506,1
-1.087523,1.147621,1
1.772148,0.343603,1
0.338027,-0.110882,1
0.383721,1.240153,1
3.355353,2.448299,1
1.301053,2.027141,1
0.922388,-0.233652,1
-0.005073,0.582779,1
0.972438,-0.340144,1
0.620242,1.953936,1
1.887117,-0.303103,1
-0.086598,-0.035222,1
1.647151,1.697721,1
0.635432,0.441868,1
0.714712,0.732051,1
0.562943,1.612047,1
-0.319368,1.482252,1
1.914096,1.156325,1
2.321828,0.909139,1
1.742595,2.188233,1
0.393727,1.886537,1
-0.971161,1.974763,1
0.791240,1.136449,1
0.097931,1.396195,1
0.920263,1.509184,1
3.305472,0.707598,1
0.636261,-0.534596,1
1.401505,1.278009,1
1.421307,-0.927250,1
1.647571,1.355586,1
0.985598,1.330193,1
0.785091,3.363234,1
2.053367,1.731492,1
1.630951,0.536426,1
1.636282,1.284538,1
1.790488,1.487005,1
2.307843,1.762610,1
0.175616,2.345793,1
1.579109,1.693285,1
1.196047,0.997548,1
1.775743,2.121711,1
2.156692,0.549637,1
1.172346,0.762560,1
1.984083,1.310723,1
0.017315,0.604941,1
0.368564,1.845774,1
0.030907,1.964283,1
0.669599,1.066927,1
1.009459,-0.439527,1
0.997876,1.769203,1
1.387617,1.416852,1
-1.192280,0.960253,1
-0.272032,1.370908,1
2.486712,1.379565,1
-0.179919,1.462485,1
1.681641,0.095519,1
0.164183,1.821213,1
0.662847,1.317618,1
-0.874718,2.821659,1
1.954484,0.019973,1
1.383451,1.682683,1
-1.505739,1.784202,1
1.368771,2.774763,1
2.312419,-0.120063,1
-0.270951,1.329937,1
0.888866,2.253416,1
0.712703,-2.139585,1
1.490470,-0.219789,1
0.174531,1.447676,1
1.599691,3.209153,1
0.938924,2.924051,1
1.811393,1.632734,1
1.469564,1.532723,1
1.869640,1.815961,1
1.093011,1.508704,1
1.176312,2.447291,1
1.826111,1.198041,1
2.105253,0.591942,1
0.784457,3.968761,1
2.427614,0.192614,1
0.539979,1.202934,1
0.038813,2.619261,1
-1.552004,1.354519,1
0.541987,-0.277300,1
2.232840,0.720974,1
1.390590,0.766345,1
0.010762,1.264826,1
2.610197,2.177161,1
2.153539,2.128141,1
1.263932,1.736110,1
-1.461373,1.712622,1
0.260146,1.847312,1
0.452043,1.730998,1
0.392359,1.721923,1
0.362946,0.111285,1
-0.092722,1.402864,1
2.116772,0.799097,1
1.419449,2.288484,1
-0.071979,0.182918,1
1.458096,0.709753,1
2.599610,-0.375072,1
-0.290645,0.683615,1
-0.921642,0.781600,1
-1.387172,-0.717367,1
0.888527,2.085900,1
1.263274,0.671964,1
0.593609,0.642105,1
0.991517,1.544294,1
-0.231255,0.004029,1
-0.661017,1.768847,1
0.941742,1.733488,1
2.042836,0.440061,1
0.442233,0.536812,1
-0.895636,2.049954,1
0.756594,2.238125,1
2.288019,0.519005,1
1.674332,0.275723,1
0.839015,2.324550,1
2.290192,0.578321,1
2.774808,1.125567,1
1.022241,-0.244299,1
0.137143,2.446509,1
-1.857167,1.772544,1
-0.502700,-0.195496,1
0.755264,0.473946,1
1.223281,2.037567,1
-0.635093,1.947304,1
0.395315,0.561043,1
2.213750,1.745821,1
0.069786,1.140437,1
1.680654,1.334703,1
1.187316,4.750928,1
1.331343,-1.600884,1
0.452046,-0.266124,1
0.396032,1.056484,1
0.716381,0.253313,1
1.919241,1.130553,1
0.345887,3.226054,1
1.785849,1.386790,1
0.752094,-0.994506,1
0.308803,-0.148149,1
1.212561,2.125852,1
1.330744,1.500338,1
1.014822,-2.468257,1
1.888571,1.114013,1
1.379955,0.688096,1
1.308979,-2.188358,1
0.271977,1.422097,1
2.460010,-1.402533,1
-0.420085,2.172909,1
1.190699,-0.084970,1
0.996338,0.919731,1
1.156677,0.656578,1
2.900718,-0.043790,1
1.843977,-0.701740,1
1.092083,2.000941,1
0.253681,0.788745,1
1.398470,0.119372,1
0.192369,0.180026,1
1.460829,-0.153766,1
1.457575,0.266307,1
2.301968,-0.350175,1
1.841992,2.060132,1
2.238899,0.009444,1
1.339282,1.825781,1
3.194177,-0.654091,1
-1.678317,0.102285,1
1.311348,0.866222,1
0.913941,1.443201,1
2.361115,0.197275,1
-0.347251,0.559643,1
2.381327,2.554417,1
-0.918311,2.059697,1
0.122226,0.170737,1
0.310669,0.726814,1
0.398115,2.334269,1
0.627603,0.593367,1
1.627317,0.666360,1
1.292003,0.735522,1
0.289855,1.222810,1
1.289891,1.540046,1
-0.134845,-0.635343,1
1.895589,1.270815,1
1.560336,-0.092711,1
0.915943,0.034297,1
1.508091,0.414570,1
0.912239,2.981882,1
0.720897,-0.391940,1
0.058546,0.336050,1
1.022172,-0.243417,1
2.897041,-0.495605,1
1.991878,-0.311390,1
-0.351777,-0.592800,1
0.989504,1.658891,1
1.108761,2.640975,1
0.458886,0.957391,1
1.673827,2.640029,1
1.770413,0.694160,1
0.917592,-1.390447,1
-0.085660,1.725951,1
2.988823,-0.057005,1
2.265655,0.202926,1
1.456325,0.982393,1
0.330257,-0.359282,1
2.060964,2.921495,1
1.160154,3.619123,1
1.824591,0.627412,1
1.121165,1.518496,1
1.520444,0.581980,1
1.051406,0.661889,1
0.907334,-1.063153,1
0.398424,0.653846,1
1.056935,-0.587410,1
2.059800,-1.117680,1
2.635773,1.191529,1
-0.723796,0.636744,1
1.725197,1.890783,1
0.651066,0.703791,1
0.488604,1.794632,1
0.526518,3.982167,1
1.869747,0.955061,1
1.131736,1.373576,1
0.643624,1.320381,1
1.188927,-0.789773,1
1.436451,2.048439,1
2.526585,0.827719,1
-0.323339,0.408920,1
-0.037161,1.556905,1
1.573187,1.493195,1
0.143754,-0.952111,1
-0.144600,-0.053228,1
-0.151133,-0.544727,1
0.260682,1.931315,1
-0.369129,0.762308,1
2.847324,1.754522,1
0.921455,1.972399,1
-0.532478,2.605574,1
-0.330510,0.585029,1
1.286834,1.969933,1
-0.843631,1.564799,1
1.396050,-0.053067,1
-1.151352,0.761890,1
1.612795,2.891411,1
2.023838,0.971577,1
1.168350,2.253378,1
0.184672,-0.354827,1
3.155619,1.250364,1
-2.157024,-0.408663,1
0.239605,0.467437,1
-1.787591,1.566399,1
-1.249387,0.042821,1
1.596972,2.306401,1
0.163620,1.284360,1
1.024283,-0.133641,1
1.674667,2.146717,1
0.911933,-0.372922,1
0.668679,-0.033336,1
-0.567162,0.209288,1
1.518944,1.401416,1
1.651233,1.784737,1
0.811159,2.742247,1
0.818549,1.137166,1
0.038304,0.505554,1
1.356229,1.505060,1
2.202501,0.536804,1
0.522330,0.896226,1
-0.317442,1.723625,1
1.940842,-0.413794,1
-0.081814,1.606599,1
1.487490,1.178605,1
2.140594,2.236836,1
1.358476,0.483962,1
-0.928085,1.675205,1
0.866612,0.399459,1
1.620214,0.903403,1
1.415188,0.984403,1
1.652639,-0.055777,1
0.773489,2.600324,1
2.197345,0.479489,1
-0.438340,-0.079457,1
0.775136,0.047116,1
0.093420,0.114293,1
1.526995,1.091693,1
2.973588,1.846070,1
2.893525,1.510167,1
0.688598,-0.432928,1
1.253040,0.212896,1
0.052957,1.155987,1
0.102246,1.362994,1
-1.437734,0.640849,1
0.646307,1.958723,1
-0.780418,0.540337,1
2.404775,-0.431965,1
1.341524,2.353785,1
-0.700982,1.618547,1
0.717436,0.748239,1
-0.065308,0.796399,1
1.644858,1.964498,1
0.164823,0.241338,1
1.789561,1.512893,1
1.327943,0.123525,1
0.937292,0.555839,1
-1.208416,2.459647,1
-0.422743,0.010105,1
1.705617,-0.107709,1
-0.014890,1.455898,1
-0.563182,-0.476518,1
-0.216792,0.224687,1
1.627846,0.812887,1
0.090088,-0.307670,1
1.049691,-0.660890,1
0.257094,3.044339,1
-1.157204,2.362483,1
2.484479,1.655468,1
0.549830,0.667956,1
-0.527437,1.449150,1
0.773232,0.772434,1
-0.295866,0.819862,1
0.154359,1.208553,1
0.991013,0.534084,1
0.396646,0.647926,1
3.404453,1.340213,1
1.422916,0.864139,1
1.256631,-0.021307,1
1.265211,1.270601,1
3.545835,2.222201,1
1.634552,2.075436,1
-0.934007,0.549328,1
2.521497,0.888817,1
1.707664,2.051898,1
0.901823,4.249273,1
1.584131,1.651217,1
0.919110,1.166787,1
2.042694,1.656295,1
0.653647,1.026731,1
1.328136,0.739291,1
1.664447,1.231300,1
1.236270,0.999890,1
0.875655,1.667620,1
1.402946,1.130642,1
2.076643,-0.263493,1
1.702919,1.548162,1
1.269639,1.212830,1
1.061949,1.819067,1
1.843164,1.633201,1
1.786336,1.936249,1
1.875388,3.323672,1
0.343808,2.891497,1
1.940662,1.380114,1
2.419725,3.405146,1
2.098878,-0.138894,1
0.698068,1.162500,1
2.248821,1.051970,1
1.928099,1.408451,1
1.199297,-0.410620,1
1.974198,1.571049,1
1.157313,1.504034,1
0.362600,2.764409,1
2.748443,1.654155,1
2.595843,2.536102,1
-1.135910,1.271943,1
2.575187,0.178735,1
3.708364,2.587070,1
1.951086,1.773442,1
1.402782,0.235270,1
0.614999,0.126848,1
-0.308849,2.067352,1
0.959680,0.878742,1
2.244903,-0.148750,1
0.000704,0.912399,1
0.796029,0.436695,1
0.244065,-0.212734,1
1.145284,2.631969,1
2.017966,0.523152,1
-1.167059,1.542626,1
0.640526,5.596374,1
1.313784,0.839493,1
1.842001,2.566105,1
1.446093,0.669247,1
0.304644,1.326373,1
-0.044581,1.370831,1
2.228164,3.430080,1
-1.901576,1.075425,1
2.284022,0.302012,1
2.298258,0.275679,1
1.540764,1.569830,1
0.396076,1.377393,1
2.106075,-0.028880,1
0.707068,1.415184,1
0.629072,2.366867,1
-1.685685,1.450742,1
0.824910,1.449418,1
1.721810,1.551074,1
-0.992272,4.275534,1
0.591231,1.535960,1
0.384842,2.258338,1
0.567735,-1.103588,1
2.411516,1.501108,1
0.226756,0.284755,1
1.169976,0.814003,1
0.486583,3.398711,1
1.095328,1.908284,1
2.147134,-0.215119,1
2.021245,2.279858,1
0.410309,1.213596,1
1.587918,-0.259928,1
0.847274,0.296511,1
1.213987,0.080416,1
3.110356,0.052394,1
2.592124,1.550372,1
1.819750,0.949151,1
1.565892,1.804036,1
3.598534,2.137856,1
0.040128,1.158038,1
2.594628,0.000005,1
-0.753512,2.510120,1
-0.627370,2.208687,1
-0.069301,3.473216,1
2.936569,0.332759,1
1.706299,1.248572,1
3.172713,3.040169,1
2.566752,1.519407,1
0.916056,-0.673173,1
0.835765,2.956689,1
1.283793,-0.313762,1
0.611795,3.181709,1
1.779363,0.433453,1
3.331781,2.301917,1
1.038584,1.794130,1
0.644957,-0.606160,1
3.096123,0.145965,1
3.416835,0.536005,1
-0.303962,0.528287,1
0.923711,2.238104,1
-0.073742,1.165122,1
1.136108,0.636061,1
0.353465,-0.045697,1
2.054522,0.795685,1
1.975140,0.756334,1
2.767094,1.173546,1
1.313306,1.217978,1
1.405535,3.460821,1
3.381375,-0.951325,1
-0.492904,1.797954,1
0.628118,2.084895,1
1.947339,2.493044,1
0.586875,2.169869,1
1.083145,2.033993,1
0.871871,2.374864,1
3.105662,-0.139966,1
1.880093,0.179386,1
3.722980,-0.327020,1
0.692659,2.843898,1
0.261550,2.078126,1
1.829106,-0.036093,1
0.042282,-1.423290,1
1.044116,-0.911743,1
3.060625,-0.174427,1
-0.799134,0.334039,1
0.785444,0.778883,1
0.791170,-1.285041,1
0.277719,0.508711,1
1.250688,1.468266,1
-0.550734,1.077158,1
1.787778,2.860982,1
1.615972,1.414534,1
2.778474,1.994393,1
2.873863,-0.042948,1
0.638013,1.677448,1
0.543206,-0.463534,1
1.736009,1.853994,1
0.852940,-0.148239,1
1.797124,0.054492,1
1.470651,-0.555592,1
0.305200,1.941259,1
-0.792814,1.460529,1
0.406494,1.534164,1
1.846048,1.453860,1
1.143963,3.753592,1
2.876694,-0.441912,1
0.700497,0.719547,1
1.858161,-1.271934,1
1.392047,0.780605,1
1.509939,0.837356,1
-0.425301,1.340355,1
0.380060,2.472507,1
-0.034079,-0.291511,1
2.082312,0.624575,1
0.311941,0.964296,1
1.709907,-0.608874,1
-0.061984,0.671197,1
2.399476,2.535657,1
1.876408,1.185156,1
1.496961,1.139450,1
1.405542,0.682039,1
-0.437298,-0.659584,1
0.090032,2.412554,1
2.063831,1.574587,1
0.032397,1.299497,1
1.421955,1.537153,1
1.421811,1.578163,1
0.479718,1.361597,1
-0.836182,-0.237697,1
2.576032,-0.109796,1
0.086471,2.719898,1
-1.456434,0.798386,1
1.048866,-0.463729,1
3.036623,0.224809,1
1.246475,0.767633,1
-0.627067,0.693831,1
-0.283582,0.075993,1
-0.542600,-0.017002,1
-0.894793,-0.148092,1
-0.278785,0.144439,1
1.835672,-0.296130,1
0.262404,-0.304069,1
2.246517,0.910583,1
0.716434,0.904431,1
1.067186,0.370864,1
0.990404,0.962661,1
0.659775,-0.053467,1
1.736766,-1.448203,1
-0.051657,0.091652,1
-0.530040,1.258865,1
0.618901,1.082676,1
0.400092,1.978154,1
0.435919,1.347816,1
1.320315,0.248878,1
0.133284,0.688237,1
-0.024285,0.688697,1
0.396866,0.959376,1
-0.555833,2.162375,1
0.536482,0.683026,1
1.306786,0.214789,1
0.945581,1.297366,1
0.392544,0.986867,1
1.931906,0.147281,1
1.039289,-1.087952,1
0.500008,1.131734,1
1.772498,-0.824682,1
0.617637,2.016169,1
1.693456,-0.085699,1
2.453973,0.306688,1
-1.985180,1.691245,1
2.081473,0.354691,1
1.396571,2.629627,1
1.208447,1.505715,1
2.212992,0.468062,1
1.612262,-0.655182,1
2.463800,-0.333041,1
-0.210250,-0.410633,1
2.796233,0.849417,1
-0.055718,1.375750,1
2.495420,-1.195734,1
2.420619,1.295561,1
1.093324,1.473592,1
0.510086,1.257668,1
1.569981,2.175725,1
0.737738,0.965114,1
0.770156,0.659057,1
-0.799978,2.660850,1
-0.346452,-0.255213,1
0.828348,-2.133335,1
1.720944,1.036902,1
2.183985,1.789343,1
-0.544910,2.085069,1
1.710037,0.109022,1
-0.294508,-0.001449,1
1.390514,2.001991,1
0.482130,-0.305680,1
-0.344740,1.801990,1
1.629886,1.971237,1
-0.168104,0.237891,1
2.472426,0.210564,1
1.812683,2.666834,1
2.348870,1.572843,1
1.557340,0.189220,1
2.773674,1.715840,1
1.615512,0.024027,1
-1.372684,1.964903,1
3.190870,-0.521402,1
2.062638,0.150854,1
0.872801,0.889724,1
-1.261210,0.318060,1
-0.163292,0.454192,1
1.420733,0.885377,1
-0.476120,2.517154,1
-0.055377,0.954926,1
-0.388083,1.589720,1
1.022715,1.053885,1
2.361572,3.402114,1
1.663056,2.586302,1
1.878394,1.620244,1
0.959107,0.111846,1
1.877696,1.321177,1
1.633088,0.249487,1
2.632303,0.275759,1
0.204096,0.230578,1
-0.027091,1.876125,1
2.324888,0.902874,1
-2.051496,1.095646,1
0.331026,1.891647,1
0.992520,0.493650,1
1.177407,2.419405,1
0.296415,1.621874,1
0.695352,2.249852,1
-0.092037,2.857989,1
1.340669,-0.156120,1
2.832872,2.176324,1
-0.388280,1.724859,1
0.284149,-0.011963,1
1.319609,1.633802,1
-0.367814,2.508864,1
0.439206,0.713611,1
0.992856,0.496240,1
0.511759,2.407570,1
1.878067,0.498882,1
1.347147,0.361248,1
0.247322,-0.965028,1
1.361912,1.077432,1
-0.163178,1.444089,1
1.939479,0.418502,1
1.151090,1.303034,1
1.806211,0.659212,1
-0.108974,-0.508479,1
-1.501864,0.743556,1
-0.370936,2.219150,1
0.972235,-0.759184,1
-0.648276,-0.200108,1
0.784082,2.539741,1
0.993350,1.241992,1
1.902774,1.339682,1
0.818442,1.304135,1
-0.231445,3.108478,1
0.951047,-0.177649,1
1.972949,1.744606,1
1.750565,2.010228,1
1.620454,1.002648,1
0.522181,0.201425,1
1.087354,0.409152,1
-0.216343,1.879178,1
-0.025148,1.713661,1
2.036785,-0.251972,1
2.009874,1.182652,1
1.163574,0.367229,1
0.821224,0.929115,1
1.888672,0.708595,1
0.916534,0.230325,1
1.551063,0.826292,1
1.949293,0.560673,1
-0.060633,-0.364034,1
2.739912,0.707843,1
1.583733,2.243079,1
1.216902,1.925462,1
3.035130,1.889040,1
-0.546096,1.325860,1
-0.067642,0.311423,1
3.746143,1.296081,1
3.195443,1.157903,1
1.063033,1.264723,1
1.580772,1.335068,1
0.463913,-1.624469,1
0.796969,-0.547018,1
2.428191,2.450915,1
0.399038,0.741420,1
1.991608,1.185747,1
1.856197,1.195332,1
0.021508,2.874312,1
-0.496161,-0.073346,1
-0.096690,2.227471,1
-0.021716,0.858989,1
3.877172,1.916098,1
3.038426,-0.152626,1
1.126173,3.188073,1
2.055460,-0.800630,1
3.499072,2.725872,1
0.771493,0.191861,1
1.153404,1.523062,1
-0.220720,2.059554,1
1.992861,1.927472,1
1.544411,1.974441,1
-0.272364,2.285627,1
0.110532,1.459553,1
1.416625,-0.040602,1
-0.614188,-1.168595,1
1.363564,0.165487,1
1.410942,2.095428,1
3.283743,-0.309601,1
1.276583,2.752354,1
1.105096,0.371969,1
2.730266,1.110696,1
1.760524,-0.602002,1
2.089666,-0.239306,1
2.499343,1.425769,1
1.232795,2.599508,1
1.606353,1.082145,1
2.680323,0.652211,1
-1.381799,-1.186805,1
0.362585,-1.508408,1
1.770147,-0.115110,1
0.875396,1.865437,1
1.860381,1.717163,1
0.484109,1.271969,1
0.711872,2.960807,1
1.298479,0.695259,1
1.560835,-0.327909,1
-0.527041,2.236109,1
2.062213,0.100609,1
2.261162,1.139868,1
0.406207,-0.315372,1
2.453767,1.140036,1
-0.214281,0.300045,1
-0.826454,1.112530,1
1.978483,2.111362,1
-0.010711,0.521691,1
0.078768,1.159768,1
1.986000,-0.992377,1
1.695880,0.527888,1
0.983354,0.229623,1
0.228672,1.954990,1
1.795770,1.581061,1
1.837206,-0.432048,1
0.182886,2.467495,1
-0.092566,3.084659,1
0.511508,0.794416,1
0.037444,-0.569508,1
2.696491,1.810138,1
1.919451,3.404900,1
-0.030078,-0.766624,1
-0.490555,0.406346,1
0.201133,2.183589,1
1.732977,0.581559,1
3.518669,0.674833,1
2.955655,-1.026118,1
-0.807938,2.294587,1
1.814114,0.572634,1
0.752953,-1.041285,1
2.903232,1.627328,1
0.551911,0.900445,1
1.162377,1.813022,1
2.446179,-0.692103,1
1.708762,0.321452,1
0.321765,-1.073073,1
1.163600,0.560196,1
0.536998,-0.295539,1
1.157741,-0.444840,1
0.753418,1.140712,1
0.171582,1.994437,1
0.262421,0.844735,1
0.842164,2.262246,1
0.659895,1.838369,1
1.524281,0.520741,1
1.676396,3.147913,1
2.503928,0.258260,1
1.319062,1.146681,1
-0.657554,-0.334902,1
0.538526,3.273729,1
1.657976,0.975675,1
1.574341,0.441596,1
0.972028,1.709145,1
1.477975,0.578099,1
0.401509,1.816846,1
0.648730,2.009884,1
1.161941,1.755450,1
1.033455,1.428972,1
0.072901,1.797073,1
1.491537,2.544693,1
0.245167,1.899967,1
-0.084499,0.864644,1
1.651505,1.037619,1
2.238576,1.358965,1
-0.751261,1.864702,1
-0.754100,1.380229,1
1.318118,2.154126,1
1.827798,0.578455,1
1.597018,-0.852640,1
1.300544,1.262660,1
0.418606,1.453815,1
0.670950,0.780353,1
-0.542034,-0.643819,1
2.124286,0.404248,1
0.471538,1.668954,1
2.496428,1.593323,1
1.245377,0.208453,1
2.419149,-1.149597,1
1.044868,1.224378,1
1.683085,1.027631,1
0.301972,-0.652362,1
0.022870,0.856831,1
1.692825,2.491477,1
0.662797,-1.496980,1
1.214212,1.268407,1
1.675208,-0.145971,1
3.388154,3.276339,1
2.161391,1.226018,1
-1.711687,-0.076433,1
-0.022388,-0.481755,1
0.746173,1.496519,1
1.451968,0.247890,1
-0.872635,1.243558,1
1.041366,0.671448,1
0.986757,1.163884,1
0.905812,0.958769,1
0.478168,1.325273,1
2.075805,0.596637,1
0.590007,2.008600,1
-1.327141,0.638513,1
-1.172032,0.698181,1
2.568389,0.471793,1
1.672785,1.831114,1
1.035058,2.966680,1
0.329976,2.136252,1
2.142143,1.677100,1
1.496396,3.601436,1
1.355775,0.300934,1
0.553980,2.377132,1
1.377155,-0.232011,1
1.006011,0.250489,1
0.345506,1.492144,1
0.314123,0.636650,1
0.190885,1.192057,1
1.549173,-0.411228,1
0.313172,-0.343664,1
1.770342,0.698012,1
1.287099,-0.745502,1
0.621824,0.018028,1
1.220356,2.569617,1
2.217831,0.642977,1
1.125446,2.517925,1
1.927171,1.530275,1
0.604180,1.024713,1
1.345332,0.429492,1
2.955986,-0.256562,1
1.182524,0.187620,1
2.383531,0.644945,1
0.432954,2.015601,1
1.546552,3.082101,1
0.044288,1.103247,1
1.296206,1.116007,1
0.973824,0.091655,1
1.939936,0.877467,1
-0.024091,-0.948835,1
2.886697,1.534857,1
-0.558311,1.157060,1
2.617113,0.619621,1
1.116099,0.988402,1
-1.051558,2.597556,1
2.042481,0.322609,1
-0.190643,1.686170,1
1.503954,0.631295,1
1.469973,1.031985,1
-0.816045,1.440742,1
1.290261,0.458369,1
1.512060,-0.421329,1
2.449886,-0.218729,1
2.901262,0.167607,1
0.731229,1.991408,1
0.545141,-0.285520,1
1.085489,0.642446,1
0.154178,0.696726,1
-0.091398,3.107392,1
-1.434891,3.762907,1
1.371911,0.466099,1
-1.155767,1.559733,1
1.691861,1.650136,1
1.380028,2.964820,1
0.734594,1.975852,1
0.364132,0.887695,1
2.049556,1.549917,1
-0.939407,0.609312,1
1.963890,0.521081,1
1.934675,1.621796,1
0.163598,1.961084,1
0.747793,0.261114,1
2.057582,-0.801635,1
2.778227,0.353942,1
1.993537,1.601968,1
0.594813,0.660600,1
-0.535920,0.187640,1
0.052981,1.356066,1
2.421307,1.171045,1
1.541612,0.615797,1
1.621177,0.785930,1
0.234834,1.172207,1
2.196060,0.566220,1
0.432817,0.969557,1
1.411330,0.808608,1
1.207066,-0.800545,1
2.820762,0.272507,1
0.301010,0.320309,1
1.945289,-0.801674,1
2.132284,0.359672,1
-0.373297,1.080619,1
0.002106,1.641073,1
2.246287,3.178299,1
1.588840,2.151770,1
-0.413626,1.064410,1
2.883863,0.833997,1
2.134420,1.581631,1
1.732395,1.620757,1
0.851641,1.351364,1
1.203961,1.916083,1
2.063159,-0.056970,1
-0.103499,0.563351,1
0.701580,-0.420199,1
2.599682,2.293472,1
0.233563,0.570082,1
-0.381766,0.883101,1
1.060330,-0.038446,1
2.211005,1.177473,1
0.949921,1.483481,1
2.582399,1.810317,1
0.433796,1.225027,1
2.808982,0.138908,1
2.550301,0.092858,1
2.500096,0.525334,1
-1.280119,1.319068,1
-1.563102,1.448394,1
0.213249,0.588252,1
1.657114,2.075250,1
0.304093,1.932157,1
0.835415,0.857440,1
0.448167,3.252259,1
0.676658,1.083609,1
-0.811209,0.208487,1
-1.432956,1.269230,1
0.350315,1.692843,1
1.447364,1.219583,1
0.775596,1.172902,1
1.158710,0.246897,1
-0.404342,0.314766,1
-0.594994,1.988340,1
1.757608,0.284876,1
1.396215,0.598285,1
0.624701,1.891010,1
1.629933,1.592499,1
0.184414,3.352964,1
-0.212779,0.819074,1
0.838477,1.028527,1
-0.002189,2.103295,1
1.547104,1.672511,1
0.424769,-0.082347,1
1.688383,1.718227,1
0.811738,1.752382,1
1.623736,2.634807,1
0.545954,1.479328,1
0.068630,1.440710,1
2.046810,1.364762,1
0.094173,1.059400,1
1.482601,2.458051,1
0.769174,0.403337,1
1.320962,0.678626,1
-0.972060,2.112760,1
1.056861,1.098747,1
1.791501,0.115450,1
3.016676,2.257200,1
1.113677,2.071505,1
1.314347,-0.277745,1
0.632153,0.398925,1
1.548108,2.813571,1
2.851057,3.559576,1
0.763469,2.541417,1
0.357253,1.761400,1
1.814045,1.397124,1
3.281221,0.476612,1
0.834081,0.557076,1
0.470323,1.892070,1
1.363849,-0.560522,1
1.796054,1.148282,1
1.445221,1.952591,1
1.065875,-0.330076,1
-0.068395,1.798967,1
1.252787,1.397791,1
-0.490571,2.962548,1
0.949896,0.004923,1
3.368826,1.042872,1
0.581253,0.044137,1
1.059506,-1.045712,1
1.090920,0.322159,1
1.439440,1.155179,1
1.970716,-0.798718,1
1.986768,1.074935,1
-0.179897,1.010902,1
3.000005,1.128874,1
0.578647,1.879400,1
-0.255004,1.011632,1
0.592915,0.460589,1
1.540518,2.235051,1
-0.528317,0.035708,1
1.836020,0.583435,1
2.539046,0.822410,1
3.688330,-0.025409,1
1.041458,1.882607,1
0.450003,0.695229,1
2.733533,0.689628,1
0.553419,1.069787,1
1.418064,1.500380,1
0.206065,1.895153,1
0.915900,0.764815,1
2.666650,-0.003046,1
2.073686,-0.584669,1
0.682122,1.536538,1
0.737025,0.661889,1
1.455189,1.370281,1
1.025254,2.061361,1
0.958654,0.454957,1
0.037644,0.502617,1
-0.190691,2.141160,1
2.541784,-1.136275,1
-0.329662,2.560152,1
2.454640,0.123718,1
1.024311,0.826866,1
2.027878,-0.055351,1
-0.349335,0.254559,1
0.946690,2.757624,1
1.251467,-0.418259,1
0.709469,-0.320320,1
0.355612,2.174065,1
1.760380,-0.151579,1
-0.148563,3.409167,1
2.398539,2.599493,1
0.347133,2.336639,1
0.910746,1.463940,1
0.562320,-0.370017,1
-0.354763,1.482397,1
0.490916,1.285264,1
1.594536,-0.916488,1
3.114033,-0.122173,1
-0.703906,4.744439,1
2.841702,2.460310,1
1.252333,3.668834,1
2.593115,4.720040,1
1.131957,3.028886,1
-0.201037,-1.033099,1
2.226208,2.038672,1
1.265719,2.313878,1
0.165043,1.489731,1
1.471183,1.088072,1
1.309586,0.721483,1
-0.443152,0.144878,1
0.772743,1.250545,1
1.607636,1.448609,1
0.190901,3.215256,1
-1.398017,1.878014,1
1.424268,1.830601,1
0.640606,3.047588,1
1.128832,1.326163,1
1.385903,0.016164,1
1.020639,2.391656,1
2.724848,2.611623,1
2.100264,1.255734,1
0.135307,2.048066,1
0.895597,2.617634,1
0.842114,1.653857,1
1.660563,3.356106,1
0.859264,0.904712,1
0.033469,-1.161846,1
1.485914,1.603096,1
2.013721,0.908626,1
2.860750,0.794435,1
-1.415238,-0.144996,1
-1.253951,2.516004,1
0.257255,0.437249,1
0.086812,0.396190,1
3.292100,1.838359,1
-0.992134,0.392977,1
1.895405,1.334453,1
0.090890,0.973452,1
1.238254,2.440997,1
2.135759,1.529750,1
2.323756,-1.369121,1
1.579962,1.924739,1
1.019843,1.074924,1
0.718457,1.118452,1
0.575245,-0.240477,1
0.747602,2.862264,1
0.969590,1.891795,1
-0.191199,1.620856,1
1.627179,2.254271,1
1.931237,1.730487,1
1.379392,1.213661,1
1.304868,0.834145,1
0.566844,-0.271958,1
2.299081,1.605298,1
0.984865,1.510767,1
-0.869647,0.748489,1
-0.486820,1.440632,1
0.264435,0.943457,1
0.663301,0.703101,1
1.999333,1.820516,1
-0.818676,0.265696,1
0.992415,0.852615,1
2.133956,1.524332,1
1.614497,3.098705,1
0.092751,-0.161450,1
-0.077377,0.516950,1
1.366238,1.052368,1
3.757688,0.311430,1
0.519469,2.322848,1
2.351192,2.020116,1
0.699401,0.763067,1
1.992496,1.538600,1
0.932965,-0.232910,1
0.055366,0.595189,1
1.939317,2.418014,1
2.816357,1.913785,1
1.630528,2.361485,1
-0.516141,2.156932,1
2.065599,0.048146,1
1.861448,1.382012,1
2.613382,0.078566,1
-1.218286,1.067733,1
1.263752,0.256044,1
-0.002834,2.462522,1
0.437579,1.993352,1
1.416940,2.217232,1
1.178425,-1.476404,1
2.099749,1.148050,1
-0.035187,0.914244,1
1.198854,-0.121367,1
1.650136,1.206769,1
1.078943,-0.440636,1
0.944732,2.066502,1
1.178668,0.543585,1
0.691045,0.603295,1
1.039165,0.359883,1
-0.596990,-0.388868,1
2.895400,1.190397,1
0.378691,1.974465,1
0.327192,0.038731,1
0.718932,0.706956,1
1.492835,1.536259,1
0.959455,0.718080,1
0.081313,1.694340,1
2.067425,2.465363,1
1.289936,-0.603223,1
1.418977,0.823791,1
0.204911,1.359919,1
1.560437,1.926954,1
0.200508,-0.689309,1
1.989718,2.332906,1
1.176813,0.454797,1
3.614645,1.302830,1
2.056733,0.872431,1
0.917353,1.098143,1
1.604876,-0.425729,1
1.314640,0.234235,1
-0.428739,2.804125,1
0.426410,-0.392642,1
2.573237,0.630463,1
2.124819,2.001460,1
-0.748314,0.130769,1
1.484693,1.765711,1
0.484477,1.526496,1
1.907213,2.962173,1
1.094520,2.951831,1
0.925683,1.741671,1
1.714546,1.311317,1
1.147515,-1.300063,1
-0.181785,2.770840,1
1.628121,0.220386,1
1.710666,1.897422,1
0.653637,-0.119963,1
1.564979,2.010254,1
0.267814,2.820262,1
0.052830,2.028377,1
1.695913,0.598512,1
3.489518,0.921466,1
0.413511,0.396411,1
1.766861,2.128352,1
-0.011376,3.185949,1
-0.115209,0.198539,1
2.035241,0.368209,1
1.146103,-1.162233,1
-0.878118,-0.058786,1
1.996545,1.501641,1
0.408089,-0.180600,1
2.157081,1.260391,1
1.676091,1.483816,1
-1.335077,2.072174,1
0.798401,2.337851,1
-0.668759,2.095846,1
-1.770069,1.192300,1
-0.339440,2.703170,1
1.371904,-1.416942,1
1.941982,1.405514,1
1.300124,0.063858,1
0.173160,0.638521,1
1.732872,1.114261,1
-0.007587,0.331932,1
1.111338,0.791732,1
0.346274,0.026912,1
1.061064,1.241523,1
-0.116624,-2.037981,1
0.795770,0.940725,1
-1.710132,1.760097,1
0.688015,1.697552,1
1.404105,2.091741,1
0.168109,1.814215,1
0.565157,-0.605090,1
2.172641,-0.964955,1
1.548057,-0.508859,1
-0.455543,0.691097,1
0.914776,-0.269856,1
1.192105,1.469324,1
0.465644,0.978543,1
-0.425212,0.776494,1
0.895651,-0.007674,1
2.676441,0.510233,1
0.149175,2.272792,1
1.661418,1.656498,1
-0.617212,-0.182365,1
3.107206,2.902934,1
0.691392,1.370598,1
0.111557,0.047635,1
2.230778,1.978817,1
-0.247794,2.285666,1
1.418301,0.955017,1
0.175509,0.328320,1
-0.066020,1.022127,1
0.748731,1.612141,1
0.539132,-0.186627,1
1.029584,3.445619,1
-0.529505,1.546673,1
-0.139437,2.666116,1
-0.139506,-0.209492,1
2.790609,0.929198,1
0.351222,1.223663,1
1.438781,0.944776,1
1.075504,0.273739,1
-0.606618,0.660094,1
2.467718,1.226083,1
0.837525,0.306340,1
0.207874,-0.493523,1
0.243991,1.508321,1
1.221935,0.362484,1
0.730911,2.237627,1
0.842101,-0.171958,1
2.584512,0.855076,1
0.484395,-0.755156,1
0.816877,1.695233,1
2.304653,1.899718,1
2.596547,1.924340,1
2.134645,-1.004845,1
-0.165860,1.781856,1
1.700489,0.372540,1
2.412781,1.513311,1
-0.995847,-0.270658,1
1.074287,-0.591061,1
2.024091,1.985670,1
2.193900,1.376474,1
0.915338,1.188047,1
0.336108,1.903861,1
2.444188,1.416276,1
0.537024,0.145708,1
1.437786,0.798046,1
0.078793,0.638251,1
0.842715,0.446773,1
1.839635,0.934925,1
3.176595,0.780653,1
0.426515,1.086480,1
0.691556,-0.177491,1
0.878633,-0.334078,1
0.297247,0.354735,1
0.253848,-0.352180,1
0.601411,1.159682,1
1.479440,1.244881,1
1.119612,3.152296,1
-0.444257,0.782384,1
1.965522,1.211710,1
1.581029,1.679105,1
1.500478,0.072799,1
-0.939609,1.628655,1
1.450975,0.163080,1
-2.603070,-1.792987,0
-3.103164,1.039376,0
-3.193701,-1.611371,0
-1.360265,-1.901968,0
0.475803,0.348716,0
-2.103749,-2.805024,0
-2.760507,-0.223066,0
0.008063,0.197157,0
0.243016,0.205010,0
-0.200009,0.905213,0
-1.124303,-1.795208,0
-1.375368,-1.799917,0
-3.003019,-0.979300,0
-1.764540,-0.355387,0
-0.116043,0.475042,0
-2.539582,0.053697,0
-0.951797,-2.168661,0
-0.099954,-1.323747,0
-1.454695,-1.375769,0
-1.388981,-3.449138,0
-2.810266,-1.623765,0
0.490603,-0.639856,0
-1.889613,-3.321684,0
-1.870344,-2.190518,0
-2.106135,1.016830,0
-1.147058,-1.749968,0
0.006547,-2.620243,0
-0.235246,0.089330,0
-0.664190,-0.248931,0
-0.659173,-0.511771,0
-1.481887,-0.336608,0
0.100440,-1.525783,0
-0.935272,-0.931423,0
-0.577438,-1.593059,0
-2.258226,2.531257,0
-2.141561,-2.583245,0
0.885738,-0.922159,0
-1.049412,0.379147,0
-1.190053,-0.599966,0
-0.405083,-1.326721,0
-1.311519,-0.508935,0
-0.627599,-1.834864,0
-1.274671,-1.293326,0
0.395945,-1.986133,0
-0.702024,-1.673454,0
-0.365460,-0.431900,0
-2.052244,-0.420968,0
-1.301579,-0.864761,0
-2.363678,0.332094,0
1.850985,-0.712455,0
1.261741,-1.064812,0
-2.004433,0.963475,0
-1.382796,-1.409433,0
-0.490216,-2.053061,0
0.673860,-0.212507,0
-1.278632,-1.318336,0
-0.919558,0.967048,0
-1.850197,-1.393661,0
-2.187545,-1.032828,0
1.016676,0.098123,0
-2.015696,-0.710183,0
-1.791738,-0.578827,0
-0.965097,-1.282818,0
-1.534030,-2.943530,0
-0.532331,-1.286000,0
-2.747476,-1.776930,0
0.640253,-2.311053,0
-1.315704,-0.645268,0
-0.398643,-0.611435,0
-1.932226,-2.334019,0
-0.782355,-0.815127,0
0.914227,-0.562167,0
-1.107937,-0.862464,0
-1.493289,-2.127983,0
-1.014694,-1.471950,0
-0.863778,0.321579,0
-0.172516,-0.172676,0
-1.397012,-0.770646,0
-0.520127,-1.512797,0
-1.747617,-0.154072,0
-1.102684,-1.967124,0
-1.227064,0.038755,0
-1.364247,-1.867186,0
-1.915372,-0.624344,0
-1.544282,-0.363494,0
-3.047375,0.465372,0
-0.830222,-0.363773,0
-1.835454,-0.437969,0
0.304297,-0.163725,0
0.104651,-2.258304,0
1.839506,1.155337,0
-0.956997,-2.235787,0
-0.567187,-2.829187,0
-3.486111,-0.792477,0
-3.206514,-1.192626,0
-1.822936,-1.788524,0
-1.941615,0.278790,0
-1.004467,-1.224269,0
-1.427967,-0.123012,0
2.020609,-0.112001,0
-2.074408,-0.805157,0
-1.163773,-3.528188,0
1.146548,-0.265243,0
0.543544,-0.143473,0
-2.465175,-0.296154,0
-0.793561,0.170030,0
-1.729424,-1.033334,0
-0.967304,-0.342230,0
-2.297935,-0.055062,0
-1.585341,-1.602293,0
-0.797311,-1.437862,0
-3.035209,0.490656,0
-0.011006,-1.767412,0
-0.603266,-1.339938,0
-0.905979,-2.380129,0
-0.077436,-3.083597,0
0.774736,-1.404930,0
-0.588855,-0.340585,0
1.558950,-2.815992,0
1.695580,-2.791641,0
-2.328049,1.539704,0
-0.644284,0.230217,0
-0.281820,0.195990,0
-1.950710,-0.630364,0
0.113736,-1.373928,0
0.132147,-1.947645,0
-0.262628,-0.192031,0
-1.162729,-1.171066,0
-2.223801,-1.706807,0
-0.896352,-1.078093,0
-0.742903,-1.897254,0
-1.610923,-1.285639,0
-2.313750,-1.658009,0
0.927029,-0.649278,0
-2.011452,-0.595460,0
0.491749,-0.149525,0
-2.483573,-0.641457,0
-1.956973,-2.511824,0
-1.280634,-1.243292,0
-1.291303,-2.155747,0
-0.783691,-1.224029,0
-0.358615,-1.240985,0
-0.351337,-1.084320,0
-0.862635,-1.311219,0
0.205264,-3.226682,0
0.035829,-2.910110,0
0.663038,0.761550,0
-1.172553,-1.726943,0
-0.640129,-1.963440,0
-1.384107,-2.048062,0
0.028207,-0.267231,0
0.154456,0.048804,0
-0.309589,-2.416564,0
0.439527,-2.796974,0
0.263383,-0.882840,0
-1.630623,-0.504550,0
0.762249,-0.984415,0
-0.434485,0.368042,0
-0.573112,-1.102096,0
-1.854531,-1.692323,0
-0.211070,-2.365246,0
-0.966210,-0.564184,0
0.204737,-1.155615,0
-1.014766,0.976472,0
1.517887,-3.505588,0
1.192343,-0.880368,0
0.100996,-0.444709,0
-0.174491,-2.490867,0
-0.976211,0.178853,0
-2.106972,-0.469071,0
-0.394215,-1.204176,0
-1.061235,-2.443823,0
-0.054336,0.480927,0
-0.542547,-0.645372,0
-0.699993,-1.470715,0
-1.390406,-1.259747,0
-2.079952,0.419188,0
-3.661824,0.141865,0
-0.794270,-1.701746,0
-0.564571,-0.354711,0
-2.132368,-0.210821,0
-1.363800,-2.596444,0
-3.075473,-1.851768,0
0.723224,-1.901891,0
-1.630154,-0.808434,0
-0.363395,-0.630118,0
-0.642805,-0.708418,0
-1.478212,1.169392,0
-0.681387,0.887348,0
0.356926,-0.385426,0
-1.265061,-0.226466,0
0.536348,-3.309763,0
-0.016065,0.043731,0
0.522180,0.666096,0
1.652356,-0.255044,0
-2.157648,-1.192458,0
-0.526340,-0.121912,0
-2.348783,-2.234989,0
-1.372911,-0.069946,0
-1.228377,1.927441,0
1.413853,0.455691,0
-0.356355,-2.097956,0
-0.671271,0.425511,0
-1.591432,0.270528,0
0.383707,-2.673003,0
-1.519503,-0.337320,0
-1.571129,-1.131604,0
0.235019,-0.699440,0
1.172551,-1.752774,0
-0.832511,-1.363818,0
-0.258104,0.641309,0
-0.792362,-0.859215,0
1.076878,-1.803704,0
-0.726477,-0.615683,0
-0.008229,-2.262701,0
-0.905424,-1.491612,0
-1.797531,-0.448001,0
-2.311574,-1.004147,0
-1.012388,-1.883576,0
0.594788,-0.597011,0
-1.346164,-1.399390,0
-0.482841,0.561507,0
0.868697,0.832646,0
-1.228153,-1.044328,0
-1.476097,-1.598181,0
-1.483255,-0.611094,0
-0.954251,-2.065588,0
-2.283632,-1.860293,0
-0.721149,-0.980717,0
-0.166676,0.092149,0
-1.891385,-1.105679,0
-0.738072,-2.019647,0
-0.206968,-2.265315,0
1.673671,-2.455054,0
-1.444133,-1.451457,0
-0.778002,-0.448253,0
-1.395075,-1.936521,0
-0.014742,0.706321,0
-0.952844,-1.901288,0
0.195204,-0.191387,0
-0.735585,-1.263842,0
-1.933151,-1.283653,0
-1.209207,-0.042319,0
-1.338023,1.207819,0
0.199097,0.029639,0
-1.114899,0.026323,0
-2.054636,-1.916167,0
0.656034,-1.234513,0
-1.939749,-0.136571,0
-1.738770,0.305786,0
0.567337,-0.235932,0
-1.265337,-2.218699,0
0.200806,-0.467235,0
-1.365201,-2.005673,0
-0.671949,-1.378796,0
0.016117,-2.554242,0
-0.755587,1.089079,0
-2.476054,0.073915,0
-1.201523,-0.555717,0
-0.741751,-3.268956,0
-0.748926,-1.401026,0
-1.388321,1.208459,0
-1.817983,-0.954680,0
-1.948220,1.879207,0
0.764644,-3.062377,0
-2.238622,0.552541,0
-0.493844,-2.406319,0
-1.855068,0.532294,0
-1.556700,-1.354187,0
-2.901657,-2.179853,0
-0.682221,-1.221623,0
-0.473348,-1.476515,0
-3.147026,-3.453208,0
-1.601123,0.469036,0
-1.538794,-1.548803,0
-3.292937,-1.400606,0
1.101117,-1.812542,0
-0.953886,-1.468363,0
-1.356527,-0.647055,0
-1.113076,-0.632554,0
-0.360803,2.399508,0
-1.146384,0.049981,0
0.535066,-0.539859,0
-1.070546,-1.757285,0
-2.291981,-0.391846,0
-0.702825,-1.730949,0
0.946996,-2.558413,0
-1.069215,-1.424293,0
-0.187271,-0.804260,0
-1.995977,-1.357349,0
-0.577532,-2.177532,0
-0.555775,-0.727344,0
-0.409166,-2.591179,0
1.643836,-2.390115,0
-0.732666,-0.429969,0
-0.092344,-1.163348,0
-0.520471,-0.256619,0
-1.832079,-1.054294,0
-2.055630,-0.736161,0
-3.767907,-1.335328,0
-1.866726,-1.515659,0
0.233633,-0.626910,0
-0.245778,-2.053023,0
-0.605600,-1.896223,0
-2.903461,-0.377623,0
-0.668915,-1.228483,0
-0.879214,-0.363609,0
-1.516634,-1.244235,0
-0.266829,0.525801,0
-0.887654,-2.155942,0
1.595620,-0.026577,0
2.132474,-1.201942,0
-2.604200,-0.464585,0
-0.768727,-2.297973,0
-1.571809,-1.550421,0
-2.896627,-0.618493,0
-0.073543,-0.496423,0
-2.275960,0.554697,0
-1.142465,-1.207782,0
0.109414,-2.410414,0
-0.724204,-1.438098,0
-0.470794,-1.267269,0
-2.720500,-0.711568,0
-0.178728,0.769220,0
-0.160885,-0.594005,0
-1.414052,-1.352983,0
-1.697172,-3.958610,0
-1.129411,-0.542096,0
-0.901730,0.440096,0
-1.724453,0.925114,0
-1.963501,-2.613910,0
-1.730283,-1.123253,0
1.383262,-0.251722,0
-1.031873,-0.047481,0
-1.634328,-1.131019,0
0.569383,-0.261516,0
-3.273512,-0.897713,0
-2.242635,-0.833873,0
-1.214053,-2.091079,0
-1.411668,-2.012088,0
-1.983491,-0.719675,0
-0.862477,-0.469963,0
-1.481369,0.464458,0
-1.364031,-1.220116,0
-0.102967,-1.640036,0
-0.399036,1.064026,0
-1.966785,-0.346418,0
-1.080540,-0.806312,0
-2.754054,-1.093660,0
1.947234,-2.535076,0
-2.386894,-0.164439,0
-0.927416,-0.346176,0
-0.693836,-0.943987,0
-1.223878,-0.340414,0
-1.668229,-0.322996,0
-0.701420,-0.946478,0
-2.047125,-1.748584,0
-0.893662,-2.044471,0
-1.664092,-0.744405,0
-1.571673,-1.470400,0
-3.375165,-1.082285,0
-0.784150,0.756529,0
-2.258764,-1.877244,0
-1.639203,0.617995,0
0.381191,-0.970669,0
-1.870715,-0.135761,0
-2.737134,-2.025028,0
-1.948330,0.100202,0
-1.861211,-2.214475,0
-1.096270,0.167479,0
-1.009676,-1.671005,0
0.580803,-0.467556,0
-2.186618,-2.898467,0
-2.234429,-1.073209,0
-1.610976,0.530799,0
-1.075415,-0.411398,0
-2.380557,-1.810554,0
-2.029163,-0.646779,0
-1.540377,-1.461627,0
-1.595759,0.220133,0
-0.029306,0.437740,0
-0.527464,1.069681,0
0.018374,-0.419491,0
1.216229,0.101220,0
1.364075,-3.820879,0
0.133315,-0.302209,0
-1.431146,-1.535637,0
0.865009,-0.403959,0
0.000320,-1.275700,0
-0.598077,-0.663896,0
-1.580295,0.153774,0
-1.092417,-1.212963,0
0.356325,-1.736617,0
-3.064226,-2.108043,0
-2.298080,0.806754,0
-3.300582,-0.894053,0
-0.933456,-1.609952,0
0.080414,0.397014,0
-0.326191,0.127725,0
-1.299882,0.667993,0
0.054326,-2.534416,0
-0.089857,1.576842,0
-1.136574,-1.077514,0
1.448007,-1.446381,0
-2.967778,-0.254517,0
-0.456823,-1.918432,0
-0.638087,0.508689,0
-0.903138,-2.072508,0
-3.222612,-2.748716,0
-1.859699,-2.030636,0
0.381910,-1.203104,0
-1.075007,-1.222977,0
-1.382458,-1.497365,0
-0.882903,-2.875508,0
0.222097,2.198697,0
-1.199391,-1.974722,0
0.536926,-0.758400,0
0.648136,-1.923227,0
-0.495491,0.470325,0
-2.985087,-0.729867,0
0.462075,-2.214931,0
-1.638712,-2.448803,0
1.258879,-0.972037,0
-0.319313,-2.911459,0
-2.158564,-2.194903,0
-2.160471,-1.042258,0
0.079726,-0.279362,0
-1.898444,0.478689,0
-0.990832,-0.149996,0
-1.841299,-0.911810,0
-2.179339,0.231338,0
-2.657727,-0.073783,0
-1.731553,-1.792258,0
0.122468,-0.854097,0
-1.300092,-1.135335,0
-2.376737,-2.113294,0
-0.104613,-1.479981,0
0.027949,-1.039062,0
-2.098662,-3.082314,0
-2.114543,0.294886,0
-4.409107,-2.017360,0
-0.937857,-2.136916,0
-1.838235,-1.071339,0
0.320284,-2.881148,0
0.657682,-4.680662,0
0.111675,0.011119,0
0.905339,-0.963182,0
-2.801462,-2.055059,0
-1.750333,-1.909031,0
-0.373764,-0.906687,0
-2.595574,1.005943,0
-1.310135,-1.710058,0
-1.625343,-0.015980,0
0.367996,-1.585721,0
0.317839,0.021280,0
-0.537174,0.330868,0
0.105594,-1.828545,0
-2.654004,-0.970983,0
-1.789274,-1.339636,0
-1.676905,0.308816,0
-0.618546,-1.444654,0
0.617518,-0.613773,0
-0.325137,-0.953325,0
-0.014428,-2.104737,0
-3.199131,0.915667,0
-2.774428,-2.676099,0
-2.643994,-0.193689,0
-1.146056,-3.245786,0
-1.702785,-1.118203,0
-2.626046,-1.903719,0
-1.077595,-0.452629,0
0.168878,-2.525198,0
-2.295471,-1.697641,0
-1.794762,-1.662111,0
-1.223994,-0.058616,0
0.064520,1.366700,0
-0.649213,-0.725238,0
-0.888109,-1.211408,0
-0.017179,-1.654250,0
-0.179949,-1.544144,0
-1.911029,-0.989517,0
-0.884625,-1.816022,0
0.598182,-1.715882,0
-1.282390,-0.898801,0
-2.519003,-1.784900,0
-0.880504,-0.426236,0
-0.415660,-3.006980,0
0.875933,-0.113506,0
-1.648860,-0.364423,0
1.464407,-1.643261,0
-0.090556,-3.519484,0
0.305447,-1.618198,0
-1.974982,-0.841625,0
-1.996995,-0.826275,0
0.802994,0.336554,0
-1.379003,-2.163481,0
-0.930439,-0.705345,0
-0.624013,-0.697559,0
-0.905108,-2.471427,0
-1.114510,-2.998626,0
-1.826601,-1.350873,0
0.457304,-3.008227,0
-2.074585,-2.406194,0
-1.605460,-3.306361,0
-0.211262,-0.845046,0
-2.431426,-0.193841,0
-0.115992,-1.144280,0
-1.916430,-0.180143,0
-1.709736,-2.200410,0
-1.049058,-0.101672,0
-1.644334,-0.559066,0
-3.279482,-1.023669,0
-0.835849,-2.562790,0
-0.899119,-1.580781,0
-1.980419,0.499887,0
-1.590336,0.325765,0
0.363520,0.137310,0
0.955289,-1.501809,0
1.097168,-1.533369,0
0.170937,-3.434927,0
0.014368,0.106883,0
-2.442067,-1.823197,0
-0.010953,-1.538368,0
-2.553918,-0.336026,0
-2.267486,0.588764,0
-0.838619,-1.930016,0
0.096036,-2.471721,0
-0.502197,0.739192,0
-1.392828,-2.721980,0
-0.753641,-2.140468,0
-2.878855,-1.148340,0
-0.926719,1.675026,0
-1.549682,-1.042782,0
-0.338672,-1.622889,0
-0.493112,-1.113112,0
0.361017,-1.332285,0
-0.960962,-2.213597,0
-1.107935,-0.555335,0
-0.536904,-0.594876,0
0.996585,-0.305900,0
-2.118994,-1.629322,0
-2.604816,0.685166,0
0.853947,-0.753722,0
0.335485,-1.086902,0
0.518704,-2.269112,0
-1.247304,-0.583911,0
-1.706801,0.564397,0
-2.119081,0.145422,0
0.149601,-0.839773,0
-0.027514,0.977804,0
-0.335361,-3.039494,0
-1.348199,0.528644,0
-2.327007,-3.264119,0
0.025461,-0.398791,0
-1.542703,0.814607,0
-1.623641,-0.242727,0
0.034539,-0.735036,0
-1.609160,-0.061085,0
-1.511794,-3.968943,0
-0.770106,-0.534708,0
0.302213,-0.725875,0
-1.612430,-0.287568,0
-0.380721,-2.079587,0
1.245698,2.258576,0
-0.387490,-1.542546,0
-0.518926,-0.485431,0
-1.798969,-2.351961,0
-1.234256,-2.217847,0
-1.485885,-0.369728,0
-0.631534,-1.510691,0
-1.486531,0.487493,0
-1.905311,0.057720,0
-0.943602,-2.303881,0
-2.888028,-0.318036,0
-1.916068,-1.084240,0
-1.297644,-1.497319,0
-1.890412,-1.325675,0
-0.411633,-0.893354,0
-1.856547,-1.214518,0
-1.294724,-2.180851,0
-2.609565,1.185163,0
-0.374367,-1.811406,0
-0.344452,-0.216220,0
1.282331,-3.011655,0
-0.249872,1.726695,0
-1.158051,-0.802888,0
-2.646374,-0.508149,0
-0.587685,0.610334,0
-1.309126,0.283086,0
-2.024532,-0.130030,0
0.688279,-3.222352,0
-0.201134,-1.674630,0
-1.726170,0.174260,0
-0.409158,-2.144865,0
-2.508654,-0.369287,0
-1.256575,-1.342625,0
-2.235170,-1.041996,0
-0.646518,0.276054,0
-1.764230,-0.185592,0
-0.913448,-2.681612,0
-3.706036,-0.930373,0
-0.134750,0.134017,0
-1.254349,-0.566430,0
-1.447115,0.241630,0
-3.152549,-0.324303,0
-2.052297,-0.569148,0
-0.435352,-0.855750,0
-0.508765,-1.453387,0
-2.466465,-2.070721,0
-0.746866,-2.141545,0
-1.730360,0.740292,0
-2.686209,-0.294272,0
1.083879,-1.118235,0
0.189557,-2.466767,0
-2.533028,-0.029988,0
-2.351307,1.251771,0
-0.468263,-0.214008,0
-2.128803,-0.681650,0
0.455813,-1.733820,0
-1.924548,-1.576132,0
-2.408387,-1.570353,0
-1.689354,0.863676,0
-0.860223,-0.158279,0
0.430848,-2.229575,0
0.086469,-0.952036,0
-2.526815,0.785210,0
-1.707931,-1.688926,0
0.991532,-1.216869,0
-1.542409,-1.708493,0
-0.722505,0.711822,0
-1.084855,0.456710,0
0.183666,-0.456373,0
1.086460,-2.804810,0
0.912529,-0.828060,0
-0.557293,-2.155979,0
-1.072846,-2.269787,0
-1.028933,-2.074072,0
-2.024266,0.362519,0
-0.553648,-2.890511,0
-0.201445,-0.305299,0
0.626898,-3.532813,0
-1.137892,-1.627285,0
1.141632,1.152864,0
-0.982195,-0.372624,0
-1.056154,-1.442653,0
-1.417320,-0.376186,0
-1.008712,-0.166047,0
-1.774030,-0.694379,0
-0.306910,-1.382047,0
-0.295020,-1.417491,0
0.277732,0.135249,0
-2.161413,0.963353,0
-1.196645,-0.816072,0
0.154586,-2.635590,0
-1.518886,-0.561099,0
-1.226654,-3.109289,0
-0.368598,0.227132,0
-0.196675,-0.333755,0
-1.659809,-1.930164,0
0.530966,-2.199351,0
-0.234499,-1.247799,0
0.568225,-0.568783,0
-1.569517,-2.012229,0
-1.234313,-0.913444,0
-1.102140,-0.046950,0
-3.101579,-1.001895,0
0.125202,-1.984604,0
-2.312368,-1.364763,0
0.060200,0.010306,0
-1.841806,-2.575954,0
-1.936064,1.156511,0
-1.826574,0.018978,0
0.165636,-2.170748,0
-1.891577,-3.130984,0
-0.937287,-1.069247,0
-0.146704,-2.020729,0
-0.489320,0.040877,0
-1.086547,-2.329469,0
-1.952479,-1.999389,0
-2.177411,-0.991428,0
-0.159396,-1.844259,0
0.498129,-0.502751,0
0.138073,-0.832911,0
-1.959650,-0.058691,0
-1.268092,-2.464549,0
0.006589,1.401632,0
-1.333180,-1.563345,0
2.810471,-1.042523,0
-2.452702,-0.988957,0
0.242408,0.613898,0
-0.454563,-0.351770,0
0.477858,-1.374863,0
0.355276,-2.930533,0
-1.508140,-3.370775,0
-0.564086,-0.957270,0
-0.881690,-1.069564,0
-0.686013,-0.649010,0
-1.552976,-0.972981,0
-1.069642,-2.937442,0
-2.535358,-1.243579,0
-3.754503,-2.750395,0
1.499288,-1.960686,0
-0.449721,-0.207523,0
-0.218946,-2.209514,0
-3.523920,-1.255578,0
-0.125900,-1.058855,0
-1.887357,-0.005918,0
-1.585042,-0.523538,0
-1.417110,-0.401340,0
-1.221487,-1.160068,0
0.077454,0.294496,0
-0.610270,-1.556219,0
-2.942205,-0.433435,0
0.345662,-1.725037,0
-2.072448,-0.876346,0
-1.404471,-2.051149,0
-2.317414,-3.129336,0
-1.210414,-2.205697,0
-1.903220,-0.004468,0
-2.371940,-3.555871,0
-1.167052,-1.094027,0
-1.755407,-1.949832,0
0.521679,-0.555200,0
0.429651,0.142321,0
-0.546837,-1.246889,0
0.872148,-2.730844,0
0.036387,1.051335,0
1.166145,-2.473735,0
-0.024653,0.364132,0
-0.897458,-1.569893,0
-1.358270,0.243494,0
0.711071,-1.388952,0
0.367488,1.249853,0
1.954244,-2.320719,0
1.564964,0.459556,0
-0.395292,-1.351479,0
0.312444,-1.044157,0
-1.310779,0.901952,0
-1.643552,-0.356819,0
-2.791867,-2.805928,0
-1.432661,-1.865762,0
1.631580,-0.321822,0
-0.462675,1.532284,0
0.351408,0.093766,0
-0.979549,-0.202945,0
-1.287614,-0.629214,0
-1.819037,-2.700510,0
-1.712306,-0.493693,0
0.350773,-0.236845,0
-0.991990,-0.156415,0
-1.119891,-1.837453,0
-0.448340,-2.179702,0
-0.717370,-2.182914,0
0.161290,0.681391,0
-1.203044,-1.355274,0
-0.536170,1.011782,0
-0.992048,0.436349,0
-2.524211,-1.118293,0
-1.119561,-2.214530,0
-0.951411,-0.301327,0
-0.258783,-3.242325,0
0.955770,-1.387549,0
-0.263458,1.147118,0
-0.620241,-1.434449,0
0.156000,0.298857,0
-0.399382,-1.360524,0
-0.828107,-2.017847,0
-1.083474,-0.885308,0
1.424120,-0.754063,0
-1.592670,0.539253,0
-0.542494,-2.277592,0
-0.822353,-1.712488,0
0.599215,0.995021,0
-2.927863,-0.334243,0
-0.292766,0.010723,0
0.158688,-0.529115,0
-1.266564,-2.891110,0
-1.077986,-1.516941,0
-3.571168,-0.104161,0
-1.744872,-1.543295,0
-1.902008,0.732231,0
-1.532167,-0.867565,0
-1.099874,-1.164965,0
-0.326377,-0.457065,0
-1.784267,-2.614323,0
-2.295960,-0.649300,0
-0.010366,-0.077444,0
-3.178349,-1.557170,0
-1.463815,0.689556,0
-1.823594,-1.403865,0
-1.646947,-1.698686,0
-1.717688,0.378407,0
1.223459,-0.319569,0
-0.391187,-1.611629,0
-1.949968,-1.952271,0
-0.270222,-2.469735,0
-0.100987,-1.439819,0
-0.215164,-1.776606,0
-0.879352,0.346446,0
-1.296545,1.030517,0
-1.396196,-1.129359,0
-1.547707,-0.774098,0
-2.587161,-1.745955,0
0.265052,-1.280343,0
-1.678905,-2.518491,0
-0.900297,-0.981388,0
-1.203184,-0.312376,0
-2.158769,-0.063533,0
-1.419724,0.073028,0
-0.529718,-0.134704,0
-1.286827,-0.151868,0
-1.685686,0.292136,0
-1.364864,-0.576797,0
-1.272542,-2.252549,0
-2.775420,-0.562671,0
-0.518445,-1.100170,0
-2.176733,-4.444692,0
-0.588290,-3.200830,0
-0.650249,-0.619908,0
-0.550079,-1.989869,0
-1.413108,-2.988933,0
-0.202854,-0.922270,0
-2.373112,-0.250029,0
-2.422135,-3.938693,0
0.669244,0.249028,0
-2.981705,0.926037,0
-0.690793,-1.929358,0
-1.025685,-0.144750,0
-1.649355,-0.684763,0
-0.738520,-1.274071,0
-2.175677,-1.193780,0
-0.805118,0.693412,0
-0.268629,0.303085,0
-0.210831,-0.580366,0
-1.737087,-2.853805,0
-0.261302,-2.642479,0
-0.488718,-2.833779,0
-0.747718,-0.757849,0
-1.162922,-1.702148,0
-1.880324,0.028909,0
-1.195711,-2.004668,0
-0.297591,-0.825085,0
-1.150493,-1.261787,0
-0.481353,-0.771431,0
-0.910054,-1.276951,0
-1.213166,-2.035617,0
-2.409995,-0.087357,0
-3.021370,-0.896837,0
-0.373589,0.358631,0
-2.017229,-0.041844,0
-0.008858,-0.935379,0
-1.520919,-1.980713,0
-2.027922,-1.336571,0
-2.298231,-2.415748,0
-1.036499,-1.302170,0
-1.598318,-0.896209,0
-1.329799,0.732392,0
-1.379133,-1.927736,0
-1.522774,-0.994729,0
-1.456323,-0.613685,0
-1.138577,-0.131109,0
-2.133481,-0.933438,0
-1.854237,-1.553608,0
-1.708481,0.247103,0
-1.687690,-1.429460,0
-2.057140,-2.521598,0
-0.987068,-0.254424,0
-3.813503,-0.391858,0
-2.304969,-1.730772,0
1.591275,-0.407335,0
-2.603827,-0.714771,0
-2.740976,-2.623307,0
-1.230190,-1.006504,0
-0.834787,-0.555098,0
-0.689998,-2.277339,0
-0.318350,-2.104994,0
0.229568,-0.590086,0
-1.942483,1.303906,0
-2.335838,-2.068722,0
-0.559112,-0.470867,0
-1.052282,-2.318561,0
-2.855822,-2.338170,0
-1.830697,-0.034367,0
2.367275,-0.932599,0
0.714199,-3.032268,0
-0.992915,-1.302124,0
-1.478354,-0.684669,0
-1.114975,-1.695358,0
-0.218760,-1.053213,0
-1.278902,1.377841,0
-1.321764,0.114119,0
-0.660334,-1.995435,0
-2.145638,-0.007439,0
-2.550752,-0.601740,0
0.114141,0.395440,0
-2.419175,-0.026625,0
-2.514334,-2.550152,0
-1.345551,0.029426,0
0.135729,-0.042337,0
-1.370910,-1.067783,0
0.539160,-1.282629,0
-0.513005,-3.672246,0
-2.362739,-0.995102,0
-1.335832,-3.011089,0
-0.409105,-0.597195,0
0.721554,-1.285172,0
-0.574622,1.400473,0
-1.768946,-1.684749,0
-0.202306,0.950883,0
-0.638564,-0.478194,0
-1.481019,-2.403260,0
-0.124935,-0.501988,0
-0.254502,-1.501599,0
-0.387679,-2.769928,0
-0.429442,0.195268,0
-2.186393,-0.586054,0
-0.533290,-0.841093,0
1.366406,-0.351993,0
1.233499,-0.809782,0
-0.468142,-1.187045,0
-0.919779,-1.114527,0
0.926206,-2.523426,0
-0.963908,-2.247019,0
-0.957485,-1.938086,0
-0.577123,-1.159842,0
-2.170025,-1.947198,0
-0.695702,-0.637167,0
-1.072429,-0.413125,0
-1.832839,-1.293435,0
-1.452692,-2.032464,0
-2.031322,-0.047716,0
-1.592641,-2.128118,0
-3.318621,-2.377289,0
-0.468486,-0.746060,0
-3.052141,-0.516803,0
-3.461899,-0.792589,0
-1.415391,-1.826700,0
-0.517553,-2.576035,0
-2.371757,-0.458326,0
-1.054881,-0.998322,0
-3.537873,-1.739980,0
-1.612561,-1.004676,0
-1.926416,-2.328769,0
-1.813997,-0.147455,0
-1.410639,-2.306907,0
-1.742339,-1.344433,0
-2.073261,-1.320739,0
-0.638443,-0.554205,0
0.447562,-1.380451,0
-2.636381,-1.530808,0
-2.118115,-0.235659,0
-2.860231,-0.992519,0
-0.547155,-1.298612,0
-2.577302,-1.311657,0
0.625744,-1.250982,0
-0.572323,-0.493785,0
-2.650221,0.873653,0
-1.054650,-1.339639,0
0.144047,-1.964443,0
0.583458,-1.486276,0
-0.680099,-2.812595,0
-0.964090,0.215826,0
-0.764324,-1.260668,0
0.233531,-3.592087,0
-1.296071,-0.223836,0
-1.486412,0.163251,0
-1.545853,-1.534410,0
-0.768720,1.546914,0
-2.516233,0.475904,0
-0.150370,-1.286156,0
-1.839974,-0.974219,0
-0.635029,-0.720972,0
-2.283175,-1.172815,0
-0.370572,-2.441906,0
-1.839687,-0.979714,0
-1.457558,-0.582871,0
1.068458,-0.335147,0
-1.359749,-2.595259,0
-1.350211,-0.709989,0
-1.283602,-2.261589,0
-1.435119,-1.679086,0
0.052859,-1.757356,0
-1.484259,-1.022219,0
-0.772739,-0.156512,0
-1.215150,-2.968084,0
-0.044167,1.154996,0
-0.998484,-1.810648,0
-0.371327,-0.610622,0
0.247060,-0.177811,0
-1.420098,-1.306565,0
-0.566686,-1.541921,0
-1.015173,-3.615751,0
-1.788924,-1.570937,0
0.734081,-0.851042,0
-2.987958,-2.664274,0
-1.665184,-0.342857,0
-2.587578,-2.913275,0
-0.660714,-2.256493,0
0.426842,-0.135353,0
0.390155,-1.757781,0
-1.191013,-1.073974,0
-2.214283,-0.842283,0
-1.022669,0.733125,0
-0.790782,-1.087577,0
-1.640409,-1.283512,0
-0.541783,-2.942792,0
-0.629181,0.267700,0
-0.672375,-1.213934,0
-2.829875,-0.879905,0
-1.255130,-1.214736,0
0.276264,0.372394,0
-0.658994,-2.465675,0
-1.145865,-0.329787,0
-2.548982,0.418307,0
-0.501969,-0.315997,0
-2.122619,-2.002935,0
-1.188913,-3.351112,0
-0.770547,0.132725,0
-0.902855,-0.759240,0
-0.934310,-2.102956,0
0.718632,2.146393,0
-0.246811,-1.857442,0
-0.072132,-0.526548,0
0.414288,-0.561084,0
-2.186449,-2.691945,0
-2.064779,-0.605031,0
0.571411,-1.030754,0
-0.340930,-0.037304,0
-0.662300,-1.267231,0
-3.810883,-0.905860,0
-1.333651,1.796074,0
1.439167,-2.289400,0
-0.051495,-1.280057,0
0.893231,0.056760,0
-1.278323,-2.322022,0
-0.392796,-0.899845,0
-0.631144,-0.695001,0
-1.825353,-0.256920,0
-1.501794,-1.628111,0
-0.978369,0.069813,0
-1.548467,-1.539603,0
0.434532,-2.995814,0
-2.011845,-1.591668,0
0.208925,-1.279013,0
-4.025454,-3.433393,0
-0.028344,-1.773069,0
-1.572079,-4.798835,0
-0.110884,-1.493937,0
0.251094,-0.090972,0
-0.823190,-1.123388,0
-1.685398,-0.193906,0
0.600645,-0.362182,0
-1.782361,-1.271238,0
-0.829395,-1.054059,0
-2.471012,-2.349379,0
-0.434701,-2.916203,0
-0.685264,-0.697937,0
-1.705503,-1.638479,0
1.167129,-1.599947,0
-1.010485,-1.985429,0
-1.281818,-1.132647,0
-0.219622,-0.080185,0
-0.256645,-3.342829,0
-1.753976,-0.280232,0
-1.521299,-0.844720,0
-2.947569,-0.090317,0
1.230835,0.884877,0
0.653503,-2.294030,0
-1.463234,-3.652279,0
-1.884698,-2.923576,0
-1.027054,-1.901232,0
1.209423,0.243982,0
-0.941985,-0.165676,0
-2.195430,-0.675791,0
-1.959935,-0.637980,0
-1.799889,-1.392834,0
-2.601904,-0.138567,0
-2.904112,-1.629812,0
-0.464198,-1.776285,0
-1.932868,-1.713253,0
0.825073,-1.521448,0
-0.700301,-2.440110,0
-0.758764,-0.530558,0
-0.576896,-2.121922,0
-1.932255,-1.138488,0
-0.528201,-1.670093,0
-1.098109,-0.391221,0
-0.418936,-0.369015,0
0.212588,0.097801,0
-0.589543,-1.277215,0
-1.300531,-0.384804,0
-0.348992,-2.170448,0
-0.554525,-1.360014,0
-2.283006,-2.565301,0
0.158939,-0.692468,0
0.959464,-1.830950,0
-0.056797,-0.886028,0
-1.295990,-0.439416,0
-1.043400,-0.784040,0
-2.677309,-1.010483,0
-1.447268,-1.149920,0
-1.047201,-0.397882,0
-2.456665,-0.695285,0
0.156675,0.183445,0
-1.945860,-3.836278,0
-2.201893,-1.284618,0
-3.537881,-0.748809,0
-1.302546,-1.162325,0
-0.901763,1.018916,0
0.141840,0.281309,0
-0.040503,-2.725080,0
0.061447,-0.246934,0
-1.296852,-1.074113,0
0.179060,-1.309998,0
-0.423303,-0.237567,0
-1.649630,-1.198937,0
0.232891,1.320530,0
0.398407,-3.154222,0
-0.739956,-1.096392,0
-0.013177,-3.043774,0
-1.536220,-3.085886,0
0.223768,-0.442345,0
-0.451336,-1.482565,0
-1.683725,-3.190337,0
-1.809511,-1.906287,0
-0.969205,-1.718609,0
0.846381,0.234259,0
-0.803059,0.156040,0
-0.757409,-1.390649,0
-2.336364,0.511889,0
-2.956843,-0.992992,0
0.599877,-1.071642,0
-1.800666,-1.746135,0
-2.542579,-1.612326,0
-0.884436,-2.186731,0
-0.449713,-1.518769,0
-1.475317,-1.558728,0
0.477634,0.527884,0
-1.316268,-1.687200,0
-1.779717,-0.899792,0
-1.296313,-1.414666,0
-1.868887,-1.659697,0
0.145608,-1.791172,0
-0.763118,-0.458711,0
-1.436672,-1.320998,0
-2.415917,-1.580728,0
-0.991005,-1.455374,0
-0.618858,-1.783906,0
-1.968693,-1.362767,0
-3.721328,-0.277495,0
0.821383,-1.689610,0
-1.208553,-1.066344,0
-1.409881,-1.824535,0
-0.183961,-1.121301,0
-0.316969,-2.321493,0
-2.254645,-0.238842,0
-0.804900,-2.878474,0
-2.148571,-2.025992,0
-2.950796,-0.812012,0
-0.799251,1.120966,0
-0.383214,-0.477936,0
-0.819012,0.659887,0
-0.527022,-2.932932,0
-3.547120,0.927671,0
-1.344889,-2.250328,0
-0.226664,-2.790128,0
0.328473,-0.756844,0
-0.673700,-1.611459,0
-2.928410,-1.149513,0
-0.181469,-0.996130,0
-0.972407,-2.028303,0
-1.650398,-1.219436,0
-1.751719,-0.361561,0
-1.230839,0.235058,0
-2.084739,-0.533073,0
-1.373474,-0.935009,0
-1.105313,-0.997349,0
-0.738245,-1.350648,0
-0.800580,-0.563353,0
-1.042910,-2.398762,0
-2.831106,-0.597841,0
-2.526216,-1.615904,0
-0.480930,-1.459260,0
-2.366856,-0.722605,0
-2.636980,-0.353442,0
-0.955685,-1.795990,0
-2.079814,-0.777474,0
-1.100533,0.719276,0
-0.059848,-1.736607,0
-0.959725,-1.577430,0
-0.992446,0.811772,0
-1.672871,-1.400135,0
-1.380153,-1.002777,0
-1.354221,-1.380987,0
-0.679730,-2.333911,0
-1.706055,-0.629906,0
-2.379504,-0.607291,0
-0.145983,1.170563,0
-0.634947,2.033626,0
-0.280614,0.893185,0
-3.696731,0.663912,0
0.435874,-2.616140,0
-0.450056,-0.734093,0
-1.480085,2.585838,0
-2.617892,-0.131881,0
1.791763,0.108513,0
-0.776428,0.677688,0
-1.743303,-0.118381,0
-2.700272,0.033924,0
-1.646529,-3.051967,0
-0.240453,0.740394,0
-1.975997,-0.535300,0
-1.536695,1.152274,0
0.094785,-0.739359,0
-1.646151,0.197887,0
-0.769018,0.052568,0
-1.422613,-1.302214,0
-0.781049,-0.868447,0
-0.191617,-1.619766,0
-0.717048,-0.951501,0
-1.762723,-0.480682,0
-1.564194,0.665437,0
-0.957382,-0.229730,0
-0.584856,-2.779262,0
-0.716950,-2.308417,0
-2.539323,0.653450,0
1.716719,-1.050174,0
-0.261958,-0.579318,0
-1.290767,-2.106693,0
-0.566580,-1.191503,0
-2.639604,-1.236783,0
-2.467028,-2.566156,0
-0.302879,-1.529798,0
-2.292978,-2.780098,0
-0.859018,0.248442,0
-2.484987,-1.733253,0
-1.981877,0.747385,0
-1.729927,-1.906102,0
2.046504,-2.561658,0
-1.383945,-1.862431,0
-0.761684,-0.536412,0
1.402107,-0.482223,0
-0.358706,-1.050261,0
-0.292863,-0.240394,0
-0.190838,-0.000093,0
0.180650,-1.729674,0
-1.419982,-1.575165,0
-0.833907,-2.803416,0
-2.687127,-1.649081,0
-1.116970,-0.717076,0
-3.336191,-0.072285,0
-2.957334,-1.039503,0
-1.014061,2.322948,0
1.261263,-1.804315,0
-1.211414,1.147268,0
-0.720936,-1.418529,0
-0.296520,-1.153940,0
0.471201,-0.582992,0
-1.553405,-0.910895,0
-3.328486,0.085507,0
0.429325,0.208310,0
-2.051705,-0.979021,0
-1.277061,0.933182,0
-1.690750,-0.314167,0
-2.735780,-1.629569,0
-1.591831,-0.590454,0
0.179030,-1.867646,0
1.389047,-2.899504,0
-0.331790,-1.306949,0
-0.912942,-1.020024,0
-2.429518,0.768080,0
0.535428,-0.523629,0
-0.095802,-1.314244,0
-2.079672,-1.984232,0
-2.340321,-0.846919,0
-1.486363,-0.850351,0
-2.041748,-2.227319,0
-0.437272,-1.205835,0
-1.413217,-0.623780,0
-0.674017,-0.754724,0
-0.809966,-1.265278,0
-1.578483,0.293520,0
-2.864237,-1.450896,0
-2.224996,-0.611052,0
0.227760,-1.374614,0
-1.111928,-1.667538,0
-0.151344,-1.768076,0
-3.647385,-1.381407,0
-2.921657,0.309777,0
-0.689954,-1.124582,0
-2.619074,-2.059865,0
-1.373671,-0.694344,0
-3.410453,-1.477283,0
-0.709607,0.098667,0
-3.443323,-1.372117,0
-0.835243,-1.037091,0
-2.441676,-0.615601,0
-0.460121,-2.923897,0
1.158402,0.937610,0
-1.507307,-1.131501,0
-0.363252,-0.024745,0
0.023017,-2.502877,0
-0.688404,-1.937126,0
-0.359708,0.481860,0
-1.027328,-1.681727,0
0.096755,-0.361466,0
-1.409748,-2.531195,0
-1.768752,-0.051807,0
-1.385493,-0.710619,0
-2.426837,-0.778038,0
-0.793207,-0.711319,0
-0.065751,-2.425556,0
-1.358967,-2.068544,0
-0.969210,-0.866749,0
-1.684905,-1.407567,0
-1.249000,-0.655503,0
-1.192514,-0.943775,0
-0.650672,-0.973710,0
-1.348062,-1.021877,0
-1.850528,-1.025895,0
-2.130053,-0.734698,0
-1.279090,-0.226085,0
-1.402777,-0.220417,0
-0.567550,-1.774688,0
-3.861220,-1.955347,0
-2.252752,-0.337312,0
-1.060725,-0.156049,0
-0.915910,-1.110935,0
-0.597883,-0.679651,0
-1.004237,-1.073805,0
-0.499818,-1.100180,0
-2.248871,0.155007,0
-1.858610,-0.985313,0
-0.249290,-0.748252,0
1.064054,-0.822453,0
0.351222,-0.832761,0
0.384243,-1.355642,0
-0.397640,-0.521462,0
-0.596722,2.183141,0
-1.151533,-1.633418,0
-0.567369,-1.709850,0
-0.929585,-0.060591,0
0.165804,0.171060,0
-0.927756,-1.007982,0
0.941620,-0.338886,0
-1.291188,-3.889183,0
0.124159,-1.218081,0
-0.707301,-1.598419,0
0.575323,-1.614310,0
-1.318657,0.541215,0
-0.894993,-0.711285,0
-2.122674,-0.431605,0
0.155840,-0.676406,0
-1.360148,-1.760016,0
-0.895625,0.261286,0
0.139867,-1.331443,0
-0.927548,-1.097700,0
-1.076099,-1.990069,0
-1.506057,-3.301874,0
-1.622183,-2.426231,0
0.861796,-2.115663,0
0.589447,-0.241721,0
-1.111583,-1.045933,0
-1.585858,-0.209627,0
-1.032341,-0.987183,0
-3.917221,-2.637429,0
-0.467365,-0.683024,0
-1.468502,-1.252109,0
-2.279258,1.111996,0
-2.325466,-2.944249,0
-1.042268,-1.987175,0
-0.369403,-0.513724,0
-1.746198,-1.702175,0
-1.644584,-2.087186,0
-2.187024,-2.103708,0
-1.782558,0.146873,0
-1.577456,-1.794898,0
0.241268,-1.744667,0
-1.982633,-0.588474,0
-0.797322,-1.081190,0
-1.023264,-3.959639,0
0.047267,-1.059797,0
-0.642696,1.308841,0
-1.804979,0.122294,0
-1.431972,-0.735932,0
-1.543041,-2.582893,0
-1.135334,-1.898739,0
-2.908437,0.952778,0
-1.254032,-0.121020,0
-1.352664,0.427673,0
-0.202477,-1.352174,0
-1.141201,-0.292455,0
-1.251710,-2.323824,0
-2.137675,0.511934,0
-0.833571,-0.197756,0
-1.345453,-1.655910,0
1.284494,-1.479429,0
-1.073380,1.168527,0
-1.283980,-0.842488,0
-0.022843,0.696635,0
-1.823519,-0.406362,0
-1.852496,1.084732,0
-1.726333,0.529462,0
-2.347675,0.546205,0
0.170547,-0.592970,0
-0.476559,-2.909408,0
-2.671867,-2.044759,0
0.027423,-0.903238,0
-2.784492,-2.429105,0
-1.106511,-1.802952,0
-0.877797,-0.381018,0
0.001453,-1.738710,0
-0.152550,0.568076,0
-1.316765,-2.133880,0
0.304525,-0.742465,0
-1.586042,-1.585726,0
-0.666433,-1.217002,0
-0.136478,-1.855043,0
-1.926520,-1.557682,0
-3.071232,0.349645,0
-1.162812,0.798291,0
-1.849952,-1.730505,0
-0.513583,-1.273890,0
-2.114264,-1.627838,0
-1.246731,0.125261,0
-1.502618,-0.914428,0
-3.059681,-0.208142,0
-1.268798,-0.096406,0
-0.495984,-1.974048,0
0.815269,-2.621306,0
-1.641781,-0.057917,0
-0.123269,-2.410963,0
-0.799947,-0.273156,0
-0.645372,-2.097640,0
-1.930644,1.252986,0
-0.819451,-0.289110,0
-1.157057,-1.106106,0
-0.152682,-2.850906,0
-0.586193,-1.831992,0
0.710164,-1.489539,0
-1.099020,-1.140650,0
-2.332657,1.022597,0
-1.128120,-2.755151,0
-0.776294,-0.976616,0
0.466797,-0.650481,0
-2.194804,-1.131977,0
0.724985,-2.393012,0
-2.861354,-0.905574,0
-1.309037,-2.590159,0
-2.673327,-1.336617,0
-1.956075,-1.037600,0
-0.679587,-2.154578,0
-1.615829,-3.078856,0
-0.735684,-0.579720,0
-0.166592,-2.103095,0
-0.045128,0.191519,0
0.081640,-2.479984,0
-0.301305,-0.188364,0
-1.534791,0.856576,0
-2.942054,-1.573945,0
-1.156990,-1.057313,0
-0.339169,-1.344265,0
-1.993117,-1.044262,0
-2.248226,-0.830627,0
-2.276574,-1.926249,0
-0.542273,0.138795,0
-1.954532,0.127230,0
-1.644738,-1.087684,0
-2.145032,-0.185631,0
0.160085,-2.810010,0
-0.758518,0.482736,0
0.426680,-0.599577,0
-1.492397,-0.450998,0
-0.037385,0.663097,0
-0.210104,2.875330,0
-1.001609,-1.659585,0
-1.542804,0.361907,0
-3.014312,0.396601,0
-0.499426,0.762524,0
-0.101013,-2.384958,0
0.447892,-2.376864,0
-2.740995,-0.868093,0
-1.704075,-0.047589,0
-1.223410,0.062844,0
1.001867,-2.752217,0
-1.037834,-0.810471,0
-1.395963,-3.146926,0
-3.359619,-1.199988,0
-1.076934,-0.313673,0
-1.892327,-1.951872,0
-1.466293,0.204387,0
-4.042287,-1.198104,0
-1.868412,-3.538263,0
-1.445103,-0.754066,0
1.213150,-1.515583,0
-0.647562,-2.607107,0
-1.211724,0.444101,0
-2.541274,0.737836,0
0.070628,-0.223711,0
-1.059932,-0.246732,0
-0.165222,0.061717,0
-0.445472,-1.419868,0
0.024203,-1.827652,0
-2.722044,-0.435241,0
-2.198370,-1.261529,0
-0.560851,-2.856090,0
-0.886531,-2.279280,0
-1.452354,-1.700534,0
-1.653532,-0.692884,0
-2.190424,0.245594,0
-1.546557,1.035825,0
0.176584,-0.017872,0
-1.338642,-1.468793,0
-0.896600,-1.160894,0
0.682891,0.790915,0
-4.511408,-1.044517,0
-0.506783,0.138209,0
-1.508083,0.554249,0
-1.583498,-1.664265,0
-0.570439,-0.500192,0
-0.568602,-0.868320,0
-0.992858,-0.285589,0
-1.405682,-1.275373,0
-2.356220,-1.543102,0
0.178698,-1.843659,0
-0.994146,1.835759,0
-2.057080,0.142098,0
-0.990213,-1.070391,0
-0.682947,-0.318293,0
0.081601,-1.186273,0
-1.649962,-2.171826,0
0.355798,-0.173581,0
-2.821163,-0.944384,0
-2.375709,-0.708529,0
-2.641927,-0.906168,0
-1.586892,-1.272708,0
-2.131435,-0.090563,0
0.337579,-1.516570,0
0.304041,0.243750,0
0.935836,-0.058141,0
-1.205906,-0.408416,0
-1.689028,1.246203,0
-0.678463,-0.903561,0
0.312379,-1.130943,0
-1.288832,-1.552779,0
-3.726691,-1.972668,0
-1.559139,-0.743971,0
-1.105804,-0.046118,0
1.366495,0.731420,0
0.132380,-0.082199,0
-1.021329,-0.544545,0
-1.546801,-0.274455,0
-1.946895,-1.481461,0
1.376735,-2.311835,0
-1.880346,-0.304594,0
-0.752204,-2.800795,0
-0.578591,0.210961,0
-1.019862,0.906073,0
-1.018810,-1.936367,0
-1.221739,-1.220360,0
-2.490613,-0.761685,0
0.449864,-1.154472,0
-0.916800,2.286692,0
-0.767019,-2.217687,0
-3.115938,-0.932327,0
-2.994396,-0.158536,0
0.086590,-1.160713,0
-0.583546,-2.223057,0
-1.807252,-0.905563,0
-2.378374,-2.657678,0
-0.987060,0.904102,0
-1.204540,-1.637691,0
-1.473899,0.176519,0
0.185355,-2.436622,0
-0.768750,0.880801,0
-0.429840,-1.431735,0
-1.347595,-0.634660,0
-0.235262,-0.453738,0
-0.435832,-0.291417,0
-0.137114,-1.800042,0
0.536000,-0.260274,0
-0.892139,-0.224389,0
-2.597285,-0.356425,0
-0.712747,-0.606428,0
-2.037307,-2.922593,0
-2.112265,-1.606983,0
-0.642935,0.410003,0
-0.802328,-1.145190,0
-1.771557,-0.586702,0
1.789161,-1.335361,0
-0.515368,-0.608000,0
-3.172115,0.132452,0
-0.112771,-2.209839,0
-2.761290,-0.887908,0
-0.966776,-2.581391,0
-0.179795,-0.497501,0
1.331557,-0.523394,0
-3.171675,-0.599316,0
-2.893018,-1.210424,0
-2.585175,-1.367801,0
0.705410,-3.255904,0
0.072064,1.006325,0
-0.992216,-1.333437,0
-1.301682,-1.573132,0
-1.833667,-0.050159,0
-1.908001,-1.672586,0
-0.899951,-0.771640,0
-1.219496,0.905784,0
-1.155622,-0.782312,0
0.241731,-2.044976,0
1.520816,-1.104402,0
0.524397,-2.268843,0
-2.762902,-2.210608,0
0.773869,-1.557692,0
1.052802,-0.596304,0
0.608260,-2.616555,0
-0.181751,0.246226,0
-0.635873,-2.506091,0
-0.580444,-1.677844,0
1.163409,-1.492544,0
-0.833238,-1.046689,0
-1.074702,-2.255807,0
-1.307134,-0.675392,0
-0.854445,-0.057386,0
-1.016814,0.629535,0
-0.528148,0.581171,0
-2.813943,-2.464773,0
-2.969741,-1.281853,0
1.278488,-2.238783,0
-1.218271,-1.481410,0
-1.017233,-1.485704,0
-1.604527,-0.888498,0
-1.920143,-1.608560,0
0.669575,-2.517606,0
-0.931283,-2.171878,0
-0.639021,-0.430215,0
-1.170281,-2.580906,0
-2.115773,-0.389869,0
-2.461233,-0.479565,0
-1.321426,-1.226866,0
-2.638377,-1.757870,0
2.338748,-1.305656,0
-2.005608,-1.882763,0
-0.120535,-1.466033,0
-0.663596,-0.262302,0
-1.073412,0.839710,0
-0.898048,-1.844949,0
-0.489800,-1.407659,0
-3.153348,-3.430056,0
-0.227839,-0.315546,0
-0.837284,-1.507490,0
-2.155173,-0.770521,0
-0.114649,-1.376871,0
-1.456494,0.052165,0
-0.340382,-1.110176,0
-1.007293,-2.459116,0
-1.143491,-0.537941,0
-0.144758,-1.901396,0
-2.490399,0.869491,0
1.330005,-2.465333,0
-0.519565,0.407240,0
-0.657972,0.113178,0
-0.970884,0.170516,0
0.232044,-0.615814,0
0.380782,-1.756326,0
0.951796,0.255605,0
0.597293,-2.491285,0
-1.007562,-2.387759,0
0.946830,-0.702175,0
-2.331781,-1.127643,0
-0.758043,-0.936797,0
-1.786698,-2.284333,0
0.242629,-1.198551,0
-1.156676,-1.242298,0
-1.653342,1.238280,0
-0.469923,-1.591262,0
-1.634383,-1.547907,0
-2.809504,-1.075267,0
-2.263289,1.348485,0
-1.449500,-1.475294,0
-0.922812,0.107953,0
-0.853665,0.214210,0
0.711519,-1.066238,0
-1.450787,-0.218478,0
-1.305716,-1.849824,0
-1.696643,0.139389,0
-1.661649,-0.886719,0
-2.161162,0.148570,0
-0.188398,-3.385983,0
-0.443469,-2.046794,0
-0.823990,0.185322,0
-2.676415,-0.857111,0
0.028487,-1.166453,0
-2.128379,-1.003905,0
-0.813839,-0.477128,0
-1.179820,-2.980082,0
0.340551,-2.664346,0
0.201521,-2.400436,0
-1.807172,-1.412757,0
-1.270703,2.071784,0
0.718331,-0.687977,0
-0.662080,-1.500848,0
-0.892645,-1.869414,0
-2.144504,-0.078935,0
-1.126479,-3.780485,0
-0.410374,0.521534,0
-0.447958,1.125142,0
-0.690107,-2.009158,0
-1.013996,-1.377140,0
-1.716773,-0.724277,0
-2.716454,1.393802,0
-0.686837,-0.669718,0
-0.587563,-0.277131,0
-0.287687,-2.245345,0
-2.840402,0.734081,0
-0.953897,-2.126359,0
-1.997240,1.107494,0
-1.781380,-0.907010,0
-1.458520,-0.995650,0
0.386789,-0.370577,0
-0.073080,0.118999,0
-0.821160,-1.274890,0
-2.422843,-0.250412,0
0.124390,-2.310807,0
-0.908934,-1.106810,0
-1.885711,-0.978169,0
-0.237321,0.027248,0
-1.720585,-2.042613,0
1.119674,-0.249644,0
-2.810918,-2.436285,0
0.999498,0.238369,0
-0.849488,-0.474099,0
1.544560,-1.749874,0
-0.330920,-1.115566,0
-2.429002,-0.278624,0
-1.842568,-2.077608,0
-1.169901,0.774532,0
-1.387362,-2.587520,0
1.016953,-2.238860,0
-0.403328,0.893526,0
0.735019,-0.346591,0
-0.508486,1.224033,0
-0.210857,-0.877174,0
-0.617758,-0.287419,0
-0.225109,-0.510190,0
0.676410,-0.441082,0
-0.370532,0.182093,0
-0.776365,-2.672993,0
-0.443614,-1.890429,0
-0.731743,-2.579279,0
0.239377,-2.015715,0
1.715225,-0.426941,0
-0.954737,-2.836986,0
-0.112390,-0.561965,0
-2.632690,-1.101198,0
-1.564828,-0.661097,0
-1.194133,-0.972911,0
-1.545018,-2.715337,0
0.208476,-1.668876,0
-0.133079,-0.688407,0
-1.147672,-0.218651,0
0.965023,-2.533988,0
-0.861798,-2.778099,0
-1.305928,-0.246763,0
-1.921325,0.547346,0
-1.371247,-1.918549,0
-2.399531,-2.873300,0
-1.548135,-0.124192,0
0.044587,-0.999099,0
-1.064787,-0.320533,0
-1.183307,-1.372125,0
-2.285842,-1.151294,0
-2.148707,-1.383254,0
-2.335790,-2.036296,0
1.447726,-1.614249,0
-2.211788,-1.406728,0
-0.085440,-0.236869,0
-1.772938,1.387013,0
-0.992249,-1.328681,0
0.045081,-1.013502,0
-0.349583,-0.888755,0
0.123013,-0.509388,0
-2.674516,-1.770687,0
0.709967,-2.173156,0
-1.179378,0.131890,0
-0.711167,-1.952438,0
-1.022355,-0.657840,0
-0.777324,-1.411659,0
-1.048884,-1.606635,0
-0.639431,0.607332,0
-1.262165,-1.036838,0
0.737422,0.202554,0
-1.702493,0.203280,0
-1.329721,-2.183310,0
-1.833655,-0.686427,0
-0.791998,-1.568070,0
-2.308249,-1.392583,0
-0.847042,0.888331,0
-2.229124,-1.662125,0
-1.448043,1.537314,0
-2.340430,1.054321,0
0.607624,-0.480843,0
0.272311,-1.779106,0
0.514580,-0.279395,0
-0.220073,-2.188302,0
0.115139,-2.132236,0
-0.800190,-1.724614,0
-3.163128,-2.485809,0
-0.843200,0.511898,0
-1.194445,-0.604277,0
-1.535479,-1.012079,0
-0.389878,-0.158486,0
-0.880194,0.922401,0
-0.036602,-2.158290,0
-1.240857,-3.272574,0
-2.259513,-1.132810,0
-2.088986,-1.406410,0
-1.209241,-2.396278,0
0.102828,-1.080757,0
-1.716827,-1.171336,0
-0.459438,-1.277979,0
-0.230720,-1.250442,0
-2.641624,-0.486038,0
-2.287894,0.245934,0
-0.736458,-1.064335,0
-1.913492,-2.040308,0
-1.481886,-0.627618,0
-2.608051,-2.933971,0
-1.250925,-1.608793,0
-0.305052,-2.040698,0
-1.612023,-1.485310,0
-2.450104,0.343518,0
-2.322710,-0.341627,0
-0.010506,-2.171021,0
-0.939744,-1.174607,0
-0.542099,-2.877254,0
-0.328245,-1.018391,0
-0.925139,-1.909795,0
-1.519140,-3.893142,0
0.373911,-0.624777,0
-0.467218,-1.372080,0
1.186079,1.336027,0
-2.715276,-0.392910,0
-0.599491,-0.366471,0
-0.532896,-2.873439,0
1.123598,-0.677869,0
-1.558190,-3.220865,0
-2.127127,0.229718,0
-0.552724,-1.694799,0
-2.996055,-1.328905,0
-1.533897,1.249034,0
-2.488983,-1.003610,0
1.625735,-2.870886,0
-1.211985,-0.354701,0
-2.044964,-2.883949,0
0.747615,-3.561686,0
-1.661019,-1.497452,0
1.648610,-2.323896,0
-1.161872,-0.517082,0
0.922510,-1.741982,0
-1.312584,-1.132470,0
-0.863305,0.849996,0
-0.890497,-1.563991,0
-0.715856,-1.577070,0
-3.602794,-0.900601,0
0.920161,-1.274020,0
-0.337655,-1.267294,0
-2.311943,0.146656,0
-1.978082,0.642416,0
-0.097849,-1.033011,0
-0.544170,-1.245900,0
-1.000623,-0.463176,0
-0.438751,-0.613342,0
0.017146,-2.469159,0
-1.110606,-1.936707,0
0.344181,0.006743,0
-0.262579,-0.203966,0
0.615662,0.262704,0
-1.296201,-0.628257,0
-1.066708,2.279348,0
-1.476459,-3.308379,0
-1.182836,-1.034446,0
-1.484988,-0.722178,0
-2.404844,-1.662816,0
-1.736401,-1.744412,0
0.211563,-2.155359,0
-0.664492,-0.603384,0
-1.289803,-0.550316,0
-1.647519,-1.652448,0
-0.344240,-2.219036,0
-0.566600,-2.760267,0
-1.303448,-2.793494,0
-0.179927,0.704464,0
-1.564201,-0.244802,0
-0.135113,-0.768921,0
-1.784666,-0.060546,0
-1.071484,-1.102455,0
-1.017146,-1.933201,0
-0.872081,-1.068810,0
-1.431681,-1.428366,0
-1.340611,-0.649980,0
-0.234060,-2.120911,0
-2.021630,-0.755959,0
-1.489352,-0.909419,0
-2.554868,-2.231868,0
-1.872714,-3.724164,0
-1.954028,-2.722177,0
-0.645832,-1.012362,0
-1.275878,-2.081024,0
-1.854036,-1.171482,0
-1.510584,-0.927589,0
-2.236476,-1.964016,0
-1.876429,-2.102996,0
-3.237903,-1.352955,0
-1.782748,-2.170615,0
-0.324000,-0.409022,0
-2.896499,-1.857567,0
-0.711041,0.637784,0
1.376485,-2.482365,0
-1.000723,-1.119452,0
1.084433,-3.118475,0
-1.510826,-0.277514,0
-1.230443,-1.631144,0
-2.768732,-1.512632,0
-1.833019,-0.553462,0
0.006858,-0.427049,0
-1.663829,-1.517527,0
-1.958899,-2.524490,0
-1.797149,-1.713914,0
-1.096370,-2.469407,0
-1.218787,-2.707454,0
-0.690118,-1.331120,0
-3.066232,-0.963826,0
-3.346360,-0.308052,0
-1.461686,-1.315024,0
-0.188242,-2.184340,0
-1.505437,-0.176895,0
-0.034066,-1.652074,0
-2.522552,-0.941304,0
-1.752514,-1.126309,0
-0.633104,0.942869,0
-0.929418,-3.305137,0
-0.309403,-0.128699,0
-1.323567,1.143831,0
-2.901001,-1.709318,0
-2.141653,-3.136215,0
-2.052856,-1.418221,0
-1.771403,-1.679182,0
-1.603049,-0.721873,0
-0.736917,-0.305120,0
-1.240312,0.079013,0
-0.756277,0.148476,0
-1.218100,0.920510,0
-0.108033,-1.007196,0
-2.862231,-0.809821,0
-1.210315,-3.355574,0
0.039557,2.430285,0
-1.463155,0.879699,0
-0.728734,-0.191215,0
-1.314582,-2.280907,0
-0.390815,-2.506618,0
-2.554077,-2.339490,0
-2.927547,-1.143501,0
0.033215,-2.443418,0
-1.603096,-0.174393,0
-0.520349,0.430995,0
-1.710675,-1.350042,0
-1.270488,-2.991858,0
-2.523553,-0.574213,0
-1.217099,-0.003082,0
-2.251598,0.541678,0
-0.047406,-1.563927,0
-1.012551,-0.328841,0
-0.983623,-0.157652,0
-2.383453,-1.081871,0
-1.691257,-2.509832,0
-1.409008,0.827901,0
-4.642866,-0.635137,0
-1.471955,-2.789141,0
-2.327599,-0.680847,0
-1.522314,-1.066718,0
-2.206328,1.629588,0
-0.432376,-1.147577,0
-0.720382,0.224124,0
-2.132722,-1.444294,0
-2.433110,0.354288,0
-1.293751,-1.486183,0
-0.226987,-1.349390,0
1.331473,-0.180586,0
-1.142675,-2.528806,0
-2.325740,-1.733713,0
-1.392835,0.066868,0
-1.665338,-0.977903,0
-1.043478,-0.649969,0
-0.963691,-0.275253,0
1.778981,-1.511675,0
-1.463313,-0.860107,0
-1.681119,-0.329173,0
-1.989872,-0.487178,0
-0.126641,-1.151555,0
