0.474542,0.704399,1
1.489056,-0.246055,1
0.993961,0.671968,1
1.441235,-0.598536,1
1.494840,-0.996203,1
2.327449,-1.096393,1
0.336737,-0.094788,1
0.879872,0.757381,1
0.471755,-0.376363,1
1.851950,-0.936110,1
1.229014,-1.713385,1
1.831984,-1.083433,1
0.246577,0.157118,1
0.416522,-0.770736,1
1.903942,1.937174,1
1.605809,-0.588574,1
0.919079,-0.317341,1
0.462095,0.615464,1
1.988464,-0.797053,1
0.918444,0.127227,1
1.338765,-0.649371,1
0.982460,-0.776128,1
0.775550,-0.793149,1
1.120222,1.346201,1
1.275976,1.057820,1
0.556853,-1.222216,1
-0.336754,0.914292,1
0.977129,0.175708,1
2.477752,0.142327,1
-0.343903,0.540201,1
0.522938,0.484839,1
0.257126,-1.890393,1
2.021068,0.617281,1
1.527594,-1.677182,1
0.493266,0.661644,1
2.731598,1.793373,1
-0.317637,0.048498,1
-0.241405,0.705878,1
1.198016,-1.172648,1
1.470621,1.456567,1
1.530657,-0.534645,1
1.529700,-0.603480,1
1.460675,-0.988823,1
2.497532,0.574769,1
1.012135,-0.132662,1
2.148419,0.762364,1
0.673109,0.262515,1
1.514153,1.356006,1
0.535973,0.313526,1
0.578353,0.130600,1
0.030093,0.211049,1
1.660714,0.866138,1
1.723123,0.937206,1
0.835337,0.407045,1
0.797624,-0.598086,1
0.066038,0.118995,1
1.848227,0.789491,1
2.758827,-0.057195,1
0.832361,-0.277812,1
2.229154,0.292479,1
0.782121,-0.953584,1
1.546823,-0.171708,1
-0.159635,-0.200815,1
1.137851,1.235160,1
0.458275,1.498697,1
1.287850,-0.031844,1
2.679943,-0.597399,1
0.823121,0.627014,1
0.962783,-0.418706,1
1.316928,-0.938800,1
-1.422911,-0.355160,1
1.920654,1.521498,1
1.639014,-0.847494,1
1.292779,0.089462,1
1.280174,-0.734582,1
0.533077,0.599940,1
1.147031,1.003739,1
2.379885,0.501550,1
0.796216,-0.370800,1
-0.402352,-0.869852,1
1.532784,-0.995998,1
1.509133,0.355167,1
1.534039,0.184482,1
0.858702,-0.393415,1
-0.105589,0.273181,1
1.494912,-0.629124,1
1.932935,0.332329,1
0.270575,0.073009,1
1.785376,0.719325,1
1.549083,0.784306,1
0.475530,0.989001,1
0.998961,-0.390223,1
-0.543868,-0.020739,1
1.302420,-0.154757,1
1.037517,-0.513957,1
1.992406,-0.365330,1
1.549218,-0.003147,1
1.246426,-1.063457,1
0.117098,0.975687,1
1.972044,0.149836,1
1.660541,-0.434828,1
0.948851,-0.434188,1
0.116578,-0.842227,1
1.165695,0.707596,1
1.727026,0.044071,1
0.033671,0.537789,1
2.394489,-0.961954,1
0.947817,-0.746032,1
1.042404,-0.308236,1
3.073903,0.164751,1
-0.124193,0.271073,1
1.107416,-0.534869,1
2.909219,0.484681,1
1.579430,-1.012692,1
1.161150,-0.540990,1
0.036189,-2.097878,1
1.398119,0.666473,1
-0.812980,0.291786,1
0.473445,-0.194098,1
0.967867,-0.142993,1
1.715354,-0.726741,1
1.019312,0.232399,1
1.418953,0.827999,1
1.836378,-1.046183,1
1.448765,-0.430162,1
-1.194212,0.937637,0
-1.202510,-0.448638,0
-1.924859,0.904077,0
-0.764211,0.900059,0
-0.525954,0.567658,0
-0.609623,-0.902754,0
0.628855,-0.394783,0
-0.826638,-0.559980,0
-1.383059,0.783518,0
-1.327049,-0.007336,0
-0.889909,0.614148,0
-0.236041,-0.623245,0
-0.001080,-0.022186,0
-1.020229,0.721251,0
-0.142241,-0.997143,0
-0.209900,0.245138,0
0.186177,-1.319053,0
-1.409787,0.384520,0
-1.228948,-1.641897,0
-1.025707,-0.849672,0
0.081929,-0.162219,0
-0.976251,-1.023163,0
-1.361700,0.239381,0
-0.942558,1.063971,0
-0.083734,0.389976,0
-0.428276,-0.441442,0
-1.142162,-0.339729,0
-1.414791,-0.830405,0
-1.683636,-0.125215,0
-1.364921,-1.096099,0
-1.062085,1.379148,0
-0.555049,0.138836,0
-2.625799,-0.243873,0
-1.129878,-1.010704,0
-1.794113,-0.339268,0
-1.598518,-0.869514,0
-1.614591,0.337640,0
-1.553835,-0.397568,0
-1.264348,0.564069,0
-0.223556,0.186628,0
-0.883377,-0.048639,0
1.053643,-0.537631,0
-0.987468,-2.045845,0
-1.412865,-0.047647,0
-2.297362,1.625536,0
-0.584689,0.200665,0
-1.055381,0.515425,0
-0.540582,0.363168,0
0.543440,1.188766,0
-1.688753,-0.047180,0
-1.004784,-0.187031,0
-1.463439,0.841880,0
0.186239,0.137664,0
-0.930992,-0.047508,0
-2.367080,-0.823000,0
-0.543253,0.342647,0
-0.649860,0.726085,0
-0.947070,-0.449760,0
-1.851432,-1.093926,0
-0.523843,0.624561,0
0.870145,0.130201,0
-0.742439,0.284380,0
-2.344150,-0.101675,0
-0.558925,-0.616887,0
-0.031922,1.993420,0
-0.755651,-0.695257,0
-2.025776,0.838561,0
-0.917528,-0.075507,0
-0.476805,1.558381,0
-2.095374,0.871215,0
0.880372,-0.560499,0
-1.423867,0.431916,0
0.040658,0.166514,0
-1.235880,-0.979464,0
-0.853213,-0.204111,0
-1.823755,-0.128777,0
-0.917974,0.251960,0
-2.762951,0.289925,0
-0.914904,-0.104997,0
0.496440,-0.984445,0
-0.888680,0.008933,0
0.165980,0.026568,0
-0.158909,-0.640481,0
-2.386312,-0.124384,0
0.064636,0.174152,0
-1.966552,-1.056252,0
-0.281592,0.188282,0
-0.882361,-0.136583,0
-1.101074,3.290773,0
-1.405506,-0.009350,0
-2.107272,-0.399170,0
-1.274918,-0.640716,0
-0.171499,0.168856,0
-1.495968,-0.806770,0
0.128069,1.215412,0
-0.153594,0.870591,0
0.095672,-1.002437,0
0.129650,0.169186,0
0.198163,-0.267373,0
-0.491858,-0.774545,0
-0.140734,-0.897691,0
0.235808,-0.150481,0
-1.492785,0.662541,0
-1.747953,-0.785632,0
-1.714588,-1.280556,0
-0.992550,1.367227,0
-1.696550,-0.539744,0
-0.108116,-0.305027,0
-0.970097,-0.600869,0
-1.052425,-0.258363,0
-1.942739,0.842630,0
0.254266,0.419782,0
-0.269442,1.232218,0
-1.189874,-0.107415,0
-1.595768,1.686873,0
-1.169092,0.600351,0
-0.969421,-1.130111,0
-0.918230,0.505876,0
-0.411439,1.046752,0
-0.418476,0.654781,0
-1.602878,-0.435781,0
-1.504063,-0.594112,0
-1.441278,0.696456,0
-0.414574,-0.633597,0
-1.185255,-0.743278,0
